1286065334823399428
1286005708471906306
1285754844050055174
1285695943019560963
1285643390734995457
1285604991852597248
1285364114865434625
1285324534246256640
1285280787206737921
1285186442788913159
1284834624590565377
1284581578237267969
1284517535099097089
1284517519966056448
1284204883202146306
1284193682539896832
1284162314371989504
1283888775568011264
1283831204228276226
1283567265540177922
1283515810783342592
1283468805298102274
1283106364710170626
1283080287723950085
1282777928351219713
1282744448112365568
1282298664392720385
1282111352933355527
1281765664148135936
1281725155132280833
1281657315628773377
1281562564283916295
1281357878805266432
1281310972234391552
1281295901676404736
1280932096371052544
1280897105230532610
1280598382034198528
1280569480763117569
1280474142819512321
1280207271797174272
1280171661631856640
1279969014954024961
1279760942704799746
1279444864694759424
1279143016964513792
1279120228354531334
1279086247693058049
1278803571035844608
1278757744921763841
1278670589310402563
1278395243893862406
1278297802154655744
1278074827723747330
1278032922969333760
1277703104604049414
1277670416648192001
1277224731008274433
1276971775335829505
1276908648548249600
1276635421670285312
1276624422246461443
1276583520392171522
1276498173251338240
1276271900805795840
1276221068584398851
1275963752773533696
1275909747934363648
1275858836365205506
1275584915497799680
1275496316689436672
1275134172726730753
1274687512758366208
1274436623812505600
1274380238408028161
1274311033864155137
1274082496725073921
1274046701121286145
1274011907196887044
1273950282116935681
1273684458374336514
1273321781902917633
1273225127094890498
1273012009399975940
1272959366694670337
1272596980922028032
1272511722201526272
1272197082233942016
1272148029777170433
1271789419033432064
1271554841110810627
1271510102898597888
1271411932105408514
1271148032021671936
1270840571142307845
1270840569460293632
1270785314756464640
1270779304809500672
1270720835414749184
1270423209712779264
1270413516026138626
1270386270439714817
1270099028055859200
1270060646495916033
1270000640480116736
1269615090191368192
1269298002587521027
1269014461509177350
1268973394223120384
1268918081654571012
1268875215196520448
1268657786356989952
1268611030113849344
1268549591756083200
1268250257844043782
1268241585147457537
1268230043123224576
1268188958154002433
1267944018811510784
1267886319977414657
1267843827538288642
1267822641714302977
1267561677974908929
1267550751225720833
1267518725340704770
1267476399847280644
1267134868116422656
1267134867059376128
1267134865771724807
1267078377720012801
1266927725903831046
1266463428258025473
1266437999233032192
1266397350672695301
1266107672098738177
1266074990459355138
1266038957436960771
1266006755403800576
1265713216941953026
1265656140131700737
1265433153684070402
1265433150726959104
1265349618533117952
1265303918470475777
1264993730332962819
1264993729129123847
1264990763810783235
1264934031327735812
1264909957608222720
1264559178590441473
1264541660744241153
1264537462271074304
1264302087237763072
1264262539527020546
1264231529510821890
1264209475382247428
1263899917707284484
1263843587382444033
1263637430571335686
1263632683911036929
1263629194979917825
1263629121286025218
1263629034270973953
1263627150281842694
1263537260319969283
1263271325713551365
1263267753567363076
1262925693006090240
1262883857201876993
1262813557617504256
1262450925215440897
1262428706280222720
1262009719679520768
1261759447594131457
1261726877049335808
1261716861697343488
1261464808131457026
1261463423193419783
1261451204753674240
1261364360049332226
1261344510421929986
1261071612050276353
1261001594155552780
1260972690682281985
1260733501302857730
1260726606659756037
1260373681248796673
1260365919794184205
1260361217056608257
1260277426095108102
1260265201905041409
1260263588201201664
1260005853006049281
1259914422937628674
1259895349554098177
1259483011260780545
1259256075133554688
1258907225101303808
1258906988500717568
1258906760846467074
1258827470884745220
1258800473819267073
1258530297664008192
1258514990719352833
1258514989721088001
1258514988764811265
1258502503626428426
1258431828333146122
1258163961951895552
1258156176094748672
1258150179892539398
1258101721999519751
1258084594320113664
1257792185291935752
1257787771336474624
1257781014899941377
1257740017847472140
1257692774276780032
1257451964260069377
1257418718684078086
1257418576098705409
1257377341162106882
1257343656635387906
1256991518134583296
1256931516409540608
1256705662257594368
1256695684926971904
1256652454864789515
1256632684803211268
1256343541820858369
1256343477677367297
1256290542666866688
1255929179394187266
1255920245803450373
1255627333379264517
1255565181301731329
1255548360968241153
1255538107727970308
1255263167321714690
1255256487871594510
1255202813132574721
1255183687206961153
1255182209918668804
1254893242971230210
1254879391139729411
1254872422337122309
1254817824993873920
1254793524987473920
1254394799852883969
1254192672434249730
1254192600707403776
1254167467737460744
1254115994110435328
1254079116661399552
1253843431371288584
1253843369308106752
1253839140606693378
1253838392120324096
1253776023587565576
1253754411215663104
1253719921659392001
1253458630902525958
1253451081729880068
1253443866583281666
1253391017023283201
1253347768745242632
1253327789312208898
1253327637050609666
1253327552208232455
1253028739522445313
1252993600633409541
1252987311597518850
1252727563178270721
1252720359004127232
1252714185328340998
1252666176410398720
1252614157238710272
1252574342044700672
1252378388259500034
1252370305361735687
1252365585414909953
1252253185886031872
1252212537573150723
1252014609906753536
1252014429593632769
1251950788521451520
1251941439216521217
1251919616269594624
1251858086488399874
1251608133258092547
1251608012541890569
1251607923656097794
1251579761085894659
1251521528614793218
1251271554236911619
1251261843248685058
1251260010354683910
1251259850933309441
1251216781148073984
1251198214109306888
1251175499444957185
1250923710883733508
1250918786112327687
1250914420626206725
1250908238066913283
1250897398618095616
1250854401981513732
1250835535876231176
1250563183045160961
1250491952719712256
1250459722341285888
1250450366602321920
1250256225033478146
1250181106286166017
1250172015924916225
1250164373676609542
1250129191032537089
1250103032429326341
1250084471036153857
1249838637962924033
1249767173972791297
1249751307491184642
1249450297514168320
1249394641478340609
1249363884890378240
1249322320042373121
1249086864495181827
1249004133077712900
1248764838651846658
1248751995370029060
1248679671358787584
1248395820400967685
1248317100898291712
1248307874817880064
1248258016459268097
1248041002000166912
1248013445699497986
1248005649960546304
1247955526828392448
1247939635931725826
1247907031069216769
1247698408133079040
1247593163650486272
1247563807360196609
1247309421891465216
1247294978579202048
1247230010852851718
1247206638852935691
1247187783875248129
1246939952396546060
1246938842407583744
1246938430958903300
1246867879062056960
1246823033953759232
1246789282414592000
1246782728311377920
1246558152109236224
1246557498695442432
1246505610931249153
1246480874956378113
1246189098253135878
1246142326264795137
1246112727166320645
1245869453289508870
1245869020928020483
1245868711556206592
1245868352595091457
1245867969059545093
1245867664137834498
1245867513432248322
1245866627637231616
1245866231791378437
1245865227356258306
1245846902391934977
1245846103523643393
1245845036580966400
1245844655092183041
1245843659544604673
1245843155003404289
1245842829982814209
1245840914964242432
1245840502655770625
1245840119744983041
1245839796272082944
1245839504726020098
1245839097572274176
1245838748081766402
1245838025117949953
1245837175020826625
1245836770970865664
1245836352287125504
1245780289009397760
1245756633139032065
1245753972394164224
1245514502562553858
1245417790238068737
1245387950902239232
1245099595107110913
1245099593752367106
1245099591705509888
1245078468758581249
1245055334735101954
1245025563560923136
1245001787792375809
1244783971105464321
1244776073558179845
1244767834032476160
1244693166105788421
1244663220859817986
1244442375856041986
1244409314393182208
1244331050131755010
1244300786760167426
1244247941239508993
1244036861233954824
1244033492624777216
1244013896903438342
1243991247162937346
1243968259818500096
1243938422701654016
1243906397563162626
1243777704870248451
1243712026159075328
1243679936440938497
1243658578327736322
1243658576964603904
1243658575500763136
1243606148458127362
1243578303069519874
1243541141074690061
1243319320463245312
1243311619440082947
1243306383061200896
1243306381891047429
1243306380808814604
1243306379537977346
1243259070913617920
1243239642280808448
1243213189413769219
1243212737850880001
1243190318431903747
1242931922277449728
1242931921077878784
1242931919559503878
1242931917902790656
1242881709546356736
1242830148937945091
1242588640544534528
1242564345760043010
1242541698619772928
1242518725615591425
1242474392086593536
1242467731137384451
1242225414971568128
1242225413809672193
1242225412467568642
1242171513798868993
1242114090266435585
1241915300691542018
1241850894058246150
1241840115321917441
1241840113728053249
1241840112738107400
1241840111567933441
1241816921118519298
1241794044671426561
1241764124603940865
1241711226683613187
1241519892207198208
1241519891066376193
1241519889820594180
1241483580137787393
1241455186117308416
1241431666880643074
1241401672959774720
1241375259883737088
1241351619964436482
1241155058915475457
1241147509092671489
1241139142693699584
1241120835634638851
1241120834728726529
1241120833776607232
1241120832656728065
1241120831654318085
1241114190431113216
1241069354898391040
1241063824326897670
1240805256201752581
1240797704017432578
1240790156338061313
1240777321969332224
1240721788591628289
1240693745789493248
1240454700329316354
1240344912266252291
1239937044153065474
1239610680191451146
1239610679373582336
1239610678542991366
1239585559460405248
1239386008816418816
1239309851995648001
1239309850498215937
1239309849051226119
1239257450605359105
1239174508352765958
1239002090627874817
1238895355552509952
1238602239838740480
1238571579690430467
1238532673997504512
1238488425621307392
1238235072513392640
1238235071385141255
1238235070269456385
1238235069212430339
1238175651179487235
1238171238373249024
1237923159636090880
1237923158147108866
1237763464778649601
1237740795756675074
1237122316716384261
1237122315789520898
1237122314807980032
1237122313906200576
1237122312740184064
1236637798494425088
1236065526482382849
1236057001161039877
1236016522243584000
1235685072268857344
1235219622535847936
1234901610461089792
1234848850680086529
1234598439029215239
1234573126408843266
1234116177732915200
1233753792358862848
1233508278312808448
1233444109001613312
1233171578214588417
1233082780596285440
1232742497585115137
1232473800731582465
1232436359022796800
1232412707275624450
1231685161223221248
1231579464963960832
1231247276112261120
1231217076359950336
1230989994602455040
1230628195180789760
1230622121149259783
1230244749803692033
1229556485782462471
1229473146547384321
1229405141075255297
1229042749451595777
1228442867988865026
1228420936677941264
1228086144614699008
1227785920985862144
1227747965986594816
1227738925357244418
1227361220132511744
1226951984219070465
1226603198275899400
1226506034983759875
1226268570746806272
1225626732927049728
1225477328282759171
1225192576699052032
1225182508859432960
1225084655407333376
1224823885780213763
1224472794240602119
1224371969275109377
1223969321468100609
1223604344592961536
