1286062736636555265
1285994879655411715
1285975692123885570
1285960563260968961
1285958703858937858
1285950958963310593
1285950940105732098
1285950889988026370
1285950837584359425
1285950764100116480
1285779462559109120
1285779335199113216
1285710308733063176
1285708750960168965
1285708626854907906
1285708494088425478
1285708420159614976
1285703267457142784
1285703218710880256
1285676054087172096
1285675967617343488
1285675807856361478
1285661987599417347
1285661685316046850
1285660105657253888
1285644203717013505
1285644112365080582
1285630154077683715
1285629770584272896
1285584276520484865
1285420471857459204
1285365625792024576
1285315924468195328
1285313648978624512
1285297353658785794
1285289526097666048
1285267669021671425
1285241826580901890
1285241482694111233
1285239842423496704
1285015924316057601
1284936279877009409
1284884251674988544
1284559745706160129
1284523156099620868
1284522943863615488
1284348398384984065
1284273864898306048
1284244690632491008
1284244655597424640
1284240263280422913
1284202186855952384
1284192536253173760
1284192482549350401
1284186501471854592
1284166894069510144
1284148610842505217
1283923788271243264
1283895971907133441
1283895866428755968
1283895770840588288
1283895547493924865
1283895364613885952
1283885144265244673
1283846265906663424
1283840755811811328
1283828816582868992
1283800635721183232
1283564956076531713
1283564839391002625
1283510143947116544
1283509843215564800
1283509717394841600
1283477464979841025
1283477438320672768
1283477278328942592
1283457150161809408
1283198899025371137
1283197901355675650
1283184648097423360
1283133051527032832
1283132694390468610
1283132479184896000
1283132233985847296
1283106009687285760
1283098847934201858
1283093201356640256
1283091124379283456
1283081495121289217
1283072577385062400
1283072470417731586
1283072294647029760
1283072151289884672
1282825685656993792
1282788525272784896
1282786568327925760
1282772677170618368
1282769516787720192
1282734149585920000
1282719427096543232
1282715889335283723
1282523940208795648
1282408230262501376
1282398604020248577
1282374035645403136
1282146493663592449
1282146335215382528
1282146105484914690
1282034899386380289
1281965369687601154
1281740548663996416
1281726877602742272
1281725158743371778
1281689381477089281
1281653600884645888
1281645134568800256
1281622935417925633
1281609662714920960
1281396706576220160
1281396643401621504
1281396564351578114
1281360140025749504
1281359984761008128
1281359848001552384
1281359652974813184
1281359332014088192
1281359051004100609
1281358870036623360
1281358694878294017
1281348285333037056
1281287636083265538
1281285638432710657
1281243728955322368
1281015284040527872
1281014434035466240
1280969128342204416
1280926324329078784
1280908814535938049
1280900239054868480
1280716549469298688
1280716337161990145
1280664455764795392
1280637673636417536
1280635950872186880
1280586912516894721
1280560928778407936
1280560801066049536
1280540878541479937
1280534091234861056
1280289655913459712
1280269219557343232
1280243919616217088
1280227823802712064
1280220499113472000
1280209854020218880
1280166765142536193
1280159876468011008
1279829638856859648
1279467990778392576
1279414665475489795
1279384463915581440
1279157430551625728
1279144048368816128
1279143375724097537
1279143208102985728
1279143036232949760
1279097145715339264
1279082820132933633
1279060378110943236
1278872299312082946
1278837576443387905
1278831665884741633
1278819455590526976
1278818848783790081
1278809296961069057
1278796034848616448
1278750738982658049
1278719864266358785
1278714059496415235
1278713928738934786
1278713739164831744
1278713402181836801
1278713223051526151
1278493674901397505
1278492086774329344
1278482456773943296
1278480367087828992
1278461711054299136
1278461666653376512
1278461640866852865
1278446100953915399
1278440824318164992
1278432519667539968
1278425175269269504
1278412452212817920
1278412409762230274
1278410264786767872
1278410201083723776
1278400548203450369
1278382676844535808
1278370525106941953
1278363228603465730
1278345830785617920
1278332200325312512
1278329776239853575
1278327705931444225
1278208371292692480
1278057644180168705
1278056227637915648
1278044338753163264
1278044264769806336
1278044016429330434
1278035264061837312
1278010981545734144
1278010621313732608
1277995533882101760
1277980213687857152
1277934912700444674
1277750188635897856
1277735085400154113
1277734941929861120
1277734684345032705
1277734517457944578
1277734381415567360
1277734230571642880
1277734055056793601
1277733933879197696
1277723700851179521
1277690215935602688
1277681206524444672
1277654210905956356
1277644363141529600
1277631862505013250
1277315203646943232
1277295980602208256
1276990059363753984
1276989939347894272
1276989709122547712
1276955755334135809
1276919147541061638
1276651065945939973
1276648914343485441
1276627940537536512
1276627762959151105
1276627543672549376
1276627334792003584
1276627132421038082
1276617875420180481
1276595435851767809
1276576853147312129
1276567483957121025
1276562045677142016
1276554591253880832
1276550418206650368
1276545903449391105
1276343891965276160
1276285630863966208
1276285323857719297
1276285052368773128
1276284806494433283
1276284557394771968
1276284388939096067
1276274489278357504
1276246499031003136
1276245356410368000
1276223044378189824
1276221287967256578
1276220617700732928
1276208535253053441
1276199063948427264
1276177026580275201
1275964942584123392
1275953412748632066
1275946599395373057
1275946253575061505
1275943498932346880
1275943441650704384
1275943245386616834
1275939180128858114
1275938940281708545
1275936277456510976
1275936079489536000
1275934246796845057
1275930866816913408
1275914907318284288
1275914710710276097
1275914350113419264
1275914212510887936
1275913938241155072
1275913779587346433
1275878010097332226
1275866439312740352
1275866385218891776
1275866331959574528
1275836761407512577
1275822855125561345
1275596763416559616
1275596658739343360
1275552545163718656
1275507739054059521
1275501818865315840
1275473281387118593
1275445884759633920
1275178957671813121
1275178909844205568
1275175799314735104
1275165832918609920
1275165563271045120
1275165508145311744
1275139748995055616
1275119218661355522
1275109170102951938
1275103464134029312
1274785872584433665
1274741367747432448
1274711168830058496
1274436019656351744
1274114367949135873
1274112963712958464
1274104562467475457
1274061803161436160
1274020750706397184
1274013861239074817
1274012558727364614
1273975012181938176
1273963749104214019
1273757999018860544
1273757894199009286
1273757816507920384
1273757740016361473
1273755868777963520
1273755767904976896
1273751978099658752
1273735092888715264
1273703670878625792
1273703610061217792
1273678194776801280
1273669955536314370
1273657664430465024
1273649083119308800
1273469964914065409
1273404952082169856
1273401553458573312
1273386339803598848
1273386176703913984
1273386017156808706
1273385872264704000
1273385597680275456
1273385455434653696
1273384745678733313
1273384583019417603
1273375466708103170
1273339908929679360
1273329274255073280
1273306957156241416
1273298932479569920
1273097284515885057
1273045944053886976
1273025133716750336
1273023193742290948
1272994485962596352
1272991349940207618
1272968234023567360
1272952723260858368
1272947316794617856
1272927077717512192
1272922277886046215
1272660403529506816
1272657241561108487
1272646529296158721
1272585819925012480
1272578109242372096
1272574508331724803
1272548595263082502
1272362170513158149
1272301355705577472
1272220524840534016
1272207381288476673
1272183037879443465
1271873509958934528
1271668199960936449
1271590153341923329
1271590104608329728
1271578234086293505
1271521010332823552
1271518528378527746
1271507692406759424
1271497534364504064
1271480305765896192
1271241540237574144
1271194548929093633
1271194389285441536
1271194085311696896
1271193890016485376
1271193694721527809
1271193474595909633
1271193176087203840
1271185581523873792
1271178158125879296
1271178059291353088
1271177976026066944
1271168554633539584
1271146017342189568
1271144890840170496
1271144438421569536
1271120585565716480
1270867362657398785
1270845770233593856
1270826366401839104
1270805195467833344
1270801797561499648
1270787554388791296
1270765167442157569
1270756551167442946
1270748437152071680
1270518237181046784
1270485615541276672
1270452725495414785
1270441416364195840
1270426015651651586
1270392147879968768
1270378560415358981
1270145218612875265
1270134215804243968
1270131119715807234
1270131075960848384
1270104905752047616
1270054702277746692
1270054222143184900
1270053859491078147
1270053558625267712
1270033371192651776
1270026847900676100
1269343298461806593
1269313100181762049
1269282903428493312
1269252704729280512
1269036432821125121
1269029700476653568
1269016057244643328
1268974090309648384
1268971106519535616
1268932024296865792
1268917052380573701
1268744965535887362
1268734155535208449
1268734101474865152
1268696336179662848
1268665941178499073
1268660954830495745
1268657570790559744
1268649426106478593
1268597732333084672
1268575217401520129
1268574980666621953
1268309057300860930
1268278950981033984
1268267576984920065
1268254608389881856
1268244402561880064
1268243710812143619
1268214078922567680
1267940905006166016
1267938215865925632
1267937529694613504
1267908190236102657
1267906436534636546
1267864405745623040
1267640172377595906
1267639251690119171
1267628165033193472
1267622958874296321
1267575152297967616
1267574443288563712
1267534092859404289
1267524220038217729
1267488714936082433
1267486160701423617
1267485970187730947
1267485869495029761
1267278827643756546
1267211340285788160
1267186472060252160
1267186273426345986
1267186128798363648
1267184541321453569
1267155779179606016
1267155479383273474
1267155339281002496
1267155138604482560
1267154982115008513
1267154828003815424
1267154705873960960
1267154586692800512
1266923745622388736
1266923438695837696
1266898724829057025
1266897175352500224
1266819623367786496
1266790329979555840
1266790040698413056
1266789684912381952
1266789396969222145
1266715987694571522
1266516786091921408
1266499011516628992
1266494301476806656
1266459337259536384
1266433483603193856
1266398451593437184
1266194773058043905
1266127865713582080
1266127669579534337
1266127377945354240
1266126902797844480
1266126299157823488
1266126122413993984
1266125830607892480
1266125577079025665
1266125288619913216
1266124918304862208
1266120818599161857
1266120721333272576
1266120557029801985
1266112103733063685
1266087229530632192
1266085718499057664
1266058400460238849
1266040979556937728
1266039321896693760
1266039188471701504
1266038943385935872
1266032628345344000
1266026743065796608
1266025597345558528
1266024617971314690
1266024592235040776
1266022076093050880
1266018893123866626
1266010085777498112
1265835761972047874
1265812632168062977
1265797211738083329
1265772400647344128
1265771825566384128
1265769946463604736
1265761592223784961
1265755261521629184
1265755164939390977
1265753604465418241
1265699157966090240
1265699056463917056
1265692521587306496
1265666586179854337
1265437301384994816
1265437244086603776
1265437079032303616
1265407849800192000
1265406984775299072
1265406267138293761
1265355977890557952
1265355825926684673
1265355689884434433
1265352030777782273
1265335633641238529
1265311964382687233
1264979545821597698
1264949349974528001
1264919148582166533
1264888952198033408
1264700121981173760
1264197273971339264
1263926246552907776
1263906830893248512
1263897637792563200
1263886319232536576
1263873506699165696
1263864674644197378
1263631491638063104
1263592935741722625
1263566866414333952
1263566077293760515
1263566003222351872
1263552472360136709
1263552391548297216
1263550894026584064
1263528636629413888
1263528401257631744
1263498599037464581
1263325383438381056
1263307836542447616
1263254128630755328
1263236623010942976
1263236454467072000
1263236175017328640
1263236053286006784
1263235701404864512
1263235544978534402
1263235380221841408
1263235174738694144
1263234867153653760
1263234642276016130
1263228550582173696
1263218720672894976
1263199645347442688
1263193171833438209
1263191468899840000
1263168793024458754
1263154577492205568
1263129167119257600
1262887833242447872
1262886849573318657
1262886730518032385
1262876188017430528
1262876114076274691
1262863822856937472
1262863426784616448
1262858826534973440
1262843075476353024
1262838216224210944
1262828333626044416
1262813092355780613
1262800265910128640
1262790389305536513
1262782885104214016
1262782726504976385
1262739509101264896
1262592795333718016
1262536454569201664
1262536413712547843
1262505992870170637
1262481305461075970
1262481198225305601
1262472939758170113
1262464060206903297
1262448739890851840
1262417612169830400
1262415377511792640
1262148498750767106
1262113924675022848
1261672760830353408
1261415292208480256
1261406803952193537
1261402064426430466
1261401898352955392
1261401691028586497
1261401465446268928
1261378683182317568
1261355944358768642
1261331493164511232
1261321096927670272
1261317613604372480
1261315303486533638
1261266146830872579
1261125044140257282
1261123159970873346
1261120503223222272
1261120222280351744
1261120077161590787
1261082241414791168
1261065741740019712
1261038806846697472
1261038476524261377
1261023858905112576
1261021834943684608
1261009903553884160
1261002554810396672
1260990528344035329
1260990068656766977
1260980866488037378
1260980761315774465
1260961826264604672
1260792134908538880
1260700221916381184
1260700201901121536
1260695031825879040
1260682790795833346
1260676886406950912
1260663864548454401
1260651960593575938
1260646383079395328
1260637012853309442
1260636183626805250
1260620106385645568
1260367418418814978
1260356529401655296
1260341110938853376
1260340985483022336
1260340845720465408
1260340491414978560
1260340301534650368
1260339850449829889
1260339706132217861
1260339620304183296
1260338632600064002
1260338394908864512
1260338126242758656
1260329456813527040
1260266727616548864
1260253662305107969
1260241020991574016
1260240861100535808
1260215157122142209
1260214943871205376
1259987147592880128
1259949787454963713
1259925336478777344
1259912978121388042
1259906720425340932
1259906635318738944
1259895265302990848
1259886397042778112
1259874539695034369
1259498430210215937
1259475778741235717
1259193839727677440
1258914305694511104
1258871365773320192
1258864607835242496
1258836025742290944
1258835672619573249
1258832232220770305
1258811198415400961
1258811109592625152
1258811011659792384
1258810958635388928
1258777065077174272
1258759360290844672
1258755699569381376
1258556569387581440
1258551586759958529
1258544988171853826
1258527759812268032
1258525377888022528
1258511292265975809
1258500088860532736
1258499872568643584
1258499729882636288
1258499514052182017
1258499358317613058
1258496461030830080
1258496123339026433
1258496059241725952
1258495943105642496
1258494360804450304
1258465327106584576
1258465169430048768
1258464989771214849
1258464892228562944
1258464677832437760
1258464582114271233
1258464217008488449
1258463984639832066
1258463812115509248
1258463570305544192
1258453416793108480
1258172993286451201
1258172496227909632
1258140700127850496
1258103985040273409
1258100876121538560
1258091074850971648
1258082467824586752
1258059320459059202
1257817640757628929
1257805931003301888
1257803015123202048
1257780563047415808
1257775741824937984
1257754833693495296
1257734352349196288
1257730090370138113
1257663811697274880
1257663550295732225
1257480201316909056
1257455415413149696
1257453922203119617
1257453443192696833
1257446318840197121
1257446196915904515
1257441990054207488
1257441787729317888
1257441518396346377
1257441386179244033
1257441202925862918
1257430803233099776
1257428184733278210
1257398807479947265
1257391151151276036
1257379585697644546
1257371229067108356
1257343032413884417
1257341398875062272
1257334006925987841
1257118266201264128
1256797171099357184
1256751121164427265
1256630160620584960
1256628650411089921
1256627170614448128
1256357229537550336
1256356517130825729
1256341694498267137
1256331728865464320
1256330249010204672
1256322406555115520
1256319483846656000
1256319249267580929
1256305039317938176
1256304945675948032
1256300242120568832
1256285723524644865
1256255814194458624
1256246563262750721
1256246346098462720
1256246193828462597
1256246054174908418
1256245975825276928
1256245848368807936
1256036341730566145
1256004479721197568
1255996599181832192
1255978794982109186
1255965165767364608
1255937649015054336
1255930770587152386
1255917117368438785
1255904413094301697
1255885502315548672
1255731969003974656
1255731881926029313
1255696879276326913
1255654331828727809
1255654092459761664
1255653525851267072
1255653420679049216
1255653339498295296
1255653235945164800
1255642523294265345
1255642283191308288
1255642093122281472
1255641903531323392
1255641759683506176
1255641592997621760
1255622902252093441
1255618338761273344
1255598751537717248
1255569210333249536
1255544689156997121
1255337516695199745
1255292911270404096
1255266464665387009
1255244116293832709
1255242954345779201
1255230288533295110
1255220485085900803
1255207029913731072
1255196328943996928
1255189173138419713
1255158707509268481
1254990273962078215
1254942926972411904
1254907235471200256
1254880945548623873
1254877874961539072
1254877750877319168
1254877677124632576
1254877566722170880
1254877445523558400
1254877337608314880
1254876964445319168
1254876828256223233
1254876627621666816
1254865861757726721
1254852750770241537
1254833776657494016
1254825509885624320
1254824865535688715
1254787653314072578
1254472376969904128
1254174986664738817
1254171830039932928
1254160141517090817
1253875099544899585
1253833081405845504
1253832730548133888
1253813307653292032
1253798418272550913
1253797179182813184
1253796957216059392
1253791188835905536
1253779102231748609
1253770617666408448
1253764857930735622
1253744965206700032
1253737659001827329
1253730593180798981
1253723653084086272
1253717147190128642
1253481265191239680
1253469699532132352
1253469362746318849
1253469296375640064
1253461469825363968
1253455490488471552
1253455022089629696
1253452120486895618
1253445905413365760
1253445836958134272
1253445768674861056
1253445735753777153
1253432307802714113
1253427562224553984
1253425323615506439
1253422678238564361
1253407450704699394
1253393004636696576
1253382837857775616
1253381731614244864
1253381618544201728
1253381482405433344
1253381299412201472
1253381140129312770
1253380987574091776
1253380813002956800
1253380620639584256
1253379937764913153
1253346231889379329
1253335318075305987
1253172989241094149
1253172969427238912
1253140994402381825
1253088059014307840
1253087960729190400
1253087557841108992
1253087489700458496
1253083499646447616
1253064450845757441
1253040877754343428
1253038121056235521
1253035859336507393
1253033157332361216
1253022911620722689
1253020557450211328
1252997794421329921
1252995866035544064
1252790322930704384
1252737632708120578
1252707195461840896
1252697206445846528
1252692430865874945
1252687185892872192
1252686759541878784
1252668313018101761
1252658362292076547
1252657973333069824
1252656904485998592
1252654178876325889
1252649127562801152
1252629289784098816
1252626204722491392
1252625144058544129
1252379752301641728
1252377875166064640
1252374140423516162
1252367521505673217
1252362524760006659
1252362030595534848
1252345517071142912
1252345110215266307
1252344172981268483
1252320698518786048
1252297151956217860
1252287028365934602
1252285902828625921
1252280797035298816
1251972079311663104
1251608048239439874
1251589050336595968
1251319354328666112
1251319253107499008
1251319231578116096
1251318821786288129
1251311525005950976
1251310886884524032
1251296885970616320
1251294713862164480
1251287805482823680
1251286927401082881
1251286512525697028
1251243227144830976
1251238012387655680
1251234978010144768
1251224156865130496
1251217613784363009
1251211957056618496
1251211388053159937
1251209904305565696
1251208430804545541
1251206886797393923
1251202020922425344
1250991430186659840
1250982603844235267
1250978728282222592
1250951700782829568
1250944253519294464
1250928985317371905
1250911760606846976
1250911657531854850
1250911585142374402
1250909162352939009
1250897571658096640
1250893146122096640
1250883010704011264
1250872133103742976
1250869067524771841
1250865782516363264
1250860258832142336
1250855326334586880
1250855015377301504
1250821225443520514
1250658587392655361
1250658517633003521
1250654026464542721
1250653465300185088
1250649468015280129
1250649412570759170
1250648053578514433
1250646177302712326
1250641497440940032
1250640255532720128
1250640195214389248
1250639597849071616
1250637115353776128
1250637102619877376
1250636265759727616
1250635600132112384
1250635060417454080
1250634614093131776
1250632349244469248
1250632316617023489
1250631645947817985
1250630986145992704
1250629769223262208
1250629289566855168
1250629180623958017
1250626649504137216
1250619060649246721
1250582667029966849
1250581406247337984
1250578438278144000
1250578295487262720
1250571527583444992
1250567119265099776
1250559931356332032
1250542183083470850
1250532721861910528
1250526723130589185
1250522894280474625
1250522167113953281
1250513808012926976
1250507387812761600
1250507333148397568
1250506998501662721
1250492033652846592
1250490261894918144
1250479465613815809
1250473523694333953
1250457137211269121
1250453821861445633
1250451739796357122
1250451417157910530
1250451343224913921
1250443454926077952
1250436353944244227
1250268483369099266
1250242486993170435
1250232462757605376
1250230993341935616
1250214755501039616
1250194750587600896
1250187451424862208
1250187411604168705
1250186640653312000
1250186530091487237
1250186389812948997
1250186213262127109
1250186109717381120
1250183112388009984
1250182775656734721
1250182695696494592
1250182596937445376
1250182515265957888
1250148253070274561
1250145183439581185
1250142311155003392
1250112110706606081
1250100720520458240
1250099710804672512
1249867995066667010
1249858387010924545
1249825440048361472
1249825242760937472
1249825069359968256
1249824383276683265
1249793227852591104
1249780645141909505
1249777821599203328
1249774944549883905
1249763145029021700
1249761155683246080
1249761059981803520
1249749388756320258
1249719263583023105
1249381767716515844
1249359118336438272
1249344020246978561
1249306270970118146
1249044109836185600
1249009013871661057
1248984906857766912
1248742609360576512
1248742339620659200
1248742102986403840
1248741908421066752
1248733853625114625
1248730190286450688
1248724938850099200
1248717277526016000
1248679089281490946
1248658855321460738
1248658303804047362
1248651311655956480
1248651100858671104
1248641124169682946
1248639240990162948
1248634410808643585
1248633897836920833
1248633482642776064
1248633429857468418
1248633392670765056
1248633325876465674
1248633206359748610
1248632510772203529
1248632371848462337
1248632322632503296
1248631846302175232
1248631719273459718
1248630309303676928
1248630211312148487
1248630059310534660
1248629912061095936
1248626997556695043
1248626770137374725
1248626196687933441
1248623999002660864
1248623701446156289
1248581493477109761
1248456243934416900
1248424808586473472
1248422429275254787
1248422331954786307
1248420499643715587
1248420383444709376
1248420048261099524
1248410418223054848
1248407233894862849
1248407135135739907
1248406910816026625
1248406053743517698
1248405976115318784
1248403846054871044
1248397089320534018
1248377403786682368
1248377125909880832
1248377011229220867
1248376825308278786
1248376535133736961
1248374121039187968
1248367471892946944
1248364285400469504
1248364232279609344
1248357192052248576
1248356058432561152
1248349901416615936
1248348541690363904
1248343450082086912
1248340559522983936
1248340482498822144
1248340251564630016
1248340153237671943
1248340070571978753
1248340010241101824
1248339927579815936
1248326701697794049
1248310439529680897
1248307195587878913
1248305942107586560
1248305527043420160
1248300524362821632
1248293912461979648
1248273201521545221
1248267736100130817
1248060424773423112
1248027649735184386
1248027191595565056
1248024376907202560
1248023562956374016
1248020657171914753
1248011543708491777
1248005673448693760
1248002728523005952
1248002367775076352
1248000632516005889
1247988097507196928
1247984471669739520
1247975858704269313
1247971229274763264
1247970880610684928
1247970172226293760
1247970070338273280
1247969267854618624
1247963354691284992
1247944888026423296
1247935615456272386
1247933737397936128
1247928913587621889
1247926269943009280
1247732097235562497
1247681986627420162
1247665945377562624
1247653736022814721
1247653542233436160
1247653393746653184
1247646616787419136
1247637802038132736
1247605426058702848
1247589602321285121
1247578126663598080
1247568458662830080
1247555137624629250
1247334424825352192
1247312824667238400
1247297948074950656
1247295162587295746
1247288533867311104
1247288082933530624
1247288040210366465
1247287907922006017
1247286039359549440
1247284671827677185
1247283693346938880
1247275474474037248
1247271358871953408
1247239944659013632
1247234769684815877
1247229003594752014
1247225972081872901
1247225080469282825
1247210085253648384
1247189790505623552
1247187674818949121
1247165790408732674
1247165634971963395
1247165516289994752
1247165348320702469
1247165248320102403
1247165146717245446
1247164976713715715
1247164728352182272
1247164498630201348
1247164324654624770
1247164144714788864
1247163977911562240
1247163891060101121
1247163769593065478
1247163445880877060
1247163174542905348
1247162826684170240
1247162697692491779
1247162585440370692
1247162435359748100
1246896557900697600
1246878543260160000
1246853448999383040
1246834769133842435
1246547204547862528
1246518617056751616
1246494375816790016
1246484955208617986
1246482955104481282
1246205447939350530
1246186499650883584
1246186343908040704
1246176068135878656
1246171461800226816
1246161499816480770
1246160246281605120
1246155815431458816
1246136548698931200
1246129084188495875
1246124302551797761
1246120616698114050
1246120527892221953
1246119590096068609
1246118846118785025
1246114458549620736
1246104789944913920
1245947749297582080
1245909134991454208
1245901547747201024
1245900195990081536
1245896202870075393
1245895291418492929
1245893785755602945
1245892200535187460
1245891846456225792
1245891741032435712
1245891329369845760
1245891294301306880
1245891156560343040
1245890970526212098
1245890823016701952
1245890751247970304
1245890614220087300
1245890511270891521
1245889817470091264
1245889329882214402
1245889152576393216
1245888730763673600
1245888317775704064
1245888030973386752
1245887643654602753
1245886681862959110
1245886646731468800
1245886607686696962
1245886565450055680
1245886358993813517
1245885306265423874
1245884926227918848
1245884867012751360
1245884263917957120
1245883874153877506
1245883860518187008
1245883805967114240
1245883648995291136
1245882512728936448
1245881951812231174
1245881495060807681
1245880764983439360
1245880526654681089
1245880448619646976
1245880428872888320
1245880393611366401
1245879975770640384
1245879835286589440
1245876255133597697
1245865299703808000
1245865216828530689
1245865128462913538
1245864986158587906
1245864768377782280
1245863361058725889
1245858502943227904
1245857335936860165
1245857297890336771
1245857262205198341
1245857211709935621
1245855016943943689
1245855005564792833
1245853997916807172
1245850794898771968
1245844672024424448
1245834549671550976
1245821148044001280
1245818239562567685
1245802389354864643
1245790187717685249
1245782460266237952
1245781970304397313
1245781547476647937
1245781528656769024
1245781492719964161
1245779303125487616
1245772010740826112
1245765757838823424
1245746574061273088
1245573239457210372
1245571743730688000
1245571338393116674
1245570343701340160
1245506229796995073
1245501197995216897
1245497472488632320
1245495878271430658
1245487189825220608
1245477499930214400
1245477471509610496
1245466417345921025
1245464528222994432
1245456037798236160
1245439095662239744
1245434219393765377
1245429629940187136
1245422599934373888
1245413763735420931
1245408422813556736
1245408379092103169
1245392645083418625
1245386096055205888
1245386011263131649
1245385977683533825
1245361309257875460
1245321731947909120
1245321560648376320
1245321453324525569
1245321336542519297
1245321190966571015
1245321067146571777
1245320911944744962
1245320662471692295
1245320550227914753
1245211436596359169
1245177070675615745
1245130372070772736
1245118669903949825
1245106093673418753
1245102594185261057
1245094449497047040
1245090404770312193
1245088951234256896
1245067599840292864
1245064940039200768
1245063877819129857
1245056416102014976
1245053945979875329
1245053845480210433
1245053766191083520
1245053584946810891
1245043008514318337
1245042730469707778
1245039001330802688
1245037717710188544
1245034906440220672
1245033890730799104
1245026821206347777
1245022415001804801
1245022296667873280
1245015496283639810
1245003228355289088
1244802467113517061
1244776381734457344
1244757154206121984
1244750928328060928
1244746742152626176
1244744916082647040
1244743688837709828
1244743452341858304
1244743312231161856
1244743218853367808
1244727367639023617
1244722271966474240
1244720686045659136
1244710882380099584
1244707915547598849
1244705479231598592
1244694020892151808
1244691523494535168
1244691415310807040
1244691257407860736
1244672749852737547
1244670891197251594
1244670764181143552
1244661957984018432
1244659880616538112
1244650201345744896
1244646902211067905
1244640852871282688
1244611873829318656
1244492390934560769
1244478539212046338
1244461756736389120
1244452827801370631
1244345846717485056
1244326640760414208
1244318480045707265
1244305091626074114
1244074278900793345
1244009418590523392
1244007131340107776
1244006866796986368
1244006619387576325
1244006426097274881
1244006153001914369
1244005987318525952
1244005745462374404
1243971436089241601
1243952184120631296
1243713975935594497
1243708939457294336
1243708733630210048
1243704416500236288
1243690203513942016
1243689865247518720
1243687188237135873
1243678905183035392
1243672956674273280
1243662429973671936
1243643000929972224
1243639309384609792
1243639304972201984
1243632910525059072
1243632839725207552
1243629728575008769
1243622400949813249
1243618173384966144
1243603994552856576
1243603517341708289
1243588098048417795
1243585561501159424
1243577173421600768
1243575569670787074
1243572037366382592
1243565712422998017
1243391707506343943
1243370964554878976
1243370652293140480
1243367280123101184
1243356761966276610
1243354432957337600
1243353829791301632
1243340003532365824
1243300350351704064
1243300014593433601
1243290358072532993
1243287511092170752
1243281458619285504
1243273924189642753
1243272837269356545
1243261382490902528
1243246419353337856
1243246335777599494
1243245154980356096
1243241302071726081
1243236200632090625
1243236157942427653
1243233940552351744
1243232874737717249
1243229020126195712
1243228970776014849
1243228239683715072
1243228075598348288
1243220814453002243
1243217832717901824
1243204645767397377
1243204012368785409
1243199838113554432
1243199664926539776
1243198876649054218
1243198804372774913
1243196476991262721
1243195389659860994
1243191529918705664
1243025031455633408
1243022150371381248
1242979043156168705
1242971093045923841
1242965420929249280
1242939991161880576
1242939659052658690
1242939532208517121
1242939351475970049
1242939219393171458
1242939131325370368
1242939035602964480
1242938940903927808
1242938841645715457
1242938739023679491
1242938642969931776
1242938526347358208
1242930983956959233
1242918137848201216
1242916602548387841
1242913490693582848
1242909759138750464
1242896171279896576
1242893879239573505
1242889536096489472
1242874122570330113
1242873729656295424
1242863215949664256
1242850642785226758
1242850517241327616
1242847768428679168
1242846940150132737
1242843192904437760
1242838997077880832
1242828789932896259
1242627475349225472
1242590068822265856
1242587543729655809
1242587475345735680
1242586414790799360
1242582121190842368
1242576981239062528
1242576628053499904
1242574453231378433
1242567399498321920
1242556779881365504
1242553185660616704
1242552611380715520
1242540691160363008
1242538086589796353
1242537296794025985
1242534033277341696
1242534001329356800
1242528443352285184
1242526967334752256
1242521428836020225
1242520261716357120
1242508373804769281
1242506910319800320
1242505174188343296
1242504536561840129
1242504439132327941
1242504074789916673
1242504066502033410
1242504054535667717
1242497036718469120
1242495316214988800
1242494169517395969
1242494130896269312
1242486430997176327
1242485085380603904
1242484931076296705
1242477217889673217
1242469000593813509
1242468714949169153
1242468688193703936
1242466730430976001
1242466614492053504
1242466239764545541
1242260001973891072
1242227851278946304
1242227638929739777
1242196772807528448
1242196674715385856
1242196515017256961
1242196260800483328
1242196071041789952
1242195956969304064
1242195821103218688
1242195641763123200
1242195501891514368
1242195360975486976
1242195148022276096
1242176278444138496
1242173968250843136
1242160412121919488
1242150172580139009
1242132600291856384
1242125778801668096
1242125544700776448
1242125493874257926
1242109593716543488
1242107119991545856
1241850797240930304
1241808338582568960
1241777679587627008
1241765614676369408
1241758640169598976
1241758407352172544
1241758076157325312
1241750713018904576
1241750430733877248
1241750366342893568
1241750252064923648
1241527839536451584
1241524344339087360
1241515131575492608
1241509028003319808
1241492900598276097
1241492677935259649
1241460346847551488
1241452860006490116
1241450019334443008
1241438395580084226
1241438251379879937
1241413674016759808
1241407842759794694
1241401901029048322
1241187680995520512
1241187406566457344
1241160880596774912
1241150686659633155
1241150574411702274
1241150406715011072
1241150256797995009
1241150235096694784
1241134295822942208
1241133714475646976
1241128122143006720
1241125437817778176
1241123637945491456
1241117183796604928
1241109219836710912
1241109023467831296
1241093808927805440
1241092160532840448
1241085340741300224
1241084457064398848
1241084451263635457
1241084400940400641
1241082329608552448
1241080830404907008
1241066846704373760
1241066817101021184
1241052278137573381
1241052125259423749
1241052040991625217
1241051895050825728
1241051819050065920
1241051649763753984
1241044202764398593
1241043581000749063
1241043345301889026
1241041563616043010
1241041497148940288
1241040540117823488
1241040429878935552
1241039887794450432
1241037687626186752
1241037649114087424
1241035669738115076
1241035641141358592
1241024855119560704
1241024603041853441
1240999095839248386
1240796969825533952
1240793563966746625
1240790964274262016
1240790749290979328
1240790560396333056
1240790360088969216
1240790115670044674
1240789984107352064
1240789830344179718
1240778643506266113
1240778346037829632
1240773019347218432
1240762131856773122
1240761158576947200
1240754152436723712
1240748409629192192
1240748367157678080
1240741545558462466
1240741223477862400
1240740706735411201
1240737481739218944
1240734931950526464
1240732076967481344
1240728650112069632
1240727566643654657
1240726926840324096
1240726651798872064
1240726624166801409
1240726293382959104
1240726072397725696
1240725112963252224
1240723923047550977
1240721503596900354
1240720634369343489
1240720608297549824
1240720505507696640
1240709399426895873
1240708973554098180
1240707000700264449
1240704546994712576
1240695701350182912
1240691598268092416
1240691448502054912
1240691382857027584
1240691276975992844
1240682987991130112
1240679927105478656
1240673095729287168
1240671258745778177
1240475841785544704
1240475767420538880
1240431048153939968
1240412663659683840
1240412538950406144
1240412362621865984
1240411162019155968
1240407252063916037
1240393851770155009
1240381723445039104
1240381297702227969
1240378067110883328
1240374842651631616
1240372171081256961
1240360239334998017
1240359195339194370
1240355991171903489
1240349415572824066
1240348494155653120
1240341516905623552
1240338414664204288
1240336883986513920
1240336777556029440
1240335881472331776
1240335720004194304
1240324874444271618
1240316717366116353
1240299372866236416
1240294337612615686
1240113508940779520
1240097455095468033
1240068482022002688
1240065862536581121
1240065802809663488
1240065555148636160
1240059913470005249
1240051745037811715
1240051315754950656
1240030541233053696
1240025437436141568
1240003803505520642
1240002303811149824
1239998983864385537
1239998624995495936
1239988016480784384
1239984905783664640
1239984837835894784
1239971470417133573
1239967188041138176
1239962237319524353
1239937176206364673
1239933872021704704
1239929486876889088
1239926071325122560
1239733173002461190
1239730896636235776
1239727755370979330
1239724768611299328
1239724172789428224
1239719893244604417
1239691452851974146
1239690776428216320
1239690405584596992
1239690200617373697
1239689871544877056
1239689731094360064
1239689561720012800
1239689471727005698
1239689264448671744
1239689076615176192
1239688857794138112
1239688711991779329
1239688576931000320
1239678494977585153
1239671471644893184
1239668881796427777
1239657685663899648
1239645300748251136
1239641409558208514
1239637789919997954
1239611719955013638
1239587319662821384
1239583928073117698
1239581251662565377
1239581154425966593
1239580736417435649
1239578544964915202
1239578425829908481
1239578392439042049
1239575752661598208
1239574140559884311
1239534776391839744
1239521797835390977
1239402541172936705
1239402497724170240
1239372846545002496
1239372751992848384
1239372622938267649
1239372258721665024
1239372137749598208
1239362762670653440
1239360120913416193
1239355700645474305
1239337280243826688
1239335945645654017
1239334825963581440
1239326193695899648
1239326135973863424
1239325922882289664
1239325708519792642
1239325530337374208
1239325169685917696
1239320151369175041
1239319812871876609
1239279837354659840
1238945279660810240
1238869956520861698
1238869770981609472
1238869557760020485
1238869158449655808
1238868910570496000
1238868702507876354
1238635195206516736
1238631844616105984
1238592107876474880
1238577884828069888
1238572294781321216
1238572080238485505
1238565945460719617
1238558959142760448
1238512647403966464
1238511389578342406
1238510131194847233
1238508872484016128
1238502583355854848
1238501322707685377
1238500064722649088
1238498806171234306
1238497096061210624
1238488740101840896
1238483316254236673
1238297695304871936
1238290234065842176
1238277299545366528
1238264807028953089
1238256263592652804
1238251721887027201
1238247954550489088
1238247295071772672
1238237732616278021
1238230421436948480
1238215031352733696
1238204397231824896
1238184931819307009
1238177533528432640
1238166186900115457
1238165775602446338
1238165552679374848
1238165407178960896
1238165340074283008
1238146973112266752
1238126663411453953
1237872872170729478
1237872575084036098
1237872429596176389
1237871518337523714
1237871278859497472
1237863228836679685
1237860600828420099
1237859818263547911
1237851906040426500
1237834038192132096
1237828915621593088
1237827060573200386
1237826459760132096
1237826409294258176
1237825270133829632
1237824760421076992
1237824602635554816
1237823248554852352
1237823127649783808
1237820831889162240
1237820684203511808
1237819666577293312
1237818174348787712
1237807359407226882
1237799911233634307
1237799910604328960
1237799831336177664
1237799798205345792
1237799758443327489
1237791854856290304
1237778401278062592
1237773385947475969
1237772377817116672
1237770989275996160
1237770794559660033
1237529479225831424
1237523665752698882
1237483367047798786
1237436805252665345
1237434291954409472
1237429060340350978
1237426048599375872
1237417502423937026
1237189957854220289
1237187129374994432
1237153717503143937
1237153418138898432
1237153200324534272
1237152954118856704
1237152758223929344
1237152661398405120
1237150386609213440
1237143702327324672
1237143612636327936
1237143350760730626
1237140421316243457
1237129352996773888
1237122487407661056
1237106300288258048
1237086596911861761
1237086128152268804
1237086034095001604
1237084884989923329
1237071753051959297
1237071667223875586
1237071527150899200
1237071423870357505
1237067759646736393
1237067652301873152
1237066951957987328
1237059630833864705
1237057644222808064
1237048678294024192
1237048121206571008
1237046532135743488
1237044835741122560
1237044662969356290
1236652893853421569
1236322869925130242
1236322630082244608
1236322346597679104
1236322028543590403
1236321709176709120
1236071799391019008
1236071631392366592
1236019254274609153
1235986428846170112
1235968457247612928
1235962138880925696
1235960104895123457
1235957311950049280
1235712722093740033
1235698371018379265
1235690521990811648
1235670232582127616
1235656489336836096
1235652389333381120
1235651289448505345
1235630422261788672
1235610527604170752
1235610182308093952
1235375132773724160
1235375101983350784
1235374364398194689
1235374321737945089
1235334374586974210
1235333312660549632
1235309114445762566
1235306195260510216
1235306042231320578
1235301714594537474
1235301527004291072
1235301462248493057
1235298207472771072
1235298158957203456
1235296826447851524
1235290740877676544
1235290608035598337
1235281422098640896
1235281358349414400
1235281156532101120
1235280616842641408
1235278195592552450
1235273805758713865
1235272425350156288
1235272318143750144
1235270977073774592
1235270379985186816
1235270080495341570
1235269730862157826
1235269625769684992
1235269560451747840
1235255675283836928
1235239731195039745
1235009421404549120
1235008994617393152
1235005946490806273
1235005909337694208
1235001276049440769
1234998595822055424
1234998240895881216
1234998239826341888
1234996579842420736
1234992852372869122
1234991246638059520
1234991212173484032
1234986297275514880
1234985697963962368
1234984616479481856
1234982408325173249
1234979309414043648
1234979240270913538
1234965049854181376
1234963246886486016
1234963213663399941
1234962654516535298
1234962600711999489
1234950902374486016
1234947103102603264
1234947070596829184
1234919748636332033
1234918857573191681
1234917925208780800
1234917882108055552
1234916966856445952
1234898802420568064
1234894814501425152
1234657426797842432
1234630819106279424
1234616904993501184
1234616799968104448
1234616698084323330
1234616349923500032
1234611137490014209
1234607978960916480
1234607502693584896
1234607456073895936
1234604652101951488
1234603260784201728
1234594848172171264
1234594833047547904
1234594783978381312
1234594368058580992
1234593279372431360
1234591878797918208
1234585192045563905
1234580705025224704
1234575201540591616
1234575116815618048
1234562825076346881
1234553565093302272
1234535782137749505
1234535014584344576
1234517481055670276
1234156276344451072
1233526869686988805
1233523591599271938
1233510598169780224
1233508572811714561
1233470904233025537
1233470806094700546
1233470629543907330
1233470440414289920
1233470229268877317
1233431238913843202
1233423270835154949
1233416494513442816
1233210027680206849
1233205349563256832
1233160800233066497
1233155862266433538
1233099545325654016
1233097670308184065
1233095687614582784
1233060029827178496
1233059600393355265
1233039080738263041
1233032789206818817
1232825526491811841
1232804288277016576
1232798825305108480
1232773298208948224
1232772577585614848
1232768580946546693
1232768494996901893
1232767549080662016
1232767149459951616
1232727026232168448
1232724333543378944
1232723790888501249
1232720428319141888
1232691864261627910
1232690019317370880
1232673847494594562
1232435839893794817
1232394838550745088
1232384561406857218
1232375460861841409
1232360026540396544
1232352033853718529
1232347719668158464
1232345367410167808
1232345336766590977
1232342549215399936
1232339996834594817
1232339090193842177
1232327835102003200
1232039997244461057
1232032449909137408
1232024933150027776
1232024281724289024
1232009839942852608
1232006553978298371
1232004944435109895
1231987795087904775
1231975944220364808
1231662519665799172
1231371624483438592
1231331213958189056
1231232213850546177
1230961322902212608
1230950102463705088
1230942382297767937
1230913969277136896
1230903555839545344
1230898727285444609
1230890925955670026
1230885723697340416
1230644602543034368
1230636328699564032
1230612429366648832
1230604720202371072
1230604420292890624
1230573672160612352
1230571250696671232
1230570463337701377
1230540077551386626
1230533181457125377
1230349444169625602
1230307540656746498
1230237676952899585
1230217293331750912
1230170446940606464
1230169969813417984
1230169193179308032
1230165772195917824
1230165735944540161
1230164433067855872
1230163418138595329
1230156776705687552
1229927894077493248
1229914603213049856
1229852328074727424
1229846705819901952
1229825712648900608
1229816251251187712
1229810231695175680
1229479327403630592
1229450437280927749
1229427784822468611
1229390037776838656
1229102465959657472
1229102305108062209
1228477247780089857
1228465258148200449
1228464383350542336
1228464048301170689
1228457097785774082
1228452160465035264
1228441662155710464
1228438489034674176
1228437244995756032
1228409487406448640
1228405174433009664
1228403388871610368
1228403322635214849
1228403284945227776
1228403134185136128
1228393475000930304
1228391244524478464
1228386682837204992
1228378694663622656
1228376538816466944
1228376485024518144
1228372443389030401
1228370821372162049
1228348174135328773
1228335038137135105
1228335012476440576
1228333075509239808
1228310462560780288
1228093420356296705
1228078820474810370
1228068432056176640
1228063190111571968
1228061606539489280
1228059074501079041
1228054481679482880
1228053235153326080
1228050540598181888
1228046777703493632
1228046530247974912
1228046445103550464
1228042372581220352
1228016770746765313
1228007294807367680
1228006682933858304
1227996108934107136
1227983570351771649
1227976433139503104
1227765588228898816
1227711845156433924
1227688653998055424
1227675617862111232
1227658639806062592
1227643143647944705
1227638539170373632
1227636907976183809
1227631002794618882
1227620251082186752
1227608118890156038
1227607899024740353
1227394295549685761
1227372495180681217
1227367814618464257
1227364747445592064
1227364722527178752
1227355602118070272
1227348584581849088
1227345312961843200
1227337403494518784
1227333988349509634
1227326682421436419
1227298010175954944
1227291156544811009
1227257263569559552
1227073304843800576
1226964795594809345
1226938148673839108
1226937014521483264
1226933375581057024
1226922102634082304
1226893777215746049
1226886001739481090
1226884774129614848
1226678110210404352
1226669549505974274
1226616148843585538
1226612773666189312
1226610995298107392
1226592968980582400
1226542735559028736
1226542604860280833
1226542495925846017
1226527424768118785
1226331845530288129
1226269505933832192
1226249384632803330
1226238263356116992
1226232202091880448
1226209189006999552
1226186428725379074
1225935603314745344
1225935390638362624
1225907932610486272
1225878788489138177
1225878650337124357
1225871327254368257
1225871061297717248
1225844922558734336
1225825806087143424
1225815581288357889
1225796209723371520
1225604043210469376
1225564925453651970
1225551651014152193
1225520103443357702
1225514118637072388
1225504309242146817
1225488273272975362
1225473373523734528
1225441879178661888
1225246081828544513
1225180168517382145
1225163640757637121
1225143558690107393
1225142344220938240
1225139528643633153
1225137515402866689
1225135501847318529
1225133488673902592
1225131475332263936
1225129462523748354
1225127448762707968
1225125545228161024
1225122984253251584
1225115612587782145
1225113171930693632
1225112791117250560
1225111789513216000
1225095700481863680
1224893980619358210
1224858521839099904
1224858358269628416
1224856905530540033
1224851964783026179
1224837763389747200
1224818619575439362
1224816548444946435
1224816529151160320
1224816512923365377
1224809106935910400
1224806224257929216
1224805757759049728
1224805732022800384
1224803525193916416
1224803411016609792
1224796040999473152
1224784771336654848
1224773032561893376
1224767435221291008
1224760459577835521
1224760279201800192
1224754597538885632
1224752015395344385
1224558901938360322
1224558590226075650
1224494375968751616
1224483958827536386
1224456251045662720
1224449221727682561
1224441064750112768
1224439552900657154
1224435027301191680
1224420207944318976
1224364361986084864
1224171850130845696
1224086654064807936
1223788669921685505
1223719356380504065
