1286035354009690112
1285724356879036418
1285634361346404353
1285562556703277062
1285337345277992960
1284944369460695041
1284632428234133504
1284228321572790275
1284219185829158920
1283845035583328261
1283506718174064640
1283465577659600900
1283416131814993921
1283171095668039680
1283136317417828355
1282768009136934912
1281461014714875905
1281461012881985537
1281272659767066624
1281272658374668288
1281257162392641537
1280966537793417216
1280605977495117826
1280246447695372288
1279392632444248065
1279088119355244544
1278758780977717248
1278402763077140480
1278350138860240896
1278350133781037056
1278339955119591424
1277711661265121280
1277290671259422730
1276613673176502272
1276613671876096000
1276613668323627014
1276613667199553537
1276290423267495937
1275881053392121859
1275575119344214016
1275556983026913281
1275524784353423361
1275169361817468930
1274690049070727168
1274068083964022784
1273724170334089216
1273704329380233225
1273372973391585286
1273281645370621955
1273281642468184066
1272988446156603395
1272665148063432710
1271866748585807873
1271558832670597120
1271186314684239872
1270876422312202241
1270815242818400257
1270446338069729282
1269787712862793728
1269752293735518208
1268994444185030662
1268991490526720000
1268957068897275906
1268957067915689985
1268571113493274624
1268325340054618113
1268278282795061249
1267977540737646604
1267592277607821312
1267173939685601281
1267132356219060231
1267093495417839616
1266942732062375936
1266942730367885312
1266503456321425408
1266466719817781248
1266117775577284608
1265850103996309505
1265850102951874561
1265748064150654983
1265474776728027139
1265378767649886210
1265070618636140544
1264980728049274881
1264720547260309507
1264273354120261633
1263966155791896583
1263931091284627463
1263606058456682498
1263250951764353026
1263205481478307840
1262881132015751173
1262841253198204928
1262789491724607489
1262462233780592641
1262170322037587970
1261439849678147588
1261393617459044355
1261303168660656129
1261032543849189378
1260719534123737089
1260716475746312193
1260702668672073728
1260662637144215560
1260656605055483904
1260352044986175494
1260308745353125889
1259999666080448512
1259942889548926976
1259552776264323079
1259552774905356295
1259519948835229696
1259286018840240129
1259128706662117376
1258968569993453568
1258878884549976066
1258857294630211587
1258486462972137473
1258471277905547265
1258181020567965701
1258132054207856640
1258068997385445376
1257781433785081859
1257736394207879169
1257406360146362369
1257342828608446471
1256737685210894336
1256365122102181895
1256319756774240257
1256294514962173952
1256252419513757697
1255956553443622913
1255946389273686017
1255641669451558912
1255641667161526275
1255594864059863044
1255317255879045121
1255292587667271681
1255292586195066881
1255292580876693505
1255232110706806784
1254906447948898304
1254906446388568064
1254906444727664641
1254869939833446400
1254039614169534464
1254039529662681088
1253817365705437184
1253782079806025728
1253420275200229378
1253348369659027459
1253342923703402496
1253098251580059651
1253056676317532161
1253006002317930496
1252966327490351106
1252789283947270144
1252718268093042688
1252366875230523397
1252332339776143362
1251946691533705218
1251639905677185025
1251639904251129856
1251639902497898496
1251607826558070786
1251557040243257345
1251296629933707265
1251247552869150723
1250926226182733825
1250891208890646536
1250559175270203393
1250559173852610560
1250559172267126788
1250521809574940673
1250201698578153472
1250158932976418817
1249842864349208577
1249796371928006658
1249693662373720064
1249693661211869185
1249693660167450627
1249693657432801283
1249110965787877377
1248766089049378818
1248710143702896642
1248388807264591873
1248388805880471552
1248347499984818194
1248277849938759681
1248065288622538752
1247984736393461761
1247892399017230338
1247623296386060294
1247564477681238016
1247350106657079299
1247314570630369280
1247314567425863691
1247260904183476224
1246881645497548807
1246516356679380993
1246209246146035717
1246172321452298240
1245867206195310592
1245867204744118273
1245867203552919552
1245843258066026497
1245818243505405952
1245751421179478019
1245492542730272773
1245492541643988992
1245455714790838272
1245425871189663745
1245371366238490625
1245129801133940736
1245129799988916224
1245092573473058819
1245008993929646081
1244729552334716931
1244717873970524161
1244643701735018496
1244357666937417731
1244345499873882117
1244292200265064449
1244292197715005440
1244074364934459393
1244074362434699264
1244005026160394244
1243927204762923012
1243676312042119169
1243676310112735239
1243676308036558855
1243642158705303552
1243573249528782851
1243321118032879622
1243321116770385920
1243281162405109765
1243207746104803328
1243006214507827200
1242993533323300871
1242962764949225480
1242919948160307200
1242849609480916994
1242586156954521601
1242586155490607111
1242558171421511685
1242538063957569544
1242244378606870529
1242244376832741377
1242244374857203712
1242194124989763591
1242176166867468296
1242083543972548609
1241867200144846850
1241867197770850304
1241840045218246665
1241741355887595520
1241517637127098374
1241468839692566528
1241381733121036288
1241160958644555776
1241108464291774470
1241085447704625154
1241085446526054401
1241085445548716032
1241018614175739910
1240797451260493824
1240797449662447618
1240750600339554304
1240703493930749952
1240672671081418754
1240459198850351110
1240410284679970820
1240382994428411907
1240290155606544384
1240088394300116994
1240039379537727490
1240024030675193860
1240004046922096644
1239963582860677121
1239699428283473921
1239652892870664193
1239635100167540736
1239378051588333569
1239378049667403777
1239348203222417409
1239009274459758592
1238575887244824581
1238574105265344513
1238098968636260353
1237929633527496707
1237929631950483457
1237867926574600195
1237837373360295938
1237761763103342592
1237538801276219392
1237481354423607298
1237173436407037953
1237113332101939201
1235959252201754628
1235700517176840197
1235255540995018754
1235243922550644736
1234960383254892544
1234570904199364609
1234169168813056000
1233516298954592263
1233168099286843392
1232782539548512257
1232383576072740864
1232330805877334016
1230574811656708099
1230505202605793281
1230258672711933952
1230258671457832960
1230201782267236352
1229890183828582400
1229488722074361858
1228896263317393410
1228376750591238144
1228014319557890050
1227976110538993664
1227734427230461952
1227645904292843521
1227376151405920258
1226623484996063232
1226585197552029697
1226526350724468742
1226286133174308865
1226275773750947840
1225910348273901573
1225855890777165826
1225480829322833922
1224921930454720512
1224814085906292736
1224425732388139009
1224377072178663429
