1286057455240261633
1286041289797128192
1286019002981060610
1285988802868260864
1285704737069957120
1285198194679390208
1284895805342720002
1284598281553797120
1284228561117818881
1284153000576143368
1283837167614205952
1283782208168374273
1283507578010587139
1283494208716800001
1283460320682553344
1283125154403561472
1283070388206022657
1283056873315405826
1282771140763582464
1282674258498527239
1282414738685800449
1281683702548967425
1281595370460585984
1280529613249294336
1279399818889236480
1278791653017432065
1278747999561297933
1278335880403529729
1276519120914337793
1276204225270296577
1275862112171106304
1275843801614073858
1275163110064754695
1275163107913072640
1275085723742412807
1274355694725201923
1273962963129507840
1272981398719213569
1272981393975410688
1272552542543773696
1272166904254341124
1272148029802512385
1270779715037679618
1270442567688167428
1270093971516207106
1270034019724472320
1269646155966750722
1269255834300809216
1269007910719324160
1268893604430438407
1268638332319338496
1268567119362490374
1268329490784141312
1268329481493716992
1267952820977905665
1267172885220777991
1266921044373372931
1266457850127269889
1266033368933769216
1265796557749784577
1265769463103868928
1265698772572667913
1265366096997163011
1264896674650038273
1264044318219780102
1263957881252188162
1263854975572234240
1263849987441655808
1263590347101233156
1263549593113026560
1263535647811416066
1263477936935571460
1263215681228562433
1263211469648338949
1263121832925958145
1262821811647139841
1262759747440111616
1262487589283651591
1262487588335759368
1262487586326667274
1262487578101592064
1262487577011138560
1261652070286987264
1261347428776570886
1261292828434595840
1261280182842736640
1261091350117855240
1260990804614688769
1260707277650243584
1260632327472009220
1260625960698871810
1260328408942292999
1260310506151317505
1259964159845969928
1259956532550262784
1259897773551505408
1258861028592496642
1258828820725092358
1258803061679624194
1258770381063753728
1258736799830196224
1258575753681174530
1258482923122102272
1258467460673650692
1258461782978572294
1258458518543306753
1258447088704241664
1258426663358140418
1258426139040768002
1258395874293698563
1258152330563813378
1258139334542266368
1258103909496893442
1258068123447627781
1258063007495729152
1258063006472290308
1258063005268443136
1258063003578241024
1257442499838214153
1257439077059702802
1256331332264751105
1255973125235376128
1255959448134258690
1255959435559698441
1255959432187588608
1255959419852070913
1255644761349861382
1255619599711842309
1255582219080523776
1255582217490894848
1255539860368166912
1255287802947866627
1255254244308979715
1255226268360101890
1255189680376688641
1255153025511022594
1254888846048874497
1254888844790575104
1254888843209211904
1254888835055529985
1254888832757104641
1254451131830489089
1253834637518032896
1253796250291486721
1253707525926641664
1253390833216303104
1253390539522744322
1253347807047692289
1253347799111958529
1253316795257237504
1253119205236506627
1253072073913753600
1253052146553102336
1253002388845273090
1252705882875535371
1252705867415334913
1252705856300421120
1252651676529557506
1252599566114971651
1252385739892903937
1252356388019290113
1251699823302107136
1251221744163213312
1251221719387430917
1251221706171129863
1250889722026745868
1250589073527443458
1250469128441401345
1250173430470791168
1249801106290597894
1249798629092667399
1249755135561076736
1249755126513971202
1249696072236249088
1249330319045648389
1249157773927071746
1249044017570078720
1249025210029944832
1248769817357754372
1248722999232126977
1248722981607669760
1248638013908844547
1248600367975133186
1248356476059619328
1248331874021277699
1248290353926504451
1248261372829466624
1248008418230562816
1248000798275108864
1247982065770999811
1247980083849179137
1247954541733085184
1247944436866322432
1247888175722160130
1247658911961931776
1247639734513471490
1247623179645968384
1247594695708094465
1247560997474390017
1247540878085771264
1247524520585351169
1247255353751896065
1247189718661545986
1247167187405553664
1246950139387936769
1246862368245788673
1246858875116158979
1246523136201437186
1246182267665485829
1246181824398856193
1246129555947036673
1246093484718768128
1246091574011977734
1246072622389092352
1245781387782864899
1245762223663910912
1245723136861130753
1245465991498301441
1245441182546767872
1245424348330176513
1245373347900334088
1245348102661378048
1245125571958407168
1245094994362368000
1245084956134707202
1244783243918000129
1244737182360887303
1244736856102748160
1244693804353032192
1244386615369310210
1244386379473268739
1244386201160880129
1244385926513647618
1244310123264212997
1244282014683074560
1243996054531575809
1243965256478621700
1243642389924909063
1243602547086176256
1243546350542782464
1243279807179370496
1243240309649268737
1243178251364827136
1242937937525956610
1242928690180296708
1242905829600362497
1242892226797228032
1242875551439880193
1242865828154036228
1242824243089457153
1242824165226360832
1242817866245836800
1242581245969784832
1242573739545501697
1242573604614782977
1242573364226654213
1242461299503763456
1242461239328026626
1242461167622197249
1242461121308700673
1242183041092587521
1242148982551392257
1242110230995050497
1241851113034469377
1241419061743030274
1241128870658572294
1241097437223309313
1241095786089324547
1241083418697437184
1241047997175259139
1241039648778043392
1241031784944582658
1240728044215599104
1240727886878949377
1240674309984718849
1240674013279596545
1240454152448335878
1240438145289781250
1240362832245542912
1240311862190837760
1240066106527801347
1240039373481140234
1240026098748063745
1239693388372414470
1239670934010769408
1239664683411480576
1239656375761776640
1239554447002517504
1239284415689302017
1238960909776797698
1238850418614075392
1238570513619877890
1238559565396029440
1238279548116008960
1238207725361864706
1238097893644546049
1238097153790291968
1237796285681451008
1237795698688561153
1237794649613504515
1237454925141086208
1237446662274068480
1237413803542937603
1237071817371762690
1237060538561069056
1237032050802200577
1236030784320004096
1236015468282105856
1235943285702701056
1235683528710512643
1235626182982488070
1235593762614714368
1235573854455685121
1235295651954651145
1235251459953954816
1235232198934106115
1234965152757358616
1234957789434384384
1234944630933688320
1234866512881688577
1234564425950081025
1234517951237283842
1234479235701579777
1234139684571435016
1233409915760279552
1233189053669036037
1233075364345327618
1232668619823308805
1232403353088483329
1232326013226536961
1231418640085417984
1230905823729242112
1230598916300820485
1230598915227082759
1230598734238691329
1230590507807657985
1230514604738064384
1229415729168027648
1228047828381052929
1227291378230726656
1227243374090051584
1226997848337633281
1226976591055654916
1226950773701038081
1225858179906621441
1225815840156737539
1225496922712158209
1225476299017347072
1225468702017060869
1225449786649825282
1225176516155363335
1225156276692361217
1225139340227072002
1225096646654070789
1224897968471445511
1224827423969218560
1224823194776952833
1224810652394455040
1224723277878304773
1224367308291870720
1224108869548421120
