1285837114655903745
1283910240086265856
1283896877507727360
1283858147182968832
1283857029975572480
1283853080950239232
1283583095241797632
1282843354980466689
1282816317158912000
1282424727701577730
1282424726690775040
1281725396182949889
1281631538229043202
1280634859602337793
1280262655488307200
1278394384128421888
1278119409853190145
1277751379633647618
1276312318561759232
1275571309058027521
1275094448917983234
1274093945874604033
1274093945031585792
1274048569930964992
1274048501836443648
1273025305154695168
1272670601719640066
1272670600780058624
1271590838980640768
1271238573363040257
1271146139027271680
1270883698544697344
1270853247738220545
1270510968078921728
1270510827850788864
1270481464103104513
1270142453291479041
1269056410433646592
1268709121173291008
1268682934128504832
1268633787258171392
1268594156315635713
1268347486856339462
1268322367966556161
1267928080468721664
1267871142359920640
1267570373098237952
1267531359372836864
1267246844330930176
1266823444341100547
1266535044111151104
1266479604916563969
1266172540583415808
1266155781268725760
1266074084128903168
1265771740677804032
1265745559798771713
1265400211481886720
1265353308450910209
1264996922240073728
1263634573763596288
1263535589246119936
1263535396559835136
1263295020561387520
1263273936562749440
1263256245546303488
1263221221031702530
1263220985219518464
1263170361744453634
1263170166294065158
1262911165715361797
1262889745232863232
1262548777727954944
1262529009293770753
1262487674494935040
1262469877559771136
1261454412108541953
1261435753201979392
1261346106790690816
1261345923591892992
1261020057418661888
1261019505704091650
1260653974920675328
1260653596070146051
1260357648324497408
1260302140691501056
1260301987549073409
1260266377690009601
1260266376071020544
1260012132290015234
1259971698129920000
1259971547944513536
1259942807906574336
1259942689815932929
1258925211878973441
1258918605879566336
1258918290061062145
1258911961686761472
1258619487709880320
1258619486350929922
1258570462507831301
1258570460897275904
1258570458925948928
1258489720499208192
1258489718192459781
1258200123168796673
1258169673532637185
1258130844650102784
1258130835250663424
1257816432689074179
1257781164573552640
1257781162912571393
1257742550611357696
1257475347546869760
1257363799050530816
1256387818613399553
1256355142036668416
1256289337764798464
1256289328411471872
1255963428457287680
1255963426326630400
1255911987877253121
1255663408344641543
1255592962727145472
1255272429057970178
1255272426549714945
1255246724500795396
1255246722256773127
1254938382880387073
1254908183329402882
1254856682003247105
1253851218394279939
1253829465748066304
1253748805897355265
1253748802940317696
1253489509360001024
1253478776828133377
1253411894662033408
1253411879138942976
1253411877524144129
1253364482325151744
1253126647772925953
1253118387007283201
1253005536586461185
1252764056143814656
1252710251062628352
1252401665396834304
1252310845855379456
1251336573112680448
1251314753785430018
1251305597758107648
1251290325307371520
1251284387968110592
1251258761336872960
1250952366016401408
1250936705844035584
1250885843444568064
1250843001242304512
1250819521381675008
1250589698126278658
1250570851902033922
1250532758222327808
1250227637739352064
1250197139625349121
1249865214071164928
1249852528377745409
1248778368415182848
1248766720384196610
1248732637339893760
1248684507495952389
1248418290541576196
1248415590743592964
1248396652664119299
1248052869061697537
1248032259908624386
1247691224921731073
1247673040445399040
1247615547828666368
1247595667565891584
1247594978823401473
1247340811127115776
1247340700426858497
1247328274054696960
1247293322000883712
1247216723486359558
1246241263206064128
1246207185572335616
1245879847634612226
1245857806768427008
1245787471670996993
1245787463290773504
1245787459507507200
1245762146471796736
1245760833235218433
1245516718618726400
1245504718006185984
1245154227048964096
1245122668879319044
1244791587227324416
1244769522201976832
1244729053073952768
1244677801149493249
1243704828997431296
1243614294119337985
1243356910608211968
1243335769629966336
1243265328504655872
1242994988780154880
1242865165902602241
1242647618737463296
1242632680681832448
1242609248833392640
1242507819837820933
1242289698027892737
1242289681342988289
1242272699067461632
1242261320952500224
1242182615265718279
1242167055807205376
1241907246017024000
1241855400200130560
1241451441748766720
1241183485563252737
1241094682139971584
1240802475319279616
1240772167731572736
1240046609041207296
1240046493723004928
1240046402866016256
1239633628503523328
1239322756606349314
1238207296066342913
1237863537935937537
1237863463344427019
1237209446503174144
1237209118953242629
1237120129420296194
1237120046582792192
1235652491049447425
1234641527281868800
1234641526191349760
1233515153276059648
1233127388357132288
1232376229166084096
1232375902496944129
1230617274567905280
1230181558755049473
1229889074548264960
1228396900484706304
1227748829132312577
1227715720407961600
1227698984627474432
1227405990263390208
1227305358621921286
1226992877378490370
1226212777158574081
1225856224521900032
1225508228735361025
1225214958813630464
1224900888168284160
1224881552741396480
1224493241422073856
1224439834363588609
1223652480078102528
