1285478065988988929
1285187909679640578
1285187505755533318
1284749543666413573
1283713820343427073
1283711559806533633
1283196823700566017
1283196664451235840
1283196504266534912
1281088016866394112
1280635553306669056
1280059372203241477
1280056132413919232
1280056006161002497
1279180043004997634
1278599524252966912
1278562368755167232
1278452420499177475
1278452254333427724
1278230909150363648
1277357534559363073
1276092380861480960
1276088154642976770
1276021832223621121
1275554744715468801
1274964249274548225
1274467315833171968
1273554706174930944
1273203869321838592
1272814366774067202
1272729517962850305
1272421929933131777
1271312107468804098
1271236102775422976
1271220647293677570
1270927745002778624
1270925503088623617
1270925310519721984
1270924980650299392
1270920503000051712
1270920353716428802
1270634204821241857
1270613576017825792
1269935328485183490
1269935199128711171
1268504333953298433
1268467744321622018
1268305502519214081
1268305238059974656
1268304888053690369
1267763231298215936
1266329016539045888
1266210375264907265
1265823282692886528
1265823142267609089
1265823005696876544
1265217607495385088
1265217361709109248
1265121648283271168
1264824014867816448
1264770102769016832
1264648183361048576
1263742327861870593
1263404012625211393
1263400154138202112
1263399757696786434
1263399412107104257
1263338376561750018
1263149955788636161
1263034088128000002
1262987646969626625
1262923944195051520
1262649026828091394
1262538282430271495
1262536840789192704
1262274981712494593
1262255519873392640
1261560508638887938
1261218858200752129
1261139553030508545
1261139300084641801
1261074200732659714
1260867324753543168
1260788576381333510
1260518557537808384
1260516859608068096
1260488481773625345
1260162796068540421
1260119752560611330
1260038329971568640
1259830424424988674
1259829709946236929
1259218466290032640
1259067251145113600
1258920561306001409
1258647438174220289
1258360157613912064
1258318851957125120
1258310704806780928
1258309228130779138
1258283318312722432
1258261254499495938
1258256022432432128
1258244262786822145
1258235508158681088
1258235276725370881
1257927229079580672
1257923878887686144
1257892577484787712
1257884947416666113
1257621113124712448
1257620192550510592
1257617283775492100
1257464709118230528
1257238071159865344
1256908798674956288
1256907241589882880
1256907108408123393
1256906885296353280
1256906689934061569
1256891961341906950
1256878263881756674
1256172691838517248
1256170332265705476
1256166290718257152
1256016862200033282
1255780642031194112
1255760679337750528
1255453400201822211
1255358881863172097
1255083393718423557
1255071267410997248
1254732602864328704
1254358683456114689
1253899787511840768
1253899488407609347
1253165918139502594
1253087321328480256
1253087252030164993
1253087189790887936
1253087125735534592
1253035010992386048
1252881579828895746
1252881500082540546
1252506688462024704
1252460489407225857
1252448907344244745
1252446155973238784
1252189849882247168
1252183565996982272
1252134063843864576
1252129949814644736
1252129910266580992
1252129840225898496
1252129768364896256
1252062838215946240
1251826867939627009
1251826642541883392
1251793718094360576
1251688109764304896
1251499182298288128
1251417036695105537
1251416944147742721
1251370683562463233
1251370607897219074
1251370531892293632
1251364323236016133
1251323963851980800
1251313634141061120
1250894562794467328
1250750851603247106
1250675605412016128
1250671065832910849
1250664894602473473
1250664819436318721
1250583389536612353
1250583287598157824
1250361850224496640
1250351985808642062
1250350534147493888
1250335473538453508
1250316532095172611
1250168733470830592
1250168700562329600
1250168637228380161
1250168563156959232
1249992564314271745
1249940150278180865
1249939989678272512
1249808631719051270
1249808532167249920
1249570278847348736
1249546081462972417
1249081891233206273
1248964588726411265
1248961686100299777
1248893536533016576
1248814293811773442
1248522107358572544
1248443541426077697
1248416592712499202
1248416498839744521
1248395558894493702
1248380007153430532
1248379729427587077
1248115801422303232
1248115743645814785
1247810497425993728
1247766577446969350
1247753261991391234
1247512251172401153
1247512155127087104
1247429338263240704
1247088197537951744
1247088068554715137
1246737031989870593
1246610791396073472
1246406691928694785
1246367446786703360
1246234483302391808
1246001358068576258
1246001215097278464
1245611231861329920
1245601718978531328
1245532266962419712
1245521267387551744
1245280067023810560
1245277747049459712
1245275679534415873
1245265990499237894
1245169636045287424
1245169470718398467
1244928492975706113
1244874756786012160
1244874669548654593
1244800911773290496
1244580494303354880
1244565244757733377
1244551293160452099
1244208144269500416
1244181544773619712
1244181399638163457
1244071275233808385
1243907996310056960
1243907903536287746
1243352897489965058
1243318656878047232
1243315645585821696
1243032751541907458
1243031865117868032
1242998572527673345
1242981366360236033
1242981346479235072
1242981272999178240
1242980423749099520
1242929733723025408
1242646465190580225
1242378736734834689
1242333332416778241
1242291313619251200
1242281955997020160
1242281637276254213
1242280538641174529
1242042477990670336
1241644844490960896
1241584646023864320
1241560324139962369
1240967910685700096
1240967831597940736
1240919761992597505
1240919631436476421
1240883381249794050
1240824352699895809
1240569748712120320
1240549406006378497
1240549290583265280
1240466873637941248
1240421224682901505
1240198313728602114
1240132434253004806
1240105929363746816
1240105476689244160
1239375517817528320
1238379469313921026
1238305685714006018
1238014865555353600
1238011806255165441
1238011178753777664
1237298817612910592
1237295222222020608
1236889425553977344
1236889243558899713
1236889123954118656
1235470822094987265
1234338487463104513
1232911891661385729
1232911645367648256
1232093961684058112
1232093545147748352
1230398641866596354
1230020670391635968
1229531081851826178
1226695620036972544
1225551447640756224
1225247386210983936
1225247171659722752
1225246889634758656
1225246659564589058
1225246459668205568
