1285986801144991745
1285941095726276608
1285940919812919296
1285675970129727488
1285666005436555266
1285650919514832897
1285642994721460226
1285610385240928262
1285608723537428481
1285601854911655945
1285601466598723587
1285576593470095361
1285570656931926016
1285332208794980353
1285330560429293568
1285294489926598656
1285235391545643015
1284531467725475842
1284527645569552387
1284468016030388224
1284227898820513792
1284211963615227909
1284207780010876929
1284169622661496832
1284146377572995083
1284111185122594816
1283842983692050434
1283838625810087939
1283829995182460931
1283808938404638720
1283805323342610433
1283804245804941312
1283792635954638848
1283780535198810112
1283736799546933248
1283503217930895360
1283477921122988035
1283440365392015362
1283433299650715652
1283432562954850304
1283432362446131200
1283432240047890433
1283431898887458840
1283422099793739776
1283416725061427203
1283149832442576900
1283136689544863744
1283055461344972800
1282780546037428227
1282773295750770688
1281719058665279494
1281690211437686786
1281671754075852801
1281627722222129152
1281624971622649857
1281623535711129601
1281622635101782017
1280999362714312704
1280951083616133124
1280886783736152064
1280616635544604673
1280580410326626304
1280535242143674375
1280533334725136384
1280522558211751936
1280500700947111936
1280154642358456320
1279484436577505285
1279125964686057472
1279094928572928001
1279071147636797444
1279056807399493640
1278809811816235008
1278790495133720602
1278706225295785993
1278450829230510081
1278403550515802115
1278361981989380096
1278355347879743489
1277981761046228992
1277981653969670144
1277981522415333380
1277981280299134991
1277980664105545731
1277980480646733824
1277976388234956808
1277967793581731841
1277736045120028674
1277688104564985856
1277625101547175937
1276511089593913349
1276259004482813952
1276239469377716229
1275916342424752129
1275826514962063361
1275807003210850305
1275510319838834697
1275510306668785664
1275507965278257153
1275507838463488001
1275507727020838913
1275507605876748290
1275467754255024128
1275433575836418055
1275237871126040577
1275087729810948097
1275065641863544832
1274704004979863553
1274348393041666048
1273713131383140353
1273663986622500865
1273646076382363648
1273633438558552064
1273394842723385344
1273342498426028032
1273291387698589697
1272182289074618368
1272174760881987584
1272167054716657666
1272160456342413312
1271526830231769089
1271526685360435200
1271526469718740994
1271526348566204417
1271494413584392199
1271117915505508359
1271094054642737153
1270810564063870980
1270735755019800579
1270724196683804672
1270720850518405120
1270711229204647936
1270474478548471808
1270448150164254725
1270096847982546950
1270009003372883974
1269247599468568576
1268922362231209986
1268625263174332418
1268572414545473536
1268544063843848194
1268248032056934401
1268218134412091392
1268151731713695745
1267932778701697031
1267932630617665538
1267817797419065345
1267516357362532354
1267489684579590151
1267484880151154688
1267465425266368512
1266100211006521344
1266037173775712257
1265721673564729346
1265409667305549825
1265360355078873092
1265346796492148743
1265301138775183360
1264912815892189184
1264374844851982341
1264195675283230720
1263933046195130373
1263923746320064517
1263923591424479232
1263923388453715968
1263923082298826757
1263854727227486209
1263565333685772288
1263558584522153984
1263547210073083904
1263546839036551172
1263546611466149888
1263546338794524677
1263545615172153352
1263545323785519110
1263532948537647105
1263183315940622344
1263137833360994304
1263122675196706822
1263106540346781698
1262821071264387073
1262796623983382529
1262482163905245184
1262472258498502657
1262471344421326849
1262454850933141504
1262410627236102146
1262398813479882752
1261645251724353536
1261437051418767360
1261408401411592193
1261395330924511232
1261386896778772481
1261354737732997120
1261333210950258690
1261294574313619458
1261287718451118080
1261038917014323202
1260948183376629761
1260700053368377347
1260588201078591488
1260586363730173955
1260586260437090305
1260570060680290309
1260317744500740096
1259936686676508680
1259910506170769413
1259867063461515265
1259498542131023873
1259498407070257153
1259484075494121474
1259216778766553089
1259180041663139841
1259153494147293185
1259126331893329921
1258867938557415426
1258790668165677059
1258790598556999680
1258790447977242625
1258790377152282625
1258790279966056454
1258790065423220736
1258789422608384000
1258789159470235649
1258789058337280000
1258777276105338881
1258775593858056192
1258751408846909447
1258458513891885056
1258411526664400896
1258411328873598988
1258388681410347012
1258150809138839553
1258090352537468934
1258090147687600129
1258072525445226496
1258066470942228481
1257732051073216516
1257730236730560513
1257701583284035584
1257695811066048515
1257683415631122433
1257403001725222922
1257356460868190210
1256288889872027648
1256237182894956544
1255962448064020481
1255952408989044737
1255920354582765570
1255876268408610817
1255860554792665090
1255608194199683073
1255605575276277760
1255595712903032833
1255527714494316545
1255168762543845377
1255168576018960385
1255167269291909120
1255167057672404992
1255166809562648579
1255166498085232641
1255166389666615296
1255158398766759937
1254878822517870593
1254780389719040002
1254757337514029056
1254757162666135553
1253715980221583362
1253700964437155840
1253401429441744897
1253347467887861770
1253084016934301699
1253033716231868418
1253014593628233729
1252992800158777344
1252985780970172418
1252960449613762563
1252745189476782082
1252704061004156928
1252629829784084483
1252629663354097665
1252629560161697793
1252629458844028928
1252629364753207305
1252629284025499659
1252620066232942594
1252360994489167875
1252308680596508675
1252295795770036226
1252295566383595520
1252291349644279812
1252282416120705031
1252273695311179777
1252236775327596552
1252236257368760321
1251914728580005888
1251879910395858944
1251587170055401472
1251237243546632208
1251219223654866944
1251213610363346950
1251193271835152384
1251172628469026819
1250908242349305857
1250818494763073536
1250804854349606913
1250762095119020035
1250493580516433922
1250468374037123073
1250460919492214784
1250452117585825792
1250450829779382274
1250194192674013184
1250185298161676288
1250154976258777089
1250137266082676737
1250124303430975488
1250118398270492677
1250111091486703616
1250093316630331392
1250092998936985603
1250092802043756544
1250092676784979970
1250092388585963526
1250092176572329987
1250092086814179328
1250083696268509185
1250075140307771395
1249843622616408065
1249841729206878209
1249803638568038402
1249777826766753793
1249728058321502215
1249700947393200128
1249692385845616641
1249683772003549186
1249435454849650689
1249415265445699584
1249324201481248769
1249323826976096257
1249022698052825089
1249019476923858945
1248746827920429056
1248724675674419206
1248672071384797185
1248665318203031553
1248611755946684421
1248407295026794498
1248407265087873027
1248387672868933632
1248366262385811462
1248301253769207808
1248266606913912834
1248266248028336136
1248266072463114241
1248265993664765952
1248252725009231873
1248034270645534720
1248005407089373184
1247998965158686725
1247990138959015936
1247963043079819267
1247962905196335106
1247962755736494087
1247962600010366978
1247933357499060224
1247930870188695555
1247910173496217601
1247683813951639562
1247659838529851393
1247630080228167681
1247588378184495105
1247580232787406850
1247544741308305416
1247543351814971393
1247240671922135041
1246944537861390340
1246847997721403393
1246837615908847617
1246505781836558336
1246496600781881352
1246190910871875584
1246184357032873986
1246183807025385472
1246183708266299398
1246183584924405761
1246182497550925824
1246174370491400192
1246146839818072064
1246129609441267712
1245845481412071424
1245831655220228098
1245794476234346496
1245791249354940421
1245774490891624453
1245772048695263233
1245771212208377856
1245770963960172545
1245769355675262977
1245767974209929218
1245766653473894401
1245764402999169024
1245763465937068032
1245762268471713792
1245761586813419520
1245760479194230784
1245756675774128132
1245731786119958533
1245728835410243586
1245728400850989056
1245438460640612357
1245426040001966084
1245421679955804162
1245416781503700993
1245416279760162818
1245404630659608584
1245403148883308547
1245377697477517312
1245376828300288000
1245373507254484994
1245366139967897601
1245178858657263618
1245133289603694597
1245006548226789378
1244633064396988416
1244396853824757760
1244333135518720000
1244316399419428864
1244069424841338880
1244002571695595520
1243895042730856448
1243691527194304512
1243656375823216641
1243655829930283008
1243633976339836936
1243631448738971649
1243598161668702211
1243593092550230019
1243583924820946944
1243571223814119427
1243571122324545537
1243569865811730433
1243569528765927425
1243563195303936000
1243342389621727232
1243296710279004161
1243285122469814281
1243276615360090128
1243219971469185024
1242991624898125827
1242943623735521280
1242869546626822147
1242848083895111685
1242569060056997888
1242566341384720391
1242546735865565184
1242501715095703557
1242500583132725249
1242483368853483520
1242481551599898624
1242176739704438784
1242171269728088064
1242169917555777536
1242167207884398594
1242153558319005698
1242141506607210502
1242140684028653568
1242139908531269640
1242125994280062983
1242116107374342144
1242113215401807872
1241752084166443009
1241748201146908678
1241748151868043264
1241476773298274306
1241382159530823680
1241133472951009281
1241119136429887488
1241109069085188097
1241108554746146824
1241080489844359168
1241079628208496640
1241078609462296576
1241075909106565120
1241051092789624833
1241035491354521601
1241020135630143489
1240758671631622145
1240716307198349312
1240688563328450560
1240686764034912258
1240655637316538368
1240386108342575105
1240300162586685446
1240014757127548928
1239922610361769991
1239729240893001728
1239665160719159298
1239664584782483459
1239658813176848387
1239656700447203329
1239656634135216129
1239620192398966784
1239617678299615233
1239590871265423361
1239583631129088000
1239312522836049920
1239311957561393153
1239311597547511808
1238811479870246913
1238634644834258944
1238592947370819587
1238591718792073223
1238581781227622402
1238478774355857408
1238253556630765568
1238194574914453506
1238194311453462529
1238193747298586625
1238131990634868737
1238114379780034562
1238102635120676865
1237819885977317377
1237791352542441472
1237781089084755970
1237761881072427009
1237498627012153346
1237392774837628929
1237134506550865920
1237115843747733504
1237064021213396995
1237054355448225793
1237042672378032130
1236673604793835520
1235964661394219008
1235964500463009793
1235958522304700416
1235645368785756161
1235633417771003905
1235633138832830464
1235327548348862468
1235245185199681542
1235228256728645632
1235178875853901824
1234905972398809088
1234858795588820995
1234852918559461378
1234852652963553281
1234852567911424000
1234842717445918722
1234823341783048193
1234694986970673152
1234571267291914240
1234543441792688128
1234514073947119617
1234507276141989888
1234496482398654465
1234493889702178818
1234199854139658240
1234147687823478785
1234137899106525185
1233865259863203842
1233841061778378764
1233803013472636928
1233785112925548544
1233556042052784130
1233486581845123074
1233482856145526785
1233406468306632705
1233396698245931009
1233153142059159553
1233135377386549252
1233129907858944004
1233101121096486919
1233092815606992897
1233046173730078720
1232820455251365890
1232761538592768001
1232761322951127040
1232742817618944002
1232712744966725633
1232712591736233988
1232681262294470662
1232329708462845954
1232003752044957696
1231996219897077761
1231679241894404098
1230978613018812416
1230956118660321283
1230522762793537537
1230504417469894656
1230171319209275403
1230139632035278854
1229915193515311105
1229860339891744768
1229848573887512576
1229487161424125952
1229446133480640513
1229414153124749317
1229073417116274689
1228732993054953472
1228400225359978496
1228355538838118400
1228008332130168832
1227992770998161410
1227971233028984832
1227970949099724800
1227965549356945408
1227704097438076929
1227335285471621121
1227329681080430593
1226996019516334085
1226995615164456960
1226879046623137793
1226692083760668673
1226282759779471362
1226176081218146305
1226172606824558593
1226158750597173253
1225884450749386753
1225873004338520065
1225872358566694914
1225821384099663873
1225808858683232258
1225547024549978113
1225515446553731072
1225499961997037568
1225495247171604483
1225460086472105986
1225247969508823040
1225179632682573824
1225179374904922112
1225173585481826304
1225161612706877440
1225142611893202946
1225090781200953344
1225077841945120768
1224865287603920896
1224864620634083329
1224863797728378882
1224863572792160256
1224862902169100288
1224862791468797954
1224862708769660928
1224862603102642177
1224862476610736128
1224861471689056256
1224861076963065859
1224860903180468224
1224860241055174657
1224860043650183175
1224859921587589121
1224859802976780289
1224859742419456000
1224859570499215361
1224859268869959680
1224858706208346112
1224858434262179841
1224857844857610240
1224857248708595714
1224856737699827712
1224856610268491776
1224856436410404866
1224856275915366400
1224855889875755008
1224855703267004416
1224855551470907392
1224855336261226497
1224854885046374415
1224854626496892928
1224854380987457536
1224854209427845125
1224854049259954176
1224845253146030082
1224815335762808832
1224791012104712197
1224768451182583809
1224434134749106177
1223729074348199936
1223728852662411266
