1286015314182864897
1285995589268733952
1285991928522092544
1285947920454316032
1285736870798917632
1285672067719999488
1285634773935894529
1285585507234144256
1285585369384149003
1285313270451040256
1285308774660534272
1285302438786854913
1285243285808660480
1284584600241532928
1284192834191454208
1283873893099290624
1283872578310770689
1283858597202411520
1283851767516557312
1283829204069445632
1283811186660671488
1283806528433086464
1283785575347163136
1283763223389278209
1283515801765507073
1283508636124209152
1283113702858747904
1283047349393252355
1282868287928283136
1282867985854550018
1282811129278771200
1282773165374967808
1281701826752991232
1281643410495926272
1281348079002607616
1281334613822992384
1281325491631214592
1281272568196902913
1281268580827320320
1281256692928274433
1280578368413372417
1280545362915155968
1280185989143519232
1279369364408545283
1279006980099710976
1278548534367678465
1278548426020450304
1278548277428801537
1278430713617043464
1278387175537520640
1278387157044875264
1278380359164428288
1278372004568039429
1278368426520502273
1278340479331909632
1278128263320100864
1278003917305999360
1277969159591063556
1277968942984687622
1277968903440789507
1277754732438679557
1277754585336000513
1277724024634667010
1277716361473449985
1277713514669338624
1277684301136461824
1277676300174385152
1277650492584124418
1277647028453994496
1277646957343698944
1277646926058422274
1277646855875129350
1277646776166572033
1277621357216362496
1277320608200589314
1277319563894353920
1277025655872356353
1277025565799616512
1277025450523373568
1277025265420361728
1277025232922963968
1276972248444727297
1276925357212368897
1276925333514534913
1276925188567752705
1276924872979968003
1276692030899380226
1276691986544603141
1276691884581109763
1276691777982828544
1276691760052240384
1276685953885589504
1276622054435860480
1276618485234196480
1276618453684596736
1276606320754298880
1276602067260342272
1276601988633866240
1276559389235703808
1276555893979492352
1276551810509975554
1276551761835069442
1276548544422277120
1276544075852730368
1276543658754363393
1276543620405854213
1276543597580439555
1276531872772702209
1276531452637614080
1276509953352626177
1276340966996111360
1276340894698835969
1276340797168685057
1276340695444320256
1276340651152404481
1276340480813367296
1276339621530439680
1276339014467850240
1276337543382921217
1276336696666148865
1276336683005276160
1276332197692059648
1276332179652370432
1276332149931573248
1276332068704645121
1276331933362868227
1276330511275667456
1276294295792705536
1276288002445029376
1276284877684346885
1276283723890089984
1276283713991532544
1276277803214729216
1276272605469634560
1276266240726626305
1276263037570215936
1276263022982361088
1276258948006342657
1276258908391092224
1276251629545611264
1276249689369665536
1276245253482139648
1276243631368630272
1276241482601467904
1276240719670214656
1276233984196792320
1276233963753725953
1276231851279962112
1276231632182116358
1276231585876963328
1276230914779930624
1276229362669334529
1276229352762441728
1276228010287304704
1276227959825633281
1276227908093177856
1276227895996715008
1276227878200303616
1276225616266706944
1276223908396494848
1276223597992792064
1276223501007859717
1276221843448291328
1276220720859643904
1276215668237455360
1276215601434775552
1276213888128659461
1276212860830412801
1276211349048049666
1276211331448729600
1276211126942883842
1276204644629266433
1276202859315388417
1276202347140493312
1276199653868896256
1276196907778375680
1276194228448579585
1276189337583943680
1275909160505274369
1275904138862161922
1275893282547982337
1275879067955245056
1275869890809753606
1275869213828067329
1275866188153683969
1275850230550929409
1275821580388405248
1275821501183188995
1275564403446829056
1275138085399851009
1275110673995841536
1274038421409763328
1274025110156931073
1273983538686091265
1273710267134705664
1273362118801158144
1273295052891025410
1273287265515495425
1272945594189770752
1272576207003869185
1271678738342670339
1271678568888627200
1271539421712531456
1271493587637862402
1271196756315828226
1271196704511938560
1271188635241439232
1271155894068248576
1271146141669703680
1271127060786737152
1270838859325005824
1270805444831789057
1270761256782139394
1270752790474665984
1270406533487177731
1270403902429523968
1270378815777173516
1270145175424086017
1270109024332046336
1270062893250174977
1270039233927901185
1270027857226428416
1270013832778231811
1269015833453318144
1268982713807024129
1268890886319951873
1268625505588178944
1267838953954009088
1267598708419379200
1267598571030761472
1267558213408272384
1267480912582696960
1266415646469795840
1266116764967919616
1266089749216817158
1266043555383934976
1266043459594448897
1265699504558190592
1265678931706830849
1265669898144845824
1265662799197245442
1265341749758537728
1265330837983133696
1265325427414888448
1264888948981067777
1264665667661258752
1263912170334482432
1263910060649922560
1263895448407834624
1263864905406361601
1263599288812101632
1263586432737701896
1263546349754085376
1262854379503157248
1262811859305947136
1262765510808055808
1262759109062848514
1262725299688464384
1262515203058528258
1262515159429345280
1262475873648705536
1262475738608832512
1262473193287069697
1262415678172090370
1262414253283143680
1262404487349563393
1262404435323437056
1262382437365055488
1261675582510645248
1261364565515751430
1261352463291912194
1261338099608481795
1261055377870712833
1261038577971912706
1261036513300606976
1261035538720538624
1261027526840741888
1261008661582757888
1260957948416671744
1260683835093598209
1260618722185641984
1260258593284096000
1260247616115208192
1260232938613993473
1260224699839033351
1260177908762464258
1259986989534679040
1259940640848097281
1259897019637751808
1259880808816316416
1259879952012337152
1259870881611829253
1259483332917645317
1258874103978582016
1258843582057701376
1258789780055158784
1258788751666565121
1258517498183380992
1258452250277675008
1258433469585252363
1258145919033208832
1258145546595733505
1258102157376516097
1258102103538458624
1258091560111009793
1258091467324616704
1258083214851104771
1257809122503749632
1257808715060674560
1257715384284676097
1257712914628087808
1257712839306838018
1257693266109071361
1257692994649460738
1257448790216314888
1257361855414185984
1257361784299806721
1257348490767802376
1256639707464654849
1256639600727977987
1256639558604558337
1256639321114697729
1256346194793693186
1256341189554388992
1256264771369762817
1256263874455629825
1256191639392882690
1256042165647446017
1256009923994869761
1256009872463654912
1256009754096238592
1255997135142522880
1255979314643759104
1255944947384999936
1255917866118975488
1255914761222422528
1255913415169605632
1255902324343492614
1255882170167554048
1255882039133237250
1255511123446632451
1255511094858330114
1255202340606373893
1255143380578824196
1254967430167683074
1254964829502074880
1254942541759148032
1254865017242923008
1254804575632015360
1254268101861896198
1254082326029414401
1254082267833499649
1253844643973746689
1253786161639649280
1253773066900918272
1253766511480594433
1253765675849363456
1253762591098146816
1253757965212856320
1253754719681433600
1253510872091115521
1253510419047579648
1253481446796169216
1253460600828518400
1253387999598895104
1253347977621573634
1253057909233086464
1253009075362689024
1252995901804539905
1252976612691206147
1252639118036627456
1252614369554259969
1252418578688569346
1252350905870999555
1252336903166128129
1252327931570864128
1252308248306180096
1252298082261233670
1252282616671158274
1251535861012783106
1251304299830771713
1251304078778327040
1251303495874969600
1250968090822668289
1250947108649107456
1250928929973526529
1250928881994854400
1250879694511026177
1250864959723958272
1250864333841547264
1250833025278959616
1250558023468113920
1250488704176553985
1250471301468155905
1250147947766898689
1250140067550474240
1250118195362455557
1250112415439568896
1250092750206144513
1249833523382349826
1249800970864750592
1249753750866018304
1249740094736461826
1249739956248969217
1249448845467140096
1249116372719689728
1248760881925648384
1248705625896321024
1248689798937628672
1248429348152938504
1248394563472871424
1248392925261647872
1248385203157925897
1248378516497788930
1248357622769573889
1248351146759970816
1248345545363484672
1248336042882564096
1248318838216642560
1248007118445109248
1247974719946514434
1247916292603969537
1247714328800878595
1247634856076390400
1247629140582268930
1247588036465922048
1247587993541431297
1247566472412463109
1247548495709360129
1247322566013767680
1247264912792899584
1247250896829861888
1247232023162281991
1247231080647835648
1247230834756608000
1247182196265242625
1247170961167642626
1246832354238148608
1246586491712618497
1246583587677147136
1246583562599424001
1246583147849846784
1246219634912530432
1246190400915660800
1246179953965596674
1246138619774914560
1246136826017886208
1246134627758006273
1246133015790514176
1246132332228009984
1246131082975539200
1246128458117218304
1246103783425228801
1246102891422601216
1245919896745082880
1245806651585617920
1245781343331430401
1245755996451946496
1245583097719951360
1245533687304749057
1245526407364497408
1245471009437700096
1245444978748215296
1245414872516460544
1245414843873497088
1245389066285150209
1245379423978713088
1245166997303742464
1245149960229638145
1245148726835855365
1245096498397773824
1245052646840401920
1245039774173257729
1245006134567563264
1245006111607902209
1244763045244489728
1244761304285339648
1244761292725833729
1244759352541495297
1244755128101433344
1244741840416342016
1244728561501499392
1244692725342953473
1244690101226987523
1244687804967206912
1244671005148102669
1244664329246408704
1244298655105875968
1244048991236419584
1243904172165984256
1243904160786812930
1243672931575549952
1243665834943205376
1243638940348764160
1243566095354572800
1243339262906388481
1243331437723398144
1243295091680149504
1243292531955101696
1243266716823502848
1243204392641159168
1242996013113040897
1242994225311936512
1242966218673238016
1242941206461419520
1242918056721920000
1242918011364765697
1242907762377383936
1242907529304109056
1242861709867376641
1242829596648587264
1242816415750471681
1242780274556932096
1242636095826718720
1242582232985812992
1242574048816582657
1242571225232076800
1242498308230115328
1242487994382049285
1242455974914314241
1242420901984915456
1242248780541378560
1242247218779656192
1242242548690649088
1242211204740698113
1242210779505385472
1242184226377576448
1242139454405410816
1242136452755943425
1242126034087972864
1242116614599757824
1241789433621278720
1241789421332000768
1241414000325185536
1241413865142919171
1241385622528393216
1241118557406019584
1241118463550050304
1241114162496864256
1241103195469832192
1241047168862973952
1241014918679166977
1240841343531802630
1240786426293186561
1240785411783315456
1240746186887196673
1240734019534204928
1240712418403090432
1240710302582226944
1240684667373637633
1240678633573777408
1240669478678958080
1240435975555141632
1240416127634702338
1240402846312476684
1240402162708029441
1240373438549610497
1240360100822278145
1240318022935441408
1240077808614789121
1240038770725892096
1240015728335446016
1239961329240162304
1239945160424689664
1239932924863983617
1239689515632963584
1239661182513868802
1239608563850309634
1239579402305859590
1239292563871297536
1239263625304518656
1239023655050309632
1239014157409636352
1238944109751971840
1238920942748745728
1238916508140457984
1238628471623929859
1238589013562277888
1238565518639902720
1238557728533909505
1238545842870423558
1238513969381302273
1238471367084748801
1238189984001060864
1238151338749358081
1238150141544001536
1238147191098638336
1238144101356208128
1238141983085883393
1238141464795688960
1237766252602331137
1237765316932816897
1237492048900448256
1237402415835443200
1237156805588832256
1237046433154359296
1236860891947126784
1236491268374462469
1236088337032568832
1236053237725188097
1236026181599682561
1236026168484093952
1235970282608709632
1235703261866254336
1235584555190386691
1235363509648515072
1235312564504055809
1235309185656647680
1235307077557510150
1235188244117172224
1234916918106017794
1234882413387341824
1234869794748256256
1234607291057360896
1234511117688303616
1234172847431372801
1233585382303752192
1233584213409951744
1233438471361978368
1233186156956676097
1233143075179941890
1233140681142501376
1233140092144742400
1233092084036296704
1233076488104075264
1233067510372503552
1232010490890444800
1231419312755208195
1231259848991395841
1231259348875145216
1230580821620219904
1230577158101225472
1230574307924836359
1230529698460991489
1230260347707088896
1230189581972017152
1230171093085736960
1229962911755333632
1229809386865840128
1229804460492222464
1229596825381769216
1229478665299185666
1229469060271722496
1229452490472476672
1229452334087884800
1229409264592048131
1229097000852811776
1228076020588105728
1227984695566094336
1227372654706876416
1227272236010098690
1226977727636484097
1225823715352399873
1225512445265022985
1225150526578294784
1224904114905075712
1224799304642002944
1224798104383152128
1224722253180362754
1224465045175685120
1224415489763373056
1223984420543029252
1223400983771992064
