1286040515092393985
1286040512731009031
1286040510034059264
1286040504602374147
1286040502194896904
1286040499154034690
1286040496188674049
1286040493713915904
1286005377075740673
1285992945892696064
1285949669462487040
1285671484476850176
1285658824037326849
1285652374837657602
1285652348501729280
1285328843721539585
1284497394734903296
1284497393606631425
1284162982038183937
1283851443695493123
1283851442856628225
1283851442034483203
1283851441275273217
1283851440428130305
1283851439656390656
1283851438674923520
1283851437865304066
1283851436946862080
1283851436179296256
1283831097667846148
1283747492451016707
1283468714797608962
1283465113920589828
1283453872497922048
1283442887326404608
1283400391925915649
1283060587795185667
1283025651654688769
1283017874324545541
1282755176009433091
1282693241117315077
1282673083132907522
1282656278175719424
1281647830138941440
1281635554828984323
1281595304006029314
1281573620611977216
1281356751191838721
1281290995079012359
1281241825030950920
1281222358913687552
1281222358074904578
1281222357206675456
1281222356300713992
1281222355449188356
1281222354476072962
1281222353582784513
1281222352890736640
1281211888643330051
1280932488823681026
1280928417626587137
1280917086051733504
1280902489739612160
1280898105232297994
1280864032799555584
1280848175922847751
1280517837640151041
1280485944173494274
1280120698414026753
1279400272318664706
1278767478315913217
1278744610974715911
1278721278405496832
1278694073164070912
1278673213720010753
1278423211361869825
1278422898097770503
1278422897208549376
1278422896210333699
1278422895325261825
1278422894423531530
1278422893521776640
1278422892578066434
1278422891747512321
1278422890699010049
1278422889788825602
1278422889025372168
1278422888165629954
1278422887226097669
1278422886332719110
1278422885263118336
1278422884403286016
1278422883497324561
1278422882679500801
1278422881807085568
1278422880670437380
1278411808492212226
1278395257596633090
1278391695248445442
1278381227490324482
1278316531559075841
1278071020533026817
1278044937918001155
1278044937028763654
1278044936206761985
1278044935405568000
1278044934663266304
1278044933476233217
1278044932687757312
1278044932003987464
1278041763240960000
1277663085709471744
1277601651856216064
1277601651101229061
1277601650371420160
1277601649574502400
1277601648685301761
1277601647934480385
1277601647196282880
1277601646374158337
1277601645568970753
1277601644818071552
1277601643178217473
1276606040436551682
1276522047108263936
1276522045703172097
1276522044046409731
1276522039906578433
1276270005890490371
1276137425811787776
1275899727389876224
1275899726509101064
1275899725703757827
1275899724944596992
1275899724189614091
1275899723426250752
1275899722633527297
1275858495448002563
1275855000644837379
1275843681657016320
1275838157104320513
1275828868658663426
1275794059550998536
1275497410240884736
1275434708881440769
1275154534927646720
1275154534130757632
1275154533337964545
1275154532557819906
1275154531672678400
1275154530796265473
1275154530049634305
1275154529303044096
1275122195161808896
1275046017549860870
1274032157493772292
1273966475058036739
1273619685469229058
1273321669340401666
1273306921559298049
1273287316522569730
1273287315780222978
1273287314937167872
1273287313980821504
1273287313192374272
1273287312324071425
1273287311510450178
1273287310797348868
1273287310021464067
1273287309182541828
1273287308230430728
1273287307357978626
1273287306493997056
1273248545299202048
1272961581823950849
1272881853020717059
1272581031384711168
1272518742581424128
1271544188472102912
1271509749583003656
1271506337080446977
1271495036493017091
1271433855908679681
1271130245404516356
1271130244108386307
1271130242791374852
1271130241537380357
1271130240249626627
1271130238970363905
1271130237678637056
1271130236411957253
1271130235208183810
1271130234016993281
1271130232712572928
1271130231433310208
1271130230242107393
1271130229025705985
1271130227847159813
1271130226580426758
1271130225376714754
1271130224189734913
1271130222839070721
1271130221572431878
1271092321698959368
1271065420083138560
1270784913860591617
1270781607188848643
1270770228696416257
1270717096557555714
1270702506381885441
1270372348366118913
1270333278629830656
1270090682909294594
1270026225344483330
1269974689935503361
1269297756188872707
1269297754070749185
1269297751550017536
1269005627541671936
1268992352967897090
1268992351625715715
1268992350178639874
1268992348836499458
1268992347599183872
1268992346156343302
1268992344982007809
1268992343568506883
1268992342184394758
1268992340800221186
1268992339202244608
1268992337532932099
1268992336022966274
1268992334668103681
1268992333388840961
1268992331983867911
1268992330662662145
1268992329106546694
1268992326581604353
1268972920761733121
1268969617915084802
1268958326051799041
1268930843021651968
1268890728022900737
1268650553296420871
1268650552327577600
1268618617052033024
1268547015358795779
1268547013890670599
1268547012477231104
1268547011118346246
1268547009834868739
1268547008438165504
1268547006957527042
1268547005187608581
1268547003241422849
1268515464218583041
1268515462897446912
1268515461848858624
1268515460905132032
1268515459953016837
1268515459084795905
1268272121165348866
1268248833714270208
1268244846466281477
1268233523317682178
1268210744862048256
1268191094120026113
1268160121756094465
1267790326087004163
1267557233774284801
1267508491855544320
1267504944380358662
1267493659924205568
1267467775771127810
1267432627327447040
1266781869909184513
1266781869066125320
1266781868143370243
1266458243594846211
1266458241837543428
1266458240570863616
1266458239107051521
1266458237655756800
1266457851167485952
1266457848151711745
1266457839981211648
1266457835505934338
1266457832070754304
1266457826999906304
1266457820557381638
1266457819076796416
1266457817566846986
1266457816191172608
1266457814907719680
1266457813204811776
1266457811736825856
1266457806384889856
1266457802408710145
1266457798054993922
1266457796524072963
1266457795173457923
1266457793835433993
1266457789196652549
1266457781437108232
1266457777268051968
1266457775888052229
1266457774306856961
1266457772817776650
1266436548410724357
1266433060138094593
1266421588443963396
1266375539838705665
1266345903922741248
1266186406038208513
1266063523211358215
1266016423446487040
1265993518016876546
1265711842896248835
1265696798066249729
1265667094697447424
1265624788946620416
1265309401646276608
1265283393887047681
1265257158234472449
1264908598917959680
1263917286039183360
1263899892591792131
1263896220554199041
1263884881811181568
1263825738861613056
1263808366670831617
1263656443032612865
1263557047095898112
1263557045531185152
1263557044143079424
1263557042889011201
1263557041479614469
1263557040070365184
1263557038589775872
1263557037251837958
1263557035922264065
1263557034491944961
1263557033149726725
1263557031904116738
1263557030641577986
1263557029219704845
1263557027575537665
1263557026334064641
1263557024815755264
1263557023595139076
1263557022307491841
1263557020973744133
1263557019438665730
1263557018083876865
1263502226334547970
1263454958139121664
1263197593296949253
1263175335325155328
1263171428435755008
1263160077122441222
1263109120544198656
1263091352562171905
1262850463810142208
1262802437909491715
1262745782114856960
1262725332638904321
1262459447768727553
1262450584478724096
1262446647017078790
1262435314871795712
1262398052876378115
1262381062048677889
1262381060878471170
1262381059674644482
1262381058387054595
1262381057082621954
1262381055912312833
1262381054272438272
1262381053089546241
1262381051911057411
1262381050656968706
1262381049402871816
1262381047968411650
1262381046630436870
1262381044998852609
1262381043706978304
1262381042268282886
1262365034669387777
1261363125401550849
1261359475509858304
1261348152893980673
1261330727796424707
1261273303609737216
1260991294345826305
1260916843663015942
1260675587091423233
1260639262208331777
1260634711640203267
1260623600807264256
1260571631820378124
1260544708524355585
1260284309749010439
1260249181958082561
1260216395163488256
1260190792326549506
1259913336256434177
1259909925477789696
1259902285913755648
1259898763688185856
1259845292431740929
1259820779006504962
1258870842844491782
1258870841913356289
1258870840789274626
1258870839698653184
1258870838692118531
1258826375085076481
1258822917237989382
1258811483120709633
1258776997565730816
1258773440548474881
1258742699471110144
1258464226580082689
1258460375906947073
1258449093095051264
1258430520033239048
1258370579566137344
1258130951542059012
1258101619847299074
1258097966222651396
1258086654021074944
1258079230170144769
1258044021458550787
1258012371450310658
1257784601386385412
1257765538895364099
1257739654603976714
1257735595473940480
1257724267661266948
1257679824220495873
1257649607955406848
1257402858498113536
1257376825631703041
1257373382691172353
1257361888154918912
1257317741138042884
1257294183817195523
1256560345751212032
1256313729194606592
1256313727789330432
1256313726363369479
1256313724832370688
1256313723318349824
1256313721749725185
1256313720529203201
1256313718947762176
1256313716099825664
1256313714699010054
1256313713348534272
1256313711880355842
1256313710550888452
1256313709103742976
1256313707597934592
1256313706029309953
1256313704620216320
1256313703282040832
1256313701826781185
1256313700421701632
1256313698353889283
1256305647328522240
1256289646478270464
1256286151851364352
1256274703011975175
1256261706675884033
1256213765181313024
1255984276211990530
1255979846192304129
1255927849569210369
1255923645228232704
1255912332150046723
1255868485290340354
1255840022772801536
1255612070248267780
1255612068822233088
1255612067605872640
1255612066175627264
1255612064799866883
1255612063394693120
1255612062119727108
1255612060647534599
1255561299385290760
1255549955386859521
1255527629375057933
1255491961231941632
1255476291765223430
1255229368223309828
1255229367304757253
1255229366272999424
1255229365371183110
1255229364440125443
1255229363232145412
1255229362468773888
1255229361416015873
1255229360325492745
1255229359432118276
1255229358433861634
1255229356907134977
1255206063743344642
1255198865176825859
1255187545794793475
1255145599713685507
1255116858912583680
1254860336689102850
1254860335586127872
1254860334499721216
1254860333337817089
1254860332205355016
1254860330959663110
1254860329911308288
1254860328845934592
1254860327696515073
1254860326530478080
1254860325276409856
1254836478737334272
1254825178967801857
1254798178353844224
1254752806046703618
1253821817925632001
1253807118240620545
1253784388728430593
1253784387340177409
1253784385721171968
1253782527149584386
1253782525769592834
1253749370907959297
1253737991056642048
1253678107422330880
1253666167262195714
1253666166171676673
1253666165148258306
1253666164108144648
1253666163101503488
1253438466857349123
1253386943251001344
1253375614716870657
1253359983250505728
1253307708222160896
1253307706959691777
1253307705634304006
1253307704417845249
1253307702496899073
1253055874739961857
1253045782116253697
1253024686830690311
1253013235575533569
1252991089159467009
1252956812313276416
1252933664406634496
1252756319225987073
1252698158544666625
1252662155293470720
1252650848527802368
1252641242586009603
1252595470364545030
1252579278878838784
1252341709867937793
1252341708286652425
1252341706747375618
1252341705262501895
1252341703735795715
1252341702410424324
1252341701001179136
1252341698761383936
1252340816766361601
1252340815713746944
1252340814681784320
1252340813343756288
1252340812064550924
1252340810462314496
1252340809447456768
1252299774918905856
1252288459823353856
1252277238399188994
1252217936426737666
1251242460312932354
1251212629936353281
1251201280418217985
1251159877717594123
1251132072493756417
1250895885661339650
1250895884545646592
1250895883513794569
1250895882351976448
1250895881366355975
1250895880191950854
1250895879080378368
1250895878031802369
1250895876807102468
1250895875490099200
1250895874349203458
1250875355570876417
1250850213276852233
1250838887645274117
1250766398395121664
1250536600762757122
1250536599626055683
1250536598535577609
1250536597394722816
1250536596262322181
1250514726850871296
1250489105089286144
1250476567664504841
1250454887101616129
1250449392332689420
1250412754512613381
1250152168931364873
1250125837036371969
1250114141924274176
1250091360864161792
1250069330949279746
1250051220733153281
1250043568611381251
1249802081944428545
1249801832983080963
1249801831548583940
1249801830202212352
1249801828579016705
1249801827094274049
1249801825747898369
1249801824330285056
1249801822832939013
1249801821394264067
1249801819783606274
1249801818399440899
1249801816948211716
1249801815509610496
1249801814041595904
1249801812493942784
1249801811072081920
1249801809608290305
1249801808060600320
1249801806357696514
1249801804730249218
1249801803203588096
1249801801639120899
1249801800020037632
1249801798652698625
1249801793254707212
1249763087386841090
1249751741677080576
1249724024621498371
1249678220598919174
1249454692553367555
1248720952306909189
1248720951296081928
1248720949920309250
1248675927648763906
1248664560497823746
1248610270882099202
1248610269229547525
1248610267669262342
1248610265593081858
1248610264188149760
1248593027356143616
1248376815350984708
1248376812905705480
1248344185125638145
1248344183359799297
1248344182189588482
1248344180868481024
1248344179534712832
1248344178347642883
1248344177110384641
1248344175785005058
1248344174476365831
1248344173213880320
1248344171829760008
1248344170483388420
1248344169334149125
1248313533294678017
1248302184736927749
1248283302240440321
1248232115466129408
1248021752871030788
1247979402878758912
1247951124658823168
1247939799467675651
1247915583716409345
1247883613900869632
1247868564817752065
1247634038078287872
1247634036748673026
1247634035599454214
1247634034458574848
1247634031799349250
1247634030608220161
1247629219393404928
1247588754350620673
1247577459450679297
1247515832613326848
1247513052578226176
1247262107550322702
1247262106266808322
1247262104899461120
1247262103603499010
1247262102194094084
1247262100826853384
1247262099610447873
1247262098209398785
1247262096775163904
1247262095437070336
1247262093797195789
1247262092320800768
1247262090873786368
1247262088780800000
1247262087405060103
1247262085890879491
1247262084573868036
1247262083206569984
1247262081843421190
1247257517446574086
1247227532660756480
1247216241418416130
1247141032766197760
1246888279343063042
1246874227678031874
1246177737875894273
1246177737041154051
1246177736093323265
1246177735271219206
1246177734436536322
1246177733551538178
1246177732628819970
1246177731659825152
1246177730653282304
1246177729827016705
1246177729076170753
1246177728094748672
1246177727213953024
1246177726337351681
1246177724739321858
1246177723900407808
1246165760805920770
1246139167089799170
1246128312499539969
1246117779054440448
1246092391720923136
1246064839648313347
1245803499692208130
1245803498865856512
1245803498136121350
1245803497330741255
1245803496445706247
1245803495560790021
1245803494709354497
1245803493874642947
1245803492893249537
1245803491689365504
1245803490775117830
1245803489927798785
1245803489047056389
1245803488099139587
1245776767194972160
1245769427007819782
1245721809074487296
1245712059121238019
1245695569965826051
1245464029486886921
1245442858481586178
1245442857629970432
1245442856724115462
1245442853817536514
1245414412342755335
1245403077479448576
1245402642886647810
1245332079333736448
1245107233517600768
1245107232712331264
1245107231944818689
1245107230929813504
1245107230137036802
1245107229147176960
1245107228232859651
1245107222826430473
1245107221832388608
1245052179674693638
1245040768047349761
1245017819789623296
1244981845084815360
1244981786582683651
1244763283422404609
1244763282088525826
1244763280960360449
1244763279790084102
1244763278611537922
1244763277332267010
1244763275855831045
1244763274765361152
1244763272945045510
1244763271820951554
1244763270608826370
1244763269375680513
1244763267991580677
1244763266578087942
1244763265370132481
1244763264107581446
1244722047340683266
1244690445709516811
1244678853806755846
1244647822907117569
1244614730095964162
1244238330222596108
1244066885852958721
1243886490297524226
1243659212527411201
1243638413749825536
1243638412898447360
1243638412088918023
1243638410981650433
1243638410054643713
1243638409178079232
1243638408242757637
1243638407303233539
1243638406380507141
1243637444840427520
1243637443812827136
1243637442655268868
1243591868270743558
1243569826821484547
1243523043370115074
1243288762572050433
1243276574113370147
1243276573089959936
1243276571911258112
1243276570770505729
1243276569768071173
1243276568614580224
1243276567498940418
1243260144680677379
1243247159119659012
1243240208449114118
1243228758221426691
1243193220919590912
1243160332975177728
1242920126044868608
1242920125134766081
1242920122244890629
1242920121129189378
1242920120214794240
1242920119287844864
1242920118306340871
1242920117303992322
1242920116410560514
1242920115496247298
1242920112920952834
1242877679038234626
1242866401431486466
1242845709629562882
1242821102751092737
1242561735128690688
1242515292145803264
1242505217360486400
1242474689034846208
1242437513404387328
1242184446687809536
1242183983183650821
1242157786559139840
1242157785401491458
1242157784172580864
1242135735903432710
1242135733730754561
1242135731247734784
1242135728873713665
1242135726579466240
1242135724167770116
1242135723022725120
1242133772360986626
1242129372108242946
1242129371072286723
1242129369977491458
1242129369075769344
1242129368241012744
1242129367221886982
1242129366353694720
1242129365221216259
1242129364315254794
1242129363421839361
1242129362423631873
1242129361542709250
1242129360578101252
1242115158236856323
1242104100646502402
1242088767009230848
1242067970278461440
1241780832492294144
1241708399651364864
1241703869102592002
1241699736874295300
1241498140370513920
1241439669822410753
1241420306142674944
1241383522096623617
1241350883520249856
1241122465729953792
1241109989114159104
1241104272470822913
1241081440256876552
1241047229739290625
1241040954078961667
1241040952988520449
1240994121491329025
1240989034979176450
1240768535619686400
1240750916464267264
1240745214282739732
1240745213146083336
1240745211627745281
1240745210252013571
1240745208964362257
1240745207815168001
1240745206598774794
1240745204719763457
1240745203545321492
1240745202215718912
1240745200961667072
1240745199749533697
1240745198394707969
1240745196851204096
1240745195601309704
1240745194363990017
1240745193177067520
1240745191788687380
1240745190542970880
1240745189368573969
1240745188039045121
1240745186734551055
1240745185623060480
1240745184272494622
1240653718196019202
1240644469629878274
1240636770171174918
1240634102732161024
1240630504585605120
1240626449448566786
1240625436243230720
1240625434573881346
1240625433042968582
1240380682851016704
1240380681630486528
1240380680414117892
1240380679155789826
1240380677872406534
1240380675078991874
1240380673434804226
1240380672340119552
1240380670926639104
1240380669433384960
1240380668259024899
1240380667248214016
1240375571038851072
1240361093630955520
1240333613767503880
1240308168829345794
1240305201623502848
1240300761998921730
1240274669619630082
1240257179850080256
1240016920457416713
1240016919031353351
1240016917693227008
1240016916242202626
1240016914702876679
1240016913230630913
1240016911901118466
1240016910273708033
1240016908960903168
1240016907639623685
1240016906452709382
1240016905034964994
1239983751691722754
1239977827128270854
1239952622104317952
1239922545995984897
1239892358189191168
1239793218419666944
1239792282443841538
1239683426556444672
1239653034000556033
1239651857536081921
1239632847239077888
1239604769955643392
1239582279082684418
1239573206144516096
1239572697333600257
1239572695961960450
1239572694573748227
1239572693235781638
1239572691826376710
1239572690366861313
1239572688902983680
1239572687422398469
1239572685975359490
1239572684322869250
1239572682724835332
1239572681307144192
1239572679830749185
1239572678283079680
1239572676773122048
1239446093097775104
1239294733295509504
1239228623472734208
1239163013887819776
1239146320084041730
1238998963258359814
1238933267564433409
1238855188498321411
1238836074811662337
1238824983557812226
1238799199837343746
1238796135327772673
1238637092508512257
1238633354196639750
1238593673048309760
1238593671437656066
1238593669403422721
1238593667855720449
1238593665544617985
1238593662625472517
1238593660595441664
1238593658221404167
1238593656111718400
1238593650709237760
1238581655922790400
1238581612570447873
1238524397926977536
1238504170531033089
1238489675553288193
1238453341488918529
1238213478931972096
1238199849956397056
1238199848610004999
1238199847045521408
1238199846034640897
1238199845132918785
1238199844017262599
1238199842733776896
1238199840791760898
1238124717791469568
1238105556642037761
1238093302534213632
1237925879650623488
1237745812865716226
1237459597918720001
1237422975772758027
1237420153979183107
1237414478142230529
1237131323409645574
1237024042000867328
1237015617548570624
1236006917455204352
1235972419204067328
1235687461893914625
1235675877456965648
1235658042345127942
1235658010426593280
1235656774314799104
1235590763896946689
1234973205267275776
1234967644899594242
1234897559463878657
1234561348090171392
1233521935847448585
1233521635841454082
1233464960489000961
1233106141179207681
1233093923129712647
1233082184132648961
1233028344914026498
1233027481969549312
1233027136111415296
1232693921437880330
1232350445210828800
1232061366053240834
1231988111250481153
1230573584189448193
1230550737253519360
1230550734208405504
1230251638897729536
1230209647363096576
1229878845349736450
1229769037451874305
1229420092305367040
1229063682350604288
1228351552542445568
1228044302430998528
1228034316753678343
1228011419242725378
1228004516047577088
1227730628763889669
1227691244773498880
1227672488122908673
1227573869155844097
1227573607548751873
1227374731575332866
1227359159567421440
1227348501006340096
1227341135779110912
1227340514237743108
1227336561735471106
1227288995501047809
1227050752616562688
1226999895355265027
1225916079404462080
1225798521921687552
1225416569469243392
1225395099837902848
1225394962935746561
1225189111687983105
1225122606988374016
1225093879323643904
1225093866900086784
1225035567878066176
1225031045143302144
1224886225850589184
1224881343164755972
1224878671212810241
1224839003544879105
1224720414229876740
1224473699929264128
1223784013942460417
1223580389039579137
