1286066588718956545
1285948610543325188
1285318938927271940
1285273302148304896
1284908506798338049
1284228454741934087
1284214845651419140
1284164710502367232
1284131196994293760
1283824014453022720
1283765980561321985
1283463545146036225
1283148195921633286
1283058090724687872
1282673901219262464
1282115759653695488
1282062450808979459
1281751326804803588
1281706953463537669
1281624025073156097
1281286576581095425
1281198856118636546
1280928185895567365
1280861515340492800
1280634805567270912
1280603041289428992
1280545614091227139
1280529237984886785
1280514430715998218
1280251876026601473
1280198811432910848
1280185734251544576
1280148751433240576
1279465133798981632
1279257187404177418
1279242748927893505
1279227090005635073
1279213835711324167
1279169794428809216
1279102345939505152
1279065934464942084
1278797886185181185
1278780168409137153
1278714113091403784
1278478235186139137
1278407694009786368
1278321344803987457
1277637535745933314
1277637534927982604
1276944238165610497
1276639297228152833
1276635497616605185
1276310273763074049
1276291433545101312
1275935716174954502
1275880142691319814
1275845930370183169
1275807211772678144
1275555298061754368
1275487484781244419
1275459415299276801
1275434862409728003
1275415631609958400
1275081947643957248
1275066023222235141
1274697170512416768
1274677406494834690
1274020706045616128
1273979850286460929
1273264412594442240
1272604560964681729
1271840570676252672
1271452023142006789
1271082750385295371
1271082749424799751
1271082748476825600
1271082747352793088
1270796372946505728
1270791905048170501
1270783715690586120
1270766767774806018
1270751326373208064
1270717856099885062
1270446087267065856
1270403282838552576
1270370819340824578
1270355216295231489
1270164295091982340
1270115184288452610
1270076506870624258
1270076505935273984
1270076505041833991
1270076504068829185
1270056274634387465
1270047002382958593
1269410816694063114
1268967069434826753
1268960766285295616
1268950963408130049
1268927810556571648
1268905027466379264
1268644443449511939
1268599700070043651
1268580936960139264
1268567137385414657
1268566350143934465
1268276600090525696
1268260412983779330
1268233106634559489
1268207699256320004
1268207698249691143
1268207697155014662
1268207695330521088
1268207694294515712
1268207693321375745
1268204199776485379
1267946464300478470
1267927708920676353
1267927707930824704
1267598124480167937
1267560737016295428
1267559842614566915
1267512756284067840
1267474288677969922
1267313164414341121
1267298126156742657
1267288041204350976
1267288040344629253
1267288039484723202
1267102370309251073
1266813580600631297
1266482802448621569
1266135270182838274
1266015982188990465
1265833259260350465
1265373570642915333
1264988549159493633
1264980663201083395
1264223982573813760
1263860897732231169
1263842513837854720
1263834915214426113
1263598740469776387
1263585784021397508
1263545923948498946
1263222299337076741
1263222298317914112
1263222296837226496
1263222295738408961
1263222294878568449
1263222293876166656
1263200086533824512
1263199144212148225
1262869618722516994
1262861066771599360
1262860868745822208
1262836183798775808
1262497572771504131
1262114166191599616
1262114164870447104
1262114163758903301
1261778619082424321
1261428966541471744
1261088014459187203
1261059311939305472
1261055244668149760
1261038225491218433
1261020588895854592
1260324371450793985
1260319229124980742
1260298179079217153
1260213247581569025
1260208915440119809
1259933273905651714
1259860420233396224
1259465186345463808
1258954941558919168
1258843823511408641
1258843822487986185
1258843821259046912
1258840282273132545
1258793503880069120
1258759692219711488
1258582673947340801
1258541518203150336
1258508337286541312
1258461091836817408
1258456118038233093
1258427861368700928
1258403903747559424
1258186853536223232
1258125230775521280
1258052987508883457
1257807849566199810
1257733074911219713
1257679365317500931
1257656428770349068
1257397375796117511
1257359251804225538
1257310743684214790
1257068561455091713
1256757494690521091
1256754339303088130
1256377278394761218
1256315548968931333
1256302920288657408
1256249964180758531
1256245907890339847
1256235123391037444
1256235121889488896
1256222341312348160
1255943890898731008
1255910873358635008
1255880739087884289
1255626485945241601
1255603012850122755
1255520466208317441
1255511658199281664
1255499075262181376
1255243292784168961
1255243291760701440
1255243290309464069
1255243289063829520
1255226351155654656
1255226260642566145
1255140427683950592
1255122828480962561
1254924217541373952
1254924023743610880
1254863937830629376
1254856782234529793
1254797420648677376
1254797419126104067
1254797418035662849
1254796741959966722
1253810359884013568
1253712801681547266
1253703033684398082
1253442761480601601
1253431348628295681
1253431347198038016
1253431345134465025
1253431343431577600
1253373478633377793
1253367130239766528
1253348543600963584
1253348542573432832
1253326200518275072
1253048437710471168
1252969582652002304
1252733274511810560
1252686577576415243
1252685794315169792
1252599123796201472
1252323658447695875
1252295672822456327
1252242878639886336
1252223460480290816
1251866761512792067
1251559751823097858
1251559749176393729
1251559747008036865
1251559745003151362
1251559742302027784
1251559740460670977
1251559738652921856
1251559736266428416
1251559733774991362
1251559731254235137
1251559729442193411
1251559727319965700
1251559725910634496
1251277533556989954
1251257812136624131
1251198353314119680
1251176800119447554
1250920809360736256
1250892453521080321
1250846934115500034
1250818030080270339
1250580979271507969
1250577760864649217
1250571168173654017
1250568144860610561
1250516771511164933
1250489651829321728
1250438644025839617
1250438642331312128
1250438640351588353
1250438638128607232
1250216592790695939
1250202732679626760
1250173678299611143
1250150670449160199
1250116164409327617
1250081880084381696
1250061999175655424
1249844661063204871
1249822027206328328
1249735399326355457
1249735397740969988
1249735396021473282
1249730479424770048
1249336720404987904
1249142334450741248
1249142333200891904
1249142331443380224
1249142320353640450
1249142318755651586
1249142317514133504
1249142315949703174
1249142314943086592
1249073273285095436
1249052666002538497
1248696006943924227
1248674159166717953
1248653527934697472
1248634621035720705
1248429307472384002
1248343011978874882
1248342191250051076
1248340998087991299
1248303509625286657
1248259463729025025
1248069016884858881
1247968713971765255
1247955320300802049
1247922049705705472
1247902307594821638
1247898474130976783
1247673328799748096
1247673327327629312
1247673324924272646
1247673323925970944
1247620434742390787
1247600529393487874
1247579323814608898
1247547042622246914
1247535564036816902
1247293605187903489
1247287853144518657
1247256865383333889
1247222306591604736
1247199974837886981
1247197852788568066
1246233084623826944
1246227347268919302
1245811998656540672
1245768730510049287
1245441893476990976
1245425587864457217
1245344949626974214
1245147851317039105
1245015548523696130
1244972870792556545
1244746628550049792
1244656769659518979
1244367797020311554
1243703565945835522
1243621992852590595
1243532020011196416
1243286864171356160
1243233077318627336
1242930766599815176
1242917874110541825
1242604759514673153
1242568676357943297
1242495764795985921
1242453731297431557
1242274280064286725
1242204639770091533
1242161469652901893
1242101685700505602
1242074287751692288
1241802731230298113
1241801146454478848
1241525948039737345
1241201915377188864
1241162207850831873
1241098692020633600
1241097701460185088
1241035368855678977
1241008694252445696
1241007412359897090
1240752852550762498
1240674168636653572
1240668695837450240
1240652179049975810
1240607497293004801
1240392354797891584
1240338247689146371
1240326431772741636
1240310363045924868
1240268676273668097
1240026445306572807
1239998261911584779
1239923075421999108
1239727374029258752
1239707246789046278
1239706513754787847
1239694522977783810
1239668512605511680
1239644598055702528
1239312724154290176
1239218434120040450
1238878418474864640
1238863371195351054
1238862602240962560
1238658975421419520
1238568816738742277
1238547047244083207
1238496911365222400
1238490084711763968
1238476590247555072
1238196730111410177
1237856882846359554
1237532658273411072
1237461550329483266
1237445946230951936
1237391975151624192
1237108827587325952
1237073241484779523
1236724995268595712
1236421877364445184
1236347448328626176
1236291202795868161
1236138128580231168
1236137532628353024
1235959024572604416
1235752545265389568
1235743113441955841
1235686764536197121
1235672193247440898
1235391694754975746
1235254432318853120
1235208619068665857
1235049689399128064
1235032076912644097
1234957674015592449
1234661142414254080
1234638249567694849
1234571110857007104
1234528685874728961
1233565198235119618
1233526442459357185
1233185082367758336
1233150313395294208
1233061288797974530
1233007153167904770
1232841153415962624
1232812410957901824
1232751803428675584
1232708139893641217
1232473808805621760
1232411258588192768
1232322113064833026
1232076034096402433
1232034489758560256
1232001460054974467
1232001086698991616
1231967966058684416
1230973690289979392
1230963670668234752
1230935076306870277
1230888242616184838
1230630508029251584
1230610024340348936
1230585762996944897
1230549805019156480
1230515867160653828
1230514340089995265
1230309317783494656
1230278692624048134
1230200057372323842
1230168409767317504
1229977906685894656
1229950945200615425
1229904294117347330
1229900340721586177
1229894239573757952
1229775011914928129
1229774943723888641
1229774447214825473
1229760006200885249
1229733881764409344
1229430018775879681
1229129561364926471
1228392103849406464
1228348425495863304
1228339573312442370
1228330660202459136
1228079080597327874
1228034800415580160
1227996633549492225
1227926621862146049
1227748478295695361
1227626813339422721
1227626749795672068
1227409755301347328
1227382552274620416
1227313464655388672
1227271257202348032
1227001916913262593
1226950283126824960
1226615427863924736
1226227616576950272
1226212157286645760
1226021123034435585
1225877575467257857
1225832244381659141
1225815318272061443
1225814931074879494
1225785416487489539
1225515415008358406
1225512675863678983
1225466928887685121
1225244417633722370
1225204822078562306
1225162416549498883
1224902000242057217
1224901891127201792
1224901890246430720
1224901889403297792
1224793318938333185
1224758832817152002
1224723127118237697
1224395058998366210
1224361798092062722
1224105350372249600
1224017883807862787
1223684977394704384
1223676674031616000
1223676524496334851
1223429931989860352
1223429857553592322
1223429578582118400
