1286045438064431106
1285994519406669824
1285935848886689792
1285726225248509953
1285723526595575809
1285722604750462977
1285712204772388866
1285673008749850624
1285620737617932289
1285580017720680449
1285558400441413632
1285552712185241603
1285341212535332870
1285308609421697025
1285308608423399424
1285308607169392640
1285308606229798912
1285308605068009479
1285308604094939137
1285253060906741760
1285219359187599361
1285219357069475841
1285206559371321344
1285185267788382217
1284963726106546179
1284874390593843201
1284850629228322817
1284850628464975874
1284850626321616898
1284616436812398592
1284606347804319746
1284531917652721664
1284520811056046085
1284493199357116416
1284493197717188616
1284268652716589061
1284164224336277505
1284139607261495296
1284139606309351425
1284136301973790724
1284130935860948992
1284130934573301760
1284077907581775872
1283512613029031936
1283512611993038848
1283492070120992769
1283408849211293696
1283404744552112129
1283404742559887366
1283106760228667392
1283063842499489792
1283038805784776712
1282800619846164480
1282709229959176198
1282676310175649794
1282319004816769024
1281954537159393281
1281954534672216064
1281635514089648128
1281624991503511554
1281624987992915968
1281624984910131200
1281566340445167616
1281366270710034439
1281356048805302275
1281340011116470273
1281247061724164097
1281247059253706753
1281247057089421314
1281233325936398336
1280989641261416453
1280911627567562753
1280887457710436352
1280887456628277248
1280869511126593536
1280866137312387072
1280866135190036483
1280533692612440065
1280515102907785221
1280502022551339013
1280296022380621825
1280295733984460804
1280281879669809158
1280276552484356097
1280276519559012357
1280276514420994049
1280276463774769153
1280271633383600129
1280266003121942528
1280264395617165315
1280264363794927617
1280259997214048257
1280258111681462282
1280147246223290368
1280147244138631168
1279852858188476418
1279817171414237184
1279792211589242894
1279792210482008064
1279783659265036290
1279507539806347266
1279501895057506306
1279418379556790273
1279418377921007617
1279373137503612930
1279149500758667265
1279055046068637697
1279055043661086724
1279006975804633089
1278810686785638400
1278775119549206529
1278729175575085056
1278690118354612226
1278680517638909953
1278458358656192514
1278410977457782784
1278407486605684736
1278392553444794368
1278327269799284736
1278323955527344128
1278306342600445952
1278061426418937857
1278037171627163655
1277990557361377280
1277965286692421635
1277961350761734147
1277951847811014657
1277746317813522434
1277708681648336897
1277679818226536451
1277679817266098176
1277644519647961095
1277644516665651200
1277632446066909184
1277613369759895552
1277613368778477568
1277613367054626817
1277613365431431170
1277371919923384321
1277336622443507718
1277247875723001856
1277218098043551744
1277218095661305858
1276989873589796864
1276989868556632066
1276989863192080384
1276881105220706314
1276881103224287233
1276847748365443073
1276625331630354433
1276585271908200449
1276585270914060290
1276542737655853059
1276530735935975424
1276530733968789504
1276530732328873985
1276493590286475264
1276477376097107973
1276287981897293826
1276285061592166404
1276248887808806912
1276245932544151552
1276229914954313728
1276169674594619393
1276161168776876033
1275942192696131585
1275885240901185536
1275831333969776640
1275822944065708032
1275822942950064128
1275822939972108289
1275797474825826304
1275797472883834883
1275777665958645762
1275564327240699907
1275509569687482368
1275485089393111040
1275456425767038981
1275439188477743106
1275434357147095041
1275434355104428032
1275186703494377472
1275181250790092800
1275181246700634112
1275157309405052928
1275144244689174534
1275144169082597376
1275125471659692032
1275102984653819904
1275102983714299907
1275066750149619716
1275066748014743552
1274703621196861442
1274680073317232640
1274345226883289088
1274107025023107072
1274092629869785088
1274054594184671233
1274025593474936832
1274025592149536768
1273978900507312129
1273777957807554561
1273768131064999951
1273714697087250432
1273714694612611072
1273704417317933057
1273704413253648385
1273645553771896832
1273645551750279169
1273621791429165056
1273361626092015617
1273337215548973056
1273269565074501632
1273254788453421057
1272959680629727232
1272936979592704001
1272895592482693122
1272882622818136066
1272659653877534720
1272536200549527553
1272536199488434176
1272536198385291264
1272536197349298176
1272536195608674304
1272536194652356611
1272179486847623171
1272167127299108864
1271804519891046401
1271442220906770432
1271200574546087941
1271179506036944896
1271157696377561089
1271097835052810240
1271080002520481795
1271068201443561474
1271061431836958721
1270896149164175364
1270853087716990976
1270853086722945024
1270853085712117760
1270853084684509184
1270853082222489600
1270823564640321536
1270796353690464257
1270720512562327553
1270717716794454016
1270355136682942464
1269992615262539779
1269992613802803202
1269675692016500736
1269630356292022275
1269275428960849920
1269226277560446976
1269008567215910912
1268905638920220677
1268905637485768706
1268905636336594947
1268905634533015553
1268902500758720514
1268845263508180993
1268635217750884353
1268609920867414016
1268576146263810051
1268543573445795841
1268303148449320961
1268303147451027457
1268303146381500416
1268303144355655680
1268272667385163781
1268188590044966913
1268188587662532612
1268181897118486528
1267958818564079616
1267851088503255046
1267818560417480705
1267815856051912710
1267806415684542466
1267806414724042752
1267806413671280643
1267578076730449922
1267578063694503936
1267578059118518272
1267578048574087168
1267578044136464385
1267578037173968896
1267578023697690625
1267578014654705665
1267578006220005376
1267561968233140224
1267531540604448768
1267506003718750217
1267506002619969536
1267459576342802433
1267459574291763200
1267123997054992384
1267123995993878528
1267110188751912961
1267093698128592896
1267063657067921408
1266740176325402625
1266740174702227461
1266468277653581824
1266411725768794112
1266395152198836224
1266395151259316224
1266372472716263424
1266368715135651840
1266351108626268161
1266085768864370688
1266072437755691008
1266052364999577600
1266013746507513858
1266013744724934658
1266013742522867719
1265786286322798592
1265786285093818368
1265786283718131717
1265786282623463424
1265786279490236422
1265750395202256899
1265720177246613504
1265672065945759746
1265662710915559425
1265662709825060871
1265643410922315776
1265305180318416897
1264882310463262720
1264553502090629127
1264349548778061830
1264295082771066881
1264236629608345602
1263983135823462400
1263903628508594176
1263862854773424128
1263830770642108418
1263816734911291392
1263612278550691840
1263586360545304576
1263558496961925120
1263526486591635457
1263526485832470528
1263526484850982915
1263487491950153729
1263467242194436098
1263202294226497537
1263186694808809472
1263186691201748992
1263157811636170752
1263157810541412352
1263157738965786624
1263157350979923968
1263130644302962688
1262918069212585985
1262889314721071104
1262885011046481920
1262815841273499652
1262790225052479488
1262790224083668993
1262790221705469952
1262714482058579970
1262502803810836480
1262427400043814914
1262406337318830080
1262406336186388480
1262391541609443332
1262021026176733184
1261780778066702336
1261731156376109062
1261720551430684675
1261720550210224129
1261672856297050114
1261661436998086657
1261425338464309249
1261405384474087432
1261389068341899274
1261331286141988864
1261325206498365446
1261285665917906945
1261234870275264512
1261058280090152960
1260977676694716417
1260969515569025025
1260897926655750145
1260709122305073152
1260709121172467712
1260709120170065920
1260709118987235329
1260709116961406977
1260676717078818820
1260625883162910726
1260592946681974784
1260582236765683712
1260245148237131776
1260234571724906497
1260216350657572864
1259990556123582478
1259901156391882754
1259891277920972800
1259864828467982342
1259837179343319042
1259459863945641984
1258856592100986883
1258853760249585667
1258807829592510470
1258765354664439808
1258539578480156672
1258476067678908416
1258476066592579585
1258436942095454208
1258358417615237122
1258165421405945856
1258134720388292608
1258134719264256000
1258134718060494848
1258134716789608448
1258134714092630016
1258110019888992256
1258067751303811073
1258051025707073538
1258004970143703040
1258004966851182593
1257801468121354240
1257787806023286785
1257784101215535104
1257784098350825477
1257721026101891072
1257721024524750848
1257694423976226816
1257654747777163266
1257473836255186952
1257396448666308609
1257329356906598403
1257147597661392897
1257094211079475200
1257090851643293696
1257072518822866944
1257057368657059841
1257042210832429056
1256948096329822208
1256908088231198721
1256767624106688518
1256751999720325122
1256746307332513792
1256642416490283008
1256640141671706626
1256623782095212544
1256607955820204040
1256572466698358789
1256571355174260737
1256571352804458496
1256571350442860545
1256571348597583874
1256571346810699776
1256571344990470144
1256571343245639684
1256369520509362182
1256325096337096704
1256322445448933376
1256322443938942977
1256296792276250624
1256274556358201345
1256274553472454658
1256274310479654919
1256246055521464321
1256227143182356489
1256041817008676866
1256010367915917313
1255967900155801600
1255960054974447616
1255901123136729089
1255901122004348928
1255889873417801728
1255876008634273793
1255847624294334465
1255813645294075906
1255661050898366464
1255653462681038848
1255612876221345793
1255612875248295936
1255573440368705537
1255498422506917888
1255163451866927105
1255163450759630849
1255163449669070848
1255139371709128704
1254873325056253952
1254873324078981126
1254804690665160710
1254804689679462408
1254757750925660160
1254430481917018112
1254406608211378179
1254216190156816391
1254201210313342976
1254070373118812160
1254034541330804736
1253787573530451968
1253787572624429056
1253787571588497408
1253787570212724736
1253761383029542914
1253681197760131072
1253436380413394945
1253399557792292870
1253399554864623618
1253375354951159814
1253358843557564416
1253330513676230662
1253284417105207296
1253085471929798657
1253085470419873792
1253085467840397313
1253036599849488393
1252966558999015424
1252929174836252676
1252702413074640903
1252681462589120512
1252675017655160832
1252656519398731777
1252654262544449537
1252601349654577155
1252593573033377794
1252571786832642048
1252564098203684864
1252404969669488640
1252342936613687297
1252340507058958337
1252340217161244672
1252297153743147008
1252297149632692225
1252297144754716672
1252296528317816836
1252252224115228673
1251908359814615041
1251908358031970304
1251908355955843072
1251896028581822470
1251843327034642432
1251472783944581122
1251311471528742913
1251308877246869506
1251280226069303296
1251280225029156864
1251280223749857280
1251280221661093888
1251273009035264001
1251243492371623937
1251243491327225856
1251243490291269632
1251243489150435329
1251217195901898758
1251148591239802885
1251148588492525568
1251134593652060164
1251122804805767170
1250937385636020229
1250787066369249283
1250760019890618369
1250562564636897280
1250562465110216704
1250545040985743361
1250537635203837952
1250537634079760384
1250537632687243265
1250537631542173696
1250516428706349057
1250516427586408448
1250516426533638144
1250516424558178304
1250493210704646144
1250427406873063424
1250422159005999104
1250395413066244096
1250207533257625602
1249827428832284672
1249817477812494336
1249793339400040448
1249760770130403330
1249756108853522439
1249756105170997250
1249721947010842627
1249683760846524416
1249664637811003395
1249459425619869697
1249411966638137345
1249377698700460032
1249337799771402241
1249337798571823104
1249337796805918722
1249291171467350016
1249109253777809408
1248967224636948480
1248962870739718147
1248962868558680072
1248962866683809792
1248962863936438279
1248962859977097218
1248962858215505920
1248703632851304448
1248682101001433090
1248682100045139968
1248682099143368705
1248682098199629826
1248682097104965637
1248682096047976450
1248682094953291776
1248650001770831875
1248612454784892928
1248574153030066178
1248431536543678466
1248422634997444608
1248418305808859136
1248406071296684034
1248341619503489026
1248285346674216968
1248278567164747776
1248274462690226176
1248258271837855745
1248258270386688000
1248258269300301826
1248040590983430151
1248029363280494598
1248014948883525638
1247992822864609280
1247978146558668801
1247978145426235392
1247891032974348288
1247891031799902209
1247891030835257344
1247891029547614210
1247854559927640064
1247696438987042816
1247686584062918656
1247646760916353026
1247635556336574464
1247631400871833603
1247631398095200257
1247631394676801541
1247577564106960897
1247495855168532480
1247490009642434560
1247314504028958722
1247291477815971846
1247118237113991170
1246924774850342913
1246915064470417414
1246868903105527810
1246868902187077632
1246868901155266562
1246833821020041217
1246833819258421254
1246814856298131458
1246546593727332359
1246510998003027973
1246450071153106944
1246444770307854338
1246421343333203969
1246421341869428736
1246394204156309504
1246248832452698113
1246230453633376256
1246202924000145409
1246202922607599616
1246202921047351296
1246202919352844288
1246202917163433984
1246202914768474112
1246146639166869504
1246139792087269378
1246133469576679424
1246133467622133760
1246084987595743232
1246042427695210497
1245828023535808512
1245826667710279681
1245824801735757824
1245824026196361223
1245823319539994626
1245822716784939009
1245821871964241923
1245821211092774912
1245820390418419718
1245819779274936320
1245819170861670401
1245819169473351680
1245771208714366976
1245738284833099778
1245728811439677440
1245723496061124617
1245524208786051072
1245509779625332736
1245486137868681216
1245469125457203200
1245443874480443394
1245443872441995264
1245412383041949696
1245392905633763329
1245392904660623361
1245392903574355968
1245372636420608000
1245372634046631939
1245341018209345537
1245341017005535235
1245341015847907328
1245331261352222720
1245166272385634305
1245151964448591873
1245116606952415233
1245089409562824705
1245078624140775425
1245078623209603079
1245078622144266240
1245049938612047872
1245021313972011011
1244995363850739712
1244982831379558401
1244945128827031558
1244795295197691904
1244780463803092993
1244749701196308480
1244742289475264515
1244728040501825536
1244718860680347648
1244714588479696896
1244714587330502656
1244714586206429184
1244714584998424577
1244714582301499392
1244662941166653442
1244662939581202432
1244662937005871104
1244662932283092992
1244637126534316035
1244610944891678727
1244608707113050115
1244596225590071301
1244419376662679554
1244338725607309315
1244338723908714497
1244308338126532609
1244276949394100225
1244241250645168129
1244232307566874624
1244063271172354048
1244063269104607234
1244063267376545793
1244063265640067072
1244063263303876608
1244063261781307393
1243977249319194624
1243977246681022464
1243926419027132416
1243926417471135747
1243869665882972160
1243668605721509889
1243668604782030848
1243663231937392646
1243628566929117184
1243613760616411136
1243599947376852992
1243599946269495302
1243599945191624707
1243577533427310610
1243540558745829377
1243540556514504718
1243540554601959425
1243540552307691528
1243525467191283712
1243336022693490688
1243336020591915008
1243322304492449793
1243315959517110275
1243306098653872128
1243280998021894155
1243251372859854848
1243222931414581249
1243177353783717889
1243177352122818560
1243177350877110276
1243177349320978433
1243177347496501251
1243167723485638657
1242977717924040704
1242964389352878084
1242952914802487297
1242946427019558912
1242914389222539264
1242912659961503744
1242907682819850240
1242897739953983490
1242897738787889158
1242897737403727872
1242897736346873858
1242897734010576899
1242897732156751878
1242849847226421256
1242849845322199047
1242829647148191744
1242800778957344768
1242625909749878784
1242603568038805505
1242540788279623681
1242502075075960832
1242489648749871106
1242465409871179780
1242460943637983233
1242446504071233537
1242421456153260032
1242263208674709504
1242222812426686465
1242198941887655936
1242168539957452800
1242166029763084292
1242166028207116291
1242166027003330561
1242166025661091840
1242166023748550658
1242166020963545089
1242166018950287363
1242106574459600896
1242082362684362752
1241884504039587843
1241863747171483650
1241863745430794240
1241863743736250380
1241863741957976064
1241863740313739270
1241863737407090695
1241821069402669056
1241740042479054858
1241711666489892867
1241567938353811457
1241497291778928647
1241439546056806407
1241439544001605634
1241439542000918528
1241439539597623298
1241439535873044481
1241439531053781005
1241439529636167681
1241398706802491392
1241151331731152902
1241085456202121216
1241042517975433216
1241042516482220032
1241042515270098944
1241042514129240065
1241042512879308800
1241042511570694147
1241032478531309570
1241015789408280576
1240814816861630466
1240804904874192903
1240801874305048576
1240778830102568966
1240775807393353728
1240766612262682626
1240766611365060609
1240742289795760128
1240736553875300352
1240736552562524160
1240736550087868416
1240686842912993281
1240686841876975616
1240686840731947019
1240686839364640768
1240686837972131841
1240686835841425408
1240686834377613312
1240686831856832519
1240641293858099201
1240632249965518849
1240435302906228737
1240403810566041600
1240399041864724480
1240386473829879808
1240364915543564288
1240362925505662976
1240338375241920512
1240329842706378752
1240297777696870400
1240280302578106368
1240242409373655040
1240231475276120065
1240089974164393985
1240077882480832512
1240062663910023169
1240052028019068929
1240044400559796225
1240030484396044288
1240022908715425792
1240010665852465153
1239997983745175552
1239993892998500353
1239984960552882176
1239984959621758976
1239984958661226497
1239984957730111488
1239984956786397184
1239984955767181314
1239984954651504642
1239959349641924608
1239930614620528640
1239925991130177536
1239729680665772032
1239713329305747457
1239700625685872640
1239666456499032070
1239610103969370112
1239610102908256256
1239610101607976960
1239610100253220864
1239610099066212352
1239610097946353665
1239610096788713472
1239567834407227393
1239557333790773249
1239538783747358720
1239538782514208769
1239334784033337344
1239334782867312642
1239259722097844224
1239239370252615680
1239238691845005314
1239238690674741251
1239238689261260802
1239221210250129408
1239221208262086657
1239207534680051712
1239190742637129728
1239190741143957507
1238970532609110017
1238962797989502978
1238876848593031171
1238876847288528900
1238876845958987776
1238623513050824705
1238610290645692416
1238570871536541696
1238570870232059904
1238570869091225600
1238558418262044672
1238522634167414784
1238505398576902145
1238505397201203200
1238472599308357633
1238227825716412416
1238227824747483136
1238227823703162880
1238227822688133121
1238227821626941440
1238196900823617536
1238144009735794688
1238144008808845312
1238144007907115008
1237892940074061827
1237892938740293640
1237892937255505921
1237831424314609666
1237824654141796353
1237786630645153793
1237786629751758853
1237786628887724032
1237536243530887168
1237536242192936961
1237494863400034304
1237493905186115584
1237493903311302658
1237439639188680704
1237418607165853698
1237389361236213760
1237389359604617218
1237389358291800067
1237192278227202051
1237177387839864842
1237177386766077952
1237147978898370561
1237147978055352320
1237147976524427264
1237147974611775489
1237101145467822090
1237053382382125057
1237027766467317765
1237014321651056641
1236790602752241664
1236762369524731904
1236701497578135553
1236698193577955328
1236684696400035840
1236648237790040065
1236640940825219076
1236622703555207170
1236427379624546310
1236284969175089153
1236112990652510209
1236096572296814592
1236096564818411520
1236069296926625792
1236044004304683008
1236044002127831041
1236044000768847872
1236043999489560577
1236033980811497473
1236028935843901440
1236021012115779585
1236021011151118338
1235737203164073984
1235715592851619843
1235715591391956992
1235715590053978112
1235662730008219650
1235650312939008000
1235607847062228999
1235607845237714944
1235601910167556096
1235567106868965376
1235550524067516419
1235340084913766407
1235322619693584384
1235249108446621696
1235237120916111360
1235217680304672768
1235051273902321667
1235044209020690432
1235038299611267072
1235030244202926080
1234945698761568256
1234931189862916096
1234899209825873920
1234899208869515265
1234879148599857152
1234854951932899331
1234639681083457536
1234633330215149569
1234560285072977920
1234558031389552640
1234558030454259713
1234558027946024960
1234275042160238598
1233919886663045120
1233768892432027649
1233498954685460480
1233212213495783424
1233205835637108737
1233181008360615941
1233181006733156353
1233181004162125824
1233178073664761857
1233139290709930006
1233131062487920643
1233122156533469184
1233054936599908352
1232817621239726092
1232710785891127296
1232710784104292357
1232709693207797761
1232622507510976517
1232443876150931456
1232331984354988035
1231986582548205569
1231215396973404160
1231005684587778055
1230934267934339072
1230898589800361984
1230643294834589696
1230620051104911360
1230553627657261057
1230553625203658757
1230553623408414721
1230532609207230466
1230515905634820096
1230477203512541186
1230303556466548737
1229907432832262144
1229893456434212867
1229837631803944960
1229834738338131968
1229794221151989761
1229783943949541378
1229478049571229696
1229478047901872128
1229450439260639233
1229424099388051456
1228342758244413440
1228322299087994880
1228316886422544385
1228036314689224704
1227705516752699392
1227682119347892224
1227616394813952002
1227402728487473152
1227298756741226497
1227291342834786304
1227259904961892355
1227259903573577729
1227244914854940674
1227065685601222657
1227027619880718336
1227012276252635136
1226998520399433738
1226944152836792321
1226944151888875520
1226668142455410688
1226649714139049985
1226615776544788480
1226599623567060999
1226548038333800448
1226517158013865984
1226474080829952002
1226349178130923520
1226246956055396353
1226229519385800704
1226205331879014400
1226204820756934656
1226204373115637760
1226200943286464518
1226177005793751042
1226172900023119880
1226140216768987144
1225950411170947072
1225936799106813956
1225918393653448704
1225914438571581442
1225914145985269761
1225910136482320385
1225886956602773510
1225854493998272512
1225854492282773505
1225830342268833792
1225812059595538433
1225781359244759043
1225779595972005890
1225778549853843457
1225774058362458112
1225765507820859392
1225765495829356546
1225765480662695937
1225765438212247552
1225457033068957697
1225439746723237893
1225439745548771328
1225234855551807489
1225234846882189312
1225234825738694657
1225109988693008384
1225108898740232193
1225108475878899712
1225107870674374656
1225107448404426752
1225107372613361664
1225106975521824771
1225106528585150464
1225105581985239040
1225105344113725440
1225105089725005824
1225104910426882048
1225103672507371521
1225103456769171457
1225073488240742406
1224820354452901888
1224705559997427712
1224705558374158339
1224705556809748481
1224679059273199616
1224434288101224448
1224354078634889217
1224114981098205185
1224075013919109120
1223770330134712320
1223596075812040704
