1286008338262757377
1286006506387890183
1286006397411430401
1286005021121941507
1286003506101587969
1286003142677626883
1286002751567265796
1286002750271164417
1286002447757058054
1286001925083869184
1286001731529302025
1286001356126420993
1286001166086811648
1286000997014306817
1286000621481590784
1286000397472202753
1286000171009155072
1286000169859846146
1285999934081314820
1285999712731115520
1285999104393437185
1285998296717295620
1285978714564702211
1285961550394613760
1285943225325412352
1285936384436588546
1285917258502467585
1285685549232267265
1285659560795987968
1285657085993259011
1285657085066326023
1285651759273316352
1285638118075506688
1285626593067532293
1285620558240112643
1285614834256687114
1285605456493318145
1285588089453326337
1285572990034276352
1285555122311856128
1285294433991364608
1285273760459821059
1285271023689125889
1285218092159729664
1284911380567437312
1284548992643235841
1284525997828853760
1284520140780994568
1284520138759376898
1284520136557428736
1284520134384721921
1284520133357187078
1284520131788447744
1284492872654323718
1284229807212044290
1284216302169718785
1284207743826419713
1284194399170297858
1284139796244213764
1284114219579969540
1284103809325764614
1284099160229253121
1283887575325904896
1283836531409670148
1283835724240953346
1283835227262128135
1283835067928846336
1283834895257735168
1283834755012866056
1283834585873289217
1283834450439213057
1283834209501622273
1283834107689160705
1283833972758327297
1283833825181741059
1283833629739757569
1283833494976765952
1283832967287246849
1283832966045630466
1283832964686721024
1283832963118047240
1283831845419982848
1283831673591869440
1283831431249223685
1283831429844041729
1283831428569010184
1283826626728529920
1283825488289570822
1283824002465771523
1283808866107641858
1283798547653988352
1283784456734744577
1283758935590293506
1283753651488600069
1283748467874111488
1283742994336641024
1283739911258927104
1283729810590781440
1283717852332273669
1283558165381099521
1283549306616778758
1283547217798860800
1283519870026612736
1283519739499810817
1283519671631839233
1283519620633300992
1283519555944566786
1283519503050186752
1283519446309646336
1283519391422992388
1283519345411358721
1283519286028509184
1283519175307284485
1283519113416056835
1283518740689301505
1283518668593418240
1283518514511466497
1283518432609214465
1283518305354027009
1283518224416542727
1283518185891868672
1283518038860595200
1283518037249982480
1283518035517743104
1283517716226244611
1283517473799757824
1283517335089930241
1283517189845385224
1283517075118596107
1283516958248443918
1283516913012932610
1283516813532450816
1283516593759293440
1283516539292049408
1283516433268445185
1283516344936341504
1283516240926068738
1283516105533923328
1283516024055373824
1283515948302053376
1283515853493895171
1283515778730545155
1283515615131705345
1283515567127908352
1283515495023620097
1283515437297422337
1283515355483312131
1283515279373406208
1283515170686414849
1283515089950318594
1283514697715798018
1283514526311354368
1283514397072207883
1283510398847787008
1283470256674136064
1283434343109722115
1283393286380703744
1283110739700523008
1283105576747237376
1283056260645040133
1283041308135890950
1283017652374392839
1282737804980686849
1282693264773128192
1282375168854118400
1282054052725968896
1282027628740968454
1282012025955082240
1282002462854057994
1281970753970167808
1281962952652816384
1281951124572958722
1281939368819806208
1281698995727990785
1281684498086858752
1281639632069853185
1281639068372054017
1281626020945244161
1281625160609599488
1281341038339272705
1281298836334526464
1281298835042643974
1281298464408850440
1281298463335079937
1281298462458417154
1281298461502169088
1281297810558717953
1281297809543778304
1281295303644262401
1281294679678599168
1281294572396711936
1281294417102544899
1281294274227851265
1281294146624462848
1281293965539577858
1281293700547645452
1281293568636850176
1281293227690164224
1281293108135763968
1281292152711118851
1281291743053430784
1281291457136070668
1281291016386027520
1281290734272987153
1281290733153144833
1281290331078701057
1281290106326913024
1281289816802562051
1281289815284211714
1281289813702950913
1281289108493664257
1281288935214403589
1281288934094487553
1281288278893891584
1281267631450984451
1281264313009930241
1281252423168819201
1281203207918804992
1280959079645659138
1280926550028890113
1280914292561317889
1280900954590773248
1280884275945111552
1280873272356163584
1280844711557824517
1280587859662077953
1280569791791665152
1280568753881743372
1280568752615104514
1280568751310725130
1280567184784338945
1280567104966721541
1280567103251243011
1280567101363834882
1280567099618983936
1280566608533037056
1280566606821765122
1280565929617874944
1280565796427771910
1280565666504945664
1280565664885940225
1280565399281680384
1280565247485624323
1280565028794630148
1280564190038589441
1280564188193140736
1280563867446390786
1280563681777065984
1280563679700955140
1280542356677197825
1280510884310216704
1280493213611102210
1280240351794479105
1280227265616502785
1280212544020512774
1280183315287257088
1280163852685053958
1280156141192982529
1279838453694230529
1279791343917764608
1279778810578104321
1279476065925242891
1279411494204190720
1279411493273055234
1279398554881015808
1279208836201697281
1279113678298796033
1279067876553625600
1278813833977569280
1278806151363207169
1278769788140036096
1278769786164518912
1278767287659565057
1278767286279700481
1278767284585103362
1278767283142381571
1278766680978665473
1278766679049240582
1278766146712416258
1278765633027674114
1278765462785048576
1278765223873253377
1278765001709359104
1278764803771838474
1278764802488307712
1278764427798511621
1278764048927076353
1278763708437626886
1278763333282398209
1278762946009628673
1278762633991200775
1278762469029285889
1278762280470163456
1278762034226696192
1278761881000427521
1278761698132975619
1278761519602434049
1278761333949857792
1278760994412670982
1278760992353239051
1278760787700572161
1278760785179824129
1278760783573327874
1278760191270543360
1278760159251247105
1278760038711115777
1278759727493722112
1278759260969676802
1278759054542811136
1278758933805531138
1278756848938766336
1278755889189707778
1278755633983086597
1278755252754436098
1278755148328849413
1278754786515582978
1278754431606173697
1278754430414925825
1278754331089649667
1278754092735778817
1278754090592489479
1278752997800116225
1278752098419642369
1278751718247936002
1278720336180232195
1278660944952823809
1278441459767824392
1278441458534580225
1278416584470650882
1278414571351560198
1278395851799515136
1278310384798228480
1278298557116755969
1278066920227508224
1278057274993446916
1278034959710724098
1278010659985227776
1277972249769725956
1277934914353102848
1277670079853977600
1277670075336663043
1277669455074660352
1277669292545368064
1277668683607937026
1277668681938612225
1277668680361488385
1277667837209915395
1277667835771305985
1277667465225555968
1277667463740698624
1277667140242472967
1277666987020357634
1277666985619398656
1277666871681200128
1277666834909667330
1277666768786464771
1277666766538366976
1277666764508323842
1277666545012006913
1277666487172546563
1277666419061161989
1277666310500028418
1277666028244340736
1277666027065823233
1277666025480302593
1277665166923051010
1277665043212046336
1277664987796905986
1277664897367711744
1277664675203670016
1277664208646295552
1277662935377235972
1277627887609434112
1277626918477717506
1277596430497198080
1277580073697189889
1277327155941314567
1277301235436183555
1277252665227935747
1276960741631787008
1276938847377645573
1276912674920706060
1276889270779809792
1276632579278614534
1276598607362224130
1276576242179997697
1276560859762810880
1276525373044535298
1276511783411281920
1276499854781378561
1276488989722189827
1276251739495239686
1276227030988787715
1276222598100201479
1276222047870488577
1276220673434755073
1276220186698317825
1276219601559392258
1276218658348584964
1276218066712625160
1276217441283117060
1276216886808772608
1276216758945361922
1276215734511849474
1276213770562547712
1276213768981295105
1276205011962335232
1276189409092620289
1276184794326499328
1276167850596732928
1276138826327560192
1276130522335309824
1275920134805360643
1275898772883734528
1275884274605056000
1275880426171752452
1275874544193019908
1275856020506587143
1275856018929582082
1275841365683863558
1275825762872905729
1275770148826353664
1275496324675272706
1275496323618308101
1275495471700738051
1275495469913866241
1275495468726980608
1275495467611283456
1275495466227171329
1275492753372315650
1275492620056309761
1275492045382131715
1275491954177048582
1275491739298603009
1275490271871074304
1275489384104701952
1275488543390007298
1275488542093905921
1275448756205350915
1275430528867500032
1275430408008728579
1275422354731040768
1275408010307940352
1275165654073647108
1275139491066343424
1275127281686544386
1275127280155623424
1275111073172074497
1275093940887154691
1275079378846625792
1274764268550922241
1274707384779317258
1274707383030353922
1274677446328098817
1274401880798449664
1274119886671876096
1274068409253343232
1274068408183685120
1274068407026139137
1274061135248007168
1274052968069955590
1274052686804062209
1274048049145278465
1274039492928667649
1274029426326503426
1274019360168980480
1274015333712629762
1274005267831599104
1273997969113534464
1273988154501013507
1273979095085387776
1273970034990252035
1273959968954363904
1273950405677002752
1273769839786680320
1273685773456375809
1273685473463058438
1273685240100380678
1273683554313154565
1273682415895134210
1273682099434860545
1273681080294440966
1273681028218052608
1273680923037437952
1273680833317142530
1273680720100196353
1273680587191173121
1273680509386870787
1273680447827070982
1273680200400855047
1273679924591763457
1273679599088611333
1273678828402102273
1273677503224258560
1273677501844332545
1273647157942210566
1273636336495443969
1273626199210840072
1273323540633223170
1273323538917842948
1273323537521152000
1273322848938070016
1273322637087903744
1273322546671255554
1273322370716090372
1273321453627355136
1273321084016824321
1273321082397868032
1273320460487442432
1273320047134597120
1273319870004953088
1273319625208606720
1273319441187704832
1273318965377413127
1273318662489989120
1273318308486545409
1273318139867082753
1273318138222989312
1273316498203987968
1273314470262042624
1273301999077949442
1272960635383492608
1272960634586574850
1272959991213932544
1272959990400258049
1272959989573918720
1272959988424749058
1272958475363123200
1272958474331267072
1272958472808804359
1272958471554633734
1272957114101760002
1272956893166796800
1272956892357242894
1272956891577094151
1272956211265232896
1272956209415553031
1272955940137033735
1272955584124465153
1272954108941668355
1272953118532263939
1272952140869271557
1272952139049033735
1272911785348288513
1272900210935635969
1272612842168971264
1272589870351949826
1272589868657508353
1272576571610673158
1272562007200468993
1272543574555529216
1272502867572580352
1272227805242241032
1272166907009998849
1272152056195764226
1271897629421535232
1271865417561145344
1271796211217920001
1271539771429367809
1271532684079181835
1271524672010674176
1271502393813938177
1271502391712591878
1271499899939536899
1271497241224601601
1271491704839827456
1271477360391585792
1271462261047963648
1271453453156380673
1271439611584057346
1271427280603054082
1271171092216983553
1271154474111860736
1271154472153120778
1271154470257405958
1271154468202176514
1271154466767732742
1271154464989249538
1271154463194185729
1271154461323464704
1271149235120062464
1271149233660403715
1271149232049868804
1271149230464303106
1271147677976322048
1271147214715445254
1271147071026991108
1271146985467322368
1271146824238346248
1271146731116396545
1271146561855279109
1271146455739379716
1271146315221815297
1271146275707277314
1271146144295460864
1271145435659452416
1271145208621793281
1271144441131261954
1271144439826788354
1271144438270767111
1271144436685209601
1271143369528483845
1271142792597815298
1271142666135355392
1271141618792480770
1271139670760534017
1271139668956983297
1271117026828967944
1271085650469666824
1270786072893677569
1270785625357197312
1270753842678960130
1270740224767860737
1270722453413584897
1270420706917076992
1270420490038005760
1270420324220362754
1270420040127578113
1270419770735620098
1270419395614068743
1270419171629826048
1270418884886134797
1270418328419475462
1270418263705616390
1270418014870134786
1270417156312829956
1270414988969226240
1270414987413139456
1270391649286447107
1270053838217756676
1270053836351254528
1270035256054251533
1270017239186460672
1270004404700082176
1269988298455429129
1269972192323723267
1269753951878090752
1269691341950324740
1269328450759860224
1268977039782170627
1268976465246330893
1268976462880743426
1268976459617624064
1268976457335832585
1268976454630588417
1268975383065636864
1268975380972679169
1268973871874609153
1268973870318567426
1268970323631902722
1268969914557218816
1268969482426494983
1268969480601903123
1268969476080484353
1268969474146828289
1268968451659481092
1268968447263768584
1268968444273229830
1268968442574626818
1268968440833998848
1268967546696466433
1268967499590176769
1268967084391911425
1268965762686947328
1268965760614961158
1268900379992952832
1268885028727119872
1268642591920308224
1268642155737894921
1268642003170086924
1268641612835573776
1268607154535055361
1268607152677142529
1268603424758804487
1268591568342126592
1268560893001990146
1268546548494983168
1268538746883813378
1268525606758727680
1268524150995460096
1268280395453300736
1268275009341939713
1268248470705577988
1268248468704972800
1268222160914599940
1268198504993705985
1268192630212562947
1267965469446807552
1267892867441319937
1267892865990103042
1267892292830060544
1267892290929950721
1267892288853872640
1267891498886090759
1267891497275396097
1267891495614496769
1267891132144529410
1267890945212776451
1267890830104199170
1267888874900066311
1267888867534872579
1267888860622618626
1267888039717752832
1267888038409052162
1267888037192761344
1267888035594752001
1267887047886483457
1267886316425011203
1267885974056566784
1267885872701202435
1267885817864863754
1267885730799460360
1267885578831507456
1267885346139897861
1267885168469082112
1267885167386996739
1267885084499116032
1267884894400712707
1267884835483324416
1267884710690091009
1267884636987932672
1267884635373146114
1267884503462285312
1267884298323058691
1267884172896612354
1267884171025944587
1267884070094192640
1267884068869464064
1267882620471447552
1267882461972836352
1267881718343753728
1267881716250746882
1267881052644814849
1267880332071763969
1267880330624733184
1267880329039282177
1267879754931359746
1267879569824067587
1267878680250003457
1267878678492524545
1267863552376750080
1267857133917405187
1267537398923063297
1267518297488199682
1267518295982424066
1267510178540331010
1267154375127924737
1266882759924080640
1266882758841942016
1266882757562695682
1266840728614965254
1266839428447842306
1266839427285946368
1266839218745212928
1266839217369485316
1266839215960186888
1266838920370757632
1266838918818869249
1266838693412831232
1266838549816582146
1266838447743995904
1266833346371469313
1266813401344421889
1266791485422395395
1266733350842060801
1266717496351965184
1266442686023766018
1266442684606095360
1266442683003875329
1266442681594626049
1266441013108838400
1266441011238223872
1266440285397094409
1266438420018192384
1266430517123125254
1266430512073146370
1266417227533889538
1266401413518594050
1266384301257523202
1266369704777613312
1266343951239389184
1266074050167742466
1266074048389427200
1266074046778814469
1266074045314990080
1266074043918233602
1266072799598215168
1266072404108947456
1266072402741596161
1266072182481924097
1266072079348236288
1266071621254746112
1266071431449886728
1266071329670864897
1266070931795054592
1266069362487820289
1266068235717312519
1266068060630388736
1266068057996382211
1266033740859523072
1266027700906422272
1266010840118910978
1266005303427883009
1265996746959859712
1265979634354716673
1265725003078799368
1265719923109703685
1265704322651783168
1265704320097562626
1265691737432846336
1265674876494344193
1265659023963062272
1265646438601588741
1265633855966306304
1265621957543944195
1265416564586745864
1265416563219406848
1265379177709965312
1265367600520986626
1265346155682070530
1265346153228500994
1265346151273938947
1265346149516484611
1265346147100606466
1265345400204136448
1265345398736146434
1265345019482865670
1265345017767497729
1265345016286896128
1265342952748003329
1265341958660198403
1265341956886011904
1265333702911053826
1265324401437880322
1265309197140471810
1265268511976407043
1265260079424692230
1265010498656968705
1264994644561137665
1264980047972020224
1264904550655373312
1264902058811031553
1264656163712401409
1264617660060512258
1264594507573506048
1264568083269562372
1264255272232648719
1264240172859883530
1264213245126156291
1264186821765787651
1263944768784080896
1263937483303276544
1263919161564069888
1263903705549672449
1263894404143726595
1263894401794936834
1263822810415235077
1263817306003693568
1263817302157516802
1263817300123271170
1263543363158016000
1263543362285699074
1263543361304170497
1263542966729179136
1263542965428981761
1263542623974961154
1263542622725029888
1263542149074817025
1263541440510115848
1263541438568153089
1263541437272068097
1263539224248225793
1263539222717267969
1263536311320940550
1263535847346929665
1263535845954519041
1263534661944385538
1263534659889172482
1263534657238433792
1263534655074193414
1263534652993798146
1263533987122855938
1263533417104322562
1263532677061369856
1263531449942257672
1263530464641499137
1263530462733111305
1263504909611171840
1263486474273591297
1263479661385793537
1263464921267929089
1263244221508653056
1263172544795947009
1263172543122411521
1263159126063935488
1263126508685742080
1262815604295294977
1262815602470719488
1262813703256379392
1262813012920066049
1262812296310673409
1262812294502912005
1262812292900696078
1262812290933501952
1262811633371537419
1262811507903127557
1262811324087754757
1262811322095411206
1262811320073797633
1262811315984351232
1262811313304190979
1262811310464565250
1262808533701136385
1262805698490118144
1262805696376123395
1262783286553821184
1262779799203962880
1262764914982170624
1262746346286505992
1262463784918159361
1262461191361892354
1262461190418161678
1262457695711440900
1262456497658789888
1262456352863117312
1262456233182797829
1262456078085865472
1262449174475354112
1262448352102408194
1262448350999261186
1262448349841629186
1262447393049645057
1262447100283027460
1262447098743717890
1262446190609793024
1262446188357398529
1262446186616836098
1262446184683253761
1262444209526751232
1262443098451464193
1262443096786325507
1262428192771649539
1262080693326077952
1262032878050971651
1261742967787794433
1261718305481654274
1261709497187237890
1261699179107110919
1261683073185247233
1261664953762811906
1261652370770915328
1261637646759100418
1261363276421595136
1261358144153739265
1261358141779742720
1261340702958661634
1261308710258966528
1261001917297307651
1261001915636342784
1261001913102934016
1261001911001636864
1261001257457778688
1261001147688669184
1261000709820071939
1261000707970383875
1261000248257843202
1260999763606089728
1260999505769639937
1260999337552875520
1260998817287221248
1260998086186459136
1260998024672808961
1260997885182775298
1260997883563835397
1260996430854062081
1260996428266168320
1260996426156453892
1260996424260599810
1260994740843098112
1260994739198930945
1260994304006373376
1260993108126416897
1260993106494795777
1260976762386857989
1260960342127099905
1260949332343304192
1260665870747152391
1260655552654446592
1260649668897239040
1260641208063254528
1260625102053371905
1260605724398358535
1260592638018727936
1260573512009281536
1260565459130335234
1260557909303459854
1260546584644775936
1260309157900627968
1260281791941918722
1260273591871995904
1260273217127747587
1260273215252893696
1260273211876560899
1260273209296986113
1260272461335142402
1260271972371574785
1260270663841067008
1260270662310080512
1260270660225568774
1260270658430423040
1260270345916997633
1260270344046288901
1260269617538310150
1260268443804319748
1260268442042748929
1260258850512437248
1260241388043632643
1260234025060282368
1260227985195630592
1260218170851221504
1260211879173074944
1260200302956797954
1260183441691348992
1260004764328361985
1259918087446573058
1259915175668469761
1259914871304523776
1259914723610550273
1259914524334981121
1259910110635331584
1259909591514714112
1259909589228826625
1259908948976635908
1259906540519206912
1259906538841530369
1259899325389340674
1259898353464291329
1259862577489645569
1259858325811924992
1259820962444464129
1259544481591779328
1259537861185024001
1259532401933537287
1259503712785117185
1259470745479966720
1259217074066505729
1259201471272247296
1259182093738872832
1259168755709591554
1259140066691231750
1259121947671134209
1258928877549862912
1258839838339461121
1258830526959370240
1258818953226252290
1258818952416956417
1258804606458564609
1258799152718401538
1258792244913541120
1258790010318397444
1258776168976789504
1258757229068652547
1258509788138229762
1258509100012326913
1258472913239506945
1258471761458409472
1258471060779012097
1258471059059335175
1258471056962093056
1258471055259303937
1258470282165202950
1258470280718098433
1258470279195561984
1258469686213316609
1258469577060683782
1258469141163491331
1258469139330535430
1258468773037780992
1258468770303094784
1258468763084754944
1258468761759371266
1258468760429740033
1258468758991048704
1258468756864544777
1258461871658668033
1258460532534886402
1258459697717395461
1258459351158751232
1258458958840451072
1258458957649240071
1258458955942068224
1258458435697422336
1258456659313164289
1258456657568374784
1258435105053446145
1258423092654665728
1258409298968936448
1258121993699934209
1258114838976442368
1258101460509786114
1258101458412670978
1258095163034959877
1258078136396365826
1258061459537432577
1258051393337700352
1258045101818777600
1258030029554044928
1258029223001890818
1258029221521362945
1258029220233609216
1258029218732093440
1258029216848904192
1258026228927401985
1258013896121688066
1257767106088706049
1257738313051656194
1257738310312775681
1257738307888467968
1257738304478490625
1257735929697091584
1257735927952216064
1257735925280518145
1257735922726121473
1257735920062738432
1257735917336432641
1257735914933096454
1257735609420038144
1257735300564037632
1257735221690146819
1257735101598896129
1257734945696632833
1257734852713107460
1257734753475792898
1257734613461499904
1257734610877845504
1257734608872968200
1257734244476096512
1257734243050033152
1257734014305255428
1257734012665290753
1257734011033714688
1257734009200816128
1257734007581802499
1257731557244186624
1257731555570724871
1257725540296990722
1257725535968546817
1257711403689029633
1257706832627449856
1257703514094153728
1257698628807938049
1257693967795326976
1257667691478999043
1257392620189483011
1257392156312035329
1257392154638508034
1257382934455222274
1257382933004013570
1257382931158491136
1257380488165167106
1257379433998176257
1257378626615554049
1257378624363249667
1257378622043762691
1257378248209715203
1257378246238371843
1257378244262801413
1257378241578512385
1257376911535280129
1257376909396258816
1257375634436886528
1257375632708730880
1257375631085637638
1257375340810436608
1257375339082387456
1257375337551409153
1257375335714258945
1257374867772579845
1257374865587347460
1257374863624462336
1257373663638290433
1257373661935403009
1257373659771133957
1257372470903963649
1257371996930879489
1257371493262123009
1257369696732667906
1257369695122001921
1257354322200969218
1257345791812866054
1257311133788024834
1257008270109298690
1256961715062726657
1256943341779988487
1256645881807269888
1256624654451646464
1256616517707448321
1256304170342195200
1256300357883437057
1256294278118223872
1256293479841480704
1256293145702268930
1256293142615252995
1256293139725287424
1256291937008734216
1256291187083874310
1256291184655454219
1256290500270862349
1256290034845655045
1256289855602114561
1256289611132940288
1256289282773450753
1256289280030314499
1256289277954097159
1256288348571865091
1256288346780897280
1256287625276805127
1256287350944129024
1256287073256050698
1256286815407005705
1256286208445030400
1256286206574252032
1256284184672378883
1256282987056041989
1256282985097240581
1256267142455980033
1256261851408674820
1256253119794577408
1256248161359859712
1256006418395566080
1255991318590877696
1255975967807418370
1255970179428741121
1255959861289906176
1255943178169040896
1255943175828578309
1255935864846286850
1255935863294476294
1255935861532786691
1255933335630753797
1255931586614308865
1255931584357818374
1255931581853847553
1255930991295725568
1255929081624965120
1255929079209103361
1255929077422268416
1255927167608856577
1255927164639330307
1255927162659655680
1255927160994435074
1255925797925392393
1255925170604314627
1255924686971711491
1255923411920064515
1255922203608186880
1255922148952211457
1255922070732537856
1255921972510425089
1255921866918821888
1255921536751611904
1255921171952029701
1255920133232570370
1255920130489487367
1255913605037522944
1255895876314202114
1255606533267894274
1255587651882758144
1255582009436647429
1255579187068506115
1255577558013403136
1255577555580706820
1255574464118562823
1255573902874509313
1255573899863040000
1255573897795305476
1255573896230731777
1255571376536158208
1255571373742854150
1255569497848717313
1255569496590422019
1255568645465485312
1255566211171127308
1255566209380241408
1255566207794794502
1255565881771507713
1255565879775019014
1255564510586441728
1255564508929630210
1255563977289011200
1255563893516251136
1255563891142205441
1255563889489608704
1255563509691224071
1255563507736731649
1255563506126028800
1255562870647111680
1255562753416323076
1255562352243736577
1255562270068916226
1255562186124152833
1255561944700014594
1255561873958883328
1255561870758592513
1255561867851894784
1255561865280851970
1255561862575505415
1255561860008554498
1255561302233186306
1255561092035751938
1255561037673369607
1255560947843899394
1255560844693438464
1255560711977213952
1255560568578232324
1255560470670577666
1255560387300392966
1255560385417170944
1255560201727545356
1255560130533437440
1255560051659505665
1255559944121856004
1255559858826424323
1255559789691666433
1255559722406752259
1255559573743841287
1255559379337740288
1255559376431169536
1255559075192070144
1255549910251794433
1255538586042068994
1255534812640579584
1255531035749564418
1255527263027724288
1255519712164765696
1255511202748403714
1255263934849994752
1255212451144126464
1255212019449573376
1255212017838850048
1255212016169558017
1255210393443741698
1255209969663819780
1255209967092629508
1255207595977080838
1255207395506208768
1255207393551679490
1255206285181665280
1255205449747570688
1255205448426442753
1255205154279866373
1255205152937697280
1255204814323154946
1255204596429066246
1255204228211134465
1255204105015955457
1255203894189268992
1255203525409341440
1255203523576442883
1255202654655074304
1255202505857867778
1255202313167405059
1255202202861408256
1255202200562864133
1255202199216455683
1255201721825087488
1255201215652204545
1255200861325754375
1255200394155831297
1255200312991928325
1255200311603531781
1255199789769203718
1255199401955426306
1255199251409383425
1255199152264417281
1255198808599904258
1255198806993502210
1255197399401857027
1255197042881769472
1255195558605721609
1255195557049569281
1255191297633075200
1255187522247778304
1255183747525128198
1255179975415590913
1255176705238536196
1255174939449180161
1255171164537712640
1255168937370832903
1255166137672884226
1255164876315598849
1255157071755919366
1255156394564739074
1255154051865382913
1255145998625710080
1255145052407390208
1255138952354422784
1255128700053569536
1255119148675403777
1255095856233164800
1254934605691486208
1254920564831129600
1254868000773152768
1254861191559741440
1254861189730807810
1254861187621232640
1254861186073374722
1254861184437596160
1254858621856317441
1254858620283400192
1254854953648046081
1254854645773512704
1254853938592903168
1254853937053659136
1254853092815679491
1254852779371368454
1254852103186546689
1254850757779755008
1254849058713239554
1254849057304072193
1254846674670948352
1254846673181949958
1254846083618025472
1254846082464518145
1254845465604116481
1254844127126130688
1254842007324954624
1254841651220054017
1254841343794458625
1254841120586113025
1254841118543527945
1254840593055977474
1254840590841384961
1254840257343881216
1254840085746417665
1254839944456990720
1254839795802611717
1254839421494583296
1254838950738513922
1254838346536431623
1254837945170890753
1254837720901455882
1254837349365821445
1254836547343482881
1254835943825125380
1254835111041916929
1254834735676821505
1254834396953300995
1254834176437694470
1254833061071552514
1254833059133886465
1254828849126400000
1254826893368610819
1254790821800480773
1254779836473782272
1254772288970514432
1254761543272730624
1254538243913076737
1254527674460114944
1254510561632583693
1254471555087826945
1254462747380789249
1254450163722182657
1254436322392981504
1254423739686621185
1254408136867278849
1254389765669040128
1254123007821389824
1254108915320717312
1254108663737958400
1254092814457044992
1254062614675668993
1254055061673541632
1254039961931862016
1254031907546968064
1253825457524559872
1253768258278363144
1253759920299749377
1253759554950750209
1253758518315843585
1253758515623198720
1253757487976787968
1253756502747295744
1253755910792646657
1253755369614200834
1253754849113583619
1253754374003855366
1253754372384792577
1253753957803077638
1253753146876334086
1253752847113555969
1253752844873859073
1253752075718189056
1253752072723484673
1253752071377092611
1253751799179358210
1253751797354762243
1253751795060559872
1253751793093312512
1253751790601994243
1253751788446121991
1253751786365759489
1253751096771850241
1253751094636949508
1253751092686528512
1253750631648690177
1253750360537268225
1253750359077662720
1253750356418363396
1253750354375782406
1253749841395580930
1253749839717941250
1253749231996882950
1253748968468733954
1253748735852646403
1253748430410784768
1253748429072760843
1253748281374580744
1253748278597947398
1253748276458913794
1253747978571038720
1253747919188000775
1253747839886376960
1253747736614244353
1253747659476742144
1253747581945028608
1253747176573997058
1253745359194673157
1253745357697306624
1253722153003991041
1253714315053617156
1253703997841723397
1253687387785289728
1253682336866152448
1253489873589321728
1253404538717048833
1253398210703474688
1253395328683909122
1253394161459499008
1253393713998573574
1253393122253508608
1253392422396182528
1253392420907233281
1253391124020056065
1253389711630110722
1253388724978757632
1253388093287215104
1253387127922012163
1253386044877221891
1253386043144929280
1253385645583667200
1253385643851485184
1253385642152771585
1253385220927164418
1253385123560673281
1253385057781383175
1253385056023982084
1253385053989634056
1253385052408492035
1253385050550407173
1253384827803492352
1253384723096899584
1253384721549135874
1253384277808553995
1253383839398887424
1253383837297643521
1253383580853641222
1253383575535222784
1253383573928841218
1253383572431474692
1253383570711814145
1253368033780789248
1253353663399067649
1253351423833780224
1253341609548058626
1253330284650659840
1253323741939093504
1253314931031707649
1253122907175358464
1253122906135179265
1253122904952393731
1253122903652130816
1253119405418053632
1253064780853764096
1253060032549326853
1253052816979046405
1253041176107724802
1253039655546748929
1253035777782661126
1253033810675077122
1253033732099002369
1253033730408620033
1253029559655677952
1253029217111101442
1253028680034652160
1253028587432706056
1253028513176838146
1253028310436757510
1253027143937921025
1253026874785173504
1253026873103319043
1253026870716764163
1253025849177235456
1253025334129299457
1253024948253347842
1253024947330580482
1253024946370097154
1253024740232626184
1253024620678168576
1253024619117907969
1253024617645694977
1253024615678586881
1253024358576066562
1253024235976613891
1253024234802155520
1253024016031526912
1253024014949384193
1253023605132230657
1253023603693621255
1253023602414432256
1253023303855415296
1253023300722327552
1253021635663273986
1253020966562783234
1253020964843065344
1253020962997571585
1253020960875335680
1253020958241312770
1253013847688065024
1252984757719367681
1252978246276337664
1252967623006003201
1252945929205923840
1252759676808302592
1252678961731194888
1252669476132270082
1252668357351964674
1252668355061985281
1252668353203900416
1252667105788526593
1252665925905666053
1252665004949676037
1252664707607035905
1252664551616774145
1252664314273697794
1252664312059121671
1252664310381400071
1252664023298048001
1252664021171482626
1252664018441064449
1252664016561979393
1252664014406135808
1252663677955772419
1252663674826825728
1252663673207828480
1252663671051911170
1252661980432928769
1252661620985204742
1252661282718842880
1252660880183091208
1252660877523902464
1252660875829403651
1252660872549449730
1252660202148696064
1252659358359531524
1252658343124049923
1252658340913655809
1252658338803986434
1252658337013026818
1252658335322705920
1252632890569101316
1252612807041957888
1252607875907833858
1252386566565236736
1252385559399542784
1252373983300739077
1252318960718135297
1252318517707317256
1252317510864691202
1252317508494909441
1252317506762661888
1252317505324044290
1252316473617498113
1252316472224997376
1252314558577999874
1252313904916635652
1252313903058608128
1252313242912935949
1252311634628022274
1252311633214476305
1252310722312318978
1252310720789741569
1252310718747160578
1252309914455879692
1252309624432275458
1252309367640162305
1252308280942215171
1252307998367768580
1252307440294604800
1252306894716317703
1252306893780979713
1252306892795400194
1252306485079617536
1252306483301289986
1252306220582666241
1252306219269795844
1252306218187620354
1252306216778452994
1252306215503310851
1252306213943025677
1252305552052563970
1252305550328639492
1252305548059557890
1252305546742575108
1252305545035485184
1252305543474982913
1252305541981966344
1252305540438466561
1252305538383253506
1252304851461169152
1252304850014089220
1252304848583884801
1252304271200133128
1252304269811867649
1252303847365709825
1252303145629351938
1252302868260032518
1252301209093931015
1252301207445569537
1252300293955563525
1252300039973675009
1252299824831049731
1252299507792072704
1252299267705798678
1252299266195886081
1252298676845903872
1252298566946734084
1252298046160896002
1252297808566255618
1252296287506087936
1252296285312487433
1252296283554971648
1252296281885720578
1252296280082190336
1252294933115031552
1252285670099484672
1252238087884730369
1252231796378476544
1252224247067484162
1252217703491756037
1252209901964681220
1251934840146010113
1251926844817002497
1251918484356755458
1251908667059908608
1251892057695756290
1251878971450380289
1251861858601951234
1251556096831033355
1251547537598791680
1251520610112421889
1251508027280117763
1251500729149227008
1251492927764758534
1251485629608681477
1251269205191786498
1251231007384231939
1251221390184898561
1251221388645617664
1251221386770690048
1251216148126892032
1251215946779328516
1251215944216698882
1251214308769398785
1251214307234320386
1251213565215809537
1251213381119479808
1251213150604713988
1251213124386029579
1251212891354775553
1251212660290576384
1251212484050128904
1251212238339391488
1251211956960350211
1251211697358016512
1251211403299561478
1251210643144953859
1251210641525751808
1251209946533953537
1251209218054594561
1251209216410476547
1251209214636298240
1251204505166897153
1251193706268352512
1251185291337048067
1251182086230355968
1251173264669519873
1251170272369131520
1250872141656076291
1250861666578960389
1250858908207460358
1250855034125987840
1250855033043849222
1250853285797470208
1250853284832821249
1250852757260718080
1250852152475619328
1250852151510925313
1250851056944373761
1250851055937753088
1250851054721347590
1250848892150833152
1250848891173560326
1250847937841762306
1250847491039395841
1250847056022908933
1250847055058173952
1250847054017986565
1250847052990382080
1250843443598950401
1250500206161997824
1250499219070357504
1250499216734146565
1250496972894633989
1250496449584017409
1250494769354153985
1250494328495116296
1250494192196993025
1250493868174454784
1250493389394653185
1250492561665343488
1250492559509655555
1250492556049350656
1250492553897619459
1250491286035013633
1250491283971411968
1250490988071727107
1250490985299279882
1250490981897699330
1250490979993387014
1250489697807282176
1250489696075108360
1250489694372200450
1250489692082114561
1250489690442149888
1250489688747642881
1250489686625333250
1250489684628774912
1250489682410029058
1250489680099004419
1250488371648094215
1250488369953615872
1250488048237924352
1250488045931020293
1250488041036230657
1250488038800723976
1250488036707708936
1250488034577068034
1250487316906377217
1250487314226253830
1250487312347258882
1250487311017574406
1250487309155401728
1250486830690185216
1250486829066960900
1250485351749169152
1250484556609785856
1250484554433024001
1250484552188993542
1250484550184075277
1250484548422586374
1250463030707699712
1250459922711617540
1250451062751977472
1250443512971026434
1250437473160708096
1250428916709208070
1250419857054547974
1250411048898891776
1250403750780399616
1250396452720758786
1250190596377120770
1250167721704198150
1250140861616345093
1250140860269944833
1250140858923528192
1250139709940137985
1250138673003315202
1250136425548390403
1250136424441155586
1250136423279341569
1250131595475980290
1250131593727016961
1250130794733080576
1250130792698785801
1250130191558549504
1250129917653725184
1250129847847878658
1250129776242831362
1250129622035050498
1250129384482263040
1250128111406063621
1250126536180711424
1250125870137737216
1250125564339503111
1250124306652303360
1250124305297362944
1250124303594553347
1250124302101426177
1250123888874397698
1250123146021294080
1250121991371264000
1250121989483831300
1250121987734802432
1250121986157789188
1250121984207458304
1250114343867277313
1250108103313547265
1250100251328839684
1250093959591759872
1250090204695855105
1250088423383117824
1250077853632401408
1250072568528121856
1250066277525315586
1250057720717139968
1250048661007912967
1250041362856239104
1250033561601748993
1250032540083200001
1249829718410645511
1249819654379405313
1249810734143475714
1249805580073566209
1249768457719119881
1249767925793394688
1249766721013022723
1249766472035033094
1249766272201613314
1249765507491942400
1249764951104856072
1249764790878253058
1249764641619804162
1249764640072126464
1249764257421570051
1249764256104529922
1249764254636478467
1249763803367182336
1249763669992443911
1249763118378618886
1249763018172481537
1249763016964476928
1249762793231986689
1249762791583617029
1249762107287130112
1249762105961611265
1249762104774668289
1249762103222829058
1249761297014706178
1249761295324327942
1249760734998941699
1249759949800067076
1249759946989764608
1249759945689628672
1249759944087351296
1249759942514479109
1249721699068719106
1249719784796762112
1249717227458162688
1249711942513508354
1249707412946333696
1249701037751050241
1249325143752503301
1249058637584248832
1249041021335302144
1249024160321298432
1249008305927622656
1248992451542396929
1248976848584937472
1248961497478266880
1248740038696812545
1248733820154777614
1248729971809542154
1248715988297814020
1248706567655919616
1248682497996664833
1248682163211509765
1248681905110896642
1248681586347970563
1248680315775836160
1248680117410435076
1248679959272525826
1248679877387137027
1248679731018584065
1248679610067320834
1248678938865479689
1248677712979525632
1248677544272035842
1248677542879539201
1248677541319237633
1248677313685970944
1248677312373153792
1248677310955470853
1248677309395152897
1248677307977469955
1248677071188111361
1248677069359329280
1248677067631312897
1248676650537103362
1248676649329209344
1248676648007929859
1248676162269782019
1248676161099530246
1248676159828774914
1248676158415175682
1248674384740483073
1248674011011309568
1248673419304058880
1248672848736071681
1248672655705886720
1248668520000499712
1248657923607330817
1248654298067714051
1248644813282574342
1248639898128715776
1248634752602714112
1248624675556438023
1248620055807422481
1248616764239306752
1248607162596642817
1248593844209360897
1248377651217104896
1248342190218240006
1248330047158616067
1248327507373424642
1248321536567771139
1248321534080552965
1248318020847616000
1248317686813204481
1248317684929961986
1248317025811943424
1248316422213849089
1248316140402679808
1248316138200674305
1248316136078413831
1248314908829253640
1248314592582873088
1248314411057664000
1248314409707024384
1248313975298822149
1248313973826609152
1248313627121197057
1248313625669963777
1248312964559638529
1248312613886464005
1248312341436993537
1248312340174581768
1248312338823905291
1248312101048848384
1248312099094302720
1248312095193604109
1248311742238789634
1248311647527153666
1248311645836902401
1248310080438767617
1248310078563909632
1248310076613550083
1248310074600194048
1248310072503152643
1248310069508427779
1248277939118116866
1248263929182240770
1248232191924015110
1248224691116027904
1248015765917315073
1247995553205673992
1247995551070720001
1247967204542492672
1247966159103721472
1247966157170257920
1247964092213665797
1247961103998636033
1247959869958823945
1247959526776680449
1247959161356390400
1247958388027338752
1247957955116441600
1247957713914605568
1247957151953321985
1247956644610412546
1247956415714557952
1247955928755908614
1247955675642318849
1247955674199470087
1247955672622383109
1247955237475844099
1247954464805474304
1247954116862754817
1247953948507615237
1247953723504156678
1247953720933068802
1247953077728153601
1247952673548140544
1247952671564234754
1247952667869163521
1247952665339990022
1247952663507058689
1247952661598568450
1247951843659046913
1247951841142456320
1247951554814128128
1247951552993730561
1247951551341244417
1247951153071087616
1247950966516846592
1247950964503597057
1247950962465148931
1247950959986212864
1247950382254473219
1247950380543152128
1247950378961862658
1247949460526772224
1247949186609315842
1247949185242009600
1247949183652376576
1247947431699984384
1247947429510557697
1247947427530911744
1247947425643446274
1247947423219056642
1247947421432401920
1247947419498745857
1247926186572951553
1247917552979849219
1247901261229424640
1247895783703113731
1247884432171622406
1247599768790085632
1247599767519211520
1247598728787251202
1247598726954311680
1247597107252469762
1247596781791297537
1247596563695837186
1247596561552605184
1247595979848720384
1247595572917387269
1247595570665066496
1247595568421101569
1247595566055505921
1247595564239335425
1247594099697430528
1247594097545797633
1247593643831103489
1247593640647671813
1247593638374277120
1247592686980300800
1247592395669200901
1247591763927277571
1247591762157359107
1247591760806776841
1247591757975638018
1247591333415522308
1247591331595202568
1247591329724538881
1247591327958777857
1247591325668696064
1247591323626020864
1247591321822470144
1247591319695917057
1247590532697767942
1247590531099656193
1247590272877367297
1247590270667014147
1247590268678832131
1247590266598494209
1247590264224583680
1247590262534176774
1247590260214837249
1247589427142066177
1247589424684302337
1247589423048523778
1247589010752577537
1247588798399160320
1247588795421208579
1247588144989573120
1247588142808535043
1247587168077348866
1247587166319972353
1247586980357115904
1247586978801082371
1247586977039486976
1247586799914024962
1247586451623227394
1247585750402641926
1247585748624252928
1247514390661865473
1247292444900802564
1247242762518396930
1247242516799291393
1247241243760959490
1247240907440750592
1247240904206880768
1247239658343448583
1247237256089415682
1247236501026504710
1247235934866767875
1247235394275627009
1247234811862945793
1247234533222748160
1247233843591032833
1247233692587700227
1247233384109260801
1247233380724375553
1247233377046016001
1247232618330050560
1247231778512941058
1247231086020767745
1247230738019344385
1247230734550667267
1247230196027133953
1247229954372374528
1247229743474315267
1247229467543638016
1247229125137498113
1247228876218122241
1247228874489987073
1247228872132870148
1247228869851131904
1247228868060237826
1247228866038546438
1247228286628921344
1247228284791709700
1247228282975784960
1247228281151160326
1247227760944336898
1247227577711951873
1247227223553294338
1247227030476853249
1247226918740639745
1247226797273551014
1247226673466150912
1247226539684630529
1247226432960507904
1247226102222925824
1247226100662624270
1247226099156877314
1247226097579757568
1247226096032067584
1247226094450872320
1247226092504657922
1247225355989135365
1247225353296175115
1247224659034112000
1247222993027284994
1247222991609647105
1247222990078689284
1247222988522561536
1247222986807091205
1247222985188147203
1247222983275491338
1247213832856121348
1247213830989582336
1247155669989502976
1247144525199314944
1247137105526042624
1246877263812935685
1246861409687928841
1246861157878595585
1246860906484699140
1246860654788706312
1246860403159601153
1246860153984618497
1246846310130515970
1246838600639094784
1246833727210246145
1246825170808913920
1246820693758611456
1246807051239591936
1246789938403827715
1246578293949644801
1246519375429058563
1246519113884872704
1246518776109191175
1246516456977825808
1246510608918478850
1246510275886489600
1246509762306605057
1246509760243007493
1246508542376501250
1246508255175729156
1246507840430358529
1246507650713628682
1246505768297418758
1246505766372233225
1246505764073738248
1246504184138141696
1246503657060917251
1246503654875594757
1246502687597907969
1246502380478267393
1246502377697542146
1246501583069884417
1246501581488603137
1246501579974496257
1246501578904948736
1246501576954519552
1246501005103190018
1246501003538694144
1246500712630104066
1246500083333562368
1246499422948798464
1246498540706238472
1246498539129262087
1246498537447346177
1246498535773700096
1246498534083485697
1246498532430950402
1246498530241515523
1246472808550608896
1246467185180053504
1246452716676751360
1246439127030968320
1246423021117509633
1246190987208265728
1246184448762286082
1246177255669276675
1246146251151769602
1246145841586417664
1246145840152010752
1246144364688084993
1246143706350182400
1246143218938413063
1246143217327837184
1246143215218163712
1246142019019444225
1246141674356695044
1246141672590839821
1246141214786834442
1246141088836071427
1246141086709559296
1246140347761262593
1246138693150261249
1246138429332762628
1246137751931695105
1246137410553085952
1246137408338493440
1246137406820155393
1246137137222897664
1246137134110605313
1246137132101644291
1246137129895419905
1246136241445392384
1246136238966558720
1246136236852555776
1246136234310860804
1246119950823165953
1246075732704595968
1246062142760947715
1246054887516966913
1245869372658184192
1245868960546873345
1245868177721970690
1245867518201196546
1245866652467490816
1245866136253546501
1245865685701410816
1245864883062599680
1245864484339507200
1245863898013528064
1245863196851761152
1245862563314728960
1245861984362328067
1245861395373027328
1245860644085096448
1245859957003538432
1245859109565386753
1245858377437040641
1245857434234548225
1245856324329459712
1245855365402513414
1245854572330930182
1245853666323468288
1245852764703350785
1245851906930388992
1245851220821995525
1245850298012307456
1245849424997142531
1245849125423321088
1245845748291420160
1245843286297886721
1245839248923787266
1245793591793868800
1245793589298368513
1245787657940107264
1245786504191934464
1245785432257892358
1245785430219522048
1245785428390707200
1245784457098989570
1245784089925386242
1245784088184795140
1245784086268051456
1245783366785552385
1245783364046553093
1245782912965976065
1245782911506427910
1245782909736423424
1245782908058644481
1245782588138172421
1245782420755972096
1245782099849809925
1245781595149217795
1245781593630875649
1245781591798034433
1245781589080055815
1245781587326898177
1245780884739035143
1245780882960650241
1245780495092322305
1245780416902111237
1245780111812673536
1245779876038279169
1245779496290172928
1245779275623653376
1245779059805761538
1245778977454784512
1245778690006450177
1245778495583682562
1245778417171271680
1245778415615180803
1245778074743996419
1245777988777586688
1245777638410641408
1245777496227885056
1245776923395084288
1245776921587331072
1245776919272083462
1245775618576396288
1245775158146670594
1245774805808427009
1245774804126437376
1245774285718925313
1245773917433856006
1245772845369696257
1245772843637452800
1245772841414463488
1245772839598395398
1245772837333405698
1245753861723340800
1245748551294033920
1245735241018310661
1245725927532879872
1245720677052747777
1245716358425239553
1245710324965101568
1245702774966403073
1245695728531337219
1245688750031736832
1245480635680075777
1245457068653522944
1245454852840398849
1245424226141691904
1245423543187374081
1245422539209355265
1245421112609161222
1245420838326853639
1245420660001771520
1245419937826553862
1245419635832492034
1245419633844289536
1245418936822370305
1245418739807461376
1245418592948060161
1245418590251159557
1245417835242946562
1245417833284206594
1245417513783091201
1245417512210247682
1245417510729637889
1245417509383274502
1245417067307728897
1245417066104045568
1245417064363409412
1245416724486373379
1245416653464240128
1245416538276081664
1245416495703822338
1245416408076468226
1245416406063120385
1245416082766270464
1245415985986842627
1245415831854551041
1245415830051045378
1245415828289474560
1245415269176094722
1245414987637624832
1245414755076104195
1245414606069170178
1245414604244758530
1245414384626733056
1245414179437268998
1245413889946329089
1245413590716334080
1245413288235728896
1245412679000510467
1245410701771968513
1245410697678327809
1245410693546938369
1245410691672137730
1245410689512062978
1245404511415554051
1245391977371144192
1245382917347573760
1245377884417437696
1245372835767386112
1245365804972920834
1245358788275834881
1245354731951853568
1245345168774934528
1245337870535028736
1245332795263791106
1245329043429437442
1245114068396097539
1245099298532085762
1245085961446395906
1245078266777677825
1245070404655501312
1245066349740806147
1245065003742433281
1245063652287356928
1245063650756485125
1245063649192009730
1245062470584143877
1245062269450551313
1245061912406220812
1245061911244390401
1245061762212343809
1245061043107266561
1245060731860668417
1245060326414061568
1245059943176290304
1245059290135703554
1245059137882533889
1245058866330689536
1245058745199136769
1245058068746047493
1245057661676257280
1245057475239391233
1245057340983951362
1245057158674354177
1245056419612803072
1245056308438540294
1245055680530264065
1245055416830234625
1245055108234256384
1245054625478324225
1245054251602268162
1245054065257652224
1245053664714280961
1245053204359983104
1245052960167649280
1245052799890661382
1245052764700520448
1245052619304906752
1245052590808801280
1245052406410420228
1245052358574452736
1245052326890659841
1245052229859622912
1245052165686808577
1245052078462046214
1245051954948198402
1245051874593685505
1245051745031634949
1245051656988962819
1245051481717342214
1245051364566335492
1245051308685623296
1245051290956300288
1245051241727766529
1245051116649435137
1245050908095975426
1245050843616940033
1245050842031538186
1245050701002289153
1245050638104498183
1245050523289608194
1245050138541936642
1245049832349327360
1245049432137179142
1245048579175186432
1245048168099741697
1245048166128529408
1245048164350152704
1245048162269769730
1245043681951973376
1245043325427736579
1245026536375320576
1245024894288637954
1245013231216685056
1245012062264270849
1245007946620137478
1244997880236011523
1244995365339684864
1244989827247820805
1244984039057940487
1244975986048823296
1244968184525885440
1244963654715330560
1244943453131354113
1244724857578950659
1244706978531868678
1244704380936433664
1244703933815234560
1244703378174652416
1244702578157461509
1244702576559472640
1244702574487445509
1244697291245707265
1244696582127222785
1244696367164989442
1244695946124034049
1244695703143829504
1244695533895266306
1244695297277734917
1244695086589521922
1244694982675529728
1244694753083559938
1244692923125465088
1244692103126495243
1244692101708865544
1244692100228284416
1244692098420441094
1244691649005080577
1244691647893471233
1244691646450671616
1244691645108494343
1244691164999057410
1244691163816308747
1244691162537103362
1244691160616108032
1244690798668587008
1244690358107279360
1244689976320819204
1244689852597260289
1244688852092178438
1244688507903381513
1244686156756922370
1244686155058208769
1244686153351073796
1244686151694327811
1244686149785989125
1244663426619781127
1244654626034630656
1244652087625089030
1244645900351418374
1244626993049632768
1244608816693432323
1244598194841038848
1244585975537418240
1244455969448435719
1244455835679502343
1244455734286454784
1244436393499201537
1244356608337088513
1244337343789764609
1244335250391609347
1244334432665952257
1244333847271047173
1244331770734141440
1244331768553115648
1244330419492999176
1244329556418482178
1244328931521712128
1244328097861849089
1244327570763644928
1244327569203363842
1244327567450128384
1244327564929314816
1244327563016765440
1244327560332431360
1244327558075858944
1244327345298771968
1244327343797256192
1244326501669093382
1244326199700131841
1244325973086126080
1244325851967225862
1244325679119970305
1244325396725796864
1244325284565979136
1244325160586485763
1244325087496622084
1244324950946840581
1244324643781193728
1244324431998193668
1244320919419359232
1244314628072419328
1244303555051339778
1244282629068898310
1244281660884930562
1244274581705236480
1244260269850755075
1244032770835222528
1244026406323007489
1243980376340598784
1243977894856179712
1243976309824503810
1243976307706417152
1243976305886081024
1243976304338391042
1243974846947766272
1243974373880541186
1243973898900770817
1243973165816086528
1243972675346849792
1243972444546793472
1243972050223534082
1243971669473071105
1243971398445432834
1243971201233555456
1243970795480780802
1243970478152318977
1243970172580397056
1243970171418673152
1243970170030370817
1243969004311625728
1243969002940116992
1243969000255688704
1243968228457680899
1243967948949159936
1243967713057349632
1243967227361198080
1243967045575888896
1243966803728125954
1243966092936187905
1243965904620265476
1243965679985885184
1243965444555489282
1243965295825498113
1243964697730318336
1243964418549067777
1243963966663143424
1243963826384580608
1243963824685932545
1243962404482027521
1243960951239475200
1243960949264076801
1243960946978160641
1243960945082277890
1243960942884540416
1243957273329831939
1243950981852721152
1243941922374205440
1243935882412883970
1243923694344450048
1243915753360887809
1243909961819623426
1243903166799843329
1243895617027358722
1243890332208631814
1243880517512105984
1243879762495442945
1243872967869825024
1243699220663713793
1243637667843072001
1243620189528371203
1243618846398914560
1243618520321134592
1243618518614016006
1243618516919635969
1243615687425302528
1243615418645917697
1243613565342420993
1243610854672797698
1243610739778125830
1243610222544945156
1243609981661962248
1243609573069651970
1243609191673204736
1243609041194102784
1243608824004644865
1243607834631290884
1243607519726985216
1243607091044106240
1243606909715918848
1243606907438411776
1243606395456454657
1243606392822476809
1243606390754639888
1243603121915547648
1243602702107643908
1243601983732363272
1243601411067256837
1243601052471042048
1243601049157582848
1243598779317661697
1243598776566235139
1243598774385160193
1243598771537223681
1243592637963255808
1243587335897231360
1243578527535878146
1243571229958815746
1243564183150456832
1243560776138461186
1243558646715310080
1243549838727434243
1243542037649149955
1243537255798579208
1243525679435493377
1243521149658705921
1243515109973970949
1243501268863086594
1243330791528189953
1243319686110068737
1243316803268378630
1243273014642434048
1243265135004864512
1243255583244980226
1243252137687158784
1243248285281902592
1243247943198613504
1243247940791152648
1243246839463383042
1243246837064228865
1243246834228826112
1243246832198856708
1243245855500574723
1243245528491659264
1243245249566257152
1243243827294543875
1243243168939859970
1243242805700562946
1243242083793674247
1243242080643809282
1243242077972058112
1243240800160546817
1243240429325336583
1243240111619407873
1243239994262781952
1243239859248078848
1243239213769854977
1243238979241197570
1243238196974096384
1243236373043216384
1243236369222316034
1243236367192162308
1243225025156694016
1243211954744950784
1243188457301839872
1243178391353737222
1243175554637082624
1243170035243368448
1243146609183129601
1242970772970364929
1242960958433243137
1242955673413062656
1242947872032579584
1242942335853498368
1242926229545607168
1242915820218564608
1242894588454604800
1242890368867274752
1242888863263215617
1242888655473164289
1242888352388526080
1242887910392770566
1242886090870136835
1242886022855352322
1242885247181762560
1242884929484095488
1242884181874614272
1242884180373114882
1242883311657193472
1242883083076075520
1242882822274154496
1242882781174280193
1242882324393529350
1242882121947066371
1242881593791873024
1242881341970165761
1242880714942668800
1242880312285282304
1242879866816659459
1242879382479396864
1242879151276797953
1242878782672900100
1242878688770895872
1242878574631309314
1242878573125554184
1242878357802491909
1242878206300114945
1242878156169785344
1242878029942132740
1242877933225676800
1242877800656363524
1242877748986732545
1242877695836467201
1242877559899074567
1242877451543416832
1242877418580463616
1242877364691927042
1242876459196301315
1242876173404823552
1242874507435683843
1242874397616230402
1242874072960245761
1242857481820348418
1242846272505237506
1242840853577699329
1242838563487694850
1242832989119275010
1242822632384483328
1242793249749729281
1242792031614840833
1242577179558293506
1242570700440903681
1242569910804512768
1242537726987173893
1242531458641731586
1242529656823263233
1242526962222018562
1242526779165868032
1242526207519985665
1242526027907248128
1242525607658950656
1242523216750542855
1242523093601587202
1242522880547717123
1242522484945162244
1242522320389967874
1242522298399305735
1242522048808792065
1242521502899191810
1242521322732900358
1242521292617678850
1242520683969740804
1242520407183327234
1242520039955275783
1242519751877955589
1242519556083646465
1242519071821889536
1242518918293598208
1242518916238368770
1242518024739000327
1242517855364620290
1242517701693706240
1242517625768460289
1242517261497372673
1242517011550416897
1242516806453071872
1242516546355965955
1242516460142039041
1242516293326196736
1242515531212771328
1242515160331321347
1242514638874476546
1242511390704906245
1242511389119438851
1242511387177385985
1242507218609565696
1242504358757097472
1242499648679542789
1242488303762509826
1242486331093254145
1242479536362491905
1242472989381320704
1242466450314428417
1242461165180964864
1242454404541923333
1242453615350071304
1242444807613497344
1242436402396176385
1242430977567264770
1242427576498507776
1242426984082345986
1242242725618958336
1242238954985881605
1242232156761382912
1242220460261150729
1242209337063415809
1242172360737898496
1242172358686842880
1242170770110984193
1242170767770558466
1242170765493092361
1242169988875726850
1242169312867164163
1242169309671174146
1242169306818977794
1242168239192449030
1242168186713358336
1242167805564391425
1242167068176388107
1242166693331435522
1242166143848153088
1242164932755566594
1242164723388481537
1242164534833565705
1242164100643389440
1242163860724908039
1242163333601660931
1242162907498110976
1242162458921443337
1242162138552156163
1242162086504996865
1242161567850004485
1242161361750241287
1242160920056512514
1242160398171807750
1242160194173493248
1242160077198540800
1242159962652053504
1242159909627662336
1242159688004878336
1242149393777807367
1242149391751958529
1242149389235359749
1242122402416529410
1242116393727930368
1242111360701313024
1242107677830000642
1242104328183218182
1242095002425016321
1242088711690608643
1242064012419964931
1242063334440042496
1241860456802705408
1241853087679217666
1241834583273996289
1241821773064273923
1241815143757029376
1241814741313556486
1241813987270053893
1241805891084615681
1241805560489656320
1241805234776793091
1241804589265010690
1241804435615072256
1241803942457114633
1241803599652573199
1241803241538686977
1241802715354841088
1241802063765557251
1241801837889626113
1241801374641381378
1241800881554759685
1241800548288016385
1241800348798509056
1241800126617784325
1241799900280561664
1241799207712894977
1241798828665245699
1241798767306817537
1241798171560378369
1241797877845897221
1241797592620679168
1241797161152634887
1241796863537360901
1241796766128799745
1241796375697907713
1241796082004353027
1241795839720333312
1241795623407493121
1241795400249507841
1241794951383601152
1241794798220201985
1241794624047534085
1241794323995406341
1241794241526972417
1241794193594421249
1241794022542323714
1241793775384526854
1241793706547646464
1241793370294550533
1241793159648157696
1241792864251674624
1241787902285221889
1241786798704971776
1241786796670844929
1241781184478220288
1241761555319906306
1241743790089613313
1241741171052986368
1241736892611092480
1241735382884061185
1241735242068697088
1241734728996343809
1241727832948002816
1241720786534031366
1241716099844096007
1241712481975717890
1241710178925502465
1241474159185625088
1241471763021692929
1241443003887161346
1241442879437930497
1241442650663854081
1241441070984187904
1241439404062883842
1241439022532235264
1241438894727585794
1241438702922092545
1241438245738725377
1241437553095573506
1241437326036910082
1241436802940108801
1241436475549462530
1241435941140664320
1241435370321051652
1241434619876122625
1241428032730128386
1241425395301392387
1241424702251372549
1241420306813681667
1241400928919420931
1241396902437904385
1241388346275966982
1241381237488586753
1241378027944071168
1241373789293809664
1241359684986114049
1241359683744604160
1241359681999777793
1241356386501423107
1241350094298976257
1241169788497473536
1241159977974353924
1241134171394912262
1241114541838209025
1241078697932861440
1241073398727487488
1241073249229910016
1241073009747689472
1241070314538315778
1241069514386747393
1241068919269490688
1241068550653202432
1241068230313156609
1241068026222522368
1241067767870218241
1241067705870016514
1241067332228780033
1241067037025284102
1241066920318730241
1241066265407631360
1241066015296905218
1241065870824214528
1241065834782523392
1241065688174923776
1241065471325220864
1241062178456842242
1241062175868928001
1241059428813725698
1241055654208516102
1241048859079348230
1241043070935683072
1241036010823323655
1241034514790371328
1241030303474466821
1241027216504270850
1241021680102891521
1241012668863045636
1241011613890523138
1241004315784802305
1241000289013886979
1240995255958114304
1240991777777225728
1240989971055443968
1240987706622201856
1240981666480287744
1240976633055465472
1240785876239572992
1240775055778381827
1240749819930578944
1240729114316804104
1240728814109569024
1240728392015765506
1240726542654885889
1240726254682279942
1240726020782784513
1240725882777583617
1240725727290560512
1240725615365558272
1240725436189073408
1240723697419378689
1240723360436432896
1240722758780293121
1240722566391697410
1240722395591303170
1240721907512741894
1240721787232628742
1240721427172593666
1240721195965861888
1240721055645339655
1240720582163005445
1240720327681937412
1240718965204189184
1240718744458051584
1240717704128012291
1240717253710094337
1240716606369607680
1240716093813071879
1240715671245402117
1240715361684795392
1240714937548316672
1240714742844579842
1240713211768274944
1240713210061193217
1240710713535942657
1240710375860883456
1240709844161658882
1240709521623965696
1240709141338841088
1240708714463707143
1240702074058412037
1240700053179645963
1240700050512044033
1240696034168311809
1240692511149940737
1240689742783688704
1240683796313374722
1240682963819360256
1240682263647531017
1240675919553069061
1240672935255453702
1240672864736612353
1240672368344715265
1240670894680428544
1240655104249905152
1240654081791864833
1240646457566216194
