1285658967692238848
1285254991951929347
1285254990345510914
1284584295852638208
1284118804969201664
1284118748300029955
1284080406367617024
1283478077411135489
1283054675944706053
1281690613453402114
1281620616890785792
1281620300698968067
1281304125985128448
1281304066237313024
1281265570013483011
1281265522924032004
1280874484900257792
1280865761469386758
1280536324399943686
1279400429391155200
1279370393539796994
1279370391245467649
1279157970153005056
1279129280711024642
1279098578539962370
1279073412518903809
1279037425713643521
1278825781632925696
1278791440928301063
1278791440206827521
1278791439246213121
1278775222947250176
1278444323059707904
1278422413785673729
1276630688939347970
1276561033239441410
1275559275339939842
1275559272361926660
1275177775863861251
1273741520605151232
1273334549385183233
1273334548118593539
1273232557673525249
1273232555437887500
1272924016630792202
1270831294746963972
1269334760167530498
1269006521490452482
1268573170811965443
1267593010855936000
1267103117738418176
1266902911742861315
1266902909188542466
1266527089584414725
1266176755653586946
1266104819846189061
1265376041113210885
1265376038168780802
1264915954628263939
1263894986673840131
1263894941266255873
1263850406821666817
1263203248145498112
1262477492243304452
1262477403231866880
1260985825929637889
1260929821573406724
1260649728447885315
1260328490529886213
1259949112935559170
1259949055054135296
1259890565778472961
1259878396898787328
1258856692881604608
1258856450975133696
1258809130804011008
1258459502816432128
1258078884165287937
1258007352948617217
1257783364158971904
1256698846492667904
1256683243367251968
1256377314201481216
1256317392923193344
1256222711870783489
1255945718562353152
1255945717153058816
1255511467576754176
1254786896279990273
1254561566474764288
1253458986743009295
1253391431881814017
1253004685591576579
1253004684631126017
1253004682945081344
1252345270588698627
1252298160220798979
1252276348070100992
1251979720029241350
1251609000673771522
1251556967073677312
1250828438983905284
1250500755674537987
1250218420211245057
1249847381744640003
1249847378867257344
1249339819026780165
1249076454324940804
1248011257539514370
1248011256390250496
1247984645330866177
1247282033807761416
1247282032964775944
1247282031911976960
1247220162278891521
1246195909492379651
1246195907865063425
1246195906501849089
1246115073594195970
1246052499221553157
1246052478921179136
1245740021564542979
1245739867713216513
1245736832823894019
1245111609707692032
1245102937455693826
1245102936457388036
1245102935131947012
1245102932770664448
1245034487920107520
1244752393306341382
1244752316244414465
1244284289413312512
1244284195704315905
1244016285140254721
1243649733870202882
1243588712736456707
1243588620369494017
1243578323952861187
1243240208662962176
1242873041983549440
1242527693368942595
1242527692408438784
1242527691003375621
1242206457740898307
1242206456646172678
1242206455715049472
1242206454326706176
1242206453085212677
1242143932995297280
1241447571433889793
1241447570330845190
1241447569630343170
1241447568808259587
1241447568116252673
1241447567180914688
1241400534126530560
1241147756225462275
1241147754715455488
1241126639775502337
1241066074487042048
1241066073287524355
1240992448022753280
1240770786681597952
1240770785251393536
1240770784118935553
1240770782780887040
1240746215517696001
1240710247548764162
1240687940444942336
1240644529444847619
1240086483677184000
1240063571280658434
1240063569590472706
1240063567631650816
1239992503228600325
1239673383132057600
1239622294697324544
1239577631726669826
1239577630808162304
1239354874250264583
1239306348459933699
1239306347285536770
1239306346400485378
1239306344898977795
1239208787808063493
1238948087583866881
1238937632723386368
1238904708410064896
1238568482133901313
1238568481156665345
1238568478233300992
1238533106262593541
1238176922884100096
1237384284597637120
1236761655041839105
1236761246411751424
1236761033194328064
1236354032790310913
1236343083241013250
1236085088099741702
1236047825642930180
1236047823411589120
1235668580273975298
1235668579493613568
1235659424779337729
1235302438766293000
1235302436581126150
1235302434202845189
1234950791812829186
1234588361668603906
1233479235416788999
1233371455678812160
1233053412272623616
1232724825917001729
1232491729619542016
1232411074823172098
1230857622707982338
1230581723425132546
1230581651119407105
1230251538070867968
1230251536015601664
1229875172863303683
1229808506980704257
1228345331609407488
1228013855667892224
1227714579679129600
1227620057099972608
1227619929630834688
1227353801356648449
1226969148275728384
1225881639248711680
1225873242566557697
1225449963754262529
1225179305287745538
1224897889954037760
1224810406616752129
