1286054386825928704
1286034480474525696
1285989001720143873
1285987073728622592
1285934837103239173
1285919772962623489
1285750009527500800
1285710944488886272
1285708895537827844
1285646506343768064
1285605593575829512
1285603992073101313
1285592142853877762
1285584388990930945
1285542306523820032
1285541772811280384
1285541756268732418
1285360936602292227
1285343226887581696
1285342990408482817
1285342614179520520
1285323607766441989
1285298234575990785
1285298227542216705
1285298219799523329
1285298209775116290
1285298169711124480
1285296581315567617
1285282216487067649
1285282072207261698
1285281939335843840
1285263178386087938
1285263048652066817
1285260214191751168
1285251250829832194
1285251241250041857
1285251225890566146
1285251219137736707
1285251165198966784
1285246684834955267
1285246638328557571
1285228336013283329
1285228305759821827
1285228251066105862
1285228240144084993
1285228233395494912
1285227539036766214
1285197849668603904
1285192621523165185
1285018886207930371
1284998738730246151
1284856647278567425
1284833513611710465
1284828601028874243
1284828438583541760
1284697934508982272
1284697781173661697
1284674142688677888
1284536953027747840
1284522318904123392
1284480954170515456
1284479411769815040
1284478905525706753
1284478778559930369
1284474423538483201
1284257186307289089
1284246669056409603
1284241660021477384
1284218882782375936
1284195718706716672
1284189854377684992
1284186532086026240
1284183165058326534
1284171493870653442
1284164707415461888
1284158207905067010
1284157866291662849
1284112604995244032
1284112583897874438
1284112540675563520
1284108653600047106
1284107388333809665
1284098337587834882
1284094796504731650
1284094791073042432
1284094783363874818
1284094778041421824
1284094715110072320
1284083042483671041
1284082997378121728
1284082497802862592
1283904009133326342
1283901311499599872
1283899214821502978
1283898661207003138
1283898655246819328
1283897406107660295
1283895789773824012
1283895697067171851
1283895496327782408
1283894981959340033
1283894343510695936
1283894244810412034
1283892469495734274
1283890947508633603
1283888049789771776
1283887149197275142
1283884567276015623
1283865987293392896
1283851439358517249
1283827765821812737
1283825555121549312
1283798930455769089
1283796565895843844
1283771876456779776
1283747843451256838
1283628101449261058
1283528100022816768
1283520761542651910
1283499119470927877
1283499087254429702
1283459539204034560
1283442849095266305
1283439927691218946
1283432133219045377
1283431982333071366
1283427590439673862
1283425018127491072
1283424768688041986
1283417759125299201
1283413572320727040
1283394081503272960
1283391458016452611
1283371564055113729
1283371494383464449
1283363825740386307
1283355809997557760
1283234747586666496
1283216970696065025
1283163335605788672
1283159878014570497
1283124064480112644
1283110539124760583
1283104719418859520
1283100137074700296
1283100088345276417
1283099743430873090
1283099688141574149
1283099208594194434
1283084432426049537
1283084425627140097
1283079630673543170
1283079623157460993
1283079616199098375
1283079608762544128
1283079601766436864
1283079597039517699
1283079542328963073
1283065975181578245
1283053222102478852
1283046239546875909
1283044945474064384
1283023367377956865
1283012257035751424
1283011507182350336
1282843805734010881
1282817185501642756
1282800638536159233
1282787693399814144
1282766051005075467
1282755309082222592
1282753956897337345
1282721454581309440
1282717747525439493
1282689629238460417
1282676384847011841
1282675508480749570
1282649635677515778
1282628352805937153
1282519341523775494
1282490605508026368
1282477312458526730
1282450014803984395
1282426338033500161
1282349568122851334
1282130233454362624
1282072771732934657
1282059983539122176
1282039545475878913
1282039535937912832
1282028932204843008
1282028845542014978
1282025690615951361
1282025652959490048
1282018784686092291
1282018697754873856
1282010708482433024
1281991476877185025
1281974757089476612
1281962928556703746
1281921565085650944
1281771247010029568
1281769959669075968
1281732280554328066
1281729473449267201
1281725281863073793
1281725276263776257
1281724473532723206
1281711995734171648
1281704163806793730
1281695554599362562
1281694004917211137
1281690062657396737
1281686698955546626
1281668979967381506
1281657431836237826
1281615821048086530
1281614710601809920
1281575217605816320
1281562677802938369
1281555339066970115
1281383368349843456
1281374195826532354
1281365455505174529
1281356224974462979
1281349865562398723
1281300599368232960
1281299445620051973
1281294799170043909
1281293288251756549
1281293227321110533
1281292248282542080
1281287693457121281
1281286191166509057
1281285281556172802
1281284643568922625
1281284234032959489
1281283858298781700
1281280753884684289
1281278813062733831
1281278528613482496
1281278317996519425
1281278007353753600
1281277721415430144
1281277164541882368
1281276934106886145
1281276624512716800
1281276293615583234
1281239659180425216
1281234388542459904
1281229416115376128
1281211674201133057
1281211281811419138
1281211067386007553
1281205924770844673
1281203367784710144
1281203312784814080
1281196329423843328
1281195615461027843
1281055664702455808
1281001662304452609
1280996722492260352
1280996443495501825
1280991288867856385
1280990339084562436
1280975496982003724
1280975485888016386
1280974218054840323
1280974123150254080
1280971881705848839
1280962134697000962
1280929632703913987
1280926876119306241
1280907381891895296
1280905378922979333
1280887335496941568
1280887327439630337
1280887314139537410
1280885351305940994
1280884852536029186
1280883113380458497
1280881139683659778
1280877368769462272
1280844826825687042
1280843821006405632
1280831030564392963
1280685339804348417
1280662813862694912
1280659551650488320
1280655894225850368
1280642730348216320
1280642700576985089
1280623036450983948
1280607776402739200
1280606694696005633
1280606180734271489
1280583226524864512
1280581397829300224
1280581381052121095
1280581355592613889
1280551317170257922
1280543032597794816
1280543022820855809
1280543011542360064
1280543003338248197
1280542970446479363
1280542702925492226
1280500428862521347
1280488461636718592
1280473775704813569
1280318667289513985
1280253337171083265
1280246784766476288
1280246756484296705
1280221297583230982
1280210269394927623
1280186978860965888
1280171455796449287
1280171069576445954
1280133364880674817
1280129897592127489
1280125313603833857
1280123236676784135
1280110239707250688
1279955213550583810
1279943270932627461
1279930543761698816
1279900215433146369
1279888503430696960
1279883723979272192
1279874422950805507
1279874389761241090
1279870636874137602
1279868854743830534
1279833846175989760
1279821585524932608
1279815979447582722
1279781022490677249
1279768636497035265
1279603711778738185
1279566381252517889
1279566220740767746
1279562247983988738
1279560003737792514
1279559216253087744
1279556193120391169
1279465070288875520
1279432301114523651
1279426140537569280
1279420257489358854
1279415293027196928
1279400971043581954
1279237246667886593
1279198560681148416
1279198461007724545
1279198278240919553
1279197881891684353
1279197028787118083
1279187647290892289
1279180671962034177
1279155190143299584
1279146071097331718
1279125525336907781
1279119840679247874
1279117699965243397
1279101380624515073
1279101337767116801
1279095988259639296
1279083017873633281
1279083009476571136
1279083000207114241
1279082940086071296
1279082931609313286
1279082926790127617
1279074561280049159
1279074521270681600
1279073735333593088
1279072719427035143
1279067584063852545
1279067173307256832
1279064821753937920
1279049240958906369
1279037264010633216
1279032503576285185
1279030717498998786
1279021445579001857
1279004935695327232
1279004805151764486
1278885974567792640
1278885958897872898
1278885926832398336
1278885752747831297
1278885681658580993
1278875167767302150
1278849883005468673
1278834875529744384
1278810979699212290
1278805455679172609
1278797938790195203
1278796807888424965
1278792056601600000
1278774456924745728
1278773780677046273
1278773012217675776
1278771064676519936
1278767416605057029
1278760839374426112
1278758427469197313
1278755741940277248
1278722346719870984
1278702780027412481
1278702751908794369
1278698568858120195
1278689227396521986
1278689203883212802
1278678273598373890
1278675212855382018
1278673942094495744
1278663009943126017
1278662383658045441
1278662335243202564
1278652882917773312
1278652790122983424
1278652557729112075
1278491147497803776
1278480649528246293
1278459752385777665
1278439691793108992
1278431262903078920
1278429781672054789
1278416843473137664
1278416810145185795
1278416251837186048
1278415871732600832
1278412731956301827
1278395986293989382
1278395951317749761
1278395072954826752
1278394084160425985
1278359014343131136
1278358844624830464
1278343534148493312
1278323896438185984
1278304124845555717
1278287024047489027
1278275825197035521
1278275762076954630
1278275742204379145
1278156963143192577
1278156617561837569
1278156525811482624
1278155976676425729
1278128698768711686
1278122273363410945
1278116146915553281
1278107100745535489
1278074531664494595
1278069799919267841
1278066648617025547
1278055980077584387
1278055417101385728
1278033565268279297
1278029579475726338
1278006812478967810
1278002945351716864
1277989001027375105
1277988832839905282
1277988825877315584
1277988818289930242
1277988809238601728
1277988798530453504
1277988734357692416
1277988714560585730
1277985547697479681
1277977203284643847
1277969691084943361
1277957211793358849
1277954198177529857
1277944269819518976
1277936951581171712
1277923366465396741
1277908693712068608
1277908621121261571
1277902148660080640
1277779408649158664
1277759516336164869
1277759005679587330
1277734058701750276
1277702063724605442
1277693898811457536
1277693833141260294
1277693625166639106
1277682904349528066
1277678335263457281
1277662984035319808
1277647668362313738
1277620832110510080
1277599243960758272
1277434231808045057
1277406361370931201
1277401746059468802
1277396358996144128
1277385568612233218
1277359432880578562
1277344699666366467
1277341567301423110
1277318441041608706
1277316768462188544
1277316372998086656
1277255487457820672
1277253365622243330
1277247259114196992
1277246836793892864
1277237030322409472
1277232678169972737
1277226378669240321
1277219603589062656
1277217131248128003
1277019144609837057
1277002195003736067
1277002162032250882
1277002144781152256
1276892968763502594
1276848494423289860
1276696786871169024
1276689019053715456
1276626358144245762
1276606636430430209
1276603195683414018
1276593186589335555
1276575639827554304
1276567541666713601
1276535056312471554
1276535044262244352
1276524968168304640
1276495748662792194
1276488501006139392
1276484883574112256
1276484867790905346
1276470514320457728
1276353971272089601
1276349080176939009
1276348750118690816
1276345525923508224
1276342777798889481
1276338381585342465
1276338127397937153
1276325822895357952
1276303994000990211
1276300915214036993
1276300886483099648
1276300857185832961
1276300822469582849
1276300751279702016
1276289157472665600
1276287036526399491
1276267985833996290
1276266363611422722
1276261093283966976
1276255418101174272
1276248309980704770
1276241591557066752
1276237659925622785
1276213705949229056
1276211499153973249
1276177206646104065
1276168375232856065
1276166448180854785
1276136732757499910
1276136615442866178
1276122279244636160
1276118663771426817
1275952993339412483
1275952228176662529
1275952192193781760
1275939251725701120
1275927197254123522
1275919849923981312
1275895214515933189
1275888181246910465
1275877758166581248
1275861953127297027
1275843113307779074
1275843092319473671
1275838538324402176
1275825444126941184
1275819329871847429
1275813305211334656
1275813294595506176
1275813283019268097
1275813272466468864
1275811832398254082
1275804785317416960
1275778835125018626
1275768459033489410
1275766919589756928
1275765729598623745
1275619119799455750
1275600666161971201
1275577634995548161
1275570639114469377
1275558403155406850
1275517740384690179
1275503659170828288
1275491212083036160
1275485991466348544
1275482935513186304
1275463980321050624
1275463972314124289
1275454264970670080
1275438881018544132
1275407208071729157
1275407034687594496
1275399687911215104
1275399657133350913
1275399248159350784
1275397542570754055
1275396764233687041
1275260367791443969
1275240605745020935
1275239590115315712
1275226242166542337
1275194604900560896
1275179869329068032
1275179861607354371
1275171286440951808
1275169400266653705
1275169393207631879
1275169385167097858
1275169350291464192
1275169340329988097
1275169326060929030
1275169317743665159
1275169308985999360
1275169300211535880
1275169289247612931
1275161926650208258
1275150094543785985
1275099888808853505
1275093528293658629
1275093331475927042
1275049815647424512
1275043233710686210
1275043225066246146
1274885098039652352
1274773749640896512
1274732062071820288
1274730295577714689
1274659738798690305
1274463967046492162
1274441985290645505
1274441893728960513
1274379613695811584
1274378667762814977
1274378192468533248
1274378183152975874
1274377954303397889
1274348724664381440
1274348694255656964
1274348674756358147
1274301883604140033
1274105702613757952
1274064303184916480
1273971156996050945
1273948823090540544
1273939762177597440
1273939722449141762
1273939658657890305
1273937503289061376
1273786164537962496
1273783500446011394
1273780062869950467
1273779646400794625
1273774769700311041
1273772119676063744
1273770722029174785
1273767209781919755
1273766874636001286
1273760901322153986
1273746700558127107
1273746544336961541
1273746521390034944
1273746409804779521
1273745270564585472
1273745210036666370
1273745098967265281
1273743603848937475
1273743589856641024
1273743386185531392
1273742279497351170
1273742085380857858
1273741897056563200
1273741747210911745
1273741586803961858
1273729817003937792
1273721172665008128
1273655338324111361
1273655274243579905
1273649849062342656
1273649513861918720
1273637781722587137
1273637157907939331
1273599284697600000
1273597568950435840
1273576138091225088
1273394454620246016
1273354046276087809
1273328185996951553
1273270662631751681
1273227207821987846
1273224218243739649
1273055394345222144
1273023207541522432
1272992003475865600
1272971970053799938
1272858673128275968
1272677694833078272
1272677413064003584
1272662857205919745
1272662739773804544
1272662403952582657
1272662336721977344
1272662321907879936
1272662291763335176
1272652502761177089
1272648617736667150
1272648093008367616
1272631278442033166
1272630982382882816
1272625991878352896
1272619751194472450
1272612928215298048
1272612416732495872
1272612394351689728
1272612386978050049
1272612378903969793
1272612371102674945
1272612362420445185
1272612347442536449
1272612339020414976
1272612333832081408
1272602171469684737
1272602170953797645
1272602170953732098
1272601765423218690
1272601752601268225
1272600636924858368
1272600616636907521
1272600364328591360
1272596465525968897
1272596395137138690
1272586153758162951
1272552334422310913
1272552273483313153
1272541527659724805
1272534680143892481
1272515165137915904
1272496993101926400
1272330015552782339
1272329958308880386
1272329942525763585
1272329807548887042
1272317681966948353
1272237044987813888
1272233824781570049
1272232976865247232
1271930199626657795
1271912006375833607
1271608524557221889
1271558973578231809
1271558946277425153
1271550176323395584
1271542482438893572
1271535219900891136
1271516945951731713
1271514478878904322
1271505025324527616
1271490055283015685
1271468108159627275
1271460861123727363
1271453596723314689
1271449669994979330
1271440543420157952
1271425750776897536
1271419847281344520
1271416685371760640
1271410543442755586
1271404153252859906
1271251055846862848
1271250959482617856
1271250940268621826
1271215539680051202
1271214963034595328
1271214554274504713
1271214497907331075
1271209862681296897
1271209854049366025
1271209846445088768
1271209834076164102
1271209826379599873
1271209819207274501
1271209811292704770
1271209767286059011
1271209762269659138
1271209754946347011
1271209741948260356
1271209671446212610
1271193043530584065
1271186881481519107
1271182703300313090
1271180804828336131
1271171247196581888
1271123478838759433
1271123466679353344
1271085932523991046
1271051951338381316
1270913176838774784
1270887085097070592
1270886948849270786
1270805976237715458
1270802218334195718
1270793442361303040
1270775916545933312
1270772966792495106
1270763157288554496
1270759335707230208
1270757843151527937
1270738388262490112
1270734289450262532
1270708621626703872
1270682604669480961
1270674949515157507
1270492720008777731
1270492699850833922
1270492679378518020
1270492639436161024
1270489962488659968
1270470691587002368
1270470575996260354
1270438242576404482
1270407356262895620
1270402873256488962
1270394054656786433
1270383993746317313
1270369667085893635
1270363964099223554
1270350379130269696
1270350364064219143
1270327466255691776
1270161293534810114
1270115362105962502
1270055904336109568
1270015498743353346
1269971486460297219
1269944289427165184
1269653701137969153
1269456773150314497
1269385662047928331
1269382122286059520
1269381963506483200
1269224566599168001
1269223714249412616
1269222536329474049
1269054972471193605
1269041866110046208
1269000226993569792
1268991078679678977
1268990835468701697
1268986157498597379
1268980618777460737
1268947436581654528
1268934556536766464
1268930861103296513
1268925818555764739
1268925278690172932
1268908639638769666
1268897936123072520
1268896933822836736
1268896924410707975
1268896911651717120
1268882481949880320
1268870552061710336
1268713508839075840
1268685578909945856
1268672486184570881
1268667841764560896
1268649253506813959
1268633789191913472
1268620239899463685
1268617799477256192
1268569321309175809
1268560026232410112
1268559685386452992
1268553276137656322
1268552696224714754
1268547412232212482
1268503939479212032
1268500529384239104
1268499950054277127
1268499483781980162
1268497400840294401
1268339684486385664
1268331632034906112
1268317267433000961
1268317033541885956
1268302933512331268
1268240090637238273
1268239278825451521
1268239240342757378
1268238846224994304
1268220789209403392
1268218053176823814
1268211372908843008
1268205070656712705
1268196594891075586
1268182518458613760
1268167755422994436
1268138172631920642
1268137869467701250
1268136154936770561
1268136111135744000
1268002322766016519
1267999238421712896
1267999218909827073
1267946947383566338
1267944786515935234
1267931948611244038
1267914019979112451
1267887721218965510
1267877628113031168
1267872359261908993
1267820766684254213
1267793626379235328
1267793618850516993
1267793611019685888
1267793602572361731
1267793581424730119
1267789912276979713
1267786458007568385
1267786340818706441
1267775006534180864
1267769666618998785
1267653823855763456
1267647982939357184
1267642914664054786
1267639909747220485
1267632571095166978
1267630731930591233
1267622650320429056
1267621964446928896
1267621380155203584
1267609844565053442
1267608233306357761
1267608019912794112
1267607325415743489
1267606863182548995
1267594898418655233
1267558693794721795
1267558643265941506
1267558618674671618
1267558594133864450
1267528611021668353
1267503443373166593
1267479027029245960
1267434179089883136
1267425484025069569
1267414987154350081
1267414572463460354
1267414481916899328
1267414434273689601
1267246348543430659
1267242178490912768
1267199328059351047
1267137084160184323
1267129344243179525
1267122872226586624
1266898720391561217
1266882472324841472
1266875817444990976
1266785682720251904
1266743198187167745
1266549158879596546
1266547362740293633
1266544606755373056
1266519557746950150
1266509063631896587
1266506979234758669
1266505922966413316
1266502080510001158
1266492615601643520
1266492483871047687
1266491788841439232
1266491773171441665
1266491753613459458
1266491727659118602
1266475914835169285
1266459502741729281
1266458730364887040
1266431607017267204
1266425193674801153
1266422152087166976
1266416799752560643
1266395330045784064
1266395317534167041
1266395310655488002
1266395303328055296
1266395296457768961
1266395285980405761
1266395279001075717
1266395272122445826
1266395258625183745
1266395250228068352
1266395243315953665
1266395235178987520
1266395225439731715
1266385573222252546
1266383894099755008
1266338910759800832
1266328805800542209
1266142347894628357
1266110062000517126
1266100075874398209
1266099054016110592
1266098939020926980
1266098916740812805
1266006076618612736
1265992530765795329
1265992327887302658
1265992326608011264
1265992324301099010
1265979827561119746
1265970706594050053
1265964761658929152
1265964670604673025
1265962506054438913
1265841987179229190
1265829427063250946
1265788664015134721
1265770304103755777
1265679010190594049
1265630139209170944
1265626825251786756
1265626784445411328
1265608309375152128
1265601042282164224
1265440234008870914
1265414387667546112
1265410769543483393
1265391282798690305
1265369405397106692
1265352793952595970
1265345891411660808
1265345543712182273
1265311185009860614
1265283318729314306
1265112925720772609
1265002464098619392
1264984017864200193
1264983551151353856
1264978320531341313
1264949648961220610
1264890601134338048
1264887645747937282
1264886845156077568
1264643492455886850
1264623900350189571
1264614461677191169
1264614341774585857
1264573250652307461
1264555958761635841
1264539568549830658
1264535952577515522
1264515358842597376
1264316963972698112
1264309545469448193
1264306615655817223
1264254468268470272
1264229685468291079
1264210825448951808
1264191613699489792
1264009809877221376
1264005596258488328
1263994468388257792
1263992183230795778
1263992157913985027
1263980309613350917
1263977800039575555
1263977273008455681
1263973353020366848
1263942352542064640
1263941387994697728
1263940490388480002
1263922375579631616
1263922329949736962
1263919213858750464
1263919197006041089
1263909094294986752
1263908532174422032
1263906063977517061
1263894196123025408
1263892929640370177
1263892920643596294
1263892909872603136
1263889241978871809
1263883396171943936
1263877107102502912
1263876893310418944
1263868176812646401
1263868148689797122
1263867061362663424
1263862682127663105
1263846093336596480
1263841508656062464
1263839354637766656
1263839337000718340
1263831936755253248
1263825066296594432
1263824294645321734
1263824264932790274
1263824237317537793
1263824211732201474
1263824185949933568
1263824159202738178
1263818211767783424
1263814330019086338
1263791012759187457
1263642717046833156
1263631333055758336
1263630062257147905
1263600832668368896
1263596627161493504
1263591841452060672
1263577645557731328
1263565687609532416
1263560451662757889
1263560087089696769
1263556352951156747
1263551962466967552
1263533773100060674
1263529832048144388
1263529822195781632
1263529815069667330
1263529808501374979
1263529801102635014
1263529793997471747
1263529786393137153
1263529779623583746
1263529772837191692
1263529765274890240
1263529758400360450
1263529712145567746
1263529704637771776
1263529696479846401
1263529688913362946
1263529681279766528
1263529673092366340
1263529664972312576
1263529644827049991
1263529636048314368
1263529628855152641
1263529620546125824
1263529615060021249
1263519088472662016
1263501854329245697
1263475390070259716
1263467516770353154
1263436611813027840
1263433487979339777
1263282897089433602
1263231787720982529
1263231070725693447
1263197017888763905
1263197003976187906
1263196971474583559
1263146615273111552
1263146572935827464
1263146553193226240
1263140915075584000
1263139851639107585
1263132816956690432
1263109584740388864
1263101094416257024
1263081675262775296
1263070343058665473
1263055173359939584
1262883482973335552
1262883295697698821
1262869893461864448
1262857683591483393
1262847782383222787
1262832230436605952
1262822769496113152
1262822286811377675
1262808027352227848
1262805292854755333
1262805227868127232
1262797778025095168
1262797036212060160
1262796937331441670
1262796264602771456
1262789047757557761
1262786452552855555
1262768250657607687
1262768245620322304
1262755895357788161
1262742506724155394
1262741965461794819
1262733726624223232
1262732795979407360
1262707173878087680
1262535419608121344
1262524726452408327
1262501227419533322
1262501122754871298
1262500375745236994
1262497424473559040
1262471415019778048
1262451023550898185
1262447816108105730
1262447805907570689
1262446293412130816
1262444313029611520
1262421484573687811
1262421192981524481
1262414831442972672
1262373154053410820
1262372960104591364
1262359751700160512
1262356603665354757
1262356176198610944
1262355322640969729
1262354044313653248
1262344991730352130
1262343245415297024
1262341244082151424
1262339252223913986
1262338658922909697
1262338184287002624
1262213429860982784
1262168271995969542
1262164494911967232
1262152899972530178
1262144755078586368
1262128209929424898
1262095316834287619
1262077079937601537
1262050286765510657
1262044825832038401
1262041297281482752
1262030166978674691
1262029465699471361
1262015173679894531
1262014601350258689
1261870631060193280
1261866832488804352
1261848779168382978
1261848488872153088
1261847207893970945
1261762668953849863
1261762534262091786
1261756282345869312
1261755768375820288
1261755081583669249
1261740231830712320
1261739994042990594
1261730241359290369
1261722710742269952
1261721147239997440
1261721137626656777
1261717182469353475
1261715683156660224
1261709372394266626
1261709363598823424
1261709355780538368
1261709348537012226
1261709340496592898
1261709334494482437
1261709326684688384
1261705060477698048
1261677046591356928
1261667566629654528
1261666650291666950
1261634249104424960
1261494417963302915
1261486686942441473
1261468393930096640
1261436179758579713
1261429058740445184
1261428985554223109
1261428474323050498
1261422603987677184
1261381058009817089
1261380720041193477
1261380021144350720
1261380007227805698
1261367053409107968
1261356090928689153
1261355935576010758
1261340149121576960
1261337332596330501
1261336302890422272
1261336158908420099
1261333051470155777
1261332206187958277
1261328395457245186
1261321937562804224
1261310732085452806
1261297851738529792
1261297477392752641
1261291250688409600
1261285332135411712
1261251541178220544
1261250838716198912
1261250634617151488
1261101384570753025
1261096607782711298
1261096067359219713
1261089687382491142
1261087385296740353
1261046841216585729
1261046701978255361
1261040577250054150
1261011366040743938
1261011307375067137
1260997359774969857
1260993381318250509
1260993236694446088
1260988951940210690
1260988852174536706
1260988773757784064
1260988106163064833
1260982800561385474
1260982781594742784
1260982758819672071
1260982177354965004
1260980705389142016
1260976914979868673
1260976906591252480
1260976895874625536
1260976887159013380
1260976878552309761
1260976867621974017
1260976586138038276
1260976577359290368
1260976570136657922
1260976563123822594
1260976556085841923
1260976546581528578
1260976536087416833
1260946116398534665
1260946053488168963
1260941338775879680
1260940927704711169
1260925721792229376
1260920093653061634
1260916823144497153
1260902172776161282
1260902129348337666
1260901435052634116
1260750688943996931
1260726371762003968
1260715603553370115
1260634199050063872
1260622599945625603
1260588585356529668
1260588576649117697
1260588569128771584
1260573086610579456
1260537043748302850
1260534816589651968
1260514977473015809
1260514715593211904
1260513986505773059
1260512636103516161
1260512304069857281
1260389671223414787
1260389593456705546
1260389304632856584
1260384558152929283
1260384176567652354
1260365226337349632
1260365152358195205
1260363506878238723
1260349658028703746
1260342858093154308
1260322844405309441
1260322825740705792
1260322807185059842
1260322790609215488
1260247192390041603
1260220425923178496
1260215757595643904
1260181378450276353
1260169424222502913
1260169384645066758
1260166311327432704
1260165172930531329
1260033863893397505
1260005919775219715
1260004145475530753
1259968541421420551
1259968494415855618
1259968337527930881
1259953612119248898
1259953564673286145
1259943203396083714
1259929942885793792
1259891906764591105
1259860180734443520
1259848168600207363
1259535035557908480
1259514458659008513
1259499359781236740
1259443057780494336
1259438766244184064
1259225441589530625
1259225272961941505
1259190876166852609
1259188683065958407
1259147272782254085
1259144378037211136
1259144321326030849
1259144302325837825
1259096334214324225
1258924380954021888
1258919487937617921
1258904234751332355
1258903832748326918
1258903349270896642
1258871216976297984
1258869561136472064
1258816078161084416
1258809085933355013
1258808455135137792
1258799924851982337
1258798600064241667
1258782832132001792
1258781935117139970
1258781794465439745
1258781022067580935
1258761654440988674
1258753870802694149
1258747361846755329
1258746834681573379
1258739745775071232
1258739703081295872
1258571570769006592
1258571561285681152
1258571544315539459
1258568966974459904
1258568920337915904
1258568857440174081
1258538376245858304
1258537444716077056
1258526904635650049
1258519878195003392
1258514339650129921
1258498013288423424
1258497958342987782
1258486425231806465
1258486259590316032
1258477892117442562
1258452129183936512
1258452075748491264
1258434000949063680
1258424838764613633
1258414255998730240
1258414174310457346
1258397724535336961
1258397039542644738
1258373262918254594
1258373241967726592
1258365953005572096
1258360252388564992
1258228030700490764
1258222625752571904
1258220786046963712
1258211239836123136
1258211208630611968
1258189050378424325
1258185713478180866
1258185630934282240
1258185584591491072
1258185473094270982
1258185331628822534
1258176337598189570
1258176240906842114
1258170819143925761
1258164461568962565
1258153480990134274
1258153250513190912
1258149026366619649
1258147945335140353
1258139109253619720
1258135014165942277
1258129855037784065
1258122545842266112
1258121150091182082
1258115019415400448
1258071997097050112
1258071931351379969
1258061478252482560
1258061471499669505
1258061463954096129
1258049309381181441
1258049283061944321
1258044990711836672
1258021908358090752
1258000269868249088
1258000130457960449
1257993998985310210
1257987567271792640
1257987072771731456
1257982511503769600
1257982510119690242
1257980715007971328
1257980410790887424
1257980339248562176
1257979958070251521
1257975126475358208
1257855425267077128
1257837008006905859
1257836760144502790
1257835938991964160
1257834787542269954
1257832518939824131
1257831320203468800
1257828155383037956
1257816939260452864
1257794138382249989
1257794115321856006
1257794106534891521
1257794095646375937
1257794080567898112
1257791853845495821
1257782446503813120
1257781212460048384
1257776842729193474
1257773054156922880
1257770022727974912
1257745519201390594
1257745370463047681
1257745252292624390
1257729429800923136
1257713043917635585
1257702396567982080
1257696602334035970
1257668949522690056
1257668568902062087
1257643449425281024
1257642369152880640
1257443283283906560
1257425317746085888
1257405130439303170
1257401069149265923
1257398191705686016
1257388660326109184
1257372601174941696
1257368468854276097
1257353301798125572
1257353269246033921
1257353238921216000
1257353216028794882
1257353195510280196
1257353118695686144
1257353098055557124
1257353066145349632
1257353054908710912
1257353041872855043
1257353026337193987
1257347304861970432
1257334035531149315
1257328542360252417
1257325931447844864
1257318687075299336
1257305370143322113
1257300276714799105
1257297202524966913
1257296951982374913
1257295623868612608
1257291396597403648
1257280024820043777
1257279842233565185
1257279827528364033
1257276386756177920
1257276372038422530
1257276362831921153
1257276354770460673
1257276346272747523
1257276337498316800
1257276331907219464
1257272357988765696
1257272309708095489
1257268957842735104
1257268686605504514
1257268652509888512
1257261070814777345
1257259991985242113
1257142307129896960
1257140857549074439
1257140856265617414
1257140855401480194
1257119986717528065
1257119970070343680
1257119927552675848
1257119392468480003
1257118826153619456
1257118712416612353
1257118550818422785
1257105864080666630
1257083106185621511
1257070177428045832
1257066687716884480
1257066470330241026
1257038547439271937
1257032440671014912
1257029058782732288
1257020887355850759
1256990974879940610
1256939067792658433
1256769185629327360
1256725969542488064
1256722804378140676
1256670201577385988
1256660572462034945
1256644790269214725
1256640634699550720
1256640528009105408
1256625332167335939
1256610285563019264
1256607443729158144
1256603108202942465
1256603106164572162
1256601721062785025
1256595329539022849
1256582768961691648
1256579405230587905
1256578934684164103
1256572848660975618
1256572284434886657
1256568929289469953
1256568919495770113
1256568907932020736
1256568395513966594
1256568146728816640
1256567152154419200
1256567149906268160
1256553854415638529
1256553853333446658
1256549285073686528
1256416747550380043
1256414036415176709
1256413169792307201
1256413125416493058
1256410741894197248
1256378529417175040
1256373698300428290
1256371441441832966
1256363628418269185
1256361771218190336
1256360545764212736
1256357440888717312
1256354989498343425
1256347238122565638
1256341784122347525
1256341490479108099
1256332016489869315
1256329371134001152
1256317044338950148
1256290584245030914
1256278146724265984
1256271588477059074
1256271131092365312
1256270712144310272
1256268841157607427
1256268514513518592
1256267343015088130
1256263580128808965
1256258513388658688
1256225226100260867
1256225019480477699
1256218432321867776
1256207259211890689
1256202033998237701
1256201311332294659
1256201251873677317
1256194975697719297
1256193165805133824
1256187174883594240
1256185527121870854
1256052398906396674
1256046143294910466
1256045292065107970
1256038148846608386
1256037622096498688
1256037346568540160
1256036584144633859
1256032783295799303
1256032774781202434
1256031768236511236
1256031755083100162
1256031746400927746
1256031738259791873
1256031729317527553
1256031719876108289
1256031710384459781
1256031699756081152
1256031688745984002
1256028206278348800
1256028136233488384
1256028125441536007
1256028114943184898
1256028106168688641
1256028095942975488
1256026832589258759
1256026822053150721
1256026813043744768
1256022651555979266
1256022639849725953
1256022214933131264
1256021939384193030
1256021576295895044
1256021521845358599
1256021221520674816
1256021076032847872
1256020882201489415
1256020765943660544
1256020392348733440
1256020208764018691
1256020026945155072
1256020013699514368
1256019974692503554
1256019962369585153
1256019949639872517
1256014858727960579
1255989589107519488
1255977497927340034
1255974555778199558
1255960298030280705
1255959974431383553
1255938104332029959
1255928172614467585
1255928165228216320
1255928157359812609
1255928149822537729
1255928142126092288
1255928131640229894
1255928125722169355
1255928117404880896
1255928109238562824
1255928103895011330
1255928094814339074
1255928085255532545
1255928069556240385
1255911226699366400
1255905618570903552
1255899301928218625
1255845728439668736
1255840532603027457
1255834489487601665
1255832746565533701
1255830714370711553
1255826768566640642
1255821290243526658
1255819162871570438
1255816314138046464
1255688965857972225
1255688390957293573
1255688370027708416
1255665343521046532
1255653336675749888
1255651412090007552
1255651407639781381
1255618841360707589
1255616474380750850
1255614262761881605
1255609333703942146
1255607411295113222
1255601205662941184
1255600433265065988
1255597113695748097
1255597102635286531
1255591894953930752
1255590193949745155
1255574536080293890
1255557824643502080
1255555789235904512
1255555299894755329
1255555037151072256
1255542707885309958
1255532348503777281
1255531968789438465
1255523926299549701
1255519651997638657
1255518192115605504
1255507719185989633
1255507717302730753
1255503337119780864
1255503317838565376
1255503303187800064
1255503284703502338
1255498958576726021
1255497407003070464
1255497168074551306
1255481263177322498
1255474837163827204
1255474819186995201
1255265058994749440
1255225811185086464
1255222795635695619
1255222744830152710
1255222460888297478
1255217485604892674
1255217473412087814
1255214128471379971
1255214117847171073
1255184915676778498
1255177225713958914
1255126211833012225
1255111081321783296
1255096578093826048
1254956673044791296
1254890157788069889
1254890149818912773
1254880654124298241
1254879740919533569
1254877907488518144
1254877742828589057
1254852344434606080
1254834594165207041
1254828614765490183
1254828559744540673
1254827788529434625
1254817002922881024
1254810835874168834
1254807760304312320
1254803720635920385
1254763185279729664
1254757127102640128
1254591152424173568
1254591127350583296
1254568083550867456
1254522221072187392
1254496752473911297
1254496665316151296
1254496497607102467
1254487021474717698
1254486983004618758
1254482691443118087
1254469815768690689
1254453940139294725
1254403750309048321
1254403653621952512
1254400081706483717
1254396048811982851
1254256219340111872
1254249310734123010
1254249271152521216
1254249186964451335
1254249148150362113
1254249076553666560
1254247661563248640
1254241661024157697
1254241179400581122
1254201448105152512
1254201070970187776
1254201037449297928
1254200975029493761
1254200924014329857
1254199583569313795
1254197607997595649
1254176978539819009
1254174724831219721
1254127969854947331
1254126811681882112
1254118037663383553
1254107180711763969
1254103046247809025
1254078643674001408
1254059714113126401
1254059555299954689
1254059509208821760
1254048083157094400
1253863371121790976
1253863306416345088
1253863257724653568
1253863215731269639
1253863194839351296
1253859071960236032
1253857380099592194
1253857371987853312
1253824034795589635
1253823958585131008
1253823939140354050
1253788370586742793
1253788296511094785
1253764706780745733
1253747234392465408
1253726657631969280
1253708464188203014
1253690185956687874
1253687719621988353
1253672589370830849
1253669752033214465
1253663212920242176
1253663205529976832
1253663197892096000
1253663190459789315
1253663181895077890
1253663173888049159
1253656067780853760
1253655602150113282
1253655336868818944
1253655211559784448
1253655201518620672
1253653103301328896
1253652184232796164
1253652159998164992
1253652129346203649
1253652108286590977
1253652088472641536
1253648002323034114
1253647511299993605
1253645399388274688
1253633613821816833
1253500140121460737
1253495743480029189
1253493014963654656
1253473238988066817
1253473230108712961
1253457532321923080
1253415854445715457
1253406854908182529
1253397264476901383
1253393774631358472
1253393689986154496
1253389991679582214
1253381282492547073
1253368307715125255
1253325681619918854
1253316519825747968
1253313212818341889
1253312775843127296
1253288257351286786
1253273810247323649
1253088158104813568
1253086217576554497
1253049587604086784
1253049116856377348
1253035106320748544
1253029762454491143
1253020564115066882
1253010041122230273
1253009597583015937
1252999456129155073
1252980020273917953
1252979955463524355
1252975346791653376
1252964920070737923
1252964889771085824
1252962965210501120
1252962920004190208
1252962884457574400
1252962842560659457
1252940912763777024
1252915622704484352
1252808363299287041
1252801479003369472
1252796601145479168
1252773008801923072
1252766597573414912
1252736939075285000
1252712960604147713
1252688089237110784
1252675792733118467
1252643210918350852
1252642906894204928
1252642883603247104
1252637688487960576
1252634901746253824
1252626652904992770
1252595721502699521
1252591251955867650
1252581971471093764
1252581970133110785
1252559760836173824
1252553049173827584
1252457968727138305
1252410256195371009
1252410170300219392
1252399663853924352
1252349880112054280
1252346048585986049
1252317495513559040
1252314405087449095
1252299104547454976
1252284297219719173
1252280568206811136
1252276295737761795
1252245134307209218
1252237321103007744
1252228581637447680
1252227630834896897
1252226732234625026
1252226715692261376
1252226698524921858
1252226588621619200
1252225088927281152
1252222336796897280
1252100841206677505
1252059136101154817
1252045002110390272
1252035616243699712
1252035518436642817
1252031311507841028
1252015386868043784
1252013870845132800
1252008576266186753
1252008540862021632
1251957284957274113
1251957204489515009
1251953886904156165
1251942344133394432
1251934321302294528
1251931702412431367
1251931665267658752
1251930155720859648
1251929891555213312
1251929858160168962
1251916581707354112
1251916295102136321
1251916114348646400
1251879592870232064
1251879076589174784
1251668583802904578
1251653451408343040
1251642398461001728
1251637609539014656
1251615815645921280
1251591911414157313
1251588351272144896
1251588197735415815
1251579719310618626
1251540218106314752
1251538672706617344
1251537226829377537
1251470110373658624
1251321598591881216
1251320944850808832
1251300842407374850
1251300809943535618
1251274186179444736
1251264207372406784
1251248455491694592
1251238938334953472
1251223183308529669
1251222966995648512
1251220687269871616
1251214102229286913
1251211303785504768
1251211281970987008
1251185835950714882
1251180711001894918
1251164641918685184
1251151368103923714
1251149935220682759
1251149918795751438
1251149424291536897
1251133028845453312
1251132942379819014
1251107864623689729
1250961857638170629
1250950090040258560
1250949254224457730
1250927314860417026
1250911905557905411
1250867954604036098
1250867931422081024
1250867504974618624
1250834118084046849
1250828650783674370
1250827998082863105
1250827293892775942
1250824940317704192
1250824863977279488
1250824855819366408
1250824848051445764
1250824840216555521
1250824832079585280
1250824826622795776
1250807708577603586
1250805857132195840
1250804658538524672
1250803469432348673
1250787710278807553
1250774266661998592
1250774248760782848
1250760292667179008
1250760265316077569
1250626992615174144
1250590006395224065
1250568852049625091
1250568510327205889
1250504843850141697
1250492274976477189
1250482472141422593
1250482252401848322
1250469656961396736
1250447439426879488
1250441285669752834
1250438991809097728
1250436696212004873
1250435533932597254
1250400520994533377
1250238004804890630
1250212288038154240
1250185432937218048
1250185365144600579
1250178210626666496
1250161876304044035
1250148936679067650
1250128036504240128
1250122154890407937
1250101649860943874
1250098691224023046
1250098210967871493
1250098139706593281
1250094130367168512
1250083078988599296
1250081137537490944
1250057941245399048
1250053702230200320
1250053424898551811
1250040475748311040
1249896128004440066
1249869368093179910
1249867598956765186
1249829040678146049
1249807713485361159
1249774765042212866
1249774735891804161
1249770712212086784
1249742031020269568
1249724944151429125
1249724916632629251
1249713008714055681
1249686087041236997
1249686054002667520
1249470866049634304
1249422123195662336
1249377852656627712
1249295257969348609
1249187292671082497
1249136229519679489
1249135896756174848
1249127426480844803
1249122505895432196
1249120353663795201
1249115930849882112
1249105143779463172
1249101321459740677
1249097479985016833
1249097445398786048
1249097420685877248
1249097395960455172
1249097371482558464
1249097349600813063
1249097296731615233
1249097272442392576
1249097249461686275
1249097231757688833
1249097208617676804
1249097179496681473
1249097085565140993
1249097060575522824
1249086870560157696
1249086763445993472
1249086742235406336
1249081097696301063
1249081061373620224
1249080067940143105
1249068133131923461
1248993664556302336
1248944948809994242
1248938099142467584
1248792202572070912
1248747822507339780
1248744435220963329
1248673560350130176
1248654855591170048
1248651808467300354
1248640547859959815
1248626388963229698
1248568015723139072
1248432980478930949
1248402987665338368
1248402943063121924
1248378513859596298
1248367866556137472
1248356190582722565
1248339243191148545
1248339219992457216
1248328708261392384
1248319004692885504
1248318974976196614
1248318966612754434
1248318479440191489
1248307621326618627
1248293482709626881
1248293026038001679
1248286211170619393
1248286178002063367
1248281674804342785
1248255157047037952
1248231588934160385
1248231542436102145
1248219449817272320
1248216434922196992
1248033197016915970
1248033145838067712
1248033115177734145
1248033091534360577
1248026345403269121
1248001441026977792
1247991745482276870
1247982859522060298
1247982721789497346
1247982638662668293
1247982591535386624
1247978585253654529
1247977932095709186
1247976623464419329
1247972695997853697
1247970456650559489
1247967218450735106
1247963333204025344
1247958817318621185
1247958802957307904
1247941442942775297
1247936278341005313
1247936211785842697
1247936174133477378
1247922251825123335
1247888815772991491
1247888764128526340
1247879078453161985
1247878703251668992
1247878681672011776
1247878679449010176
1247869932634849282
1247868734489923586
1247864760097538049
1247843441096249345
1247742717834084353
1247733670108168192
1247688952036933632
1247687850272923648
1247687656252850178
1247687606709649408
1247681736856743939
1247679673594773504
1247671146767626244
1247670663927623680
1247670636840968194
1247646178126311430
1247619957204058113
1247618145873002497
1247618085906984960
1247581018070175751
1247570681472208899
1247570602044653568
1247558797658402817
1247558606209404928
1247554895215034368
1247550618853572611
1247513953795702795
1247500653079003136
1247500572405751808
1247500563316723712
1247500552772235264
1247500543796355077
1247500525970563073
1247491523052220417
1247490813422116867
1247488754098601986
1247488736776110082
1247355036570652673
1247353768913580034
1247353753570816005
1247353734142836738
1247353669735022592
1247332970559668225
1247326731419226117
1247326642915160064
1247315024118505472
1247270541708451848
1247251525392629766
1247242367981289477
1247232373265227783
1247230723733491717
1247226498215555072
1247226387242659848
1247226221584420864
1247222478176432129
1247221797122080775
1247216116910473216
1247216106294706176
1247216086837272576
1247203646825271297
1247203630542962689
1247199464902844416
1247185645698768897
1247164738066210817
1247134502020952064
1247134474816622592
1246999864141123586
1246992801285451776
1246992207955009537
1246987266578362369
1246976737122103296
1246974784535236608
1246974699525062659
1246974682135498753
1246974671700004865
1246974662195720192
1246973895275622400
1246968146667409411
1246968131194683399
1246968122776707074
1246968117315678210
1246968095828254720
1246968083996119040
1246968075792142337
1246968052337557504
1246968038999588864
1246967323656888320
1246931764406300672
1246876636349415425
1246860250168393729
1246860217876385796
1246846943898284038
1246835358362451969
1246830967613988864
1246830899481792512
1246826341682593794
1246810704843325440
1246809324548231169
1246802500449120258
1246802456849330186
1246802237420175360
1246802125084151808
1246797777419538432
1246797026433646592
1246779756026236929
1246584763198197762
1246557601585926157
1246529244387250176
1246528268335026178
1246520686048403467
1246490560300552193
1246487266366816258
1246460742586511360
1246460693320282115
1246457306151374853
1246453808407945216
1246445728316248068
1246431608560857088
1246429670448476167
1246428401621037057
1246383028433272835
1246238168887812102
1246237077383131146
1246234867274301440
1246233283115077634
1246232181627912195
1246231682765729792
1246230339628027904
1246226083617353729
1246224705989890048
1246224444760227841
1246207299011727360
1246188007666995201
1246188005985001473
1246188004093329411
1246183679896018945
1246182623204040704
1246182566807375873
1246182542371414017
1246181345451225093
1246174968725098498
1246173808219783168
1246169913128914945
1246164298604347401
1246156716783304707
1246145236486758406
1246145200713543698
1246145165892489217
1246145134779039745
1246145069918367745
1246135958044651521
1246135688048906242
1246124447196745729
1246124245383610372
1246124200651304960
1246124171337371649
1246062838080249856
1246062400408879104
1246054593596985344
1246054537754009603
1245904502806495232
1245893628922380288
1245891494805995520
1245886306925916160
1245885743530233856
1245871361542639617
1245833627046379530
1245818563925094402
1245814767975104512
1245806045483675650
1245793023918780417
1245783473245294594
1245776716892700673
1245776677843722246
1245776637813297154
1245772911497142272
1245770330905477122
1245750669337858054
1245750595706814464
1245748225346338817
1245745207779512323
1245744468277563398
1245742352704196609
1245741790877102080
1245740900120133637
1245740237906743296
1245740040166260739
1245739957731438594
1245739932783706113
1245711758062432263
1245705931570188293
1245705643648040971
1245700327166353408
1245699185204170752
1245696372176814081
1245696288655622148
1245695696000466950
1245695272942014465
1245669557739626497
1245669170852835328
1245668886579740672
1245668182767124480
1245548230743658496
1245547306025472001
1245540347503091713
1245524282639335424
1245523228522676225
1245516657889546240
1245506710237741056
1245499333799227392
1245490786352979970
1245485638373294084
1245478871715254273
1245469999365529606
1245437673600364548
1245398205807898629
1245398183053864960
1245371761513967618
1245346448532811778
1245345249343520768
1245345215650635780
1245345195228528640
1245319525723226112
1245319447390412800
1245319433226248198
1245317529146441739
1245097280845361160
1245075990705049600
1245068156936257537
1245059765782396929
1245059745356165120
1245059723491237891
1244982161272459264
1244980322531500034
1244974105067225088
1244973750740811777
1244971738217275392
1244968934543110144
1244966608856068100
1244966245109239808
1244965840228843520
1244965506861457408
1244812005602664449
1244811644661891073
1244803416053952512
1244803374324776962
1244775131106414596
1244775100018237440
1244762365457059840
1244758033135218691
1244720174177140741
1244706571323674626
1244695381482647552
1244693198737465345
1244680727020670979
1244659894701232128
1244659876309147648
1244642861301235713
1244641193939566592
1244626786513825795
1244618251348381699
1244617843418771456
1244616211578617856
1244615403403456513
1244615317499805696
1244615190819332096
1244615167532503041
1244615087987490816
1244614977555660800
1244614864460558336
1244428047408865280
1244423450225266689
1244411980473081860
1244402264669749249
1244372007678095364
1244341218001195009
1244323534756810753
1244292159420981250
1244287732723200006
1244272993162932224
1244272851672281088
1244272817509748736
1244272791110799364
1244272679751999489
1244269297129738241
1244244327745949701
1244114133085290496
1244084753902505984
1244003542853210113
1244003442911334400
1244003256663146498
1243998134621126657
1243991430235815936
1243968525166718978
1243949140532506624
1243949023385583616
1243936813313675265
1243935799906832384
1243935542062055424
1243935505726803968
1243928882052575232
1243928860204425219
1243919959765458944
1243919875640360965
1243913572457070594
1243912777032499200
1243729191541014528
1243729012901523457
1243693064310394880
1243692844730195972
1243680511517691905
1243675710809681920
1243672302623035395
1243615708572987392
1243615619838349312
1243607932207616001
1243606969761566720
1243606946789408777
1243600421047984130
1243598227968086018
1243583227610234883
1243583216063258625
1243583208194703360
1243583194521391120
1243569244584976386
1243569190801420291
1243569127635202055
1243569105078288384
1243568866703429635
1243565668399812613
1243565490188025856
1243553476870840320
1243553456121659395
1243553413205499905
1243553354841817089
1243553313758511104
1243553297165885442
1243541172737449985
1243541153296855051
1243519086040154112
1243513716458565634
1243513481682276353
1243513464372543490
1243513452892741632
1243506253072138240
1243506236143869954
1243381806499385344
1243362542887432193
1243360463489925120
1243359587081711616
1243359362678063105
1243357826203828224
1243357816556900352
1243340925587333122
1243337574560731137
1243337524761767937
1243309148290330631
1243307162123874307
1243307010873069568
1243306980913098754
1243299364996595717
1243299342812921856
1243299322936115206
1243296439998058497
1243296114197114880
1243296094706184192
1243296074862911492
1243296051861340160
1243294762255482885
1243294704457986051
1243294675508826113
1243294653157462016
1243294634031415299
1243294615140212738
1243292032254316556
1243273172855721994
1243273154711228416
1243273074310631434
1243273052777054210
1243257204414824449
1243238380684619777
1243229184761180160
1243226105911394304
1243223285120356353
1243219687418351617
1243217987387219968
1243216237246717954
1243216215272837124
1243200620267528194
1243197453937119232
1243197427856879617
1243178459377078272
1243178356071452672
1243178325440450566
1243178245618614280
1243176151763292161
1243165563297443846
1243151556444332032
1243148782054912006
1243144972087549952
1243144942878371841
1243143329082114048
1243143295762665472
1243003108336250880
1242910403782377474
1242907580416098304
1242866846757462019
1242864268212609026
1242864176453820418
1242840054134956039
1242836167315382272
1242827614882074624
1242792922027868161
1242792700455288832
1242790479525285889
1242790407739772929
1242790174330945536
1242789959041536001
1242789899213864961
1242650431014219777
1242621800548368389
1242617601093746688
1242617599403360256
1242617598287773697
1242608643662643200
1242547996681809922
1242533231670382594
1242532959804108802
1242525168293089287
1242523536662695936
1242521342324375555
1242505373048803339
1242504858244186114
1242504622046093314
1242504548364824577
1242455055137214467
1242452371013320709
1242448298050572288
1242448216546779136
1242448192643489792
1242446539127226370
1242441853523410945
1242430894687870977
1242429743477243904
1242425643666755596
1242423814929121280
1242423735904284674
1242423469750583297
1242421825604325377
1242421772034719744
1242414423303741441
1242413558849310723
1242411965831696384
1242411536079040512
1242411469330960384
1242411377626615809
1242406821622616064
1242405447413444613
1242301422424805376
1242288795153809413
1242270761198501890
1242231852930392064
1242226689134014470
1242217425778679812
1242214802094723072
1242211759768961024
1242211713883287565
1242211711899312128
1242211709059768321
1242211151624245254
1242210023914291200
1242206279424192513
1242204446148431872
1242204441085952001
1242174466022608896
1242164720636956678
1242164563363147782
1242164522045112324
1242162909171630090
1242159499798028289
1242153826469187586
1242153818915311619
1242153792226889729
1242153463821279233
1242153442409398282
1242153435555942402
1242153333776945161
1242153316639019012
1242153256287121410
1242152829046980608
1242152531322703875
1242152449772830723
1242152091147292673
1242151644718137346
1242151576808181765
1242141892420214785
1242141460822142976
1242141454685831173
1242136420023701504
1242136411207131136
1242136399345836032
1242136361064333317
1242136331221958662
1242136320157405184
1242136299219357696
1242136290486779910
1242136281779486725
1242136270014472194
1242136256735252480
1242136225286414336
1242132147579817985
1242132115883536384
1242132083469942788
1242132063773483009
1242132042734809090
1242132038947307520
1242132022312738821
1242132016998559746
1242131985583288322
1242127420540452867
1242112872660025345
1242082399086927881
1242081120679792640
1242065471232454657
1242056647482249218
1241881004916252673
1241823540401377282
1241820361446088705
1241820360380743686
1241816143259713536
1241803399055753217
1241777583336747010
1241773622341107715
1241768669195186176
1241767956901769217
1241767940120346635
1241759928211197953
1241759896799973376
1241751440403632129
1241746740291735553
1241743038361337858
1241742970061312000
1241742867527340038
1241728974734196738
1241726668080848897
1241725027646607361
1241724279626117127
1241724237729202177
1241691864425693185
1241547992395628546
1241510141603844096
1241509285571571717
1241509271457628166
1241509254164549636
1241505979440693248
1241492267082358796
1241469265024335873
1241469201786777609
1241469175417184257
1241469154785472514
1241469119733661697
1241469099814924298
1241469067099344896
1241469029602205697
1241461473249054721
1241453022791831552
1241453007973355527
1241450727895183361
1241450722534850560
1241448202664136705
1241447784923963394
1241432012990414855
1241431943276871685
1241431879326236682
1241431870673432582
1241431772170199043
1241430768561410048
1241421534482350087
1241418215668035586
1241415642768703491
1241412872196030467
1241410734954815490
1241410709046677505
1241398400211394563
1241365665455497217
1241365544344920064
1241365323300909057
1241355302177554433
1241179611762917378
1241175074574610435
1241175050457317376
1241174401812496384
1241169344635207680
1241136209184927745
1241136196962705409
1241136164360392705
1241134347308195841
1241129816600064002
1241116821358628869
1241116802475872259
1241078198240239616
1241075473133813761
1241074939970703362
1241074747670253573
1241074668209135617
1241074627314692097
1241042023169359872
1241041520482045954
1241041303007367168
1241041272049152012
1241041240357044229
1241041009817108484
1241041001554350081
1241040887314079744
1241037992787161089
1241037238928015361
1241036191371268099
1241032701131534339
1241032691862175744
1241032679652458496
1240997930456276994
1240989694286073861
1240989679534702592
1240981913680130049
1240981904612081664
1240981852426588160
1240981842582437888
1240971498334150658
1240969215353466881
1240969108650364929
1240967917224841217
1240965999895158784
1240965346053455873
1240964442474586112
1240963759503532033
1240963110887923712
1240960961537810432
1240958107683098624
1240957868305715201
1240824819697975298
1240809221731598337
1240809120992821248
1240808927295672320
1240808005190459397
1240797182870958080
1240796891111137281
1240793546694758400
1240793467183382529
1240792782719107072
1240792355139133440
1240791883917537285
1240780968904077313
1240773764612272128
1240768084400640010
1240763517948608512
1240752974663766016
1240742270158155779
1240736031701426181
1240732792260046858
1240731609566973952
1240729015226372106
1240725194395828224
1240725157192314880
1240722239936438275
1240701171666259968
1240693445259169792
1240691097128452097
1240690012770844673
1240685558591918081
1240684259666464768
1240682816448454656
1240682735326433280
1240682662563545088
1240681273951207436
1240679425416593408
1240678289095577601
1240678268635885568
1240677727096598529
1240677072172875778
1240677060311429122
1240677052862410753
1240676548786577408
1240676052105601024
1240676016898674688
1240647144803106816
1240646582305017858
1240645258142273538
1240644755500994561
1240639039809695744
1240627975458078720
1240627951999373312
1240616660358365186
1240600992548368384
1240595849295605761
1240594278998573057
1240590039156961280
1240590016876875778
1240589510162997249
1240589185062449152
1240588542394458112
1240588521750048768
1240582321226625025
1240445818844450817
1240420730300510208
1240413661165912065
1240412734925217792
1240398447422865408
1240395708680806401
1240390133901414400
1240389690550882311
1240389060058890242
1240369880177807364
1240362208128831488
1240348830547263488
1240338136556806145
1240332811967610882
1240329262307172352
1240329245911629824
1240329183416537088
1240328744327413763
1240326445362302981
1240326274352058376
1240322248499769351
1240312775957716994
1240285244370104320
1240283546549465091
1240278142633349120
1240273380693155840
1240272148419272705
1240269478203723776
1240269354937266176
1240269329704288259
1240269214134538244
1240261686940127232
1240261625497694208
1240261244348706816
1240253833978228736
1240253761580400643
1240244455749402624
1240241197794426880
1240241165615710208
1240240985046728704
1240240631412375553
1240238452186251264
1240238429197271042
1240237639141412864
1240237606794919937
1240235902674309126
1240235272559906816
1240230221330239488
1240228882382557186
1240225640651075591
1240093612915986432
1240092943287037952
1240089963590561793
1240066175893147650
1240061151284789248
1240061069617442818
1240045136945516546
1239997355107254272
1239986932165365760
1239980015506395145
1239975191716843526
1239972577889542145
1239972531039113218
1239972388072067073
1239966463974244357
1239964029885399047
1239962126267092992
1239962001184559109
1239961993173446656
1239961979999195136
1239945827524784128
1239942830254182400
1239941495119056896
1239920438672793602
1239915927476543488
1239914484854120448
1239913646907707392
1239905546104385536
1239904026067697665
1239902671366209536
1239901787445964806
1239892747403833345
1239892400639823872
1239892391286517760
1239892382667231233
1239892375142649863
1239892366078758912
1239892355190267910
1239892346394816512
1239892338354380801
1239892307924705281
1239886217526882304
1239880234134130688
1239880223946084353
1239880216031485952
1239880208146149376
1239880199900147712
1239880193071886337
1239880185408782342
1239880171961946112
1239880154899415041
1239880133617606658
1239880101992501249
1239880063484678151
1239879990176624641
1239879920756625409
1239879895804792832
1239879891115479046
1239875675621916677
1239752599240400902
1239742098259292160
1239731578424696834
1239710533970006016
1239707299561836548
1239693907673395200
1239692617971097612
1239692362818994182
1239692233256861697
1239691848647692295
1239690274110128128
1239689636236197888
1239670295813926913
1239667044100046849
1239666724720566274
1239666531241517056
1239665680938606601
1239658643479498753
1239653365753057280
1239653303174279170
1239641760919322630
1239641736617635840
1239637890843451392
1239637851563851776
1239626853062754306
1239612340284329986
1239612315970023425
1239610222127218691
1239610179148226560
1239599298142253057
1239586681306730497
1239579875029155845
1239579786990751746
1239579777880797185
1239579770469470208
1239579762785468416
1239579756410155010
1239579749623762944
1239579740731834373
1239579728736071683
1239577640639639552
1239577605508083715
1239561549301366785
1239561474613395456
1239558871062122497
1239558835678916610
1239558415686533120
1239558375731613698
1239556582712762371
1239556504501604353
1239556341146009600
1239542808261918720
1239537582775681025
1239537522847494146
1239530041995902981
1239529725573431296
1239529692010557442
1239528302722891778
1239528246858977282
1239523232388087809
1239516850674905088
1239515119199141890
1239515042904715266
1239515028811919368
1239515018347065344
1239515008297586690
1239514999313350656
1239514990412955648
1239514982016040960
1239514972713103360
1239514960352477184
1239514949078171649
1239514939028656128
1239514738176020480
1239508123347492871
1239508086643097601
1239499718658490369
1239499713252151296
1239498257224609792
1239494563124916225
1239488705041256454
1239487690468401152
1239485686128037888
1239485343126171649
1239485312964886528
1239485297752227844
1239484589531373568
1239397894404407297
1239381045587427329
1239365524917760001
1239364496805806081
1239363949876871173
1239334594157084674
1239333718935973888
1239333094085271552
1239317560107155456
1239304072940998657
1239299227790041097
1239289669096964096
1239287358731714561
1239273827491893249
1239210177494224897
1239210165859164162
1239210022959284224
1239209098421428225
1239200028046110731
1239198585276809216
1239194017298034689
1239131455101587456
1238992246051090434
1238991060849827845
1238945666153484293
1238881672260653057
1238850700261699584
1238826956768116741
1238826880037523457
1238681035518459910
1238680544491208704
1238675626351104000
1238675549372977153
1238673074448457728
1238672738560159745
1238672636084989953
1238672628547796992
1238672620716883969
1238672614173933568
1238672605500055554
1238672598139092992
1238672591080079360
1238672582901149696
1238672564878290944
1238672487791169536
1238650655193128960
1238636341635710977
1238603386662125568
1238603250284314624
1238603227865788416
1238603178750480384
1238601219532259328
1238599709205450752
1238548301693231106
1238499969855901698
1238495308008558594
1238442155716288512
1238434471759798273
1238285334871490562
1238253033412313089
1238240871633620993
1238235523853975552
1238233628330676225
1238219077547671552
1238212512203649027
1238199247759183872
1238179885937561601
1238178230332461065
