1285774555987017728
1285651167515684875
1285629085146849280
1285422026379997184
1285422024786051072
1285417627649748996
1285399998927187969
1285305588021428224
1284563128055926789
1284563125904322561
1283425718026854402
1283180811777441794
1283170522591895553
1283170520838606851
1282867533813620737
1282804172182749184
1282755629438959616
1282732132855689221
1282732132016807938
1280981284236468224
1280938669134811136
1280870033162461185
1280683038742118405
1280668230399524864
1280607615119130624
1280542413484896261
1280251643615948806
1279951820643872768
1279563530136666112
1279546745475776513
1279450307852976130
1278807020968259584
1278772425220591616
1278479072482467841
1278479070720909315
1278084742144053254
1278072405613838336
1277711150390673408
1277674793173766145
1276561930916937728
1276561164625903621
1276511735877435392
1276339715709550594
1276299300734189574
1275535832242364417
1275535830849855489
1275531646662565889
1275531645890768901
1275531645051899907
1275529342550970374
1275119371782950913
1274782096612081664
1274780327769235459
1274007295777804289
1273993939046055937
1273993937443868678
1273745309928218624
1273710085630541824
1273637935825522690
1273395650269450241
1273304443220615168
1273072900610891776
1273065173872447488
1273049374541721601
1273015527477334017
1272929020838019074
1272651367019134978
1272606261595590659
1272244820346535937
1272244626020274179
1271564004046114818
1271563319938355200
1271157031676887043
1270478109016457217
1270048311031009285
1270043467419435009
1269401531813593089
1269006837103411201
1269000821724848128
1268984697947914244
1268984696999940099
1268984694835744769
1268728125720051716
1268698030708084737
1268698029768486914
1268679684826554378
1268679682775486464
1268648533483302912
1268614842702721024
1268398847203696645
1268326004931604482
1268306826086531076
1267999695118438400
1267987076382851072
1267963256116838400
1267963255403790336
1267860334343315464
1267615952725856256
1267546290948276224
1267265080066019328
1267264983521529856
1267235201282957312
1267235199282286594
1266536010290212866
1266476092388450309
1266467372774424578
1266467371042123776
1266458230747734017
1266458171847184384
1266458089529712644
1266183525436456960
1266106681223778305
1265773748466180097
1265454713803345920
1265435562342846465
1265435561134903298
1265408736648183808
1265408733724717063
1264925162505490436
1264651447519580161
1264347601136214017
1263590067911577600
1263492827473944576
1263227842873229313
1263224600663601154
1263121340447559684
1262926235388317697
1262911131875708937
1262845596077080581
1262809791405199361
1262485757924605952
1262191627298316288
1261787463946768384
1261695949077975041
1261416216343777282
1261416215546933253
1261416214728970241
1261402971667140609
1261388559820353536
1261388528828571649
1261326301543227394
1261300685410369536
1261046897827033089
1260997949934505985
1260997948529422337
1260997947359145985
1260997946579058689
1260997945836650498
1260371196329132032
1260329013316390913
1260294317249310720
1260272348499980289
1259949046812356608
1258827139266285570
1258793126321442818
1258552907949113348
1258527029030346753
1258527027608514561
1258456522981597184
1258072308582879233
1257852616501071873
1257837539425124352
1257811880741089281
1257740307753467905
1257444144135495682
1257015231169077249
1256314366627999744
1255983845423357952
1255879141741727745
1255531413929148424
1255174070859161601
1254939961599692802
1254907318854193153
1254891194494128128
1254891192971669506
1254473245165748224
1254458242081738754
1254057713199394817
1253874227209539584
1253820100576231425
1253779209090146306
1253762145503846400
1253475449671503873
1253457138351058947
1253407214892654593
1253115397655715840
1253000705457225728
1252801419889033217
1252801418668519424
1252671725789200385
1252607124162691073
1252311100395315201
1251294207844790277
1251238510440349696
1251215226407661574
1250890554151501825
1250889480409624581
1250889111700987909
1250880917947781120
1250570288254914560
1250543976156971009
1250446823677988868
1250249364976566272
1250153234787979264
1249761610383724545
1249443740369981442
1249093591579930624
1248757230679326720
1248739102977150977
1248739101475516421
1248703890377367552
1248656912561983489
1248443702315569152
1248026635359657996
1248026634386640896
1248013339499741184
1248002994160926726
1247911318478295040
1247903651034619906
1247705778271727616
1247690802408697856
1247647359871393795
1247616714977624065
1247593404567031809
1247569864807636992
1247558400138977281
1247340508734783488
1247322866225418240
1247300513068134401
1247272722977128448
1247223220031434756
1247195052335673344
1246953881558552592
1246933895041482755
1246933285802070018
1246653130173005831
1246568974084603904
1246558609003200520
1246462694305210370
1246460247117574147
1246284763264155649
1246181991114059776
1246155486027792388
1246155482974298114
1245933714426585088
1245875781940715530
1245799446463410181
1245776781635878913
1245776780142825473
1245491731619024917
1245191690278887425
1245169162919579656
1245153996999983104
1245084245359501313
1244786040612761604
1244401803292299276
1243967845043748865
1243657150708232194
1243621094495596551
1243621093610532875
1243621092721336321
1243341476282671111
1242977028846084096
1242969060314361856
1242909261434425357
1242890749462618117
1242870334761635840
1242831329860956160
1242831328866971654
1242831328162299904
1242571115576332289
1242542243409530881
1242542242327408640
1242542241257787393
1242542240393834497
1242542239374589953
1242542238359523330
1242234500903587840
1242213636313100289
1241871868895924224
1241560425331855360
1241475844155101186
1241457536701796356
1240751409353707521
1240751404857339904
1240727013046001671
1240692377305505792
1240675804184485889
1240420514327408642
1239949854702317570
1239932191129374720
1239609268971671552
1239609266073489409
1239609265008128001
1239609262617264129
1238708640179269632
1238576521889136643
1238576520475619332
1238512946445254663
1238512945140768768
1238512941684666370
1238230221192679425
1237783928574038017
1237500884214525952
1237472736508874755
1237120631134720008
1237079693448351744
1237046605892800517
1236717285353676801
1235652690186776577
1235295171203432454
1235293791927644161
1235251799197700096
1234975788597829632
1234940011381960705
1234657558310330369
1234624713395228673
1234314866963501056
1233579388094091264
1233490388503158791
1233400785444261889
1233400470988820486
1233399371754065920
1233078032325197824
1232768328558632961
1232768326461513737
1232057382798331904
1231720012731363328
1231279186603626497
1230960698479513601
1230915116922810368
1230590406628433929
1228513016716677120
1228406290986172416
1228398466856103937
1228372048814202880
1228027315524972545
1227998263548293126
1227686231439527940
1227628620291678208
1226990728150159360
1225845678309617666
1225574501255196673
1225570482998652928
1225513887631540226
1225270177010536449
1225270176104538112
1225270175194329088
1224907244820729857
1224895664997457926
1224894549056794629
1224890145872261127
1224887849562136577
1224885573724397568
1224884417337929729
1224882336489254912
1224880797997522944
1224880184416927744
1224880014937743361
1224877498778996741
1224838283496230913
1224787703071494145
1224555563847208961
1224484316463468544
1224449087350562816
1223726023210041352
1223695010731905024
