1286015079046164480
1286011162962866178
1285949258710028289
1285930628802908160
1285728128569147396
1285728127839240193
1285728126505558017
1285728125779927041
1285322629767987200
1285248598222012417
1285231061321027585
1284480904551780353
1283874055947517952
1283869995743813633
1283522357022404608
1283507993305374720
1283477220267307009
1283455781342511105
1283429869284741121
1283427308901216259
1283409932965023745
1283400524931489793
1283151753266044929
1283151356015108096
1283064244565676038
1283025338101116930
1282783770135977986
1282781187107414016
1282755331819474945
1282473527103361024
1281702450664284162
1281644379321634816
1281585829454979072
1281368124336545793
1281368122428215297
1281329791665410050
1281329774602878978
1281308208687128580
1281300585988468739
1281300370011099138
1281235367702794242
1280504251677106185
1280243757124915203
1280239617577541632
1279422820313894912
1278743065939845123
1278482066703822848
1278429213503209472
1278064823050416128
1278064822198902785
1278064821267808266
1278041109470609409
1278018603883913218
1277712822185721857
1277712007001669641
1277687819138449408
1277675275996758016
1277624261717491712
1277317178165952512
1276641209331658752
1276627806068314117
1276576262388097026
1276335888545525761
1276264657033015296
1276264367814840321
1276227981736841216
1276217210030227457
1276208978725306370
1276208567301931014
1276208257019842565
1275984536120238080
1275535301126098946
1274774182522425344
1273977096994541568
1273322976008712192
1273311475155771396
1273264339294851072
1272590645874642947
1272165767472177152
1271551755122364416
1271510232691290113
1271474173282574336
1271409491247009792
1271135275188617219
1271115000162258944
1270832525519323137
1270810758327218176
1270798094767206400
1270787439020388361
1270351907190693889
1269992118195572745
1268639141517983756
1268554293205925888
1268542652296900612
1268542564732461056
1268535099827662848
1268252610198462466
1268190565721661440
1267938996946173959
1267938996283465730
1267938995545260033
1267562872349044741
1267561258435444738
1267480173785616384
1267480055455920130
1266470612308033538
1266468791543873543
1266462132461281289
1266394420938768387
1266100741623754753
1266096340934823936
1266042698902974468
1265706427382972417
1265658645200744449
1265647296282312706
1264907607438917632
1263878816348454917
1263526110018646017
1263506226677235713
1263490714211700736
1263226290582290437
1263192423909470208
1262889296731811840
1262481766641799169
1262463163057963009
1262443729350201344
1261485654640340992
1261403586749136896
1261333876040962049
1261331651067547648
1261316199922782208
1260671933139607554
1260616087663792128
1260615185238237191
1260564468771192834
1260299815809933313
1260295438340587522
1259923043926921222
1259849658656010242
1259635929473564675
1258824740912889865
1258480026779037696
1258470702161805320
1258109368370958336
1258056440977207296
1258047687049523201
1257694596974469121
1257423583275560960
1257307000502976512
1257306999131271168
1257306996606332930
1256297850675363850
1256248496916770819
1255990724505591809
1255989822113681411
1255971729987559426
1255949685707210753
1255877307325124608
1255550827021950986
1255517516417335297
1255510925643218949
1255170642321846274
1254868010537553923
1254865238463135745
1254856892108677122
1254833648018350082
1254817199614820353
1254778266096812032
1253755980648677376
1253748676222242817
1253730024743632896
1253727062587781121
1253692302360555525
1253653996742619136
1253502273780662273
1253462396561227778
1253458938315575297
1253456125044969479
1253404073040113665
1253388033891631104
1253073185299402753
1253015540987310081
1252998335851646978
1252981603569205253
1252973907465908226
1252725571307610114
1252708828359135236
1252684886898507782
1252684886068076548
1252684884184829952
1252663136831918080
1252606909296914432
1252606731202580480
1252598081700483072
1252259175494758400
1252247105789362179
1251263431640047619
1251256076839849985
1251252976603279368
1251218576960368640
1251218118296457216
1251154299368820738
1251149640738594820
1250778813258235904
1250481044865851393
1250440138351509516
1250439815524311045
1250230033895108611
1250196469908475906
1250166717042565120
1250160338080841728
1250136891783098368
1250125579376001026
1249798667093061634
1249707122872500227
1249692793813024770
1249420434904358913
1248720629416722432
1248720192722657280
1248314125043650563
1248209258111315968
1247898536995205122
1247893677579489282
1247829005098782727
1247628335040983040
1247543280805367808
1247543211624501251
1247462721357877250
1247274750646185984
1247226339985219585
1247215972446076930
1247215971661680647
1247210822113222661
1247089175569911810
1246029773480046593
1245819724669300739
1245778809921703938
1245771837679841281
1245712197529075712
1245707482258948097
1245427942315847680
1245418600665473030
1245418429890232322
1245268628976492544
1245042406044717061
1244778079962226690
1244691411146092548
1244685842725175297
1244460975341830144
1244460494536216588
1243990137702359040
1243609230579466240
1243602090804609032
1243555804193660930
1243241332023443458
1242854833142497280
1242854812192051201
1242854750133129220
1242840859306942464
1242840820987891713
1242515872251600898
1242460528624140288
1242193445286010892
1242148404702195722
1241915725540929536
1241429135060275200
1241130337213853696
1241066657340100608
1241010044516347904
1240995172768518145
1240728968933847049
1240721614641168385
1240657947706998784
1240317689043783680
1240283946291728385
1240279342418145281
1239993291896217600
1239944112196980744
1239942748129628166
1239927042612789248
1238594988763762692
1238474956725501953
1238223970224222209
1237857031458967563
1237845600856469506
1237800047154266112
1237757624915046400
1237493465283526660
1237477752170782720
1237410392269295617
1237407605804478464
1237405817483268096
1237115659580047363
1236062770350772225
1236026454380605440
1236013992612683785
1235613137946243072
1235610217066397696
1235591174242500608
1235320484209848326
1234934656283414535
1234632667158794242
1233511959674392576
1233487816677642242
1233449349889351681
1233423242892804098
1233152627443208194
1233151781473046530
1233136043504869376
1233091629730410497
1233035448500604936
1232746509088776193
1232345807237664769
1232316087137689600
1230931277504753664
1230931201176764417
1230589637888008195
1230157153291427840
1228385801001721857
1228358613879664641
1228334518987259907
1228136993512665088
1228123097145978882
1228093075890765824
1228061524364840960
1228061044716822543
1228045320258453504
1227985642161872897
1227652112185733120
1227417072927416321
1227414133911511040
1227320334208163840
1227203542915698695
1226935605726150656
1226932293534654465
1226922480612335623
1226127792082997248
1225976947013976065
1225968870000930817
1225947950423191564
1225903563341279240
1225886570768715777
1225886569447460864
1225815212458205184
1225493818709102593
1225150216581545984
1225149528778715137
1225072626009280512
1225068754402512896
1224788837936914432
1223701512284753929
