1286032081903071234
1285625425721532419
1285625424379351040
1284466869404160000
1284210270240411649
1283158910065676290
1283133292083118080
1283094832387371010
1281321573232844804
1281253652624261122
1280933735198855169
1279413032670556160
1278442641374486531
1278091068953812993
1276615041534636032
1276313434687180801
1274711261016666112
1273963159682981895
1273721503645937670
1273696367995760640
1273319627997798403
1273308252441317378
1272887721816662018
1272546066647396353
1270745092752539651
1270037349385281539
1268345906606243847
1267887463948865543
1265817470620835842
1265338545587265537
1263876972398157825
1263549532752744448
1263188585882308608
1263095460610355202
1262769890215317504
1261697053052329988
1260632179375329280
1260320884222541829
1259519287238316033
1258824462931197953
1258807143634960384
1258476845651177475
1258086986482622468
1258086985316683778
1258043215820791808
1257778456219324420
1257723189746155523
1257390891515420672
1256262867084509186
1255954460553117702
1255573180544098304
1255206575935021060
1255206575083487235
1255175527964520450
1252965717751848960
1252681846112030722
1252681845055070209
1252675479699623938
1252366588906336261
1251241556432035842
1250891804947480577
1250451691117445121
1249769412309200900
1249313316180295681
1248998343013027840
1248690741741793280
1248308554647379971
1247976163458375680
1247536348661026816
1247247912012099586
1246828554366726144
1246122923208912897
1245770260868993026
1245770259963011072
1245425692373856257
1245422158483828743
1245422157007552512
1245379140695535616
1245050994666409993
1245039264372371458
1245033655346528263
1244723740946071554
1244677749446447105
1244615181860245504
1244362913776885761
1244027987382722562
1243610684048490497
1243289165434929154
1242932695484764160
1242464812858212352
1242464024706441223
1242190891802124289
1242101983277957121
1241808711133298692
1241405331269398529
1240995551149162497
1240745322353229824
1240385873969061893
1239690969647325189
1238117767292899329
1237024831587135490
1236818984831418371
1236747575224676354
1236006102791327744
1235652474729402368
1234495964796325889
1233159928879157248
1232744362884390912
1228074225530998785
1227992238401183745
1227619598910001153
