1286007351984570368
1285998042470969344
1285990239274561536
1285984780329406465
1285984779662430214
1285984778962055175
1285943176784687104
1285943175811665924
1285937339185987586
1285644847383293953
1285608356258906116
1285247521598644224
1285241045672955906
1284540939373998081
1284522568376971264
1284507469016780800
1284492360563462145
1284438282252713988
1284432902810476544
1284289002569445376
1284242165745491969
1284197167628988418
1284168528074080257
1283837709392510977
1283822698641215490
1283817204472074248
1283806186245160960
1283775090669359105
1283462301505458180
1283451992514400262
1283415498257039365
1283072408635740160
1282790875802804230
1282756918449188865
1282738183369830400
1282369503121350656
1281952899430580224
1281655003392798720
1281635874132963328
1281312919167406081
1281302853286391808
1281290018418577414
1280930354283544581
1280877828049952770
1280530254684135425
1280523661192069121
1280514386172542976
1280490444858839041
1280203464161792001
1279780823928057857
1279408872948748293
1279113929772449793
1279055544834068481
1278754058350837763
1278730421501595648
1278710452919447552
1278694919004213248
1278454806429028352
1278454805451718656
1278454803841060865
1278410545264128000
1278401254318841856
1278085906927284224
1278062920870572033
1278053594449809413
1277965852235624452
1277954288430579719
1277950940415430656
1277725358759051269
1277703379163262977
1277672901743980546
1277639058580267008
1277310798231191555
1277282612462211074
1277261565738311680
1277256850132602881
1276928239970201601
1276621506554949632
1276601684446363648
1276590750097121280
1276567638563524608
1276555958366490626
1276346711296917507
1276276861367132161
1276276859953610757
1276256772630679560
1276252382838558721
1276207557871382528
1275916074484187137
1275907066272636936
1275896481128611847
1275882134540976128
1275874360058884098
1275807530573344771
1275550506342023170
1275514132184383488
1275191368713998339
1275162784943280129
1275127801700593666
1274784904455188480
1274738851144065024
1274676691449729025
1274394331084918784
1274332674627448833
1274077409999048708
1274045141012099072
1273979911682887680
1273979910802071558
1273727320780615680
1273701606958215172
1273679542541049858
1273669719355244544
1273648312026107904
1273634451696898048
1273362044042035200
1273327274083921920
1273324504966627330
1273309837313609728
1273289424890220547
1273260159482068992
1272968829782630401
1272892261278367751
1272889066279796747
1272610398248845312
1272591998013378560
1272579050230427650
1272579049139953667
1272223526980923393
1272172099512217600
1271873218698067968
1271833204857733124
1271795060150095875
1271549212166172672
1271546672905170944
1271504797783523328
1271484369425874944
1271476311823917056
1271427979751706625
1271182224818348035
1271119209804808200
1271102740442333186
1271091675323084801
1271054322755911681
1270928503941279744
1270806785708916736
1270705577224810496
1270395137777115138
1270046984007831552
1270040308978458629
1269985781852110849
1269698388150243328
1269637739256766464
1269304542916558849
1269281138603745280
1269245906609725442
1268995185037508611
1268946623930998784
1268909031093133314
1268650986416959488
1268632135126200320
1268632134400516098
1268536267580506112
1268296040777728001
1268235349018513414
1267933665985732613
1267850448809197570
1267828347561639939
1267560766313463810
1267516108350861317
1267480183482855424
1267078877668691969
1266853300596543489
1266782172267966465
1266714727998095361
1266505348560666624
1266495911225692160
1266495910470733824
1266495909577338883
1266445518152007680
1266387411619188741
1266362479547990016
1266040920400711683
1265693892994895874
1265299665001603073
1265285090684305408
1264979548388630531
1264885172664557568
1264595262410031113
1264545433935687681
1264292869667524608
1264215761716944899
1264171722271371264
1263904354127556613
1263904351690592256
1263866956681265159
1263823381616607232
1263575903872917504
1263552643038711808
1263538018671112193
1263459803340423170
1263203111335755778
1263143013133541377
1263140263888855041
1263134241224749056
1263122527083167745
1262851401388089347
1262834096012775426
1262769396474417153
1262756873603657730
1262730389556207620
1262446393278582785
1262446392167084066
1262446387150688262
1262042944606855169
1261653510048841728
1261475715310116870
1261475714437656582
1261475712772591616
1261369003425124355
1261320113711714305
1261001582667116545
1260985306683256832
1260643972512276481
1260643971585302529
1260553722381426696
1260547491931525121
1260227638569943041
1259928847987945472
1259481562644729857
1259191153213100032
1259186152315195393
1259112132634914817
1258860291783262209
1258850671547293696
1258795282940203010
1258504938654773248
1258441551157526528
1258113201528504320
1258045965904359424
1257779111675789314
1257732872678539264
1257649998474313730
1257453202720595969
1257446195187929090
1257321335513993218
1257318901467119618
1257021458800357376
1256989509033525249
1256626439543275520
1256350938434080768
1256337347488002049
1256276294448361474
1256247963174809600
1255937905492733964
1255858692165165056
1255611936185729026
1255580864316157953
1255568281332842502
1255514629586980864
1255187522952605696
1255151954034032640
1255138336936607744
1255130566556606465
1254893837509693440
1254878446691536897
1254841781977526273
1254754850216255488
1254471806376906753
1254409900798566402
1254135637151793153
1254109569015521288
1254081987733860352
1254061175844765696
1253398236339060737
1253316457187901451
1253051637851131906
1253027446594691072
1253024518806949890
1253004137484234754
1252759402869854209
1252754681136386049
1252682641331101697
1252363404993425408
1252301095424098307
1252301094555959297
1252240695777263617
1251954468863655936
1251904137798627330
1251650465588109313
1251640446306193423
1251236057619857410
1251216346777628672
1250856640498237440
1250819402720776192
1250789390097559553
1250776530676060160
1250524433359548422
1250475602571919361
1250444892725272576
1250407117485494274
1250407116713713667
1250171410321989642
1250114620746092545
1250107534473605120
1250107533630504962
1249780645032648704
1249717982357405696
1249683756488818690
1249307527755501569
1249056372567748609
1248965272351850496
1248692726398431232
1248641986577530888
1248419454230212608
1248368346753642499
1248321906874425344
1248302548353724417
1248282563355054081
1248261738165870594
1248239476763172864
1248016017500114944
1247963986261409802
1247959332823666688
1247921562629681152
1247877352798879744
1247653629634412546
1247636112820051971
1247575469215662080
1247506409555623937
1247290990098087945
1247276798485897217
1246905197965819908
1246868204477087744
1246834985333428224
1246796481677459458
1246524187482734599
1246492226693128192
1246471339332063233
1246461317537505283
1246135679395954689
1246128888612356097
1246096479007256578
1245806203227209732
1245790180600172547
1245790174103117826
1245756102832263170
1245756091771863042
1245740395356708874
1245739770866794501
1245444163925139457
1245418449406435335
1245097285098377220
1245085835717984257
1244761321310126080
1244752439271665664
1244638794256732160
1243949283730247680
1243666039063314433
1243586082161283073
1243573591389634562
1243257579721183235
1243210494237978628
1242826617153519616
1242568244168478720
1242562051865817089
1242476351938088962
1242241175999971329
1242198229707567105
1242148025969119238
1242129876485890048
1241728296146083841
1241445490547441670
1241378481277206528
1241108853170802690
1240998171637096455
1240762717658656769
1240747725928509441
1240711549565706240
1240692690557100036
1240659093574094848
1240361649690853376
1240338642985508871
1240091171612958721
1240035680392286208
1239984040561840128
1239964509235634176
1239960662438285312
1239663657765810176
1239663654817193988
1239583007637483522
1239583006999928833
1239583006299500545
1238969401778503680
1238882584861368320
1238846883910561794
1238696866474266624
1238695791029559296
1238695790081642496
1238574753927114752
1238477326670868480
1238447703861968896
1238228614824460289
1238216501481668608
1238216484922540037
1238216459169431553
1238216395609047047
1238212917591445505
1238211562797780992
1237859074844180482
1237759068024049664
1237516952865632256
1237004111314407424
1236822421103153155
1236719330609393664
1236629488655650816
1236321207575891969
1236310506836758528
1236310505641463808
1236039299860238336
1235683505327108096
1235675616944496640
1235324755831640065
1235275485279592449
1234961208698077190
1234927908650725376
1234926154726940678
1234590604891447296
1234590603587063809
1234590602622271495
1234572130559365122
1234546403906654209
1234486295189245952
1234211253943513093
1233803115087843329
1233756558170914816
1233517231213928448
1233495131099189250
1233491210708365312
1233396034925142019
1233175376425365506
1232878684786302977
1232836216401383425
1232827053071912960
1232784972949401600
1232743633792581632
1232728850548830209
1232705146150408192
1232399161603100679
1232373077327122432
1231665278116749313
1231599343842385921
1231388304131723266
1231280996114292736
1231245008889511937
1230892379441377282
1230613680192151553
1230254196265496581
1229815950926635009
1229815946501672962
1229788017742794753
1229771182318198785
1229420990414737408
1229074456817041412
1228757870537146368
1228683883224322048
1228431451399557122
1228422330944294913
1228400489819234304
1228109002950746113
1228109001877008385
1228109000090300416
1228077638738153472
1228070506986921984
1228070503694372864
1228023872454381572
1227997014002151431
1227997012697722881
1227997011326230528
1227282146932424704
1227275025541144576
1227239105190408192
1226888559115800578
1226657327643865088
1226657318240169989
1226657315534856192
1226590777238794245
1226575720643731459
1226270443054751745
1226270429943341056
1225909906127163397
1225524943561072640
1225508890646843392
1225498141518114816
1225469735040581633
1225114062649950209
1225074604324073477
1224907716453392389
1224907714909917185
1224790227140644864
1224770969534967808
1224756095660576776
1224690318764756993
1224451551084736514
1224319692480942080
1223970827726721025
1223603154874355712
