1286046184314986498
1285926849235824643
1285642149699125252
1285576566316183552
1285327910316933121
1285254004981878784
1284993579144876033
1284647567599505408
1284337358771490816
1284122470589571073
1283815997514952706
1283749815218839553
1283392510170144769
1283352069475389443
1283140240769798145
1283062911745884160
1283026444499681281
1282753238568177665
1282367872870817792
1281695854710198272
1281589707995062273
1281335432240930818
1281244306242748422
1281219600621993994
1280941960912678914
1280941959792730113
1280941958224060416
1280941956680613891
1280910358216138752
1280899541613641733
1280862746377097216
1280847876416036864
1280676726796881921
1280615296886284290
1280501598259683335
1280312380287827968
1280261555142168577
1280182277188845568
1280181724232790017
1280148025038553088
1279914167735136257
1279746857493770240
1279436801166454786
1279427993773973505
1279031717500682246
1278791976750657537
1278710046977921024
1278697871773220866
1278415168318431234
1278340364013834240
1278099826727620610
1277979886255300608
1277716351990128640
1277593263353073666
1277257472110145538
1276881481982451714
1276655860027138048
1276617685275742209
1276581570829262848
1276320696998780928
1276169227276296192
1275828435932393479
1275551154781421569
1275434889395834881
1275146750119096334
1275094499514028032
1275062754303492096
1275045756576108545
1274736998188793856
1274378008514748423
1274086165012975618
1274025692582367232
1274021262306750467
1274020960459464705
1274020787482132481
1274020682633031680
1274020487375605763
1273985295181131776
1273747950813020161
1273634399859466240
1273342082841751552
1273305210383892486
1273269385948528640
1272921825039826944
1272641663677202434
1272536150025080833
1272364266817978369
1272178950823870467
1271788894812549127
1271472272197459971
1271168132246310913
1271138630933917696
1271097965957038081
1270845598896357377
1270789559551492096
1270707036708372480
1270482208768380929
1270448049664507904
1270397630078767106
1270112616283865088
1270047220096794625
1269735553987207169
1269663006432137217
1269385240797216769
1269039525495541775
1268939433711144972
1268924492962762753
1268594133813379079
1268186183907127298
1267854427685302274
1267851305931988992
1267464357505642497
1267233653748314112
1266465833892659200
1265847491456569344
1265713637605486592
1265688880847650816
1265641715203014657
1265325010073378816
1265319984294776843
1264898768962490368
1264564155996086278
1264564146735063040
1264199567102246912
1263895032622350347
1263620728655667200
1263463841515667457
1263463397313691648
1263196894400065536
1262893933882998784
1262487137305399296
1262462968433967104
1262108541785169922
1261348785755652097
1260990263079600131
1260586033927917568
1260284296264396802
1260222258800398338
1259887474651865089
1259249884726779905
1259249883103584258
1258767265132134400
1258419462648324102
1258391616148160514
1258389861117112321
1258124883999043586
1258008733763993601
1257352631309217797
1257317988908191746
1257001288388227075
1256263937315790850
1255965863410368514
1255508705392689159
1255134527128629248
1254850377788329991
1254115926083067905
1253779114588282881
1253414568098795522
1253060692560789510
1252605771675774976
1252288781224419329
1251901026338312196
1251227518755012608
1251200508997623809
1250825839442305025
1250526982514905088
1250494759803781120
1250135779755593728
1250046497456033792
1249837797529264128
1249696635963260929
1249375824480010240
1248613013592006658
1248491739083489281
1248374047580114947
1248365329534857216
1248100296313778183
1247956423142780929
1247913094627635203
1247868427773100039
1247691552379502592
1247641489712259072
1247569405392928768
1247284616391806984
1246798587469729792
1246551299648258050
1246203475765182464
1246177291689955330
1246172657541922820
1246129973926211586
1246055947010748416
1245854242440491009
1245519752606494720
1245386492316463105
1245342261044486144
1245109073000960001
1245044536394551298
1244749045291274242
1244742350154485768
1244700815652053001
1244014962911129600
1243986902467981314
1243902264433147904
1243725362485514243
1243619875584688132
1243512996074266624
1243344123643518976
1243241126221557766
1242845787563974656
1242786301440638976
1242502811734196224
1242175013849096192
1242099819298127872
1242099818522120192
1242099817662361600
1242099816706052099
1242099814705377280
1241795207571570688
1241153047243390987
1241045434342219776
1240415995417833475
1240399075746381824
1240310284851519494
1240077933772967936
1240009923779391488
1239988094545408002
1239962895443619849
1239656898959458306
1239641623493062656
1239636364485853186
1239392358875172864
1239372748192993281
1239324192216096768
1239202741290926080
1238869217149100032
1238590774977183744
1238528711345033217
1238514990300225537
1238479258785402880
1238165296671862785
1237888756461342724
1237823126173605888
1237573464631816192
1237392732047331329
1237057591647363073
1237018073342840832
1236759963550257160
1236759962371739648
1236759959578296320
1236759957074251777
1236751363905859585
1235677143494840320
1235313521031819265
1235069085827948544
1235062815137951744
1234577381945462786
1234102605657395200
1234100162257137665
1233427275263152129
1233060896777351168
1232690549699813376
1232319527813369857
1232025355201978369
1231967147313827841
1231658769341386753
1231322003405201409
1230948563896676357
1230944117087182848
1230612949896744961
1230144775468310529
1229813240143720450
1229553633886375936
1229140851839946752
1229086595128623105
1228808709326983169
1228465013968470016
1228396695681146880
1228341444496232448
1228044778446741504
1228023792229810176
1227708375728840704
1227617330835939328
1227444309592547332
1227259027832352768
1226919425099653120
1225923462134456321
1225548064548630529
1225468511704748032
1225149635192377345
1224784117235093505
1224707434788335616
