1286052974788251651
1285594969546338305
1285558688678391808
1285287730629484544
1285260589531635712
1284465320162471938
1284154054680223747
1284152551223500800
1283929507435618305
1283875997423669255
1283788109453430789
1283535605155205122
1283448209487081484
1283396884292423680
1283387463000559617
1283145924399828994
1282713145920892934
1282398207209766913
1282039762770165760
1281749091303731202
1281746550268538880
1281742554971635718
1281713269863047170
1281342097963048960
1281297841017614336
1281282435976704002
1281256416993587200
1281241345105985537
1280949802193338369
1280925753601908737
1280914950265937921
1280881380629590016
1280664397455622145
1280641099586035712
1280606336309440517
1280589956868694017
1280511491863728134
1280276988792578051
1280232386123489281
1280170319341400064
1280131279061766145
1279439243098697734
1278800121581445120
1278753732558303232
1278726412090986496
1278721025891500043
1278706676523294720
1278680755909136384
1278675073134735362
1278674614084939777
1278523638275362816
1278497522105888768
1278449544271933440
1278304688409059329
1278109836325064704
1278109099847286789
1277949605968326656
1277704059995205632
1277617789562470401
1277617048445685763
1276927154920607744
1276913989516169226
1276554652197273600
1276516019780161536
1276502615782821888
1276248318457401346
1276156341640462337
1275873375223787520
1275469082960244737
1274509223993528323
1274338834449403912
1274334928176586755
1274191219711782915
1274122722625421314
1274110894918811650
1274019031973007360
1274007965671063558
1273751457158832128
1273619990843920385
1273616254230822918
1273348263710769156
1273324297927430147
1273316689954906112
1273283970285948930
1273269867475611648
1272965589368266752
1272924902526537731
1272908277412741121
1272553624489648128
1272553459502534664
1272532108196622337
1272528793912164353
1272528793085923328
1272220386810302465
1271939344698408960
1271543614561308672
1271540464395718656
1271504458191646720
1271247173712297986
1271231159897337864
1271186500919734275
1271171295397453824
1271171294495637504
1271171293606555655
1271171292721491968
1270756958036004866
1270710839067185152
1270710599404662785
1270393208250523648
1270370478109200384
1270042615510183938
1270001609376964608
1269768997081436160
1269620552643350529
1269317652721405952
1269291352321294342
1268991945491337217
1268981342638915585
1268723409443262468
1268658245792645122
1268614223208173568
1268598039205294081
1268588127918133248
1268585414660669441
1268585413918298113
1268585413138157568
1268585412257132544
1268585411279978498
1268585410558656513
1268585409757491202
1268585409132613635
1268585408289558541
1268585407555436546
1268561100003573760
1268356647946194945
1268316918668288001
1268307092202536963
1268249900703154180
1268247955435335681
1268180221162934273
1267938288620449792
1267936509728108550
1267904714143924224
1267871254998106115
1267863787018870784
1267819644120756224
1267803728083660801
1267618398927798273
1267600864300204040
1267528717888299011
1267512635966308354
1267490201498275840
1267178675008688128
1267062525658632192
1266456910162792448
1266453933322579969
1266334393548681217
1266094761842221057
1266056900417912833
1266049250640756737
1266029988060573697
1265837577174687746
1265837355543511040
1265684120992088067
1265677884775170048
1265656889112694786
1265630963800907777
1265405853630443520
1265401825005535236
1265400591741837312
1265386879463182337
1265270540178272256
1264940292299534337
1264939086244130816
1264331257829298176
1264282102079598595
1263923790695759873
1263875992336171009
1263864160925949960
1263855597927256065
1263851693407641600
1263578841382940674
1263563184390225933
1263539725706637318
1263495700551282691
1263494494231683072
1263489707406696448
1263185454045814788
1263184306509418498
1263097684736573442
1262903081857093633
1262830217703325700
1262801208345059329
1262766974842687489
1262740813953429506
1262485350804533250
1262412224385232896
1262398960565727240
1262098095543848967
1261773179451658241
1261485504677195776
1261402366588235777
1261387997389287425
1261344562196299779
1261006445723648000
1260960707337687040
1260946262100189184
1260937934775123968
1260277373670473728
1260277372902871040
1260266444060852227
1260266307225817088
1260266188820615172
1260252248778723337
1260252248074051586
1260252247168081920
1260223790342180866
1260220569875877890
1260219977149419520
1260195751415754752
1259937879238811648
1259528315360215040
1258876252812906498
1258840124454055936
1258812865315835905
1258555924341575680
1258506702250360832
1258200495031754753
1258165048721190913
1258127450137137152
1258117462387822594
1258058118254247937
1257775713010307073
1257747878711373830
1257722948330442756
1257405151750602758
1256305180376592386
1256280762883756037
1256254509216673792
1256248078509768704
1256203848856846337
1255970462225567744
1255956992113377290
1255952918638931974
1255931553626161152
1255906456915902465
1255596357420802050
1255583972979085313
1255583414700441602
1255546809335808008
1255544414878998531
1255528842661449728
1255502802727636993
1255196266360905729
1255189762803195904
1255148329672929280
1255125763214446593
1254840803857440773
1254789288941596674
1254788577780588553
1254406776654630914
1254037591629979648
1253740712350318592
1253722528037642241
1253685025293426689
1253464950036709378
1253390702223986688
1253381180541583361
1253339868735758339
1253094858316812291
1253094857343721472
1253013188779655169
1252999545023344640
1252982084492234752
1252941621576060929
1252939569600888832
1252918960670027778
1252755725757173760
1252708715901452288
1252677750852370432
1252613597181743111
1252606093253054470
1252590620645998594
1252590543785394176
1252357945070764033
1252348669178724355
1252317591147810816
1252308307110436865
1252300037046091781
1252300035796152320
1251141370905010176
1251137426237591552
1250882483056500742
1250834670410960896
1250821816899244036
1250773330707263488
1250486637014003712
1250482497441447941
1250456441888088070
1250420422421643264
1250396594865913856
1250241314895126530
1250159837339680775
1250069432392704000
1249831433830621184
1249797955437187075
1249770437002686465
1249767073301004296
1249760388813643776
1249747290073583616
1249721587663855616
1249711206526566400
1249520449584869377
1249430298309398528
1249404910917029889
1249396430416097283
1249393598564573184
1249384904024109061
1249355087316758530
1249110327809036289
1249098196187414529
1249075503107112962
1249027180215984128
1248773168535404545
1248717578861764609
1248708719350886401
1248691600835960832
1248664358273638400
1248624294407491592
1248349242609094657
1248334335658336256
1248320015516020741
1248261099335680000
1248251186844553216
1248223174493450241
1248038012988141568
1247924197684400135
1247915123135651841
1247906068417720321
1247884169197359104
1247865428149514240
1247708057917968385
1247689445404540930
1247688891592781824
1247615532288835595
1247602081772507136
1247571889150722052
1247569414368739329
1247524815046447108
1247299537191960577
1247260790601760769
1247209987488833538
1246850993595256833
1246539401850753028
1246491991548071939
1246270229073793024
1246196025192308736
1246194176238247939
1246140728692150279
1246118990889529359
1246114156102680577
1246107393404080128
1246103044183523328
1245891020983799810
1245887400737472517
1245856221229285377
1245816277819633675
1245805706348986370
1245805602225389568
1245797845866815488
1245776637167316993
1245697076626948096
1245521048000495616
1245453958669312006
1245438030887956488
1245434652749430786
1245433693746987013
1245344580423254016
1245099209386274817
1245049721757958144
1245021963015290882
1245021947760709636
1244781821805690880
1244707942508658691
1244706682673954816
1244701740890353664
1244676091228442624
1244644870448386050
1244405086236925952
1243889571051569152
1243889546204459009
1243614878855761920
1243589527614246912
1243561276653084674
1243532652185038852
1243339399343091712
1243293369138384904
1243293367733272577
1243192142484451330
1243182391084101633
1243179337307828224
1243156485988847616
1243155668825190400
1243154410865336321
1242960641230585856
1242937746496401414
1242937385886920705
1242901485979086855
1242838397519040512
1242828595631980545
1242578945595318275
1242578944794210307
1242576048560189440
1242569626225082369
1242562844744454145
1242514079199223812
1242510740029915137
1242474184808202240
1242186144672026624
1241688569028239361
1241470463970283525
1241419886611640320
1241137858372677632
1241067448616587264
1241067171654119424
1241066667234463746
1241066039728840705
1241065909831245829
1241065420809003010
1241065328978857985
1241039231432212486
1241034388105842690
1241034387166318593
1241034386268655617
1241034385413025792
1241034383957557248
1241034381738868736
1241022535422132225
1241022498000506885
1240751553750982657
1240742403302141984
1240737148879482884
1240730898074611715
1240636872201777155
1240355040390512642
1240299146176856064
1240282360484179974
1240086820559388672
1240086752225828866
1239911876420603904
1239706329868107776
1239653794813808642
1239630930496688128
1239630929229905920
1239576503995838464
1239340164431962119
1239339169102561280
1239332730422398976
1239329453022629890
1239302815618646017
1239268238825074689
1239268225508093952
1239229929474138113
1238954747014582272
1238947669474770945
1238935224379113477
1238901658232463360
1238813268153708544
1238805225827377152
1238801029732368384
1238800099720998914
1238561591840423936
1238552706979172358
1238541241102536706
1238539233402503174
1238539167866503168
1238537747897475072
1238527605428686850
1238517584179466242
1238473733981044737
1238458635933700096
1238452462522155008
1238307948553818112
1238275668548423682
1238271617115066368
1238214943637413888
1238155734464036866
1238148376438464512
1238103488359530498
1237961990519300097
1237870578045841409
1237827167767199745
1237818348198678529
1237808897110482946
1237774047775252482
1237762664425820163
1237742824826830848
1237706088746749952
1237537656591900673
1237491590995861506
1237480181096427521
1237381691842400257
1237153695273562119
1237104122320556033
1236836008068632577
1236762275815600138
1236718678605008898
1236694855948079105
1236663919730712576
1236472669249384449
1236469214321479680
1236442104521506822
1235939532673036294
1235715710858350593
1235702859204825088
1235693407064018945
1235676243569373187
1235675779750653971
1235616618102878210
1235397279214780417
1235309541329219584
1235289130323587072
1235272549312929792
1235263741006143489
1235233394730119170
1235226040366239744
1234578892532391936
1234533473521721346
1234242290534797313
1234182912926461954
1233774029896650752
1233763558988623872
1232743814055497728
1232741547621351425
1232409419432054786
1232320024616079361
1232077962796785664
1232022665659080705
1231961915435429888
1231213318116954112
1230244745949143041
1229411893066027008
1228372457322668032
1227991121676115968
1227374340313931776
1227330691479855104
1227290839862386691
1227274337570500609
1227258564894392321
1227258532891963393
1227258511886823425
1227252991801090052
1226592209040007169
1226314285632163840
1225927169949523968
1225615520394809347
1225561892103630849
1225522875760816130
1225485993651904513
1225439109025599489
1225414680878952450
1225169029163372557
1225153425568075776
1225117386447212546
1225097076750651398
1225097052826279936
1225089541419208707
1225075218261123072
1224848304544133122
1224690089218990080
1224386702107693058
1224374578908143617
1224347029905846273
1223780637364060162
1223637819618447361
