1286042204398669824
1286035597568737281
1285989155445583873
1285971805094780930
1285970756577501184
1285939451622031362
1285932188542926854
1285761067885502468
1285680805621239809
1285667082328330240
1285632728436809731
1285594129691316226
1285348669395533824
1285325127169855489
1285318159449444356
1285294670608826378
1285287089970515971
1285263310594682880
1285215157656915969
1284956176111661058
1284910879100694528
1284865833165037570
1284593788665692167
1284564847242489856
1284546219600236545
1284483041327546368
1284242932267134978
1284221270045995008
1284208510390214656
1284190165037191170
1283865056250400768
1283848538812801025
1283825968663199744
1283820672939175936
1283793023445487617
1283561023077855232
1283163118332452866
1283146895255273472
1283115296119824385
1283059306238181376
1282833100242911240
1282813442118815745
1282755195257196551
1282695026602938368
1282475706765709312
1282415371132243968
1282337671646343169
1282064622967816197
1281963772236750849
1281772903323901960
1281689543389917186
1281648955521105921
1281611315379949574
1281330778966810626
1281267955880296449
1281225094526885889
1280980080173486088
1280920516166115328
1280872012559368194
1280645270108360718
1280596699879096320
1280581530230968325
1280540886972145664
1280280292297773057
1280216876606459906
1280162203128279041
1279860096244146178
1279809764487127040
1279506516425314304
1279429769172447241
1279179360608583680
1279156524489850880
1279134762918129665
1279108185383673856
1278768272947716096
1278746323278331905
1278719919706775557
1278440946565332992
1278414052327411713
1278374686922022915
1278324219223433217
1278126629848580096
1278059378113949709
1278039504121708549
1278019160891678720
1277957811616522241
1277801429378322432
1277699874310574080
1277678366108397570
1277630968984199168
1277431503501352960
1277315832541057026
1277268726006583296
1276913054156980225
1276618437951979520
1276603391754543104
1276555820814217219
1276255182381342720
1276225422229934084
1276208660339924993
1276186613031280646
1276137611187412994
1275924030827253761
1275837155789717506
1275813197849800705
1275491816352202754
1275444292622774272
1275199873525129216
1275155840698384387
1275110931966681088
1273716126569181186
1273630553691095046
1273359112970080259
1273326630136680452
1272550739731255298
1272240960177614849
1272213267188985857
1271907723546853382
1271805160084377602
1271555299439190016
1271554347088912384
1271542180952276998
1271474094287052801
1271437327735361543
1271190866133241856
1271190864501637129
1271190863004172293
1271190861121032192
1271190860227624963
1271148711515754496
1270872910736039937
1270844337920843779
1270772796117966850
1270429699068628993
1270426554770903040
1270408504524890113
1270126351010484224
1270096780580081664
1270081335948914688
1270039735306801154
1270034026074603527
1269729847141699586
1269679494366928899
1269654158157766657
1269395433941602309
1268996201971679232
1268957065365590016
1268912472683098113
1268708681039912961
1268692816928092162
1268690227784269825
1268688547567013888
1268687797608742915
1268681218159239170
1268680725802475522
1268680347019083785
1268677841664847873
1268677058571522049
1268634397042974722
1268590833340645381
1268557399134294020
1268344265748463618
1268258089913987075
1267970530302480385
1267899883551363074
1267837518994722818
1267519439270002688
1267499982715830275
1267234138366586880
1266930775154479105
1266872124909801477
1266862286557384706
1266831072702144512
1266830592177573895
1266528330670641157
1266527085285330945
1266454698934099969
1266435014599860224
1266420841576828928
1266074747076476928
1266067951188402177
1265647806196449282
1265470088741863427
1265411133588021249
1265384939073277954
1265315894835765248
1264316676587360256
1263580422463721472
1263547781173690368
1263540831966945280
1263488158710317057
1263218052868509697
1263156819209474053
1262783444708360199
1262481885520965632
1261396747965788160
1261345278730407936
1261311309578153987
1261029561808101376
1261001900838789121
1260976508090318850
1260703267614609408
1260668207754551302
1260651533923782657
1260603047559954432
1260601725389545477
1260552632600494080
1260345640472715266
1260313084826202112
1260290565159223297
1260251298957574145
1260244428540739586
1259970619501957120
1259951611658600450
1259940394663661573
1259929781438726146
1259912576273653760
1259898628065366016
1259875249988009984
1259558827667542016
1259498430172475393
1259211540680642561
1259173788769325057
1259124715773325312
1258863680088944640
1258857704359165954
1258843765000867842
1258840295174791173
1258828394499883008
1258797730870288391
1258781307687108608
1258752481573498885
1258502086972583936
1258468252122001410
1258423401644990465
1258397057188007938
1258164134757220354
1258139597911003137
1258124138998349830
1258105623096504324
1258104468903792645
1258084292091142146
1258049799963713536
1258047810777341952
1258047809791627264
1258032307031728138
1257768843595976711
1257738628157112322
1257732684769628160
1257707549215899648
1257682774254854144
1257664247041085440
1257656357089615872
1257413300918333441
1257378624354820097
1257355328137637894
1257328598102540288
1257013223854833665
1256963711992049665
1256659723765465088
1256601715463335937
1256314411754479616
1256304948217856002
1256295667187712001
1256291364742070274
1256280384167448578
1256276419115655169
1256254158417670152
1256223053526204422
1255974885446254593
1255964788787752960
1255949715377717248
1255932611630956546
1255931465944178688
1255902868646879233
1255880817353646084
1255673881752416258
1255616297687285760
1255600211868688385
1255579816780337154
1255560578766123008
1255557428059521024
1255544741661495297
1255531354827210759
1255525844774203393
1255508733205131265
1255203207476895744
1255199867594510344
1255145746841530368
1255141946109997057
1255119575890440192
1254878014149660673
1254847938406297603
1254829898725801986
1254814959667740673
1254414294902595586
1254165353984413698
1254066881977344003
1253797601985662976
1253776974474067968
1253768567004291072
1253754424952000512
1253731635348062208
1253714730025390083
1253703386748379138
1253429275685818368
1253414065461841922
1253407021216514048
1253368415206735873
1253324704657444867
1253303860380262401
1253070591583760385
1253054609599406082
1253039988872273921
1253020415204773889
1253001564182261760
1252993317480136706
1252976105205698562
1252945248671674370
1252718376461504512
1252708714668326913
1252690292735688705
1252670672393953281
1252653449512194048
1252642347902476288
1252613059543289862
1252596000482570241
1252337928098861057
1252298631530663936
1252263939049771009
1252007779826651136
1252003131363385345
1251916990102585344
1251899620097249280
1251599505201541121
1251548720090546176
1251255559233437697
1251235001062109187
1251223114320678912
1251189937099153408
1251175202786021377
1251148643261808651
1251139173400141825
1250897251809067009
1250889265891942403
1250838937876258819
1250817307548491787
1250808467968974855
1250799226696720386
1250573795498364929
1250529839431536642
1250525548977274880
1250517351289815041
1250481430787952641
1250407274281140225
1250174182060687360
1250167000573325312
1250148060723896320
1250142214560284674
1250134397262737409
1250116653670596610
1250106488808497152
1250057248493223941
1249804579958657025
1249786174123790339
1249768416124207105
1249751555722694658
1249737891753926660
1249381768639082496
1249043803291430915
1248960490748776448
1248708033615728643
1248688960068636677
1248653426206146563
1248615271524233216
1248356820311330816
1248326862285266950
1248292083368148992
1248254480807874560
1247992743881834496
1247979413431558147
1247968792602390528
1247951777296760832
1247940964808822786
1247902018460684289
1247877450299817985
1247646757070274578
1247622583614410755
1247605238724464641
1247578965746778114
1247525348364845056
1247280835360886784
1247249556435275777
1247218711976648705
1247199749737938946
1247141189150703616
1246984386341470209
1246814853186162690
1246527963606192128
1246467567759364096
1246151630342565889
1246132949583609858
1246112984767909890
1246096742245941251
1246075745400532992
1246059879107788801
1245828133036519430
1245811974954463239
1245801282180460544
1245780800563556354
1245750640158138370
1245744631914147846
1245719232014360577
1245501793846648839
1245471330243416064
1245452916447739908
1245433471725711360
1245430738343911426
1245422086342029314
1245388418542120963
1245337416623435776
1245131259325476864
1245107595695861760
1245094768847224838
1245075397504573440
1245002002808991744
1244986865985499138
1244745456648945664
1244728507810414594
1244694170293415936
1244655711935758343
1244362916964466690
1244323437897637890
1243945949363179526
1243611873297215489
1243602578803494912
1243600611628679168
1243600442732527618
1243584911304425474
1243569722563715074
1243565008568619013
1243293832583798788
1243261697885954049
1243209241856487427
1243204719994159104
1242921913476952065
1242903278922477568
1242903277882298374
1242903276863053824
1242903275181137920
1242896632921960449
1242881108712308736
1242868996954865664
1242851590828064771
1242611891274424320
1242588982157938690
1242579934612271106
1242561805744046081
1242532643671023616
1242512627789631490
1242471323722551297
1242210499061788677
1242194481060950017
1242182367843934211
1242172791438422017
1242164462456627208
1242158164491018242
1242120001613635588
1242119564831477761
1241779298245246977
1241422500401164288
1241421445420507138
1241096639160483840
1241090168054046723
1241062796697182208
1241026450037395460
1241018297157632001
1240746865538277376
1240663580334329857
1240344966267834368
1240297566971072512
1240041828851879937
1239991119485820928
1239954793617141762
1239896343872770050
1239896152000139264
1239672429754175488
1239668486839980033
1239616287354933250
1239562637211578368
1239282730149597184
1239250171906662401
1238964925319520257
1238808715307950082
1238548493305892864
1238454463284875264
1238232221389148165
1238167560694235136
1238167410684973057
1238167337129390080
1238115872646074369
1238109864494276609
1238092625955217408
1237889175354998784
1237825746858577923
1237768682631245825
1237590331526242304
1237482371005534214
1237437480137302022
1237423735524732929
1237421702805622785
1237377815122763776
1237114643178496004
1237097611229790209
1237097190406983685
1237068080502710274
1237058494760660992
1237043011462270979
1237015391647514624
1236707857082482688
1236336274719547400
1236334773175554048
1236064332129144832
1236059581303881730
1236042357663023105
1235934584921042944
1235732878538899456
1235625754387505152
1235618606001475584
1235577234334846976
1235568643590828032
1235320363061370880
1235287011369590785
1235257934449344519
1235243539979743233
1235231997766889473
1235230558084567047
1235225207683657729
1234969865099722757
1234909235214942208
1234877146126004225
1234578687888121858
1234563974567473154
1234539181059330048
1234530143156285440
1234529431873605632
1234490355170643970
1233754835318693889
1233526429838725121
1233518310865719299
1233481601167843328
1233450720436871169
1233408535142289410
1233397697857622017
1233395575074230273
1233159121441918976
1233125396272623617
1233090501244485635
1233080986461667328
1233069136202342400
1233034434682740739
1232818870546829313
1232816365775486976
1232796985364799488
1232775051566600195
1232732817097986049
1232732385990578181
1232730597363257346
1232706658893271047
1232448715274645506
1232393577201688577
1232321118083649540
1232312990755704832
1232306139079024640
1232102408483786753
1232069799108317189
1232065415729291264
1232044193670889473
1232013015349944323
1232011334717517826
1231991593017729024
1231983913171591168
1230994431366574082
1230972528685875201
1230959288958554115
1230877819258966016
1230863243607977986
1230676308155338753
1230670075499368448
1230669526410432513
1230668798254034944
1230668579625930753
1230666543366909952
1230665798462603272
1230664930099159040
1230662669046370304
1230639271331143682
1230618357248020480
1230601278289567747
1230575618972143618
1230522499672223750
1230315857995292674
1230307648714743809
1230177516209475585
1230175461772230664
1230162390211289090
1230152163009191936
1229911583226302464
1229852477912211457
1229846983894065152
1229846153778388992
1229844805733273600
1229842317969895426
1229841533886779393
1229841216675700736
1229840786180788226
1229839061441007622
1229830747411927040
1229794557145092106
1229469693095878657
1229154987155943425
1228685896301436935
1228442468171079680
1228430463292731392
1228425849826836480
1228408761913630720
1228350938932502529
1228329499005214720
1228328711759572993
1228090075461885953
1228055590662004743
1228038869347598336
1227999335998218241
1227759112995459077
1227688491129196544
1227687600707817473
1227685825317687298
1227630892018995203
1227628073832603650
1227624455490416640
1227352655422464004
1227308902280290304
1227307649777184769
1227258787540672512
1226945931284754432
1226902599816880129
1226898367881654272
1226895180583899136
1226894705948057600
1226877319190663174
1226712404165382145
1225919109570932742
1225859170097913858
1225848496139444225
1225840481898237958
1225787352741752838
1225626739415580673
1225595812811550722
1225564844096618498
1225546148603138050
1225524943754014723
1225501117758484481
1225417894823186433
1225188113842163724
1225177055924498433
1225165440567128064
1225100314413617153
1225073885692989440
1225073173319888896
1224845447010889730
1224839026777247745
1224824379281940481
1224797246807474176
1224767688158908420
1224726877769781249
1224722043272409088
1224431865450434560
1224416613287583745
1224408988768460801
1224394877083037697
1224379623603163136
1224359696783548419
1223740393184993281
