1285750185889533952
1285045616071016448
1284999732729982979
1284922626033541122
1284906944797564930
1284557003000602625
1284554672410365954
1284527725710016513
1284341993737420801
1284341582460846083
1284341578048450561
1284260137990000640
1284221593380519936
1284202896876347394
1284202325997957121
1284178562422132736
1284151153740189696
1283928553877315584
1283887857267073030
1283886994259574784
1283823371231387650
1283807105238151174
1283797299215437825
1283797075164102657
1283796389865103360
1283776406829367296
1283154793729536002
1283134461505351680
1283066517916090368
1282868413103251457
1282864250877337601
1282821370209067016
1282481803291484160
1282472154295087106
1282323394357338113
1282025639202230276
1281747247596789761
1281706156268945414
1281697074820546560
1281695108715417600
1281694272312487936
1281671749684338688
1281646735136194560
1281402217753346050
1281327566494806017
1281316203835928576
1281312566208270336
1280558524389523462
1278383782861602819
1278013406327570432
1278012846555758592
1277973315068420098
1277599700137451521
1277355474082500610
1276915190152466434
1276913766207303680
1276912649301876736
1276912647083110400
1276690693927428102
1276583877709049858
1276569730846019585
1276549494927233024
1276515602841120769
1275966868449374208
1275580908461010945
1275516301616832514
1275515399262613504
1275484656507531264
1275207144221147137
1275207112159789056
1274883742620880897
1274485553845735425
1274417825831157760
1273959242047905799
1273759582700142598
1273620828643565569
1273374798916313098
1273365578590412801
1273041246781607936
1272539040680685569
1272226962321412097
1272226249474277376
1272216482135638017
1272215873600831491
1272215703727288321
1272210961055834112
1272183519746424837
1271486771541561347
1271477488108081152
1271477357581393925
1271472446017810432
1271471020457762822
1270826536590020608
1270756944500883457
1270740197442027520
1270730244593520641
1270486791355760640
1270451799372242946
1270388988046688256
1270388548684918786
1270380169627385858
1270378657274646529
1270378349320380417
1270186066218233857
1269812026215247872
1269786610306072576
1269749748820475905
1269716714381549570
1269659905482506240
1269659777522634755
1269658872194744321
1269621171307393024
1269473426005254145
1269472422396338176
1269378677609029632
1269378025344425987
1269358773610692608
1269358461126610945
1269357643816144896
1269090308136095744
1268314537285074944
1268314316882825217
1268314022555742208
1268308821476347904
1268308397318787074
1268308219463524352
1268307889220923399
1268306312884092928
1268305846666133505
1268247150825279499
1268220990393368576
1268014152649510915
1267987727452176386
1267985819240935426
1267983849830715395
1267980263814041600
1267838963768844290
1267652767008665600
1267625008295223297
1267622268605267968
1267619984102109187
1267619646758420480
1267617526483165187
1267616858695438337
1267616720497397760
1267599279100698626
1267597918392942592
1267597372919595009
1267596239773806595
1267582947881816067
1267522687343173632
1267516034787028992
1267261856076398592
1267260340900945920
1267260143982579720
1267223495693475847
1267223213576241152
1266855605786025984
1266838703743385601
1266838455557947392
1266754398027472896
1266741315544514560
1266740935733448706
1266740060138897413
1266418031380619266
1266029326530678784
1265760093657878529
1265652643281674243
1265433399768092678
1265343029281423361
1265335029657460738
1265103247947284480
1265086513550888963
1264405668599037953
1264369132641882116
1264367948250198017
1264367437396525058
1264024096389685249
1263891657247907842
1263873874615205889
1263799266352549890
1263500685066342401
1263149779963576321
1263147389289979910
1263116815477010432
1263112459138879489
1262946185226203136
1262944514311888896
1262920561434517507
1262869996285427717
1262802139115655170
1262414561837305856
1262414402478899204
1262414273957019649
1262414179547430918
1262121342658371586
1262121296760123393
1261824899687108610
1261818677722255364
1261817206788292609
1261806126796091392
1260935718634954752
1260648234113875968
1260336263565107200
1259906176717852674
1259323285159981064
1259225583025864704
1259219353972736001
1259174085608734722
1259173964917682182
1259148333509218304
1259148012259102721
1259146454393860106
1259144396546736129
1259144122427899904
1259143500127506432
1259137981874606081
1258530163958050816
1258453361856307201
1258429093034459138
1258423336792621059
1258363976125161473
1257661649835696130
1257651783448571905
1257342141778612225
1257341507771740160
1257339444639813636
1256698159583150080
1256629762535174145
1255569569227341824
1254936344658358272
1254910042144485380
1254836989695864833
1253444621365121027
1253392456164552707
1253391496746872838
1253021504612315136
1253012191739105281
1252241018440867845
1252068496361639936
1251925121117425666
1251908517830811649
1251887033229983744
1251725631676710912
1251693808305258498
1251681367181742084
1251676938395168768
1251676498496499713
1251609894375100416
1251267238318964736
1251122410323132417
1250910745874792455
1250525053218947079
1250524451227283459
1250422673768759296
1250211246433013760
1250111020603002883
1250110906350084097
1250110624526458880
1250097146558324739
1249877105875324928
1249852901939392512
1249812049699508226
1249770617987047428
1249699894786392065
1249514699898654721
1249512750310658048
1248966846134525953
1248966084348334084
1248746016108679169
1248684015814656000
1248683663098875904
1248677192382525442
1248674499958059012
1248669756254752769
1248669097950404612
1248663083666595841
1248662169706774531
1248315769383014403
1247692503458906112
1247691868999213059
1247690648339218432
1247515238045540353
1247340290127642630
1247320343389364224
1247295299321761794
1246847293535531013
1246571558455345155
1246512467125166081
1246511461054251010
1246483111036289024
1246482043866923012
1246451674174164992
1246450109782667265
1246449357383258118
1246448353510068230
1246448078770581507
1246447520324214784
1246443090136752128
1246269328355471360
1246218264318967813
1246214779519320065
1246128636501078020
1246128531576360962
1246127607793491969
1246124899204247552
1246124145097822209
1246055650246918144
1245869000728297472
1245746084535840769
1245744434949611527
1245731887206850563
1245723151050342400
1245718578155917313
1245690696092323843
1245679418133135366
1245532366430523392
1245521889298178048
1245519862211817472
1245519510251200512
1245500565620232192
1245461204312764418
1245460558192795653
1245448147104665607
1245388765650132993
1245128965590835203
1245126313582694400
1245066072929247235
1245056074815856647
1245029506647285762
1244724805749923840
1244690928037761025
1244690154037612547
1244646135622492161
1244368806648123395
1244346019447549959
1244345480336769026
1244334738824933376
1244315469793964032
1244314600587264000
1244271293601644546
1244269075435589632
1244096914540367872
1244094083817254913
1244067093756153856
1244066913250160641
1244065454311772161
1243664532679032839
1243663920340111360
1243660176726597634
1243589266799722503
1243588905406017544
1243587287776190464
1243586390916464641
1243584469149405184
1243582553229070338
1243581976109551618
1243581531324547072
1243581219989794818
1243578275827458049
1243578228670894080
1243577279764185088
1243561425299222536
1243211037727436800
1243144945625694211
1243022180226674688
1242934604413231105
1242929978863484931
1242919734942871552
1242918112854499329
1242858214619742208
1242857682345832448
1242856240054710275
1242794564617936897
1242623483017912320
1242619313447723008
1242445991715966979
1242445660839952389
1242445440286588928
1242444382659362817
1242443887572135936
1242442098248425472
1242441687844163590
1242441320934903813
1242440528257519616
1242439762306359303
1242429432666755072
1242258867909808130
1242258118794522627
1242249992431185921
1242247452243177472
1242247018417999873
1242244091737526279
1242234074946777088
1242216963465773056
1242202300015312904
1242158309072871424
1242157223071092736
1242128873623601155
1242115991867478017
1242115682407518210
1242114498980458503
1242113271831953408
1242082728377532417
1241887727911665664
1241887684131532805
1241887644155510785
1241507892525699072
1241413074772545536
1241412653911810048
1241409245578493962
1241365800507838464
1241042015237922817
1241028324144668672
1241019289618067457
1240809333761486849
1240766203766898689
1240695203461091328
1240673183428218882
1240672238984192000
1240670285713506312
1240451782863728640
1240447651272970240
1240348422995161089
1240329473444151301
1240298653711040516
1240271566434381825
1240257796324507648
1240074307256176640
1240073406160265217
1240073156670431233
1240073010461257728
1240047159300554755
1239990297406451715
1239990143018242051
1239990050806431745
1239974949936181248
1239941749998583811
1239733548577366016
1239595378137333760
1239359773306429442
1239354097846882305
1239352852935520257
1239348827242594304
1239348666718134273
1239348171853217795
1239320689108307970
1239320492244377601
1239274333173960708
1239271219440095232
1239013791519641601
1238833476557815808
1238832136536367106
1238832135663947778
1238832134665756672
1238832133482909696
1238832131767513089
1238637161244737538
1238632441159585793
1238631791130562560
1238631635442155521
1238620743673491458
1238605448066093056
1238598414692225030
1238507029431562243
1238490744651997185
1238225522607501318
1238160915251507203
1238160490708303874
1237939695448924160
1237933326952017930
1237932886843691008
1237931489695858688
1237930748491042817
1237930250203471873
1237927859559321600
1237927568826916864
1237927315360886784
1237927045193236481
1237926988825927680
1237876731911913479
1237848243737776128
1237778191810428930
1237733897565323264
1236790509630361603
1236663330917494784
1236142783334936577
1236046559290236928
1235991380159279105
1235972646732525569
1235322843350667264
1235322735515095041
1235318297425563648
1235256919461441537
1235058157505802240
1235057423611596800
1234981059709652992
1234976917314404354
1234976053090607105
1234319945921650688
1233551354406297601
1231994339385053186
1231703257803784193
1231627018313388032
1231392413962424321
1231092469846151168
1231065844802891776
1231022162590433286
1230945253957472256
1230919012143509505
1230911929910284288
1230672770259918848
1230541484270768128
1229975774435868673
1229838969472458753
1229838966746238979
1229838960949633024
1229838952451932160
1229838950916927496
1229838948454760449
1229816910335938562
1229596674458300423
1229593916737040384
1228702132280471552
1228456091761160197
1227731341267128323
1227639893603553280
1227638166405963778
1227636264360390656
1227636081761423361
1227623942669701120
1227619858457808899
1227426733290381312
1227383970972815360
1227369563718729728
1227362905139666944
1227344792415240193
1227312050126364672
1227288438661054475
1227265345905451009
1227252471959052290
1227252100415021056
1227226267902259200
1226978197004308481
1226706399641718784
1226699716248907777
1226570336847749122
1226557884667957250
1226511182456119296
1226295584375660544
1226203409499508736
1226197009511698433
1226183854060384258
1226182701369249792
1226178526212169728
1226166043615399938
1226165433310556160
1226164058145075200
1226163481386373120
1226153588218568704
1225948668823580674
1225948365462081536
1225886432197332993
1225511581393588227
1225493451409707011
1225493400700571654
1225493336519254017
1225493261499936768
1225491586408157185
1225488119845261315
1225468690327535617
1225226035509256192
1225160952846352384
1225137463963811840
1225136046100361218
1225103125352263681
1224890349249867776
1224889204112535558
1224887197523943425
1224870925469921281
1224673830049931264
1224422664313417732
1223747375040253952
1223747027970019328
1223746967601319936
1223707409132277762
1223680460993302528
1223652589344100353
1223652389028278272
1223633348591063040
1223633347055886337
