1286070041876758540
1285970301550047236
1285946852173647872
1285802789730488320
1285797910735728641
1285758013656174593
1285747979140444174
1285657914917769216
1285657595227799552
1285657582439403527
1285656059508600837
1285654920339890177
1285654011522232321
1285650065147727873
1285647064127418369
1285637387863941125
1285621875272568838
1285618718899417088
1285610929992937478
1285602282638319618
1285577088662155264
1285568181680185344
1285411771759591430
1285378573075918848
1285357705201422338
1285283818442809346
1285276514955730944
1285270999064289290
1285267332001128448
1285229667629387778
1285229622280560640
1285202535775645697
1285027146789007360
1285027066195447809
1285022919458947072
1284994720087920651
1284977546501775360
1284970365471653892
1284957221433028615
1284956715172200448
1284956181400899585
1284947566946406400
1284913576277352462
1284907182912425984
1284871819426766850
1284867278039912448
1284710489461862400
1284597425139781638
1284584747201695745
1284584552556646401
1284524624814972933
1284513835966255106
1284344614426677248
1284340009538134020
1284337093557325825
1284335590465511425
1284331454256873474
1284233362475974657
1284181449365692416
1284150660452298752
1284134474452795393
1284132839450128386
1283962966405242881
1283910323410542592
1283909999002091520
1283877604118925331
1283876483749093376
1283874392032804864
1283861112824438784
1283845867456299008
1283781840046784512
1283628523803029505
1283593578401464320
1283584990933069825
1283509511442108416
1283498890478616577
1283478186660179968
1283457910727729153
1283451435028553728
1283446870535221249
1283429030751088641
1283421264263208960
1283195100970057728
1283172138816614400
1283152015393206273
1283105415354617857
1283083674821562369
1283078844824670209
1283064335485607937
1283064048536506368
1283042282472640512
1282827787150200832
1282754800023736326
1282745161173413888
1282740454216404993
1282719852046753795
1282483279162150912
1282396661159993346
1282330462694920192
1282080211606147072
1282042593463984128
1282007496463450113
1281992010841423872
1281784209661665281
1281779504977973249
1281756764317392897
1281720909590663168
1281719307349774337
1281659484121624576
1281451033366089728
1281407340139380742
1281400432158531584
1281393119137800198
1281369492061331456
1281366031206887424
1281340289119137793
1281338108924092416
1281335096046477314
1281324966751936527
1281324520729649155
1281311784159281154
1281301013836767232
1281299186714136577
1281289489042886656
1281286021179740160
1281284655308836866
1281273224484073472
1281269469994770432
1281255113256992769
1281251784556793857
1281244022351282178
1281243751831273475
1280990239406927873
1280979914821447681
1280951626128375808
1280926900865708034
1280889732520726531
1280889038132711424
1280878314408812545
1280869839817621507
1280709124796358657
1280674448593629184
1280663057388240896
1280658703541317633
1280631753225523201
1280612797626400768
1280604419713896449
1280587001461387269
1280579160537214977
1280568301807075333
1280567415097765888
1280544142670606342
1280535184534908928
1280370668929011712
1280274559502102530
1280246902957768707
1280210238570889216
1280203698371801088
1280174810514042880
1279977743439015941
1279972949332832257
1279972842654904321
1279947606567923712
1279945985783926786
1279942917315059714
1279939008437592065
1279911287884038146
1279841477905039362
1279801488458514437
1279547445559668736
1279476356284383232
1279440725084639232
1279220250370809858
1279218941093711872
1279210018429194240
1279175569264033792
1279136077983383553
1279115522647429124
1279113953138954240
1279083310875107328
1278890056254545921
1278851114797076481
1278849339062960129
1278849218380259328
1278804372521181188
1278794646026702851
1278787862775898112
1278787444532543488
1278751662388195330
1278737964080803840
1278714199389208579
1278713202998743042
1278712809262657536
1278703322900332544
1278516932854112257
1278474408391323648
1278457273531142151
1278453642933272576
1278445790109761536
1278438785601155074
1278413890615943169
1278407418574180353
1278362740625727491
1278351778266976259
1278322795232059392
1278315940204220422
1278311592678088705
1278155799949344769
1278154289467269121
1278139221107249152
1278137893358272512
1278115084003311617
1278106653565628418
1278106143257243654
1278102515289133063
1278018155009527808
1278018004022890497
1278016078564790274
1278011289412014080
1277996624564957187
1277994944322400257
1277994681469669376
1277991135818940422
1277977879746232324
1277939983341555714
1277799353676169216
1277763338051760131
1277761124046438402
1277730971224285188
1277729178750717954
1277729111646130176
1277717774312366081
1277709139251167238
1277696436554158080
1277693202854789122
1277658059033260032
1277643776933203968
1277641723414487042
1277621588607864833
1277619691163389952
1277618328912236545
1277604159253098498
1277474501664673793
1277419436434165760
1277371818362404864
1277338001929113602
1277295080160845827
1277273481223311362
1277271843565637632
1277270058981621768
1277237861042065410
1277076531957960704
1277076438911418368
1277037831664406528
1277001099254300673
1276994207048249345
1276974115577085955
1276957498554138624
1276945603407368193
1276920839368314886
1276710871767683080
1276710576501202944
1276710495962218497
1276695782012395520
1276672512156413953
1276672312998273025
1276631920064049153
1276616302560346112
1276596928101277696
1276576747530735621
1276559317332897793
1276552976241496069
1276501410226593800
1276372577829752838
1276337962020753414
1276317899376992256
1276312825321984008
1276299803295653888
1276294443906326528
1276288251167494144
1276283505375412225
1276258704183177217
1276236725992423424
1276236725208125440
1276214118853337089
1276198955064442880
1276165709689696256
1276164509070229504
1276164450047967236
1276000415948079104
1275994263352999936
1275992598231031810
1275987135531634688
1275976073721806850
1275866683882770432
1275861667201646595
1275837537836306433
1275614487840768006
1275614321054228481
1275593605126795264
1275547138613706752
1275536935344373767
1275529270950072321
1275529246040117248
1275516362379722756
1275515879544029186
1275515875441901568
1275477287379464193
1275477207654096896
1275455356307558403
1275451574647549955
1275445822679703554
1275401854336319488
1275393056305557505
1275272748961497089
1275228664494534657
1275198222605090816
1275146810982531073
1275146064056782850
1275143470127210496
1275138555606638593
1275138542658863111
1275138530872868867
1275112847501131778
1275112682677567495
1275108636453371905
1275107955441098753
1275107882254700548
1275084128778682371
1275074000926851074
1275069849203425284
1275063551611133952
1274934654357909504
1274924117846896641
1274923741445832704
1274921608512241664
1274920334760857600
1274920177432436737
1274920122608685056
1274920052639371264
1274910917159944198
1274910867386220544
1274903832494047240
1274881924042014720
1274878201441943552
1274814087243972608
1274808266346897411
1274808205768634369
1274791111232557056
1274723437580374020
1274723154435493889
1274719852469596160
1274566889746903040
1274551914978578433
1274550518921256962
1274548280723222528
1274547689271812096
1274547435461906434
1274384615395020803
1274380554775953411
1274380330284257282
1274303627662893056
1274130531991597057
1274106778528120837
1274068084639387648
1274066529328529408
1274066259890577408
1274048102647955466
1274039313936928768
1274016662128414720
1274012320683962370
1274001382962597897
1273982671102914566
1273841441593229312
1273832057504964613
1273801616387342339
1273793640574435333
1273789259842019328
1273787529792229376
1273787332890628101
1273787131060764672
1273783735914283008
1273762489201766412
1273758016245022730
1273755461028847617
1273742933980786691
1273739290590228488
1273726247680585729
1273681925367107586
1273674311119896578
1273649231845298178
1273639423587028995
1273629025127317505
1273625958478684163
1273607712753025024
1273448031258660870
1273437034225504258
1273436960762322944
1273390497910980608
1273358712548347904
1273358318690590729
1273358261799079936
1273358002578472961
1273357877802151938
1273342166010642432
1273341931939135489
1273340118473101312
1273339323354677248
1273325914739347457
1273304956863471618
1273298600697757698
1273298521366593536
1273289346947350545
1273289300025753600
1273279199911043074
1273279199067987970
1273279198258479110
1273279197407043586
1273249590758854656
1273098030024200192
1273094900997926913
1273054832803418118
1273034227513204742
1273014524837273600
1272987852788416513
1272987514576535554
1272970001591480331
1272960214971670528
1272952978580832256
1272934185951539201
1272925785406541826
1272917811095093249
1272911911055736833
1272899858735775744
1272675720528121857
1272662678796894214
1272641464535744513
1272554000924266496
1272534956007440384
1272511103961108481
1272409797514625024
1272391647561736192
1272379328815341569
1272358838553972736
1272353086787538944
1272349814345302023
1272346273752821761
1272324473623019525
1272319091844538369
1272285386862100480
1272269777076195328
1272242222596005890
1272228268280815616
1272207062353747970
1272201635171835905
1272186484460748807
1272170680520445954
1272169586327261185
1272007915520622593
1271943332554592261
1271872707609550848
1271835924255703042
1271622820397711365
1271606533193900033
1271573278344216578
1271558142875381761
1271549743429189632
1271504242784829440
1271326653382225926
1271252900430438401
1271238865995653123
1271221526541602818
1271214875583352834
1271154368486748165
1271116249687261184
1271102940481236992
1271102755848048640
1271102685173952512
1270941814900641792
1270932162821455872
1270931139042123779
1270924922840326145
1270924871497912321
1270924834327977986
1270918050716540930
1270836782293225474
1270820673942958080
1270809420944072705
1270731538410455040
1270717631897538568
1270704381177081856
1270560856137445382
1270560621415796736
1270553445783740417
1270552223416758274
1270547113051664385
1270546780485230597
1270516286804692994
1270486132124463106
1270469250529079296
1270432395691470849
1270383290491588610
1270323206587637767
1270316853391437824
1270198877266874369
1270156746028470277
1270133882134953984
1270087409720582144
1270073454750990336
1270072570579161097
1270052633697554433
1270050502122917890
1270048502983385088
1269721650263666689
1269386308998365184
1269379396105838595
1269370773548027904
1269346343706923011
1269299705701437443
1269053378782466052
1269026859829932040
1269019324343255045
1269013287250821122
1269006098754940929
1268987830744776710
1268975520454250496
1268945382144389120
1268939216769232896
1268914783564304385
1268732266856972289
1268666521204727809
1268655192217706501
1268654829670412290
1268624058947563522
1268620089642807296
1268610082096295936
1268610079709958144
1268605697006198784
1268594204650999808
1268394985407369216
1268387624596770816
1268375592149438464
1268375591184629763
1268375590299721730
1268375589423063048
1268375587544092675
1268357023760089088
1268356455251484673
1268348170918137857
1268342030192779266
1268300160947412992
1268250358821933059
1268246421297410049
1268237585144520704
1268237485685030912
1268220136814776327
1268210570588762112
1268171605131300864
1268026927299821569
1268025940484984839
1268025857165099008
1268024459920904192
1267901578775855109
1267901370776068097
1267860317524103170
1267846491877580801
1267836120152317954
1267646874149883905
1267627655412748290
1267620892969963520
1267537812192198657
1267313990838951937
1267130671849508866
1267111320668823558
1266954515074465799
1266945701927366659
1266940763105112070
1266895020239523841
1266841265301315590
1266812663599902722
1266812661041332230
1266751890202808322
1266502024675409921
1266417161578430472
1266197309743943681
1266127269627670529
1266117870544547841
1266113290373140498
1266107357618221057
1266100902584356868
1266099025150959616
1266028221688094721
1266012922117046277
1266012880480198656
1266011467578572802
1265830014190321668
1265801513533833216
1265773359855476737
1265773359020888064
1265768745999437824
1265722648585256967
1265721146290384902
1265699730300055553
1265684545065627650
1265672305927168000
1265642657814020096
1265468991352471552
1265394029417676802
1265386821997002763
1265385388866252802
1265380610987700226
1265380383744569345
1265378692508893184
1265377859142647809
1265377254458167296
1265374134751711236
1265373606130995202
1265359040374362116
1265341655256903680
1265285338622279681
1265284524314972160
1265143797324881920
1264933243368988672
1264739128681381894
1264721663960252422
1264709643097554945
1264693650186960899
1264688580678553607
1264654732007747584
1264644993475624961
1264405879467708416
1264279887113748482
1264251834614636545
1264001172853133312
1263913658138202115
1263876193595654147
1263866360066646016
1263863944676020228
1263837056448499719
1263698203968524294
1263696972680216578
1263696443145142272
1263696157622050816
1263691111526215680
1263665069977735168
1263646109760663559
1263560436856782848
1263555459321073669
1263526083930062848
1263488192302452736
1263473657810223104
1263465153816903685
1263261680915623937
1263245038559125506
1263215854998695942
1263212488092454913
1263208914134450176
1263175345768972288
1263167170843942912
1263161027446935552
1263129410401697798
1263115961588203520
1262841441027608578
1262841187448303616
1262741627832918016
1262541193600270336
1262538727672500229
1262510024187957249
1262507417264369671
1262505074359762945
1262503688444182529
1262494444751814659
1262460341818138628
1262440086576279552
1262200162920861696
1262050347339657217
1261766843234168840
1261766082240696322
1261663734507941888
1261501207518097409
1261499007173570560
1261432358328131584
1261426944916074502
1261425627695140866
1261379180664520706
1261313768576999424
1261285049284145153
1261285041986048001
1261085809047932928
1261072131028385796
1261061296839168003
1261053828121661441
1261037764256071681
1261034928785022976
1261034845540626441
1261013241091760131
1260964134805528577
1260945465073336320
1260920223043125249
1260704076305661953
1260603159862480897
1260568449560035328
1260268059736113153
1260267938470400003
1260259817987477505
1260255076746252289
1260061057772662785
1260019718208884740
1259991776997376002
1259979013734518788
1259977299593768963
1259976331829354497
1259956057251762184
1259854192396709892
1259585113798606848
1259525547190816768
1259523823269023744
1259523700451422208
1259341623105859584
1258864744863338501
1258841777357946882
1258830991478730752
1258805075331473410
1258804989545402370
1258802031743119360
1258801992115388417
1258795726013968387
1258783442168397827
1258768936742551560
1258768680533528577
1258768649768316933
1258758296355381248
1258582527255683076
1258582277036158976
1258578808225095686
1258563373555482624
1258526766106243073
1258510257795424256
1258503579691896832
1258423642284871682
1258423591252766720
1258414373384728576
1258409087508918272
1258388182099529730
1258249923788709888
1258245942437916672
1258243799085711364
1258210195395825666
1258210064248246279
1258153210860232704
1258137543972921344
1258040045048651781
1257865306204262402
1257862840821653505
1257854071328964613
1257801518268452865
1257780393639624704
1257733799116509192
1257520274838257664
1257518670936444928
1257396019886768132
1257360188392308737
1257340982485561349
1257320159884177408
1257310597214949376
1257108280029126656
1257099029122560000
1257039073727918080
1257038917225897985
1256966813918932994
1256775798096347136
1256775588058214401
1256749308285771776
1256680514343309312
1256647581054070784
1256643511937568768
1256410902330511360
1256367619407589378
1256333945970417665
1256318963757322248
1256318076720680960
1256300410962411524
1256282448700280833
1256259706991063040
1256253354403082240
1256235319818686467
1256234830775418882
1256224854451380224
1256210306960896001
1256086394428104705
1256086045541699584
1256080714904322048
1256057055779094534
1256023822148546560
1255985975249043460
1255984370218926082
1255960578276892672
1255948055725170689
1255931364991537153
1255928763264663554
1255909787835011074
1255909749977223168
1255874238248030210
1255862521199763456
1255860724057944068
1255845303896457223
1255835554861797376
1255688513003106304
1255672388311793664
1255656799811915782
1255645693982760960
1255540500603510785
1255540234038755330
1255539937195237378
1255510214322925575
1255500298044538935
1255292849517625345
1255269632933605376
1255243891323912192
1255240847542583298
1255231346785558541
1255225874087120896
1255218850909519879
1255213287366635520
1255200171576737796
1255191224811732995
1255140495103193090
1254989217605865472
1254989163981688832
1254890896325296128
1254873252507324417
1254873200477048833
1254833584545894401
1254827081369821185
1254819618734080000
1254785392248680448
1254781685255688193
1254768277697343495
1254768065033703424
1254764821989425152
1254647603918225409
1254637313142992896
1254628111104258050
1254628061699551234
1254628017193828354
1254627808078413825
1254623488792551424
1254621841353777152
1254616087855071234
1254613507963867137
1254599589409193984
1254565967650267138
1254535447193280514
1254527620777160704
1254526894374113280
1254517103140495366
1254509970491617281
1254509552957100032
1254502018317783042
1254501986403221504
1254476271582666755
1254461175628288000
1254436888376729601
1254227891488948225
1254146199025836033
1254142646441869318
1254131626994544640
1254108074283085824
1254106157246971906
1254105441208020992
1254071797613572096
1254066310797017088
1254065758042234885
1254065257917698050
1254053548662415361
1254051500902486016
1254050319077642241
1254050264354566150
1254049697091780608
1254046678933479425
1254042587624869889
1254039570011901954
1253930800514465795
1253922622359982082
1253907000808951808
1253904863970430981
1253904568179666944
1253902855687360513
1253902093984956416
1253879761820160000
1253875486629007366
1253873139156750342
1253866821125578754
1253866712585449472
1253866600450658305
1253864791069929475
1253849949504180227
1253846014479474688
1253843866718998528
1253841212462837763
1253840293230755846
1253839551128391684
1253836423351930880
1253832494400618497
1253832460883894274
1253830846206873604
1253827563887251460
1253826340824010760
1253825174132097026
1253825056662261765
1253823348955635712
1253823019325194245
1253822889196949505
1253821971571367937
1253821792193478659
1253821638283493386
1253821524529815552
1253821376152158214
1253821319273218051
1253821292433813504
1253819484600700928
1253813927764508680
1253796826773413888
1253768520774701057
1253765823371632641
1253762121994833921
1253750780777070593
1253731443899015168
1253716756222353409
1253701257790926856
1253683283252195333
1253518323645657091
1253489936399040517
1253469729936871424
1253457637699616768
1253449910638333958
1253411422693801985
1253408534462713858
1253386646688600069
1253378366293630977
1253374525124808705
1253366219673088001
1253259577996558336
1253178291420311557
1253178208272474114
1253171193819148290
1253150417929801729
1253135868929376260
1253099208900575239
1253069361482522628
1253048721044094981
1253047640406851589
1253046824946077701
1253034441649332224
1253022451652534277
1253021825560391681
1253021720010723329
1253016276068438021
1253013504929529856
1252990913342779393
1252986200195043329
1252981132112650240
1252952440875503617
1252952304954871808
1252791789930582016
1252784703679201281
1252750058895835136
1252749887508287496
1252681590804828160
1252680621102678016
1252680040871006211
1252677127046127617
1252676678544998400
1252676600438685699
1252670016383856640
1252667302002262017
1252638695871709190
1252638695070609408
1252615881810751488
1252606828825006082
1252598346700795910
1252473351114756097
1252454878955417601
1252454519222435842
1252453963082936320
1252453358289457152
1252441828101513216
1252441360331935745
1252432044145008641
1252431384372641793
1252429389570076674
1252428784629776392
1252416569449177088
1252405572944592901
1252401399272370181
1252401397787549697
1252357600366063617
1252352438180306944
1252352405863141378
1252351324043132928
1252351323040649216
1252348501154914305
1252328917521874947
1252327516163002368
1252303897647108096
1252303643266744321
1252287476175077376
1252262263219683328
1252252579544870914
1252034012106960896
1252009639694172165
1251962466533347328
1251943345611513860
1251940729909399553
1251939764455997446
1251936622402297857
1251924861691334663
1251924852895879169
1251910025452404737
1251712201263628288
1251676696136355840
1251668529016905732
1251662690730291200
1251662382029570050
1251656616379899904
1251604870156738560
1251603945094631426
1251596418386624512
1251571307675820034
1251570637489012740
1251570238598103047
1251537635467825154
1251530750698172418
1251366058319056896
1251365836612407296
1251321262707802112
1251270959757172739
1251184506003955712
1251177243042361344
1251171996752392194
1251148885604487168
1250992727208181760
1250955863822647304
1250933797861892097
1250896479172071436
1250877847226454018
1250826024801140737
1250813169418805248
1250801477976756224
1250786361533235211
1250594032608317440
1250570113184661505
1250556598755495944
1250513220118470657
1250505780048076800
1250505190203162625
1250501555842842624
1250487293200171008
1250458467653038080
1250453150575853569
1250434219966230528
1250290460158877697
1250286919918817281
1250247909335085057
1250221612315684865
1250221522955972610
1250217140176773127
1250217013605253121
1250155620608675840
1250153428883574784
1250153065841393665
1250152904515825664
1250126265098670082
1250126200003088386
1250106671105540096
1250105634508410887
1250086383349313537
1250082319169396736
1249931298447253504
1249931090074177536
1249925707343581197
1249922176456761344
1249918574136877056
1249916140693921799
1249914924551286784
1249914396392009728
1249913995118682117
1249913926348767232
1249913403994451972
1249912490072453120
1249910468694736896
1249909545327104006
1249907882751078400
1249906632651427841
1249864617398013952
1249781877881348097
1249742730051432456
1249741552248913923
1249736035942064129
1249727912208740356
1249713773151215616
1249452018630111233
1249431104043524102
1249386305483681795
1249384101536243713
1249309790536380416
1249100055081934848
1249084769373126656
1249051632232513536
1249023381376245760
1248981823918653441
1248970782958551040
1248795180037214213
1248746412264824834
1248724569202085889
1248675822396899328
1248659649584418816
1248644856592957443
1248633335305437189
1248613009804554241
1248429542718337026
1248426603178127365
1248393755788333058
1248340018223034369
1248334121224503299
1248303634833715212
1248258871820460032
1248252106739310592
1248241528671277057
1248043417336193024
1248032391416946694
1248026624659947521
1248001210180722688
1248000215153549313
1248000206265868288
1248000196740612103
1247993494657888257
1247984127569285123
1247960870879211523
1247960565651255302
1247945505344233475
1247945466144317441
1247915297987756036
1247915246695723019
1247908293382717441
1247899185044549633
1247749154731773959
1247737406016684032
1247695398635999232
1247695049502142466
1247659997674291204
1247657410933776386
1247657274467930119
1247653424847630337
1247651935563517952
1247645710608207874
1247644828797632512
1247612100073197572
1247593530446557185
1247559776965398529
1247373775093596160
1247372812072951808
1247361126599450625
1247276157835317255
1247274315424444419
1247251086697811968
1247206156487077890
1247153516805869568
1246957651365441536
1246912705488969736
1246909194781052928
1246879117636755457
1246864043706650625
1246860422709420038
1246606603874447365
1246576639003238401
1246545706636230656
1246541477569859584
1246513287900119041
1246490254229544964
1246288332210016256
1246287911710064640
1246286265269530627
1246280575599685632
1246204353339371520
1246189754569371649
1246189049565585412
1246177483591991299
1246172196017496072
1246137643802472449
1246132463300157440
1246113193614860295
1246083060308815873
1246074629606817792
1245901148961353728
1245864073092190208
1245861889856266240
1245835799003901953
1245835692975980545
1245835571735539714
1245835306231889920
1245808496236474369
1245806598855016453
1245802656951656451
1245475292719824897
1245467703877517312
1245449982129430528
1245449980728479745
1245439800758460420
1245209011290542081
1245023190189051904
1244830050303827968
1244796184667074568
1244786310763724800
1244713071676919816
1244672800679436289
1244672762058346498
1244435926216040449
1244379072937033728
1244364583999070209
1244364527136837639
1244342908083490822
1244338220873199618
1244337591354351618
1244281847925923840
1244118710857711616
1244118116101210112
1244118079359127552
1244104712569401345
1244091578093838344
1244090801505828864
1244090441659793414
1244087279951454208
1244086366218203149
1244086092300791813
1244074677225631749
1244033311711858689
1243907351851171840
1243714775214952449
1243684236588171271
1243642037007679488
1243641042580242435
1243619124204449798
1243596313045929985
1243594025870950400
1243594024440811522
1243588344694689792
1243588121335341058
1243587325864656897
1243567676355739649
1243558471624200193
1243545508393689088
1243545311009812488
1243521963559092224
1243318619154657284
1243318555032027139
1243311476783435777
1243307304608505856
1243200990108622855
1243193735015477251
1243193733862117376
1243193732490543105
1243193730435297280
1243039481772617728
1243021351134408705
1243011058236829696
1243010304755339264
1243009591610421248
1243009115653373952
1242917080594333696
1242909620668182535
1242873861194108929
1242865250359300101
1242842913916227586
1242485436334977026
1242470079524200449
1242468241051717640
1242452924254560256
1242304438011932673
1242303733712723968
1242242340263276544
1242231362586906624
1242143806075670528
1242142148864233474
1242126319321743361
1242102492239888384
1242098297336139777
1242092398961922051
1241924216057987073
1241924165516566529
1241916331579994112
1241901168206348292
1241884613858877442
1241859787765297153
1241858284446822404
1241810402301882368
1241804270451724289
1241802723311398914
1241800323150290949
1241761810136563722
1241760948035215362
1241760936656097283
1241757098549088256
1241728806093807617
1241728295206608898
1241573284157763584
1241554582897143809
1241491701237256192
1241486461825880072
1241427258335780867
1241399036659339265
1241396597843517447
1241395356652486658
1241394840861990912
1241393936515706882
1241391967466074113
1241391123303739392
1241385080871944192
1241384902219771904
1241368314519130112
1241368170168016896
1241194061308080130
1241194005490282498
1241192590847942660
1241187417014624262
1241182537696886785
1241182460685291520
1241182284696489990
1241174741131702274
1241174677160169472
1241173226069377025
1241172885860909063
1241172715429601281
1241172489650212867
1241172321999687681
1241172162540703745
1241171878967984133
1241165043141574657
1241164788245450754
1241163830929088514
1241163784208744448
1241162129614475269
1241162035032981505
1241161894230097927
1241161641854730243
1241161543913484300
1241161342553337856
1241161207584882693
1241161148516446208
1241161012788768768
1241160942668394496
1241160728419147783
1241160702586499074
1241160551650201602
1241160494800609280
1241160419299012610
1241159843123212288
1241159692115738630
1241159529070551041
1241159484099215363
1241158695859486721
1241013266400370690
1241013227158409222
1241008541353357312
1240808805438353408
1240785795306356737
1240776298634653696
1240775969671188482
1240775666469146625
1240775378332983303
1240774353916170242
1240769423851565056
1240768918320492546
1240768514954231811
1240765968760082435
1240765114325893121
1240763597430677505
1240761922712150016
1240761705124237312
1240761449561174021
1240760365337755649
1240759334038114305
1240758125705269255
1240757755893473288
1240757754857426950
1240757150181449729
1240729606359060483
1240729444693786624
1240729319984553984
1240694083573518343
1240694048890880001
1240693982516011009
1240693924592664577
1240693818917138432
1240639857313173511
1240637228436672522
1240626805083643905
1240455853167333376
1240385979950784518
1240371058148028419
1240364604653555717
1240351396752433153
1240336297165815809
1240275358928289793
1240131758361845771
1240065183197921280
1240050826212671488
1239696258975096837
1239692495430266881
1239650915881287682
1239640805255585792
1239604303339323393
1239565397235511299
1239561893737627648
1238887825388552192
1238872307759828992
1238826072826884098
1238824161583210496
1238641512411512834
1238624345003626497
1238617942423724032
1238559133688791040
1238533301343784962
1238529881698439169
1238524579158638592
1238524235515035648
1238489476336361475
1238486362837352448
1238483608068907010
1238482303229276165
1238482201798422529
1238475504925147136
1238474908277133312
1238467688869048320
1238252153044598786
1238251198165200902
1238241704530063361
1238233592301531137
1238215435088269317
1238206146575503360
1238205022384599040
1238097513615417345
1238097402420244482
1237928088958316545
1237837290501791745
1237836111558381572
1237776655218872321
1237767167585792001
1237489136954638341
1237468147122307072
1237410178489888769
1237410170122186754
1237403172035067904
1237399106001276932
1237399105359556609
1237340233168977920
1237338387629125632
1237180114355486720
1237117548820389892
1237069529399902208
1237069350772899840
1237057948192518145
1237053961544310786
1236813147257929729
1236786117476790272
1236715616628813826
1236714651456602118
1236537402480566272
1236524848807137280
1236522936913342464
1236521516260524032
1236519946965975042
1236518310365233154
1236515353653587968
1236514340670525440
1236412570677981184
1236338711098527747
1236059952181059586
1236057588480999424
1236040803698565121
1235951329065013248
1235739375704694786
1235697159040876545
1235388882667163648
1235373676515729409
1235370969386102784
1235323211501490178
1235307009899188225
1235301229934321666
1235300416218378242
1235292146263101446
1235272404680790020
1235252711102328834
1234984551627116544
1234982173402222593
1234977271624024066
1234977194457235456
1234966944215896064
1234948312152801281
1234939096809734144
1234903746632724481
1234889822046687238
1234327426492239872
1234319754602651648
1234319753398886400
1234319752232828928
1234319751159197696
1234319749913378821
1234319748667670528
1234178063891619841
1233790054029504514
1233730307506999296
1233571558368645131
1233518820150710276
1233482029876076544
1233472359459381248
1233465763626917889
1233457198853951494
1233440843387805696
1233433084319629314
1233423068388786178
1233412706344017920
1233386414181470209
1233230277671096320
1233109544068317187
1232796364347715585
1232795842433683457
1232759910233968640
1232749565599723527
1232742835146850305
1232736619733639174
1232514863404068864
1232428138400972802
1232415408885583872
1232394729893003269
1232321451891580930
1232320992170606592
1232316703834505217
1232292457020260354
1231984318538448904
1231778765338030080
1231282955651297287
1231241466606952448
1231052854842011648
1231029470749962242
1231019376708591621
1231018248495390720
1230526444457091074
1230364122547552261
1230284390305009664
1230222683872415745
1230137677527371778
1229848486776131584
1229831543465684992
1229814272965980167
1229778124264681472
1229473115312467968
1229445686539833346
1229204025440133120
1229075928770338816
1229067072199630848
1228746413804261381
1228514881642602496
1228498603359993856
1228412661630668802
1228406139903238144
1228349016234233865
1228349015311441927
1228337783628058624
1228335728184233984
1228185258266247169
1228114882878476288
1228066951504842752
1228066744922759184
1228044657126453248
1228044656358850563
1228044655452917765
1228044654593093632
1228030528273690635
1228000004310274048
1227743270899519495
1227743196500852737
1227739321295417344
1227731001373229056
1227710487053426693
1227693196488171521
1227693165269966848
1227684014342967296
1227668444449038336
1227649461444280325
1227638715188699137
1227326786138185728
1227270309931343872
1227241312606273543
1227033893284581378
1227008637639499780
1226983162238160897
1226983160791080960
1226983158647787521
1226928905392738308
1226907289988354048
1226714465833488385
1226713175971835905
1226696401985339392
1226696257869156354
1226601647188692992
1226226536698740736
1225939585374605313
1225937699439292417
1225936651609833472
1225931025315979265
1225901769454243840
1225901660368703498
1225864166336090113
1225861859515027457
1225814162649026560
1225798259970658304
1225796405945675776
1225794949607809026
1225780461546491910
1225543805467865093
1225541788590657537
1225538535316389888
1225533073091186690
1225531518237454344
1225519110529961985
1225519109724614665
1225519108076253186
1225445530408554503
1225435937880104962
1225400434396889089
1225216658752622593
1225196990776119296
1224943201469026304
1224936784146128896
1224936637634838528
1224936014151667714
1224934894565982208
1224917150193868800
1224916702078607361
1224908764362485760
1224893466209148928
1224886023097868288
1224884050806165506
1224882946219352066
1224881272222355458
1224879691003301890
1224877378003963904
1224834248831533057
1224777833840508928
1224715158691418112
1224439559557042179
1224434930379182085
1224426372157837312
1224396259181629440
1224387195781439488
1224387194875535360
1224349443924860930
1224133009743536129
1224112928531648515
1224102305949192193
1224101966114185224
1223784865457491968
1223780819199844352
1223629277029117952
1223615394801385472
