1286092156982222851
1286092132638392320
1286092082105417729
1286092014577233921
1286091890027368448
1286088141527560195
1286084129960988672
1286061408816451592
1286053887913406470
1286052699004440579
1286048211447291904
1286043887195361283
1286042628811784203
1286040300260143105
1286038118437715977
1286035115437633536
1286028945016717312
1286026813471424515
1286024258716602370
1286017174025506824
1286014151945523200
1286014149852569605
1286014149143797760
1286014148418183169
1286013056213037061
1286004057560186881
1285969120798875648
1285969120001957890
1285969119234400259
1285969118194171906
1285969116973629442
1285968871128797184
1285965775656943617
1285963374317178882
1285961247595405313
1285925830858878977
1285712978113896452
1285706082078330883
1285706061664735233
1285700061796671490
1285691639596490753
1285675593326092290
1285672773717721089
1285670156828647424
1285662374767267842
1285662354299133953
1285657243120209921
1285635360341602304
1285614124429451265
1285614123800309760
1285614123208900608
1285563350844416001
1285366053153972224
1285353124593651712
1285349784975532032
1285345214836736000
1285329047401246725
1285323927754072066
1285323871202226182
1285312270604685316
1285310380093378560
1285305074034585602
1285301424172273667
1285301176783843333
1285295262706077698
1285295171370983425
1285289142419632128
1285275618385563648
1285237007132884993
1285230341649825792
1285209706752090112
1285027277244440576
1284999006565937152
1284998920553340928
1284998809471397888
1284996869085691905
1284912752058945539
1284660451989757954
1284495225562566663
1284495225017204736
1284495223926796294
1284248743437578241
1284232390857109504
1284199023864434690
1284177895401951233
1284165063327260674
1284162140396490752
1284140484529709056
1284140483393081344
1284140482113740801
1284131253529313280
1283900438211944449
1283900350043426816
1283880095611064322
1283850533799895042
1283850259412680704
1283850243554115586
1283850230505578499
1283850213459984386
1283850198326882304
1283838932216680450
1283837492479827969
1283833411178835968
1283828427347419136
1283826687428431873
1283826582033965057
1283826495765569536
1283805934163288066
1283780838665129985
1283768674344632320
1283572315914219521
1283572181327282176
1283572109445390336
1283519155904356352
1283505733305282560
1283505710119161856
1283505675000217600
1283498712732508167
1283498447077888007
1283498445953695744
1283498445291098113
1283498444733194243
1283482290304225282
1283470357102497792
1283456767234629632
1283456766534189058
1283438932487745537
1283435977625804800
1283435617012129798
1283435483889008640
1283430854036000771
1283426136651857920
1283407365698654209
1283236053596479488
1283169918318456838
1283167828259086348
1283159931944865794
1283159043431956481
1283120283935821824
1283095585130786816
1283068807712514048
1283063986896986113
1283058816494587906
1283053824027107338
1283053745706868737
1283046181174681600
1282836982700400648
1282836611856764928
1282834981534998528
1282803660263755777
1282803659282305025
1282780311806500864
1282770596414345221
1282764837991350273
1282764723075850243
1282764686400856077
1282764554137669633
1282759210816741385
1282744057664602112
1282744056439812099
1282739642907926531
1282720812068413441
1282713029684142082
1282709237408440321
1282704108865101831
1282701300946415623
1282692003365560323
1282682612000186370
1282679204170039297
1282414187210211334
1282414113206001664
1282035260692271106
1281776730970128384
1281774687312326656
1281673817719549953
1281658197561020416
1281655575642804225
1281655574761893888
1281589398086266881
1281589395888513024
1281582303672700928
1281350396435472384
1281334374982615040
1281329203582042112
1281321609622626308
1281318102278516736
1281318101351567360
1281315008031399937
1281310401599361024
1281306887384948736
1281299385599627267
1281295245603471361
1281281521761103872
1281258705741373442
1281258704923504640
1281237250832060420
1281229325233242117
1280996142877151232
1280960575070253063
1280944427268296707
1280944426362298376
1280940707591737344
1280930295542243329
1280925196728315904
1280925195784650753
1280916915586826240
1280916914940841988
1280916914185912320
1280912620426493953
1280907216393035777
1280907215466106880
1280900223238197249
1280894408410439686
1280889568930209792
1280698770477453313
1280677236740435968
1280636216057135107
1280628636165574657
1280622811611004928
1280562012880351233
1280540443810369538
1280537858059747329
1280517141960237057
1280515731008995330
1280279551155847169
1280257161466183681
1280252394874589189
1280252393968603138
1280198676149870598
1280181522738360322
1280161451018199041
1280161450246406144
1279958889107271681
1279958832878411777
1279431295559401472
1279227059169038337
1279219928432889856
1279143855493984256
1279143854587944966
1279143853703024640
1279143852591456259
1278817772789735425
1278817729705848832
1278817686118633472
1278817623657103360
1278817594213052416
1278817564295118848
1278817533722755072
1278817499123941377
1278817472964112384
1278817446766481409
1278817420111642626
1278817372325978114
1278816626343907329
1278774596607643648
1278774595890360321
1278774595164782592
1278774594313375745
1278768210200997889
1278762235033198594
1278755427744911361
1278751886313697280
1278702176261623809
1278702175468871680
1278686515409891329
1278477366583529474
1278468585011191811
1278452385518620672
1278450740487426048
1278440809864605699
1278406668943056898
1278403299645980677
1278401194533310465
1278388556902301696
1278378170799063041
1278378169934979074
1278378169045835776
1278092119891152902
1278086538786725892
1278081008613691392
1278074867066245128
1278050377653538823
1278044076210819072
1278040458523000834
1278038466098540544
1278038465226170370
1278038464173355009
1278028003927363584
1278020567128584194
1278014455499100165
1277779908912205825
1277758184283930625
1277758183507988480
1277748826632327168
1277747542189539331
1277736695312658433
1277724550881558531
1277721631532736512
1277720841602678786
1277675863383908359
1277643203508928515
1277629184949604353
1277629069455220736
1277440031431458816
1277407898688241669
1276947191270080512
1276947072403550210
1276946868552032256
1276904838845128705
1276902470694961158
1276683129793785856
1276683108285394944
1276672181074886656
1276651832706809861
1276624564181766145
1276623845068283910
1276623824428118017
1276623797647523841
1276623775145041921
1276623752185483264
1276623733348802560
1276623700045987846
1276621321703755783
1276621299419353088
1276621278812803083
1276618029401550853
1276614451127517185
1276608911169249281
1276606505882652672
1276604013425950722
1276589854940229633
1276582965783531520
1276582961421389824
1276547293345390595
1276538008766947329
1276328652062457856
1276328651303378946
1276328309845045254
1276316929284808704
1276295725782097922
1276241023950340096
1276239738995908608
1276227687384825860
1276222227005005824
1276218535740669953
1276216543014158336
1276216170451001344
1276216032349376518
1276215870340112390
1276215830192304128
1276215772642230273
1276215742212517890
1276213271083855874
1276210364884156418
1276206335990935555
1276206068121600005
1276206051617058816
1276206037809446913
1276206022940557312
1276206001847443457
1276205986483712001
1276205964321046528
1276205945459290115
1276205930976329733
1276199624869625858
1276198765410619392
1276179589077897219
1276168706444464130
1275910293709873152
1275907914889416709
1275878216935387136
1275870578205954049
1275868861468983301
1275848998830706689
1275848998159552512
1275848997396242437
1275800069338550272
1275535854484819968
1275535853515915264
1275535463718273025
1275521947397390340
1275521860076277761
1275521840233021448
1275518963854819329
1275518855524253697
1275515805116104709
1275515766968852480
1275509633394802688
1275509476741824512
1275497323829833736
1275497322412150785
1275487385686597634
1275469104166682624
1275469101201268736
1275469100387614720
1275208809674412032
1275208809015906306
1275208808277647364
1275181994545221633
1275173186624262152
1275173137961881607
1275169905952935942
1275169904652673025
1275167474158391298
1275152399775215616
1275149168223440897
1275100887900454918
1274556848608358401
1274556847643598848
1274556557771055110
1274466808062513155
1274168920585486336
1274168671569686531
1274074750768148480
1274072766426353667
1274053848185876480
1274048570535153667
1274019394436444160
1274017718279254018
1274017717511753728
1274017716203139073
1274004735100702720
1273752136791318529
1273752070017949703
1273721067530596352
1273720992188301315
1273709441649717249
1273701712163999744
1273698608832012291
1273698524769722375
1273698474945654784
1273685390059343878
1273683057082617864
1273681384780021760
1273681383894941696
1273652195129524232
1273647665885184001
1273646386530091009
1273646385682939905
1273633108936536066
1273389364098273284
1273389293873123330
1273371388045393920
1273371387076452359
1273371385755246593
1273368743566086154
1273363635642019841
1273363634299834370
1273356423041290241
1273355894902980611
1273353828637827072
1273351676079099910
1273345691939635202
1273342761736044545
1273340102081753091
1273312269062082562
1273312242084315139
1273312213659463683
1273302634557059077
1273299086108745729
1273264997158748162
1273264804963258370
1273255911126171649
1273047462845075457
1273047461758722049
1273047337628315649
1273034978264260608
1273030815971250179
1273024311956307971
1273024013451890688
1273020693240844288
1272977982022397952
1272962559839215616
1272949859566391297
1272912929139175424
1272892586672390149
1272637879840321536
1272637775884496896
1272610689522241536
1272607223693410304
1272607197965492226
1272586450383536128
1272585024018223104
1272583261345193985
1272575019613388802
1272567925594116097
1272242018698362880
1271856922237571075
1271856686446399488
1271634276958830592
1271583066964791296
1271582901017219072
1271575888728068100
1271567331437789184
1271566421303189508
1271535895133511681
1271243474625613825
1271243373706428416
1271243293293150216
1271243204768272390
1271243112917196800
1271215621578121217
1271215004516302851
1271179626602287111
1271149676268523527
1271136732935749634
1271121333162737664
1271114749464514562
1271110300427792391
1271096704847220737
1271086166490730496
1270880867314008065
1270821747533713411
1270821485641379843
1270821439176945670
1270821138877353986
1270821039820374019
1270820952952233997
1270807650188636162
1270807636204834816
1270807622309097475
1270803455762972676
1270790052361060352
1270790014352400386
1270789982031089674
1270789938636820480
1270789890561789952
1270789865928568834
1270784734294048768
1270757709026123776
1270757689161912320
1270757668051968000
1270735237941788677
1270719302065205253
1270718074744782848
1270717932792721415
1270499858621894659
1270489514625155073
1270489513995927559
1270474918744948737
1270474870611156993
1270474796501958658
1270474734824808454
1270474523318648833
1270445316236607495
1270436692739141634
1270421880869191680
1270399964330541059
1270399963651022853
1270399962984185856
1270113242564759557
1270112461023252481
1270092248416432130
1270092247703474179
1270032501189283840
1270006802760024066
1270004371540115456
1269637658302713858
1269637575150637060
1269611167430909952
1269075902836682752
1269036026498093056
1268981835075399680
1268981834404282368
1268981833636753411
1268973851314192386
1268973850022285312
1268964367242059776
1268963667594412032
1268959598704238592
1268691595030859776
1268687745356042240
1268683256108584963
1268680522567467011
1268672503804821506
1268671860889321474
1268671650486267907
1268643624071450627
1268621601030803462
1268621536501526533
1268615673695133696
1268597905973293058
1268597905138634752
1268597904253558791
1268573492653539334
1268573249027407874
1268573244363345924
1268561673171939330
1268559442318065664
1268558221024866304
1268557608249688065
1268557606802653184
1268546292202037249
1268546291090497542
1268334172927676416
1268334129093005313
1268316798400598016
1268314624757243904
1268314458549600256
1268314328354045952
1268314255343808513
1268314127505776646
1268313841848455168
1268313718007324672
1268301598335406082
1268296119416741888
1268284850546421761
1268274241939673089
1268274210130071552
1268274159001448452
1268274145634267137
1268262088956416001
1268262031586664450
1268261744394330113
1268261585908367360
1268255535285129224
1268255259929034760
1268255234977140738
1268253205600837634
1268252985831931904
1268249651905548288
1268249148320604162
1268249147380989956
1268245671586549760
1268241907790024705
1268232859992629250
1268222514838323200
1268222295778177026
1268184626943733761
1268183841484701696
1268183195519942658
1267855419873116163
1267855419025903617
1267855417641775105
1267855416807108612
1267639183356682240
1267628210809962499
1267628210092748800
1267628209362919426
1267628208549175297
1267585728869027840
1267578410831876098
1267577866008645632
1267571695407202305
1267516373955219456
1267483152836104193
1267458393779953664
1267095963413381121
1267095932971159558
1267095899819388929
1267095868282470401
1266549365109334016
1266549363993698304
1266549223270633485
1266458465746247682
1266436463450894343
1266421956527697921
1266140495727800326
1266140403834724354
1266139880918257665
1266139777956564992
1266139719747895296
1266139523597193216
1266133763609722881
1266074052483059712
1266073550764609536
1266065541212536833
1266008650293919745
1266008442982055939
1266007046740226054
1266005879914102790
1265816257028329474
1265814206617653250
1265814151861014531
1265814014434689026
1265793343562317825
1265793342673170436
1265751930577575941
1265751929637998593
1265671123188027392
1265669002887561217
1265446805568917504
1265446804914651141
1265446804037996547
1265427871335698432
1265427516216541185
1265402598099689472
1265402390720712707
1265375243390062592
1265375019921793024
1265350384165543939
1265343572582240258
1265343571617558529
1265343570489282560
1265326986874019841
1265314161812176896
1265313937010147333
1264949294014046210
1264948933060636672
1264948931424931843
1264913494442479616
1264686620567052295
1264686012443365383
1264685372564537347
1264333528243847170
1264333362514321409
1263977370312232965
1263969053657440257
1263943054739849222
1263943053758345220
1263927427119681536
1263927308139876352
1263926755494170633
1263926685398900743
1263920750563639303
1263897692553519104
1263896802258030598
1263893735596793856
1263891417774067716
1263868399286915072
1263851628253327360
1263599986408906752
1263593850427240453
1263577205084491777
1263567083561984000
1263548880622403587
1263543680297730050
1263538252356648961
1263530407640870913
1263530184260681729
1263502277379317762
1263502276624289794
1263482213284425728
1263257306382417923
1263257101784223745
1263252541036511232
1263252431653175296
1263229574495731712
1263229402185433090
1263229331842703363
1263229268194189312
1263169783211622403
1263133597847912450
1263131675179061248
1262894001960730625
1262893788013494273
1262893357145227266
1262835571338207233
1262835570465804289
1262812834527956992
1262812200944664576
1262788652649897986
1262550021486063624
1262458963301478402
1262458962391293960
1262456567506575361
1262453977536499712
1261711532758622208
1261711159843082241
1261471419369750530
1261471418618916865
1261471417461125122
1261455880790441991
1261455880094208000
1261449574654316544
1261449495876980738
1261427463000920064
1261410175941931008
1261394110398599168
1261388824464117760
1261386815157579777
1261386814079844352
1261386813169700866
1261386812133568512
1261386811089334278
1261386809918885889
1261379043628167168
1261333023930359809
1261332769415868416
1261313663073427458
1261129518070345729
1261026410606575616
1261007377010176002
1260982211156873216
1260970983705522176
1260961999871238145
1260952839851048962
1260951945981853698
1260927619026939904
1260708247138336774
1260708142385631233
1260689392282279937
1260689186610384902
1260648365773090816
1260606135700271106
1260605775141113857
1260593335644958720
1260589849544982531
1260584314619727873
1260251242951049223
1260251242233835520
1260251241407447043
1259985549479337985
1259985547939938304
1259983068376465408
1259958855829721098
1259956937095077888
1259925692948647942
1259917117341741059
1259904597193297920
1259874631957258240
1259659382889099264
1259553560154574851
1259098161890627584
1258874548977643521
1258873304938680322
1258873040814903296
1258870552451862529
1258858435187216385
1258852194918506503
1258851241511223297
1258839825454637068
1258754774234804224
1258743595902828545
1258537231746129921
1258497824314085376
1258497637516525569
1258497436898770944
1258487263023022086
1258485994145316867
1258467378876350466
1258457405471555587
1258454037512536064
1258453748935950337
1258429072088150017
1258419018366664705
1258415599044132864
1258405245408944130
1258405244528181250
1258394956009476097
1258196142917070849
1258196140639555586
1258186485741879297
1258186484651298816
1258162385992454144
1258145380967034887
1258144535315730432
1258140033678217222
1258128267770580993
1258098313594834947
1258098312529563648
1258098311497748482
1258097322623451137
1257842212475412481
1257841886414417928
1257814596729090049
1257814181077803010
1257814179152564224
1257805190473940995
1257801504616038402
1257801503638773765
1257784172057432065
1257741183251632132
1257733981103099904
1257708664951111680
1257702324631412741
1257492722052739072
1257451864041414657
1257443842187579394
1257443381212577798
1257423533942194182
1257385444821667845
1257381658950545413
1257381531699548162
1257362784699940869
1257129181848240128
1256750666384629762
1256750664627236866
1256724397827788800
1256724396556910596
1256720783356952577
1256648079668903937
1256645823968038913
1256608518859362305
1256406398201626624
1256381983493697537
1256353619621875714
1256353618745319425
1256345793017065472
1256345483183820803
1256318252684214272
1256318106705596421
1256311226239291394
1256311032416354306
1256285748250267655
1256284438532628493
1256284245909221381
1256283812964827137
1256277984908136450
1256255811065729027
1255959283327434762
1255954852720631808
1255954749393944579
1255947298607116293
1255938043397255168
1255938042512257027
1255916263567654915
1255914370296614923
1255894889189060608
1255891887342452736
1255891471103909890
1255882218557374466
1255879276806713345
1255652553871810560
1255652307255070721
1255651975124975616
1255650418299977734
1255603774091075585
1255603627839848451
1255578059249500160
1255551079250526209
1255551078340481026
1255505845347065857
1255311766386548738
1255286360040189957
1255286359138369536
1255282939929255938
1255282837894422529
1255259120120332288
1255253901575704578
1255195697693016064
1255184389383782401
1255171565580361729
1255171564754083842
1255171563860754434
1255171562812178436
1254913741063405570
1254904312687362059
1254904311861194752
1254904311039041537
1254904309965369350
1254904308379910145
1254904307587088384
1254904306807066624
1254904306001686528
1254897008109854721
1254886209962336257
1254866012337364992
1254840668201066498
1254840667152547840
1254833865350418438
1254823419897675776
1254773459269214217
1254773457687986178
1254424801684467714
1254090054072504325
1253808180368375809
1253807466636283906
1253807169436352513
1253806609878392838
1253806339459108870
1253783471815884806
1253765935644717058
1253765759555248129
1253762698975862786
1253758825993248771
1253747683921145857
1253728720986218496
1253728609996595201
1253501149795287045
1253493297789702145
1253482498102886400
1253467759578681344
1253467758425182210
1253464590517710850
1253464153559371781
1253462082797867008
1253461841302491136
1253461840673341446
1253461839683497990
1253458618185396226
1253454955979190275
1253397802484449282
1253396658655805446
1253396382918066177
1253395287630020615
1253378945405288448
1253378944457420815
1253378943413035009
1253311722494013440
1253104742034739201
1253060256663568384
1253060255778508803
1253059940232712197
1253038943722967053
1253038915923173376
1253038850517196802
1253038806569226241
1253038767532904450
1253038724327321605
1253023868928876544
1252994627445063680
1252985872049418242
1252981373721358336
1252979932642369537
1252979931820314624
1252979931124060161
1252979930012553216
1252979928687140864
1252956781812150273
1252759172812279808
1252756351417225218
1252754917070077952
1252754916109692929
1252726039639478274
1252703303919636480
1252699145023995905
1252691565946048512
1252691564201205762
1252678794483302401
1252677967488135171
1252668810357886976
1252668809368031235
1252668808453672966
1252667814210670593
1252641438132822017
1252374519446073344
1252374518296764422
1252351177770991618
1252349231597142024
1252341634974412807
1252340521885786116
1252331243791880197
1252313031700340738
1252308640389836803
1252307056796844032
1252303254723211264
1252298004389924866
1252287512116158468
1252287330184056832
1252287328057507840
1252279665563140096
1252279465654263808
1252268183333097472
1252261169873784837
1251953768096305153
1251685893624270848
1251685722182082561
1251254650877161473
1251250206227783681
1251250204461981702
1251237136352804867
1251201883726852098
1251201882808291328
1251201881638141954
1251157048701542402
1251149469187358720
1250961714281054208
1250934483685126144
1250878649420730369
1250865264780021763
1250862660368941056
1250857185699078147
1250857184797298689
1250857183828418563
1250853184429592579
1250815644641132546
1250804258607370240
1250793234374234113
1250605014105669633
1250604677437235201
1250580525233975296
1250565766816190465
1250563255069794307
1250545152285958151
1250541504009035777
1250534012516470785
1250534010499076098
1250512429714411526
1250493254749114369
1250489407909609472
1250481204245204994
1250468207166722050
1250467560199467009
1250467559318736896
1250467558400110594
1250467557422895105
1250467079125372928
1250467077632204800
1250248918367195139
1250232249469014017
1250230479695069186
1250197790665424898
1250196463428218881
1250196116408328197
1250161152799145984
1250138886774415370
1250138885759401984
1250102096789147648
1250102096130695168
1250102095413460992
1250096013752389634
1249842586782773248
1249839460084318220
1249837895298486273
1249826227030044672
1249826226124083200
1249826225243242498
1249821928338132992
1249821823295983629
1249801629739646978
1249778609461567490
1249764858142363648
1249763500714532871
1249756320611385345
1249755887272701954
1249746169816928261
1249746168709550081
1249745158389850120
1249732893745844228
1249319622500855810
1249319509221158913
1249319202877513728
1248740443841613830
1248740261204819971
1248693348187152388
1248675602393116678
1248654337062121479
1248654211056795655
1248654209530167296
1248643091344523264
1248642856459345920
1248642855670775809
1248633489081196544
1248625996804157440
1248621426187177991
1248387096865169408
1248345573058543618
1248341253667913737
1248341202568646669
1248340728553639936
1248306114309115905
1248306113512124416
1248297905712177152
1248287223923032064
1248287222954168321
1248286709999165446
1248284009861386245
1248269800981139456
1248269799785930752
1248269388249280514
1248096395694874625
1248000113726746624
1247999914686251008
1247951964354285569
1247940652748464128
1247937859618734080
1247929169369092099
1247928006477258752
1247906872734224385
1247898960305381378
1247898624584871941
1247894474262339585
1247722263450959872
1247722262792491013
1247721673329184771
1247721672448368646
1247624542413107201
1247609812856311810
1247608158828322820
1247607282881495041
1247604100402946050
1247594368267100160
1247591039763873792
1247578504386019328
1247571105151365122
1247570581379321857
1247559398228135936
1247558596935680000
1247558595862020098
1247552630227943426
1247548832726081536
1247544826591133696
1247322862102380547
1247274376023719936
1247260793000919040
1247246091063644162
1247238981793783811
1247237961072160768
1247227897254944771
1247214838050443267
1247201686034296834
1247197287564169222
1247160159425695744
1246535199799853059
1246534033007394816
1246138123366674432
1246117374283177984
1246117050151514114
1246097663990345729
1246097569329164288
1246097568356065280
1246097567261380608
1246095264827551746
1246075816083107840
1245877704634793991
1245877702625812481
1245871391380893696
1245871390261010432
1245824087726764039
1245824086397177861
1245776270450966528
1245776089789673473
1245752949634142208
1245751186940211206
1245744583922921473
1245744583004295169
1245744581846630409
1245714070566768640
1245714010563108864
1245713946767765510
1245483681415913472
1245476390029451264
1245476359335546885
1245476339462877186
1245476320563400705
1245476292310564865
1245476272395993090
1245460722114584578
1245460599561170944
1245460509073248258
1245460340785262592
1245432311686012930
1245432203703705601
1245432065908228096
1245431935784103936
1245422645463703558
1245418259295473667
1245416850084843525
1245416685110210567
1245403810593464321
1245403775558463488
1245111815744389120
1245111814536429569
1245110319573327873
1245109598836662272
1245098844955856897
1245095055217643521
1245077014270312450
1245076930036142082
1245076818308345856
1245076440984453120
1245072328272338944
1245067796532408321
1245066416828661760
1245057535675072513
1245055770946932738
1245055609185148932
1245042914625028101
1245041697328787456
1245038158938603521
1245034350443483143
1245032830935207938
1245032830054383618
1245032828926124034
1245030500068196353
1245030301258207232
1245030299769200645
1245023726766342146
1244758340590280710
1244758339403341829
1244756989370150912
1244755906069508097
1244755785294512138
1244755768240492546
1244755741212323842
1244755419135905794
1244755399405907969
1244755378367234049
1244755357223858182
1244754317141254144
1244754280659247107
1244754260614615041
1244754063088107520
1244753741900890123
1244737927378276352
1244736527525175296
1244735928960274435
1244735914263355398
1244735805295337472
1244735789457694723
1244735773720694784
1244735757367087104
1244735722709549058
1244712626137042952
1244704017017602053
1244703979143155714
1244701524015677443
1244695929996955649
1244695882626486272
1244680307686674432
1244680237490884621
1244679667384291328
1244679666075656198
1244676795649216515
1244668420450390017
1244665070514298885
1244418524677836803
1243955923783225348
1243955922843639810
1243955676755492864
1243931433112145920
1243699206461800448
1243632560938405890
1243628886300200963
1243548435489398787
1243386216549986305
1243371006590410752
1243319473748279296
1243269459940380680
1243236937185611777
1243227219167711234
1243220848804233216
1243185699576336384
1243185610606759938
1243185531753824257
1243185459305553920
1243185363750924289
1243183304624541697
1243182861844451334
1243182860992950274
1243181906977382400
1243181905836638211
1242935411271438336
1242932777219231747
1242924952472506370
1242875646021382146
1242864596676939777
1242864595661918208
1242864594135252992
1242864592990191617
1242864591769677827
1242864590381363200
1242862824734556164
1242843665808134150
1242840806135926784
1242837329842188288
1242826455647760385
1242607639303016450
1242568684817784838
1242566563712172037
1242514780637855745
1242487783907823616
1242487783131942912
1242487782355976196
1242487781710008320
1242481823818682369
1242459320824053763
1242459318554890245
1242459316495486976
1242459315174354946
1242459313886691330
1242457445617762304
1242262873641893888
1242262648307269632
1242261784863682561
1242261389621813249
1242260801198731270
1242260515050700804
1242260233210204160
1242176190741438465
1242173772356083712
1242170119222108161
1242166535021568000
1242166213586935808
1242161424161476609
1242149153532186635
1242149151967674370
1242131507965296640
1242127375208452097
1241479148759142400
1241478984107470855
1241454583848882179
1241453460794544130
1241446162344955904
1241441116278398976
1241121811057827848
1241119299617652738
1241119231468621825
1241119072588304385
1241118995115388928
1241103330065121280
1241102272316297218
1241068763870572546
1241068697571254272
1241049174650556417
1241049173643984898
1241036327635824640
1241025980166287360
1241024550638432256
1241022901509292033
1241007233921617922
1241006887761596423
1241006421002596353
1241005793157275649
1241005061918130177
1240700072116944901
1240693860134612992
1240679837389504512
1240673403545292800
1240671412446269440
1240671353168171009
1240671271383433216
1240671155603877890
1240671074808979461
1240670986040721409
1240670874803605507
1240665759405223938
1240665758553735168
1240665757459124224
1240665125863985156
1240663334833266688
1240662190035697667
1240471327162732546
1240428276981645312
1240400439125958658
1240400437179748356
1240399921066446855
1240399256671981570
1240340071691190278
1240340002963324929
1240338255498883072
1240337836915798017
1240326342559883265
1240305700183715843
1240287792531410953
1240061428482138114
1240041017652412418
1240036146782052354
1239990429577367552
1239939040809451523
1239936337484099588
1239928905622073345
1239920609729052674
1239721137141137409
1239701535325671424
1239675250499112960
1239648120105046016
1239605512108478464
1239605511311556608
1239604684391878656
1239591106800746499
1239582084039131136
1239581948168810496
1239571286264774657
1239565170650816513
1239553631302701056
1239273974971990016
1239257825748176896
1239231522407931904
1239225754371719168
1239215938010075136
1238701397933260802
1238701397190873089
1238690967827501056
1238690882397900800
1238678660716077056
1238673245823516673
1238502908833955843
1238488877968625666
1238482238192463873
1238290765920550912
1238209248468877319
1238198957471383562
1238198849438654464
1238084241239560192
1238069023063052288
1238069022190690305
1237874240684056576
1237862027655180289
1237861765800529920
1237838652723486720
1237822787609296896
1237822461581971456
1237814549740507136
1237774728175259649
1237498798932451333
1237498650907074563
1237480195495526400
1237480194790866944
1237480193129885696
1237476643234594818
1237410899893399552
1237408535773765632
1237185375623352325
1237171902445236224
1237137570900979716
1237137557298782208
1237075694422765571
1237059337970946048
1237059319046299648
1237018461894840320
1237016557575901185
1237011714790559744
1236733825562087424
1236733824488419330
1236733822131208195
1236732366959280130
1236712587309481986
1236699767012569088
1236699721051373568
1236699641397284866
1236699585784971265
1236697308873580544
1236518955411558400
1236439735033303043
1236439730990075905
1236439726862880768
1236439722563682304
1236439718419673095
1236436372107509760
1236436104645050370
1236326739632062465
1236113194227298304
1236113156616921089
1236055294377066496
1236055293597028352
1236055292573597696
1236049691445522435
1236049593026129921
1235970629935001601
1235970629221912577
1235970628173340673
1235930035401502721
1235694303608844288
1235639515034857479
1235635878845964289
1235635854460231681
1235635833325187073
1235635812458520580
1235635791063379968
1235617797604102147
1235581294941294598
1235384767694036992
1235341486474047495
1235332725458055172
1235332724560404480
1235332723755143170
1235332722375217160
1235300848659550208
1235300582967193601
1235297922285211648
1235282545295622149
1235282541554393091
1235273653786378245
1235239312532398080
1235236385189244929
1235019566943784966
1234918408183046146
1234918146051624961
1234897958916755457
1234897957893349376
1234897956857356288
1234669426307260419
1234668955412791296
1234612455764086786
1234612453884993537
1234560510013706246
1234560508906393601
1234560507606073344
1234556943739629569
1234544688402747392
1234540024542224390
1234499564637446146
1234291333252161541
1234273425801318401
1234273352862359552
1234266373074890755
1233590703030251521
1233589195744194562
1233521569458262016
1233430289499729922
1233418515094396931
1233418416532357120
1233418389118472194
1233418347498409985
1233231981669945344
1233183625442623489
1233183621621731328
1233157646728994822
1233156662925590528
1233155976418799619
1233071416272211968
1233049658882220038
1233047329667719168
1233041201667944449
1232854053127938050
1232853533537579009
1232853478545993728
1232842629286678535
1232783624111632390
1232783620395425792
1232767899338772481
1232762497767215105
1232750386982871048
1232747865707089921
1232747519651844101
1232747516707426304
1232733595497902089
1232726788431917056
1232726787605569540
1232726786380902400
1232709189467766786
1232705746007097347
1232674535775854594
1232670158960893952
1232667144623730688
1232661918013427717
1232381907196928000
1232340401413070851
1232311485008838657
1232129434750201856
1232053950821605378
1232053949601079297
1232014414766858241
1231998896487923712
1231734865176993794
1230956359442739201
1230935863003144192
1230935861438668801
1230635324331712512
1230573909478604800
1230573725717815298
1230272935144960001
1230246993567649800
1230246927050125314
1230163788038574082
1230163786943823872
1229934493433303041
1229934342014742528
1229580209395032065
1229568367926878210
1229568365527781377
1229566808891351041
1229566670370373633
1229566300676075520
1229525499300499456
1229524984499929088
1229524685605548033
1229524683596476419
1229237879991304195
1229163391853514752
1229162579106377728
1229162577625853953
1229162575012728845
1229154737121058823
1229030710851309568
1228898655828135936
1228726114735947776
1228724569634230272
1228707315362279424
1228703447098241025
1228686707828174848
1228531221740826626
1228531112927993856
1228531019231436801
1228474351500091393
1228468537045463040
1228409579823865857
1228150045066874882
1228137320102158336
1228137250770358273
1228110305080770560
1228110303197646848
1228053596840787968
1228029027874738176
1228028219124801536
1228015893042561026
1227990049666543616
1227975338862563329
1227955326760169473
1227954255924953096
1227954254901583872
1227741941871366148
1227732474790391812
1227723300111081474
1227715617240817664
1227713124649914369
1227675881029718022
1227675880027238400
1227675680151920641
1227672848317272064
1227672830638247936
1227672807049498625
1227672773260124161
1227672728263680000
1227672671242067973
1227672625285083141
1227659344281526272
1227659343350374403
1227656524841017347
1227654861644345345
1227640729893294081
1227610018515685377
1227598240406818822
1227585163909050371
1227382193028259840
1227382069271179265
1227339750660595713
1227319373859344384
1227302235517915136
1227297299816161282
1227289671924932608
1227289671123767297
1227289670003896322
1227270503129395200
1227250967411929088
1226999541934829568
1226998946528137217
1226996175896809473
1226995028347772929
1226989326082494473
1226976663080185861
1226976662069313547
1226976660936953861
1226976660030939136
1226976658831413248
1226975639292596228
1226923570363871232
1226904068259491844
1226536801730519043
1225953836373811205
1225952373048299520
1225877299054157824
1225871060882595840
1225871060043812866
1225871058965876736
1225865560740827137
1225864960691011589
1225864620621037569
1225850619484868608
1225832341488181250
1225832301520719872
1225810335665401857
1225788702116454400
1225622918685700096
1225622917511249921
1225569234018881543
1225569169564938242
1225569036144140288
1225568982616461312
1225534951669534724
1225504059978895361
1225495769995710466
1225476792791769088
1225454628789276672
1225435128089972736
1225421396857303043
1225235757432000512
1225196472502751232
1225187474898550784
1225180324503728128
1225156747599499266
1225155823846010880
1225152629833183233
1225149289309057024
1225120265119641601
1225120263676866562
1225120262800191488
1224911797553127425
1224904864796487687
1224900870887919623
1224898941780725761
1224896893911732224
1224896482794442752
1224896078849413120
1224895590103994368
1224863181593567234
1224857430774943750
1224856294043144194
1224853448459542528
1224819153510588416
1224800772535222273
1224800771444744192
1224690588936810501
1224498705455374336
1224498704528367618
1224498703609757699
1224471914401476613
1224471867194585089
1224454835107332098
1224388216083701760
1224388202175311872
1224388188233523200
1224128948868653057
1224090061790240768
1223725180297580549
1223669715375140869
1223669453965135872
1223637393187713024
1223418827901456385
1223418652076187648
1223418417732104192
1223418416645771265
1223398749017382913
