1286028537439428608
1285914428278546433
1285784073152147456
1285783536692232192
1285783368836284416
1285774131577921538
1285770074960400384
1285768175313997824
1285766401467322368
1285764512134594561
1285725334650986499
1285677765103095810
1285671709551534082
1285669037666701312
1285666608065781762
1285599149774254084
1285550248895614978
1285370685297168390
1285354409090781184
1285349098950995970
1285283764994748422
1285027698113486849
1285020885074825219
1284994961457524741
1284918570082873346
1284916435370807297
1284853731964715008
1284829282896838657
1284827590516252673
1284596000808738819
1284592557167538177
1284507905040027648
1284333846494928896
1284163301467881472
1284115428940414976
1283900382691889154
1283868924451454982
1283791727090962433
1283779791762657281
1283763214757572615
1283762195981955073
1283484288990806018
1283484064624922624
1283451949472518159
1283447461529477120
1283410031116013569
1283408362366021632
1283405915262255110
1283402379732430848
1283397768468402176
1283393025465561088
1283391394967703553
1283381706926555136
1283249511939309569
1283192518981701634
1283162926245961736
1283160988083249153
1283149075802619911
1283120868378451971
1283116283173707777
1283106540384288768
1283090802546180103
1283074304213757953
1283069538997882881
1283056098799476736
1283054994808283138
1283004536756592640
1282788087551197191
1282776044089618432
1282775870097240064
1282774809827368960
1282774208905453574
1282772266682589186
1282759449401270274
1282749887390658567
1282749645278543875
1282729130996445184
1282728062556213248
1282726991138095106
1282709292932575232
1282708976359165955
1282653387989962758
1282651837309620230
1282482891507863555
1282463596270813191
1282143199797157893
1282116639270604800
1282116473998245888
1282116400119676933
1282115964700631041
1282061360130555906
1282058630213373952
1282058395877543937
1282008719602192386
1281976514574192643
1281635110924804098
1281627960638939136
1281611343825711105
1281605043733618694
1281603564293574657
1281584067893432320
1281554320803102720
1281319958237061144
1281313028630347777
1281302606044975106
1281292628861112322
1281242100974137354
1281239834569445377
1281232803053568000
1281230771047579654
1281202473940717576
1281173201742110727
1281172770399948800
1281041494523215872
1280827161348378624
1280705003154550797
1280624772431429632
1280624238102286336
1280623845519564801
1280623033191931904
1280568600324161536
1280486808397197316
1280317001118953473
1280263868145709056
1280263474136965120
1280234165481463809
1280189319517556737
1280187675539132419
1280140120767844352
1280134860062052352
1279919849070829568
1279919629679448064
1279919111762587650
1279860121607254017
1279858474852237313
1279755797447299072
1279629923729248262
1279628311870701568
1279570020385935361
1279520697996492801
1279457877883850755
1279456886807560192
1279456765365682176
1279452767518629889
1279256876945940488
1279048589847691267
1279038550370025473
1279037855378137089
1278885820871716866
1278867412574703616
1278852047148810240
1278851720056115200
1278851645120679942
1278851616133840896
1278849890962079745
1278835651488645121
1278772505264754691
1278726821408837634
1278726522245992463
1278703591377731584
1278651617877917697
1278649583531446272
1278636348765806593
1278494109876006913
1278437074941685762
1278412972138921984
1278344827722182659
1278129883298889730
1278054863864246272
1278035678903885826
1278014983725514752
1277968791830269953
1277941943541129216
1277795235209322498
1277792886432632837
1277765740121243650
1277729880340340742
1277725516620009472
1277714930326790147
1277705791106056206
1277700528651321353
1277681665675005952
1277646170484092930
1277587041925160960
1277586598125764609
1277574408488566784
1277341666890756097
1277333572198830081
1277241093130801159
1277218765785227264
1277218152129204225
1277014224783511553
1276949609869463552
1276947662739255296
1276682752704774146
1276681978545389571
1276681852439453697
1276507040773484545
1276265234030886913
1276201238724513798
1276196131719065602
1276183446587691009
1276160032716066818
1275861847833563139
1275855746329128967
1275847678895755267
1275837813267759106
1275831919247331334
1275827584081821696
1275823224799059969
1275820248529330179
1275819345592102914
1275789915003990017
1275538850950066179
1275457413643210752
1275393106091872256
1274778684277362695
1274767167251152897
1274683604380061696
1274528298123624451
1274526201730732032
1274515591655809024
1274493188028456961
1274484660949651458
1274478890501750785
1274478138240708608
1274475884880310273
1274464863574786049
1274431762303725570
1274352392935550977
1274196592422199300
1274179976191934465
1274172994622033921
1274013234731851777
1273975498926952448
1273738472545824768
1273703758598373377
1273613244599590918
1273589456201711616
1273397830317756421
1273370794626777089
1273370208552566792
1273245608342630405
1273061361535406080
1272982535153352704
1272980133750681600
1272979641146527744
1272735903186931712
1272311316343128064
1272294516746268672
1272266694736691201
1272175981638410242
1272161513172844544
1272160007497400326
1272006848053497857
1271909899287609344
1271810490780528644
1271559331885039618
1271530614320177152
1271491552716652548
1271126434602516482
1271078241026138113
1270883620941676544
1270854513419857921
1270852648573509637
1270822424720924672
1270820565079769090
1270815555784781837
1270780640955453440
1270738094132772864
1270713244261507072
1270529845727019010
1270526588942266370
1270526405902774272
1270378796676513793
1270184047780732933
1269991895326916615
1269971042874818561
1269814016182026240
1269797189976559619
1269785995257487361
1269699737604816896
1269402185412026368
1269390342090100738
1269383367579049986
1269311344785981442
1269088560797319170
1269055448503779329
1269028305694572546
1268972219503427584
1268968036708618241
1268967956798717952
1268925881562673158
1268874300204949504
1268696731061030914
1268591593885499394
1268553424955740165
1268308783157194753
1268206461588508674
1267987386241355778
1267984083491192832
1267966955492909056
1267952500809834496
1267834271760355328
1267833120704905218
1267832477961408516
1267813184221655040
1267780220066676736
1267646117426221059
1267621285091213314
1267618226479009797
1267617968155959296
1267606296175554560
1267455135527157761
1267289517653921795
1267258565011570689
1267257992031940609
1267255564855382017
1267253884067725312
1267196136214888449
1267106555129888771
1267103899921657857
1267100148917768192
1267095502996287491
1267091979629985792
1266952486830702595
1266950982719725570
1266888926066769921
1266887701925593088
1266884902882095104
1266883445998919683
1266882592424579073
1266871134630404101
1266763533930414080
1266578036482285569
1266577265888038921
1266576517288648715
1266576032016084993
1266331609466314753
1266140423732461569
1266140166906957825
1266078675641958402
1265998684770230277
1265979303684182016
1265781149303017477
1265769296162164736
1265648225261965318
1265647995380551680
1265620551655198720
1265451907931410433
1265371408139456514
1264954558570209282
1264620949653073920
1264620128706142208
1264617364110356486
1264560010409005056
1264558465625792513
1264352159375785987
1264345852165980166
1264343408786706432
1264280562547769344
1264264061639962626
1264254921525911553
1264023360037584897
1263919375037407232
1263919047101595649
1263892684726550528
1263815895224328193
1263811791693533184
1263672853322440705
1263579631854247937
1263321068695179267
1263195661584998402
1263148932227567616
1263144711910547459
1262814475943645191
1262706694829850631
1262700531425914880
1262559572612599809
1262461226803740675
1262442328507195392
1262353298813788160
1262212267086667777
1262199358231109632
1262192060590931969
1262157625254445057
1262143016627830785
1262119276913332226
1262089263572803584
1262089151811334146
1262086780037345282
1262059277948194824
1262055606808084480
1261873856391847936
1261775898367406083
1261771982703661056
1261768786996330497
1261477326073757699
1261439153327071232
1261439089284247552
1261406349692473344
1261397883670032384
1261379659012337666
1261348792965701633
1261269402818920452
1261118902194618368
1261113993659367431
1261078574179680260
1260997959593996290
1260997652105355264
1260733533590630400
1260717461000912896
1260711141614989312
1260710274023272451
1260419786024116225
1260364910405582849
1260176816083525632
1260034456343068683
1260030574527254529
1259881616496832513
1259847942371979269
1259627382509535233
1259627175764004864
1259604752607973377
1259489526097031170
1259459839241175040
1259264962012295168
1259262786720411648
1259165574179041281
1259158914081447936
1259150485363273730
1259147263957504003
1259145006398480390
1259140920034852865
1259137852753039360
1259130624012681222
1259115214945038336
1258971880096137216
1258846145159274496
1258831887348441089
1258815622890340361
1258783324337774598
1258752514788413441
1258465138941792263
1258464548786335744
1258463218089054210
1258445824910114822
1258434144029245440
1258367439601008640
1258359233252331520
1258202375300493312
1257660341921755139
1257656761533829126
1257655323785125888
1257647213263687681
1257474685530488832
1257474606497234944
1257370409932111875
1257296198010048512
1257265331636183041
1257137795157630984
1257096011589120000
1256954510745972740
1256952125923483649
1256757811524128768
1256753747633606668
1256721350540042240
1256682171571613697
1256664192486170624
1256661619146477573
1256660847532924935
1256659780657205254
1256628298932781061
1256605278730158080
1256586482925678592
1256271133277593600
1256229742942052352
1256202819608219649
1256197596164620288
1255995293579055105
1255969337678102528
1255967813631643649
1255906096797159431
1255874324474605575
1255865745805905923
1255670549663055872
1255628152560398337
1255627132186877952
1255612420611084291
1255611603657076736
1255518217289838593
1255495969380196352
1255495484644474889
1255458690305589254
1255311035365560323
1255237692348039170
1255095641367330816
1254944372786896899
1254939047606333446
1254868495621402627
1254803561508151298
1254751561164754944
1254747501330157575
1254745631081578504
1254745198598520832
1254737905572024323
1254560722434117632
1254546068840353792
1254530477664407556
1254522720093700096
1254191055752310784
1254040606684459009
1254039958500904963
1254039169279635457
1254029922668089347
1254019774193061889
1253863003029716992
1253850886025199619
1253838756114829312
1253791075082350595
1253788938277396481
1253786872423288834
1253764789479841794
1253690050933653504
1253689904372072448
1253683334317838338
1253669549070827525
1253660661659418624
1253651107089391619
1253646191625199617
1253497684155076609
1253467121809600513
1253417698714767362
1253409316587163653
1253406106879213573
1253386826414424065
1253341237924397059
1253309683160494080
1253308758404595714
1253307489745080320
1253302057769086977
1253300639691661321
1252936009467203585
1252930454983979008
1252751131949834241
1252729953659084802
1252679946792833027
1252663353710981120
1252661562017447937
1252570491187081216
1251996369881116673
1251694632427294720
1251532507427864576
1251531187983613952
1251308593045032960
1251301117281153024
1251207870542155776
1250923302593445890
1250906861244645380
1250897660606849026
1250829573937418246
1250829566035271680
1250522641821249537
1250032013861621760
1250031846139793408
1250031621841059842
1249670223411675136
1249400416330268674
1249386212755988482
1249045082944294913
1249005376277753856
1248964652534509573
1248818676930949121
1248764793353355266
1248646420380430336
1248590727912787969
1248589889161113600
1248219825685626882
1248215925167357953
1247914572092186631
1247893015495970824
1247883749217333250
1247867267397943298
1247865784485007360
1247865694651285510
1247707035896029184
1247673669649915905
1247654146486013953
1247573453995155456
1247573080546988032
1247492754495746049
1247492405558902784
1247346307427074048
1247300214723149825
1247299721556869120
1247167902244978688
1246622033242456065
1246615807712518145
1246609329266077697
1246550131199160320
1246433555003170818
1246243245895618563
1246217613367279618
1246148617666211841
1246137477045334020
1246136133303570432
1246048016500436994
1245813005486612480
1245151905984253952
1244958170692362240
1244678010135089158
1244394425855467535
1244307701087309830
1244035901677846528
1244018341037182976
1244006487674040320
1243514522729680896
1242955274304045061
1242830576425619456
1242784565200138240
1242632086147694593
1242518020364349440
1242489156229570560
1242484284751052802
1242482334953279488
1242470061467631616
1242460053124386820
1242241632805806080
1242240563539324934
1242219983339388930
1242123590650265602
1242093207456026640
1241892986117644288
1241870570565840903
1241827185670971401
1241807049790574598
1241797422097055744
1241780345994907649
1241530625405997057
1241444003855417345
1241443772594094083
1241397028904742912
1241327702822486016
1241326456938078208
1241168709948977152
1241101810615685122
1241087151053430787
1241064916636839939
1241039090889428992
1241033555855073281
1240973009399230464
1240968899883139072
1240667533545521152
1240474457506041856
1240441427068432385
1240114829681188864
1240114196685168642
1240111346362040320
1240035797811806211
1239980210868686848
1239973511994597376
1239960684542210048
1239949916128055304
1239948293918068737
1239932038779678720
1239718461351366662
1239704027526508544
1239664351306485760
1239664127884308490
1239663507005739010
1239383805607260160
1239367393270530049
1239366955636850688
1239362646534750209
1239361302604197889
1239360445317885952
1239359287702556678
1239358307221016583
1239357449318129664
1239356582875586560
1239354191933472768
1239353563182227459
1239352562979135489
1239351606447091714
1239350035705475072
1239348181349138433
1239347903551987713
1239343165024473089
1239244002844651521
1239195724929212416
1238963451709599744
1238860542892220416
1238669868649590788
1238650815453290496
1238649511242805248
1238603021807951873
1238584565393956870
1238559172754640899
1238556236351766529
1238556183167893506
1238554510731227147
1238553581856358401
1238553293338673153
1238551719086358530
1238546802175082497
1238546203186540544
1238544479721848833
1238542967922663426
1238510737976426497
1238495320520241156
1238473714288771072
1238446662147878912
1238446638647181313
1238432738950217728
1238430647343087616
1238424686444318720
1238303954985013250
1238243054630420482
1238237923901935616
1238193740336021507
1238179775530897408
1238067185693724672
1237873931131838465
1237840798860767232
1237839076012654598
1237835473638350848
1237830973179469825
1237815879460585472
1237787149019295744
1237764828162396163
1237748380983492609
1237739689530064899
1237710405184577542
1237694585180225537
1237521757700939777
1237434963278155779
1237403071757651969
1237205580198170625
1237184046058348546
1237136765359738880
1237035570213330944
1237029241813958656
1237027017989685249
1236854274098974720
1236803600980029447
1236709725535952897
1236709549068955654
1236452346378489858
1236323840684367872
1236163767597174785
1235752651268161536
1235710860300935169
1235655675746947072
1235655105606754305
1235654818175299590
1235645823767031808
1235604285250994182
1235558833914703872
1235375344334581760
1235247859072733185
1235224986236919812
1235066308343017474
1234974055142281216
1234958597177643009
1234877606627020800
1234575760398090241
1234551132967579653
1234550046810607616
1234532014692487173
1234504962757070849
1234504488804855809
1234504441241440257
1234504412334260224
1234302065490497537
1234115911659016192
1233952146342764544
1233947561033158657
1233931513626079233
1233881485687578628
1233827306474475526
1233754773867945987
1233557861311156224
1233540643898773506
1233464362775519233
1233448170463670278
1233245305853939713
1233151071767400452
1233099465139068929
1233065098954117120
1232886539337728000
1232881812701171712
1232697299006054403
1232693362001666048
1232674243198038016
1232495764766646275
1232473825545031680
1232468932574842880
1232430297414873090
1232375822272606209
1232114180838301696
1232112999269269504
1232110585707401221
1231989674689925121
1231985321472143360
1231663741919363072
1231618892847558657
1231465246939738112
1231434982486208516
1231434495326179329
1231391246834454531
1231386416715878400
1231385894734589952
1231327315730165760
1231306947871162368
1231291349611077633
1231056441777065984
1231009182360326144
1230927549615628288
1230921664008900608
1230901291246702598
1230701004020076544
1230689828779388929
1230689614324592642
1230596951017545728
1230588739321118720
1230582496661606400
1230580736211636224
1230577050022338560
1230574926035243008
1230555691707854855
1230377749895712768
1230323362712305664
1230283999295094784
1230017379612053506
1229799175266721792
1229798771724255237
1229664210860167168
1229656420296978433
1229510547697127424
1229235220106235904
1229148789958529024
1229148690897440768
1228715099491311617
1228707220159913984
1228706525402759170
1228684266772541440
1228683732997083136
1228525214251835392
1228514659558416386
1228508351153278980
1228507928778412034
1228124848553177089
1228055512668921856
1228053778898747392
1228053418146705408
1228028764640153602
1227976323446038531
1227942975793246210
1227760979934666752
1227760478560104449
1227682805116788736
1227654032245821441
1227651661931433984
1227622027575644160
1227577194416934912
1227562190946947072
1227444932618735616
1227414647420129282
1227411667056779266
1227388962752385024
1227041130417676291
1227040401611161600
1226997196773609474
1226995154592190465
1226911292537155587
1226600342084816897
1226593982932754432
1226580930048987137
1226579479990087680
1226573262697697280
1226565872262795264
1226551353154998272
1226539856316289026
1226535072821542913
1226532069880344576
1226530813526892544
1226525952676651009
1226517144613068800
1226515724262428675
1226336231979655168
1226302776306814976
1226285179205038080
1226282997873356800
1226277265912279041
1226275770194108416
1226272810579955718
1226258969448132614
1226235634316169216
1226207401059274752
1226168604732919813
1226164600216981505
1226158617239457792
1226153727784034304
1225990023184617472
1225986563722661888
1225985733636362240
1225982421616730114
1225858374019010562
1225853173945991169
1225609054434754561
1225598125349523457
1225576546108411906
1225562951383502848
1225561690860924930
1225456332234514433
1225423903067123712
1225199401766924288
1225199070152679426
1225049819296796672
1224900918535172097
1224895034169987072
1224894979136421888
1224894404307058693
1224891478788526085
1224886162365538306
1224882152929665029
1224881984524247041
1224880097322323969
1224879697458335745
1224877428419518464
1224830034998910976
1224761947230478336
1224760136109084673
1224702038551998465
1224580501966655489
1224570754601291778
1224567984129298433
1224564940368941056
1224562302533410817
1224553488165875712
1224541520474398721
1224541433601970182
1224539881474527237
1224537759563407360
1224537648955564034
1224537304301215745
1224537242691084289
1224537124352995329
1224536130365939713
1224452953114759168
1224398889341587461
1224395877437071361
1224395848295030784
1224328299796746240
1224101934300368896
1224101879862439937
1224100655369019393
1224100330016821251
1224100237037506560
1224094256933101570
1224092946590552075
1224087046991556608
1224087034798780418
1224063596264640513
1224051479306174466
1224050690173079553
1224040030278234113
1224002017724682242
1223813851793235969
1223795795658510337
1223795737336668161
1223795525847322630
1223790522944364546
1223789346551189505
1223777140216422400
1223704229832986626
1223663757878054912
1223625011891703808
1223611136605671424
