1286041746774917123
1284511831848112128
1284511556408090624
1284511399255908352
1284288822684127236
1284225639533420545
1283462286095638532
1283171296319279104
1282124838149271557
1282021589211582465
1282021494646857730
1281330557247528960
1281064724302626816
1281064646527668226
1280884278067449861
1280134248654163968
1279503099472883712
1278795212484218885
1278790735639298048
1278509716759592960
1278509623293739013
1278443643062362115
1278443459880390656
1278443398823804928
1278095463250628608
1277680674535870464
1277347186498551809
1277324752760209408
1276964577377468416
1276875860235227143
1276565081506144256
1276564745626279938
1276564567544532998
1276564398539227137
1275790809623904256
1275790550390788097
1275790164741296129
1275789975636922370
1274009350902886405
1274009150771679234
1273725349365518338
1273648511767240706
1273456842849517568
1273456595784130563
1273277432364236800
1272541476216422401
1272300576303468545
1271622240568782848
1271448051887022080
1271188504828141575
1271188292726394882
1271092051896123393
1271091918982823937
1270465027296964609
1269418570200612870
1269039771533402113
1269039764537257985
1268893850036297728
1268893849147015169
1268893847242911744
1268627279212666881
1268627274514993155
1268621701014683654
1268237766975946754
1267861456537747462
1267855353053618181
1267855270513909763
1267855087709364227
1267855086698586114
1267497117439975424
1267497116244606982
1266401183683563520
1266401182593007616
1266389588173619200
1266086166689914882
1266086165645537286
1266086163976249344
1265738579336101891
1265738577671004161
1265738574089072640
1265738571572555778
1264947712828604416
1264947475493904385
1263585536083521538
1263118162419240962
1263118159223099394
1262753932012515328
1261803090090569729
1261803087284572165
1261401870171385856
1261401557955833861
1261366841458360321
1261303789379825664
1261046376114388997
1261020282233520136
1260538650787446784
1260325053213937669
1260320823279304718
1258779255347044352
1258773195584417792
1258760153484197888
1258760151991009280
1258148246893060102
1258127594320465921
1258018945367527424
1257847105768566785
1257847104011145223
1256631836618432514
1256340853938966529
1256340852894568452
1256340851862585345
1256340850663206914
1256340849811689477
1256340848964444160
1256268207255621633
1255633350452301824
1255633349437243397
1255497597151830016
1255259575839797248
1255201161935806466
1255201160908152834
1255201159503060992
1253793407786528768
1253793406977028101
1253726634630356994
1253454858616811522
1253045537651281924
1253045536208359426
1253009347870892036
1252571281049956358
1252571278952804352
1251577541309104128
1250885614251229184
1250497478492897281
1250228767466950663
1250228766628106240
1250211660847071232
1249748636738584576
1249748635421757443
1249664312873975809
1249479829386334208
1248362157508608007
1248005661125820416
1247685076084756480
1247595762642542601
1247582648656171012
1247582647100080132
1247174231399501825
1246428557464739841
1246217564079951872
1245410667571658754
1245120708843376641
1245120707304001537
1244625280062324736
1244625278640545792
1243600021242642432
1243600019233660931
1243348011897495552
1243189793250574336
1243189790226419712
1242992824192303106
1242992823336685570
1242486074888380418
1242471582347517953
1242187780932984833
1241204495301869569
1241204491099258880
1241188106956673027
1241038718380789761
1241016892946632705
1241016890769760256
1240742307969798145
1240742306979946500
1240681305853112321
1240681303835623429
1240442642070212609
1240345988503666690
1240298759013179392
1240298758015004676
1240030630764843009
1239031399606300673
1239031397802803200
1238680464862457857
1238680375985164289
1238583590625181696
1238533307626905601
1238533306452447232
1238533305173245954
1238533304292433920
1238486788215373825
1238059512436789249
1237563700002713600
1237563698928955398
1237563697741959170
1237563696710176768
1237514926467330049
1237131063631269888
1237131061353746434
1237131059260776449
1237131057037705218
1237111529574727685
1235960936093151241
1235611503006347266
1235393669705785344
1235244154722058240
1234597488910270470
1233566184588632064
1233516379527090176
1233505688032358410
1233231767886274561
1233224857715957761
1233198994689601536
1233176338573484032
1232857451755692032
1232788269357764610
1232783521086787584
1232774176550916105
1230242923809320963
1229971824676671489
1229971823829422080
1228440150302175233
1228402108820488194
1228402107298045955
1228076792520617984
1228076791534948353
1228031884237639680
1228031686904098821
1228031684232273922
1227410695509233664
1227334260048175104
1227334258743791616
1227334256545935361
1227326953860018177
1226922356997840896
1225900943172079616
1225900941716729856
1225864881058000896
1225828861709094917
1225827215457312768
1225784183798280192
1225474034151968768
1225417040804089856
1225173367159955459
1225145985040633856
1225076823157100545
1224899781404889096
1224812765652639744
1224409243383713793
