1286050889363595267
1286012362156314625
1286012321438015489
1285982398602252290
1285980928096047105
1285980790011170818
1285969066549809152
1285968461974376449
1285964629114531841
1285961619055480832
1285960367307288581
1285660097960726528
1285657102350942208
1285635890858131457
1285590821350322176
1285582805527932929
1285582301288468480
1285328885807292418
1285321170695446535
1285286271808610304
1285280362336342016
1285280361581346819
1285248545973579779
1285248545159892992
1285204058857517056
1284344481345658882
1284265204113711104
1284251295986188290
1284251152025083904
1284233007205961728
1284209887778676748
1284193651669729280
1284190105272487937
1284171093012623365
1284167452780265474
1284144868894420992
1283870198412595200
1283865617766940672
1283841848772112384
1283826632508268545
1283826100578275328
1283821500227821569
1283816166444527617
1283814128126234624
1283772939209519106
1283495014442708993
1283491201732227075
1283479315108298755
1283470521129218050
1283460058102333442
1283408061621837826
1283407968709599233
1283176503446921216
1283152022582296576
1283126202325229570
1282829292339068928
1282808713112428544
1282808711875047424
1282799450172338181
1282791110973231115
1282784676042735619
1282783805322022913
1282783526262374401
1282783038523441152
1282779087619141632
1282778894546894849
1282762836608012289
1282084539607797761
1281754558377623553
1281688081096220672
1281664737617432578
1281660758879866880
1281660664688369669
1281656936300195841
1281639253680816129
1281637061859127301
1281631015350358016
1281612042177261569
1281611639154933761
1281603770565173257
1281248435799306241
1281247051297239041
1281236118973939712
1280970527465750529
1280928362916204544
1280928361817214981
1280901954709983232
1280897087664726020
1280599588420935699
1280594465011503107
1280589454038781954
1280588665106948102
1280587046084632580
1280554612240646144
1280225873585725442
1280225805323419649
1280223993992101890
1280214260686217226
1280207385441660929
1280205153170268160
1280205151987531776
1280177578884677633
1280173956411068419
1280164337194274816
1279912772483059712
1279400820346195968
1278780676234346496
1278780276555087876
1278754058136772609
1278747091007868929
1278718458654593027
1278718457236905990
1278442360905641990
1278403765499039744
1278380587951194121
1278086071029575682
1278073703302127616
1278052587988750336
1278042419557273600
1278042418823266308
1277712325785632771
1277704682035728384
1277704681213624325
1277688779122397185
1277670175593181187
1277665640065708033
1277664135866650624
1277664134545506304
1277664133526290433
1277614738613178368
1277326525415731200
1276619549077573639
1276610930592415746
1276607275722051584
1276605015105441793
1276604753041076225
1276589237824036864
1276585273917407232
1276584494343098368
1276580560173961217
1276575159072284672
1276568733465575424
1276561360319664128
1276529780431732737
1276283759369900032
1276218002854285313
1276212600712368128
1276208731546583041
1276208487526289408
1276208486670614530
1276208485802414084
1276208484980264961
1276208484032417792
1276204973819416580
1276204551826296832
1276199727843946503
1275871903559933952
1275871424452968460
1275852929396858880
1275540254615908353
1275525225984253953
1275523566948229120
1275503099063480320
1275499493631328256
1275498770336227328
1275476080279932935
1275462638466727936
1275431414595346433
1275193597348864000
1275165949650444290
1275158124811489283
1275154619166007298
1275153765927174144
1275152691577196544
1275134020360327168
1275125039705346055
1274829377029668867
1274383395888472064
1274128341826764800
1274101299504656384
1274064165003550720
1274061752561524737
1274061616125030400
1274056976658509825
1274031266464219137
1274012819189628928
1273985385891323906
1273981417026977792
1273769054042537985
1273728443075592192
1273684404213342208
1273655269772406784
1273648317243801600
1273624983869276166
1273385832204943360
1273372686631219201
1273344693187817473
1273329641135226881
1273274960031686658
1273271635517243392
1273270307458080773
1273032884547391490
1272989066502471680
1272986743516680192
1272981619876429824
1272974030279229440
1272957193428533248
1272938236608995329
1272910853604544514
1272910209732808704
1272665057164476416
1272656366927306753
1272590246492987398
1272564739269365760
1272536892681203713
1272527515446317064
1272525440373133312
1272521482099458049
1272010397772636160
1271906281025142784
1271897409921187841
1271883249065828352
1271869312995901441
1271858574512267269
1271857456734445568
1271607692126302209
1271573296518172673
1271556326536216576
1271552894752432129
1271517466326417408
1271474393596735488
1271224007350792192
1271209214690590720
1271209142292754433
1271207216478064641
1271145530278772739
1271139735713562626
1271062169740816390
1270857344767975426
1270850381686476800
1270842782048047106
1270767636218089473
1270742267725299712
1270742266857033728
1270742265242279936
1270417526653059073
1270416065059786753
1270397839932297217
1270365642454175747
1270116429384343553
1270116370131320838
1270116294671695878
1270116164019068931
1270091119842463750
1270055356434206722
1269037557054148608
1269036728112820224
1269015923001905155
1269014208840118273
1269007182001037317
1269004294277210119
1269003159315365891
1268970222490451970
1268937957458743303
1268906082623270913
1268708162938470400
1268708046521458693
1268684058155982850
1268659732333703171
1268642568574730240
1268639602585358340
1268599989900578816
1268584959389859840
1268384574242947072
1268384573500600321
1268384572733042690
1268332121166417923
1268320486590746624
1268318536419737600
1268277274018799617
1268269969143406593
1268261923117826051
1268256961872748547
1268254555206291456
1268249410410078211
1268239915470422017
1268213930528313351
1267969073192800258
1267953735197757441
1267936790872276992
1267914962699194371
1267610478035042307
1267565428676706304
1267565262137634818
1267565261177139201
1267558038992543745
1267516908338806784
1267485496583827458
1267485264370380804
1267156093203107840
1266746233068163080
1266746232329900033
1266746231558213639
1266746230941585409
1266409623382298624
1266126039824175107
1266110513869721609
1266040180445786114
1265805384289304580
1265788202142650375
1265769531986886656
1265756716538494977
1265756624473513987
1265645879639396352
1265408426894594049
1265401618960461826
1265391005722742784
1265378039669624832
1265336031680835586
1265336030154104833
1265281839792566272
1265273452078018560
1264905306070372352
1264261523024883712
1263882737062117387
1263869502770511873
1263818141970333697
1263590994345226242
1263564883104317442
1263558593326047232
1263550472763432960
1263534718819143682
1263523026446016513
1263506444395204608
1263238909087174659
1263236766636609536
1263236635128467461
1263227511669997573
1263198431092359173
1263198133741371392
1263197939805143040
1263197712402481152
1263146989484683264
1263146802834014216
1262834661148909569
1262819561709146112
1262813857598373891
1262804462265004032
1262797091434377216
1262767992515047425
1262759854793527296
1262759853854019584
1262748625014120448
1262493569916579840
1262486352173694976
1262484189829574656
1262431227933593600
1262416058146840576
1262397350238183426
1262389982217375744
1261402153932910592
1261378374653685760
1261378373823221760
1261378372862570496
1261378371897839617
1261378370618589186
1261378369649881094
1261378368647225345
1261378367535767552
1261378366151766016
1261378365111615496
1261378323764166658
1261378322723790849
1261366700743811073
1261364462381985792
1261354043311403008
1261338130566840321
1261100298770276352
1261099528276586496
1261061417442201600
1261033827012612099
1261025422223048705
1261024399345553409
1261013158963093504
1261006546307342337
1260975939774754816
1260969626692968449
1260632419599876096
1260630176851021826
1260627366851891202
1260623009985056768
1260591458073092101
1260580395982237697
1260343712451899394
1260343590930317314
1260336233554817029
1260327713920946177
1260292077847490563
1260274053669163009
1260238945608175616
1260235370295373825
1260234123643404288
1260229331378413569
1260227953432113152
1260227929209962500
1260224541449740289
1260215329353011201
1260215165745848320
1259993898287587329
1259953676841607171
1259894595342807043
1259878857219457025
1259877793241927680
1259873578155216896
1259870727953625088
1259606320820477953
1259278945712852992
1258876336724226049
1258862735632236544
1258859069487579138
1258844883055448066
1258835693805219842
1258819194784751618
1258812473643278336
1258812270718734337
1258804332868362240
1258800074219552770
1258789900939415555
1258788696003948544
1258765347550687233
1258765095926194176
1258764844498653186
1258764844116914177
1258540807163744257
1258540514749513733
1258537020583862273
1258480149739208704
1258476918128730112
1258476459808698371
1258476458873413634
1258463530845720581
1258454144723177475
1258454143951388672
1258454142986657793
1258437359345033217
1258436606505226243
1258435924339326976
1258426490674388993
1258194509680312325
1258189458295357442
1258160799337644032
1258149088018784257
1258143436152147968
1258133246573006849
1258109272157806593
1258104083040350210
1258096003057582081
1258062529101729793
1257827981164253184
1257808095348170754
1257803106466873344
1257798850020102147
1257798023662448646
1257743363421302784
1257721915818549249
1257719662537838592
1257696067644264449
1257436386094956545
1257431447922712577
1257430320581935107
1257394870228049920
1257371072590217226
1257340227561099265
1257334710348533761
1257333365830832128
1257325238930604034
1257324970751000576
1256646614460043265
1256642572275142656
1256626789478289411
1256355657936179204
1256354598622760961
1256334310300356608
1256328215913656322
1256320186224959488
1256307964325113856
1256302831939788800
1256287082743574528
1256287020252631044
1256276845521141767
1256276614775820288
1256000558185492481
1255979291713720324
1255974475566387202
1255965000918761487
1255957687042482176
1255951305354379269
1255936180618694659
1255936071889797122
1255905597964333056
1255880595298758662
1255855674979909632
1255836045733761025
1255664601234051073
1255609459105284096
1255587366686863361
1255502232675651589
1255502005558284299
1255501405944778755
1255497877842882560
1255493280382533634
1255275764884389888
1255241550315077635
1255241107761397760
1255232568837857280
1255232081480822789
1255141531788296194
1255138167323156481
1255137275328868353
1254916045531484162
1254911453540335617
1254896967743950848
1254853198457843714
1254841575911436290
1254837879202811906
1254825558040612867
1254765899233611778
1254758142828843010
1254533185851064322
1254531830902140934
1254480832863047681
1254066393441542144
1253792348024311808
1253785808827547648
1253785634063474691
1253774737232351234
1253770346571927558
1253665314572730377
1253473412464467968
1253452147305349122
1253451302534885376
1253439342170832896
1253434310478053383
1253430440750280704
1253430214836629509
1253425308746702853
1253413112251912192
1253388297596030983
1253384290626404353
1253316364577751040
1253315924674961408
1253019971724226560
1253005981610643457
1253002270947659776
1253001988964601862
1252712810880077826
1252706682670546946
1252674170116288516
1252635666992771073
1252603144955199490
1252601147027841025
1252594310681427970
1252551435964887040
1252347885980540936
1252271134092992514
1252260436722044929
1252258138746748932
1252250111276716032
1251592797817315333
1251585544053829632
1251585541914722312
1251582850413072384
1251579072628641792
1251577762273361925
1251565117927497728
1251557451738091521
1251553550037127171
1251553332457541643
1251547043987959813
1251546291869491200
1251532601598316544
1251518346778030081
1251242212261801985
1251241763597099011
1251238089776869379
1251215490103599104
1251214852963647488
1251165281822670854
1251148928587755522
1251146664728903682
1251138798576115712
1250903550265307141
1250901686706753543
1250884887948791808
1250872279543709697
1250871522849435654
1250868302437548034
1250866400480108544
1250829870801788928
1250826877700386816
1250798249063206914
1250793111795773440
1250791917702582272
1250575738333532165
1250575657911963651
1250575524965093379
1250528426454405122
1250520373722066944
1250519980187234304
1250518458460254214
1250478501842558977
1250476901040259073
1250456997457203206
1250446281471860737
1250443730202415104
1250439989969723393
1250439374757490689
1250425065226657792
1250249181723275264
1250209743572008964
1250162822107062274
1250158216920600579
1250101701798920192
1249854424236937216
1249845291542593536
1249845003435868160
1249765751378018309
1249753562638417921
1249321369692590081
1248748844415926272
1248746645292027910
1248746644205682688
1248721147476217864
1248695129394872320
1248668125815615490
1248668124955774977
1248649268728119296
1248646380060643329
1248637142596796422
1248611072967233539
1248608210979893248
1248390714003558401
1248385662195085313
1248382458233413636
1248361359722635272
1248332256139194368
1248332255149330434
1248324095609102337
1248322285586518017
1248322112764469254
1248302261157212160
1248302259190071296
1248294434959228929
1248287971293433856
1247993946116145153
1247990163508166657
1247987482018414593
1247973696192593923
1247958178584821762
1247952347948412928
1247949831395401728
1247941964563087360
1247898552132497409
1247875592113885185
1247683073929510913
1247681486523957248
1247680815200374784
1247680813753393162
1247646583316819968
1247646038313390080
1247645956285370370
1247639763806556163
1247623546924339202
1247608875970449415
1247601031963426821
1247595903390752768
1247544926470012928
1247536862589104129
1247498104858972160
1247296628098203648
1247276645930504192
1247261294605897728
1247249029953654786
1247239538671529984
1247235876930883590
1247229728446177283
1246208367082778631
1246177856549531650
1246176899002445825
1246165060591943681
1246139908273704961
1246119224176783360
1246117587337035780
1246107185534455812
1246105349163307008
1246098882649640963
1246089222735433733
1246085142722088960
1246071944048308231
1246063652945285120
1246061639616671745
1245870259870916610
1245861113956151298
1245834333933441025
1245800958145236992
1245795565503483906
1245795190771679232
1245789188433367040
1245782073215942661
1245775288534999043
1245760599084216322
1245735238749294593
1245708814793367553
1245469744351907849
1245466954384769024
1245459094871425027
1245444579295473667
1245442891943575552
1245380107017031681
1245354975036915712
1245119711299416070
1245104237186514945
1245097882694356992
1245097666708746240
1245091937088155653
1245091936152752129
1245031864592719872
1245031863661592580
1245031861723770880
1245012633213902848
1244998353970225153
1244995507736494080
1244986724914270208
1244694107731251200
1244677296415543299
1244390605284925440
1244381647685980160
1244348959189057536
1244347374748794888
1244008259310235649
1243705459334426624
1243670184017174528
1243669465084178435
1243645314147418113
1243630601250508801
1243608159102676993
1243602177685405696
1243578729412132865
1243574130361991169
1243567576774520836
1243555839006388231
1243529576728399878
1243306167729893377
1243243392605327361
1243236702866546701
1243236663305728000
1243224637108084737
1243162697610354688
1242947088297660416
1242943003007897600
1242926001048432643
1242912452486053888
1242904087311441920
1242895779066523648
1242885927686606849
1242880176154914816
1242855440666542084
1242844802699403264
1242593037521485832
1242561019060330501
1242559308010749953
1242549246479532032
1242543685532868609
1242534925930283009
1242505069351833602
1242502524457963521
1242472620244840448
1242472571020378113
1242464197021020162
1242456073627471879
1242451055268581379
1242451054224125959
1242249874348953602
1242244554696331264
1242233416168411140
1242225991927435265
1242207305904553986
1242203116159873026
1242192838185627650
1242191547124396032
1242173333598343168
1242168183706050561
1242167300494680068
1242139982476820481
1242114841659260933
1241864982372978689
1241856568733372420
1241845421460410370
1241816274545639426
1241806553491136520
1241547313455206401
1241537586973343746
1241520367543484417
1241520073992536064
1241518671744438276
1241510249602912256
1241497560780587014
1241450610689560577
1241450608252551168
1241447226863505409
1241430818331000832
1241418197976391680
1241390580220952576
1241389864786055173
1241151699718475776
1241132770782523392
1241125879444537347
1241106238311673862
1241105310166761473
1241091296095358976
1241087585553965056
1241049249120428033
1241021177465798662
1241006646463213568
1241002306444898310
1240850307715825665
1240731722280566784
1240727466060189698
1240702019091849216
1240697204555169792
1240676671579131911
1240675223143362560
1240655078320672769
1240650353739280387
1240631587462660096
1240631560291975170
1240426255482327045
1240389612893282311
1240383030658818048
1240375581008674817
1240348438392459265
1240333619341787136
1240303846573965325
1240275165679845376
1240044791452311553
1240039207101497345
1240033137431916544
1240028680224718848
1240026303178444800
1240019046013288448
1239995853705625602
1239939991163330562
1239939697788542982
1239939364131672068
1239888440482816000
1239684134987014144
1239671098406551552
1239634565041438722
1239634504811270148
1239632322867220480
1239626398060425217
1239625894127439872
1239625762094841857
1239618979532017665
1239618978798022659
1239618193079107585
1239606803480150022
1239556314206003200
1239550980674539520
1239550375587446784
1239306698977927168
1239283741371047936
1239264012094844928
1239020337536344068
1238984805469085697
1238963148545196032
1238962685297004544
1238910011809632257
1238845456081399809
1238845455032778753
1238845447919349760
1238804184696270848
1238685187745210374
1238647121861017600
1238636546036809728
1238627084546826246
1238596658054782976
1238586886559416321
1238578078932066305
1238574304129880064
1238570529902047232
1238570150175137793
1238568515373633536
1238568149043347457
1238568012170526722
1238567508841508865
1238563496339689472
1238563326864625665
1238562946474823682
1238561177006936064
1238541706712268800
1238535058635489281
1238529972484149250
1238263238502100995
1238234010419179527
1238210730538778631
1238187936627265541
1238182893144473601
1238182534820831232
1238182085023719429
1238181919407386625
1238172355236630528
1238161471399477250
1238152502798954497
1238152501603512321
1238152500089405440
1238150045641445376
1238109218068185090
1238088228617572354
1237867740741824514
1237859464016846849
1237851672950398977
1237850174531067908
1237825684053131270
1237819933234470912
1237818332667052032
1237808863354773507
1237483462900228107
1237453846202507266
1237449975044476935
1237449974188777474
1237449973056274433
1237449560357732355
1237449500651859973
1237448766979964929
1237421146842284035
1237402650657906689
1237391635639496706
1237388502578364416
1237379759434354693
1237162758430474241
1237158912551501826
1237133472499728384
1237133352664252416
1237131780043542532
1237070923133587458
1237070682304983040
1237060270754861056
1237045287933423625
1236765483690594305
1236754534854283265
1236750242336342017
1236672713223258114
1236671445561937924
1236430294561042433
1236072498959208450
1236061932735643648
1235985432451723269
1235984893663940608
1235984856049422337
1235984800667889664
1235950007100084224
1235686280144588800
1235678445763522562
1235676459013816320
1235674445492019200
1235664835972657159
1235663901489950721
1235659346358517760
1235644993492209664
1235644246704652289
1235643869380911107
1235633677612265477
1235632208767062018
1235614736982605831
1235610121046290438
1235577676636749824
1235569689985605633
1235335462031699970
1235330412743974915
1235319999914545152
1235317342789414913
1235306262516072459
1235297301947699203
1235296090376765440
1235294337208135680
1235237106240409601
1235235601273835520
1235222127176974336
1234982127084523521
1234957202319908865
1234949258031312899
1234939101071265794
1234939100412575744
1234916452085440514
1234913849733718016
1234912458810298368
1234910470244589569
1234908411336306691
1234908397880762369
1234896753876520960
1234891338514128900
1234623868117143553
1234614461777924096
1234610937916604416
1234599362870697984
1234596986134900736
1234595586961178625
1234591513272815618
1234588839240400903
1234555921755525120
1234493545672839168
1234482459586199553
1234481444229124097
1234248662550810638
1234184932404211718
1233491889564868608
1233485720150560771
1233474450911309824
1233468439353753602
1233468158188621826
1233464442932924417
1233458481321140224
1233449563865960448
1233397975055052802
1233395278251642880
1233172836329672705
1233168785630212097
1233148028543959045
1233141223734550528
1233135647810080769
1233110803089248256
1233104071017553922
1233104008417566720
1233057628110098434
1233054252005777408
1233032110266601477
1232810715712540678
1232772717037969416
1232755965000208384
1232753448791076865
1232749674626457600
1232743382432219137
1232735486554320901
1232735259793461248
1232719428778971136
1232686714180833280
1232683402018594816
1232485844826521601
1232432850747543552
1232416395398434816
1232407537431064586
1232344821978652672
1232332158687236096
1232321557856477184
1232309337961484288
1232062017529434112
1232030542171922432
1232026012633980928
1232003060471418880
1231990322525343745
1231331947848372224
1231331922648928261
1230977845025017857
1230974360992845825
1230576913896366080
1230249891026407427
1230242727784255488
1230240787495030787
1230165620395794434
1229824699858870272
1229824699007410176
1229502785240076288
1229490974591766528
1229485921000677376
1229443515085721601
1229428349040254977
1229162218408660992
1229154870609010689
1229140420472516608
1229128713083740161
1228450916443049986
1228394728451911680
1228342034559361026
1228334085304733697
1228332690472099841
1228057107477520394
1228032340502437888
1228032340208676864
1228032340204482562
1228014237529886720
1227997025402343424
1227994766270517248
1227994378653831169
1227970985036599299
1227772441306554368
1227737946293489664
1227717998796034048
1227709855621881857
1227688109904715777
1227685990447357952
1227673717649612812
1227668233823686656
1227634719883440129
1227632310914252802
1227632207575076866
1227625660207644672
1227624654145232899
1227622389091119110
1227611028051169281
1227610639402700801
1227385767640621056
1227379116736946176
1227357045063639040
1227346191190568966
1227345742077026305
1227339731404455937
1227337215610626049
1227336756602650624
1227324015871700993
1227321174931144705
1227298953844207621
1227287311173537792
1227277365505474560
1227274341269766147
1227236976287535105
1227021214897647617
1227012384801349633
1227004884878229506
1226596633154129920
1226580655829635079
1226574500210364417
1226572404710924289
1226399093909577731
1226285655396945920
1226284767399862275
1226281201947860992
1226281012625362945
1226276325809410050
1226200769977896960
1226173822107344897
1225967365583712259
1225962188755668992
1225912091619594240
1225908966158405637
1225908025497706496
1225907236846940160
1225906415392481281
1225879404607418369
1225873867081601024
1225873615544995843
1225869337409417221
1225864306002022400
1225864305326903298
1225861787729317888
1225860804064534529
1225860421057470464
1225859565251682304
1225859523879096320
1225858515958255616
1225858013011025921
1225857006193373184
1225855055284359168
1225809494535475200
1225801091083796482
1225791997824454659
1225645768679100417
1225544165255192582
1225527084778389504
1225524627595812864
1225520469081763842
1225479733695143939
1225473468784926731
1225443289148592128
1225440101884399616
1225421139255660545
1225198955862122496
1225178357215555585
1225131435373355008
1225113628661161984
1225102263997419520
1225097567706415110
1225092375271411714
1225071649130795008
1225066070735716353
1224934775405891586
1224905311653433344
1224905266023620608
1224878435023147017
1224872377684758528
1224836727170387970
1224824988106141696
1224785948807856130
1224743530242985988
1224725961515655169
1224693476836757504
1224444929562177549
1224434237572411393
1224418340929789956
1224410619652251648
1224348063499739136
1224173309711003648
1223691588553117697
1223684863469006848
1223665859828375553
