1286010892732313600
1285644615262130177
1285346717005688833
1284635980448890880
1284509419984781312
1284509419074654214
1284333595126124550
1284204565706027012
1283784308482867200
1283142391919022080
1283129474725412864
1282762303839117312
1281766674165792768
1281319511162003470
1281298499104059393
1280622644665225219
1280574049425526784
1279402990294753281
1278460075296935940
1278422922751770635
1278029654629265410
1277688103830945795
1277623120262762498
1276889387398299648
1276316830995492864
1276246144436314112
1276246140107841540
1275515615567130625
1274377354920558593
1274076722003087360
1274002688351653888
1273698037286809601
1273646203050303493
1273646202186235904
1273355659812188163
1273334238583099394
1272917484467818497
1272605506322997250
1272235531808768003
1271474298641887239
1271267426592796672
1270118327860572162
1268973860336082945
1268643339278135296
1268643337759870997
1268618195771944960
1268305608312324096
1267865856077434883
1267823106296434690
1267569501110964225
1267485597817602054
1267133847335993348
1266808002155352068
1266761676168232970
1266455060294361088
1266427660986712065
1266417033467568140
1266121845314654214
1266121683913641986
1264911814669881346
1264275408008208391
1264275404111708162
1263838590058053632
1262866333571715072
1262182597150552065
1261481209508528129
1261412405390618625
1259944698199883783
1259546141500342278
1258804903545311232
1258526423712587776
1258128188976386050
1258045018473979909
1256672342194954241
1256594370721128448
1255604616319860745
1254809562072440832
1253507621618946051
1253420135945089025
1253109826806308869
1253039141341839365
1252706136266027008
1252329734542897159
1252243783766413312
1251962768435150851
1251651462599528448
1251246947362537473
1250871921006252033
1250152688530198529
1248266643840675847
1248004413135794176
1247628491069235207
1246869734420885508
1245866817668567040
1245866816137650177
1245765221492367360
1245765220703899654
1245110591754252288
1245035148883759111
1245035147772276737
1243996213931921409
1243644924240805893
1243599741096787971
1242127255855345671
1241790533242101760
1241434927998144512
1241084223622086656
1241014147468361731
1240387376511430656
1240278703676030978
1239905079710318597
1239905078783414272
1238881757732188162
1238828999306104832
1238828998605639681
1238828997586419713
1238828996827242497
1237858038754603008
1237786572587708416
1237482883918503937
1236035577901916160
1235339119825432578
1235257650453065728
1234909053429534720
1233493862691299328
1233136302205415441
1232796271292899328
1232796270416277505
1229859528935649282
1228399221482586112
1227352652306165762
1227329482954092546
1227239457029591040
1225898900260892672
