1286049328495239173
1286049251856994309
1286048925598846976
1286048861589573632
1286048754164998156
1286048606068375553
1286048047127048192
1286038604553367552
1286038520080015360
1285994265852641280
1285994205974855681
1285992732864000000
1285973419549511681
1285965582815428610
1285962793896873984
1285962440153485312
1285960941163741184
1285729614753562625
1285695158785368066
1285659774714093581
1285659273796751360
1285658274776350722
1285657268206395392
1285656696258322437
1285629657807806465
1285618541291614211
1285610231200964609
1285597333883887616
1285274074512580609
1284537356163452928
1284537193822851074
1284537051334017025
1284536885910568968
1284536791094177793
1284237126800900104
1284169197799518219
1284157594194583555
1283847787147403266
1283776384347897856
1283759446431281159
1283757483387953160
1283519929078222850
1283469692884131841
1283440746587197448
1283158175533932551
1283143601845829633
1283103794180612096
1283103716091015169
1283103657962221569
1283102910071570433
1283056829984112640
1282779533519790080
1282693620596912130
1282350548755382274
1282287737337520128
1281754180298969095
1281740565252657158
1281708989391265795
1281643763530641408
1281622164433711107
1281620158658818048
1281619246993281025
1281618918113775617
1281617629992628226
1281616742155001858
1281616086849527810
1281613494085984256
1281613145262497793
1281611760122855424
1281611620414824448
1281611115479392257
1281610146393858051
1281609807552753665
1281609522172362752
1281608478688251907
1281608131131445249
1281606666346258433
1281606518622892033
1281606225973710850
1281604951660167173
1281576874305638405
1281352052384374784
1281283209309958146
1281262823654506498
1281254987897753601
1280951829749252098
1280867874501021705
1280857624280543232
1280627152115961857
1280622666991501313
1280535310418546693
1280299433981292548
1280208438618927104
1280161532517761026
1279899413276655619
1279479597294391298
1279135014328963074
1279134451361107968
1279099842724323329
1278848935797370880
1278797776881700865
1278784590509981697
1278766110935040000
1278764737149448193
1278754207408021505
1278753863441551360
1278735861828530177
1278510828120092674
1278442761826570242
1278404494074806274
1278381822297157637
1278343726058942465
1278332600046833666
1278092724709789696
1278051792237006856
1278038077836079104
1277976807031992320
1277632614522916864
1277619741532839937
1277246637199458305
1276593552026411008
1276561349951315968
1276510381222113280
1276255843969896454
1276170109728501762
1276156373877829633
1275884334730416130
1275807317708201985
1275789420826963972
1275515973697667075
1275212202383945728
1275124954242088960
1274736140566835201
1274736032035082241
1274079675086667778
1274037978780893184
1274010447570755587
1273796095311781893
1273686437960003585
1273661335709065219
1273595906777120768
1273357080909447169
1273331789088595969
1273299306230034433
1272950334160285697
1272556664080732160
1271566738799370247
1271499483075969024
1271214317363494919
1271175464661528580
1271147685576421379
1271111787979603968
1270792786770608128
1270758592476569600
1270745895571787778
1270734210177929221
1270449207988629504
1270436722208321536
1270051846602752002
1269006811966906372
1268891744634122245
1268673854098026503
1268661531899822080
1268595866656530435
1268539275706015745
1268252682818596865
1268252508201332737
1268252333395316736
1268251955211776002
1268251813192531976
1268251597848666113
1268251438930694144
1267794437184290817
1267614110297976832
1267521784502460428
1266826375173939208
1266438027292938241
1266102670663827458
1265990650891288576
1265780940598579200
1265768966896656389
1265663520542203904
1265662662370889730
1265662546842988545
1265662282182332424
1265661980418990080
1265363850385412096
1264931616297816064
1264530674754760706
1264216660803805184
1263809358250606600
1263809160736538629
1263808451022598152
1263517058349891584
1263091507046821889
1262765620858433536
1262726330115915777
1262419935747289088
1262400529973551104
1262400529155719171
1262380836718075906
1261707393563582469
1261440181024043011
1261373626994929664
1261322077971320832
1260996920023093250
1260941896219795456
1260643439168958469
1260302474658922497
1260278829752311808
1260277976400265218
1259938416369831937
1259905483923697665
1259596870499868686
1259594085536534533
1258806412685250561
1258805637007519747
1258805485957980161
1258805203723341825
1258777278340837377
1258429219996082177
1258096912785461248
1258055703425679361
1258044212152610816
1257736338931056640
1256325410284900352
1256299367729897474
1256255684477431808
1256250803775471617
1256250497243189250
1256249056063619073
1255970323717029888
1255517026338123776
1255221319370711043
1255200815788195842
1255198363437412355
1255195403282251776
1254782225091981314
1253740648546684928
1253740553935753216
1253461012268883974
1253442894196867075
1253349014981967880
1253339211698036741
1252993309317922816
1252351092026773511
1252313240060780544
1252283396325326851
1252232398126931968
1251158808665026565
1251148252260364290
1250832238947827713
1250786694628024320
1250507120069562369
1250506196169129987
1250486293693431809
1250486292787474439
1250461333545463815
1250453032317464576
1249792797667921923
1249789949890748418
1249742490619518976
1249737924440186880
1248344558007717889
1248338601697566722
1248319722887753733
1247989883370721281
1247982682153390080
1247960304560070657
1247951226840506374
1247654106170363908
1247645326695182337
1247578016038952960
1247517213621465088
1247277764807360515
1247257772980396032
1247255388199751689
1247249392781983747
1247224251272384513
1247191101708144641
1246580892874743811
1246138974843867143
1245826021158350853
1245794624872079360
1245794623819321351
1245780652273909762
1245772804764680192
1245759064472240130
1245699008280100865
1245689017540239360
1245393249403113474
1245344024577392641
1245344023390363650
1245096500293754881
1245070212703100929
1245048306008502274
1245048304691486724
1244995752071479305
1244761861742047238
1244761860584411139
1244761859498090497
1244732914455232517
1244709485127569408
1244647755626287112
1244448831976222721
1244232274511564800
1243670380063178755
1243670379064971266
1243670378209333250
1243605094718943244
1243591141246803968
1243591139359428609
1243587585873764353
1243587276405379073
1243558933060558848
1243322000724103168
1243271068258832390
1242893896113414146
1242869459645317125
1242799919901151233
1242611002358849542
1242592441754169346
1242592170999255041
1242561010298499079
1242478838736715776
1242471727193559040
1242445501322211331
1242221144037564426
1242212742284656643
1242212461115211777
1242179258744803338
1242163856748806153
1242149298344734720
1242129813260963847
1242129811755208705
1242109250719166466
1241833502326378497
1241755292104343552
1241094982812995587
1241067248321736704
1241032049076711427
1241032048082587655
1241032046987939840
1240752027766063106
1240740315474124800
1240725757057470465
1240390565876948998
1240334500489502720
1240329051497279489
1240270202299957248
1240025104433778694
1240007432048427008
1240007377346277376
1239979142143238144
1239963596420833282
1239959324711161856
1239949616893788164
1239917223873064960
1239634226334568448
1239633791750152194
1239626688935464961
1239595925091291136
1239584641574670345
1239582102041112579
1239577598038081537
1239555730434396160
1239525459341295616
1238915992102801409
1238627876339159040
1238468724660875264
1238451772043276291
1238451770352963584
1238254693165473793
1238191123757228035
1238158268368855040
1238120602944311296
1238102171209674752
1237911646917533696
1237910995215015938
1237882452053381120
1237579076673523717
1237578969370644480
1237578753296855040
1237478509204983810
1237465908840456194
1237387149160349696
1237079838084734978
1237027389206601728
1237013296022241281
1237013295304974336
1236013577871470593
1235629316161130496
1235617759867764737
1235590093408268289
1235255352482033664
1235240842895425537
1235238921954627587
1235006376432283650
1234982029151727617
1234939637543641088
1234933250671497217
1234906404655378433
1234594434811092996
1234263915212812288
1233809816784703490
1233770542978805760
1233544426221395968
1233511517942878210
1233503764549718019
1233417276667420672
1233411108654002178
1233408850709143553
1233140638251724800
1233114687665065985
1232786726810157061
1232746256470102017
1232738871944892417
1232432403697651712
1232432402766544897
1232432401776697345
1232321660948303879
1231377072330813443
1230636203801817089
1230597113228255236
1230579223468920832
1230542582092124160
1230542351862554626
1230542261747945472
1230266515984961538
1230220187066097666
1229939497669996550
1229878099149512706
1229859661190508545
1228378954312114178
1228011487836475395
1227784985811279874
1227679715701542913
1227650288984711171
1227592310931759109
1227348364779511808
1227324185770373122
1227308011204546563
1227303786370256896
1227263543961178112
1227238985539473408
1227238907093422080
1227015355941388289
1226978120345038848
1226969142777040896
1226151195418484736
1225903516260225025
1225798096745095169
1225797057409142787
1225608372029919232
1225559350711869442
1225548342245183488
1225534091493335048
1225524550072487937
1225515291012104194
1225509072545419269
1225498819628032002
1225498626660687873
1225486577473814528
1225486455818067969
1225485183073357824
1225480994016329729
1225469637304954881
1225469514034315265
1225422439900991489
1225414582300225537
1225228181931798528
1225210777839206400
1225210695941345289
1225172681219301382
1225153254507630596
1225133857441288192
1225096550168367106
1225067262425649152
1224922270851878912
1224911720939958272
1224906204385808386
1224901343946706946
1224890645883559936
1224886653338210308
1224886501944832002
1224886345597902849
1224885645153271809
1224882264649146368
1224881098280312832
1224879786314649600
1224879218904924160
1224878173193719809
1224867561956835329
1224836896997748736
1224790928319221760
1224752834907922433
1224708239331295236
