1286085015210729475
1286065904393093122
1286033117560668165
1285636264985796609
1285636264138547200
1285363573053706241
1285363571392688128
1285363568926511104
1285230263535120385
1284557157099343872
1284350711963234304
1284336663074877441
1284219384127459328
1284193059966717953
1284165437467561984
1283904741106425862
1283844878070427649
1283425382063054849
1283413479978926080
1283413408101040128
1283131670552555527
1283119744695107585
1283119742618869762
1283119727817166848
1283095029800730627
1282730168805658624
1282730167186726918
1282679245169479681
1282147518302871552
1281661787801346050
1281292277491654667
1281279969407238150
1280988968117551104
1280988966490124293
1280914791062700033
1280614121155825666
1280517380695875588
1280253402610573313
1280250116717211649
1280235412762628099
1280218432496193536
1280165657833865219
1279407993625489409
1278758389858828290
1278736648797327360
1278719682485370881
1278454181830033408
1278413472070545408
1278413470774501377
1278399381713100800
1278359926147100674
1278034178135797763
1278023435722129409
1277722541113643013
1277722538781618176
1277722531168952321
1277642350337167361
1277617553163145217
1276338867017256966
1276323388546482180
1276223300428075012
1274693875924381696
1274394934854979584
1274112405816123392
1274035374894002176
1274012647290286082
1273675257958879234
1273626667265806336
1273359431649148928
1273335050961145862
1273309558375661570
1273300706821394434
1273033690017411073
1273030141489405957
1272996443230535684
1272956767090212866
1272610092630843392
1272553845923753989
1272214420039532544
1271554122429468674
1271487310467563520
1271197634502541313
1270834910060830726
1270761795020619777
1270433370061918209
1270433369080422402
1270057854913990659
1270057853974450185
1270057851986329601
1269632577335410692
1269420505678917638
1269400728801611776
1269000819459973126
1268968383141367816
1268947556886884354
1268912843421822976
1268699246531940352
1268631666014257153
1268589958404673537
1268577842939510784
1268294350733283330
1267981455944187904
1267911695382478851
1267545858750414848
1267545855793467392
1266733835401781248
1266733834508341248
1266506424407994368
1266384764954710017
1266066079216001031
1266041025249906688
1266016850120507401
1265764575829528578
1265764573711384577
1265380738448470017
1264905842505244672
1264557015206166528
1263573235691593728
1263224391267168256
1263174975273553926
1263144515612934146
1263144514513969152
1262480321188106240
1262417894551572483
1261683200599953408
1261356794884034565
1260941750509715458
1260734880964542466
1260333439737307136
1260213911242059777
1259487341401473024
1258776544249630720
1258508733669240833
1258216305716539400
1258103547725598727
1258067723667603459
1257691855942230019
1257420178905878528
1257340088222179332
1256753741035909121
1256341395830423554
1256312254527688705
1256262548321697792
1255976479202164741
1255948835433721859
1255947539574128641
1255911956545929217
1255883327267123200
1255484333512699906
1255233694358437892
1255199444976484352
1254877550666547200
1254593416828157955
1254109318779207681
1253459014001852418
1253446721520230402
1253419808202219521
1253413446101553153
1253386861386571777
1253383152220934147
1253342929571270656
1253336382258343941
1253010180620550146
1253001460457103360
1252985584810971137
1252673162006929411
1252647817673355265
1252641120154193921
1252592914523467783
1252264154477592576
1252258053094809600
1251236044328128522
1250892691577151488
1250892690755072001
1250885961837314048
1250843063561437184
1250824325135040512
1250787030113583106
1250579941516881920
1250508667415400448
1250465933832921088
1250455194346967041
1250455193445113857
1249843336871116802
1249770997668032514
1249723736984608768
1249718419089481728
1249343311371960320
1248676960080887816
1248676959284006913
1248401981833531392
1248337193325781000
1248321933206315009
1248007554455629825
1247929221491699718
1247527217778683904
1247255388107538433
1246570524190412801
1246498137646215168
1246447890295291904
1246189435714240513
1246157316682022913
1246089257829240832
1245787812810629125
1245752898656636929
1245376640965840903
1245065249939689474
1245008966989623298
1244980128947539969
1244740856353099780
1244699939843772417
1244695553193246721
1244642685157326848
1243622398550818816
1243308635612160002
1243260494854717440
1243250069769523200
1243250068972503040
1242984843937550338
1242892201211891719
1242892200171712516
1242572190148591617
1242563255773642753
1242557364294778881
1242532688386502656
1242467349556375553
1242193152511029249
1242188323789197315
1242149847081385987
1242149843533017089
1242124875592011776
1242094407425368067
1241071935007662082
1241032437792112640
1241001174079340544
1240779195468451848
1240778167608119299
1240747996414988292
1240714053808459776
1240628765962756102
1240460276266401794
1240402794395336704
1240383240030031892
1240381816948903943
1240343122820947969
1240337955400683520
1240312234267553793
1240019894697066498
1239953008559038464
1239946046006013953
1239687898120716291
1239687896342450176
1239626937041125378
1239584903836073984
1239584902347177985
1239347407319638017
1238691901508857857
1238571249875529728
1238208239260532736
1238120164375384065
1237811860575043585
1237811859601973251
1237811858364665857
1237811857425158146
1237491014832721920
1237491006502731782
1237490997564710914
1237490988286971909
1237427660030164993
1237413521693896705
1237044332080902154
1236657449748312065
1236399871994802176
1235998787157610497
1235991822494773250
1235989421247340544
1235984571767959554
1235676581164707840
1235323812117434372
1235323810636845056
1235323809420451846
1235307634850439168
1235263951824355330
1234974465475280896
1234871486609068032
1234859227635703814
1234565266874544130
1234540347059064836
1233876932644741121
1233771486940401664
1233133553929662465
1232718164871536641
1232699558116962306
1232417715878596608
1232079043538882560
1231996516677668866
1230623993532735488
1230557259509297159
1229887487750754304
1229861656076996608
1228375717433483264
1228019106118545410
1227975949725175812
1227710858966552577
1227705541759205378
1227675394876284929
1227614708905148416
1227613475524022273
1227610626341720065
1227346696394432514
1227296580421722114
1227273684152438785
1226999039582965761
1226982582040059905
1226945930504679424
1226945928994738176
1226246330634428421
1225934025438769152
1225876591747751942
1225531325748273153
1225496447321362432
1225440996932096008
1225190775199326209
1225088150869041152
1225077688215449602
1224898362136285192
1224832367556202498
1224805278081855488
1224794175608102917
1224763120444416006
1223661245515079680
1223643174675079168
1223399476762750976
