1286070125234454532
1285996221283340290
1285558998738046976
1285393591326703620
1285393590341033987
1285364253193641984
1285290749316280321
1285261774980358146
1285261229397872641
1285203617809600513
1285098512766640129
1285014340375121920
1285014200914411525
1284543003655311360
1284344976072212483
1283812173643423745
1283812137157058560
1283810251771437056
1283810179902058496
1283795827484491776
1283582161120038913
1283432123043590144
1283431668347543552
1283431635304751109
1282679969987125250
1282044555592896512
1282043113624698883
1282029829450334208
1281732212992417797
1281335410220769284
1281335369087291392
1281315981294526465
1281286024396668930
1281276328457764864
1281255353175465985
1281019120180432896
1280910106083954688
1280893790790836224
1280866381404258305
1280632828338884608
1280600315918680065
1280595371052478469
1280515278657503235
1280509687075672067
1280509658185322504
1280506492194623489
1280504540878589961
1280503200357986312
1280495793049403393
1280495724770230272
1280464864532672515
1280463003872301057
1280267053681856512
1280247261658845187
1280201171815325697
1280201134708273153
1280185876891545600
1279944932233543681
1279562633021095937
1279486377927815170
1279390138297090048
1279252296350777345
1279176934287716352
1279157381465849861
1279157301476315139
1279031219221671936
1278790178132447234
1278769985159135232
1278765471865753600
1278750297221971970
1278737925430263817
1278724575216402433
1278724574356672514
1278722966344392705
1278673999346761731
1278462525575778305
1278400042542473217
1278399915471896581
1278399617873428483
1278397643530670082
1278392911433019397
1278389222588715008
1278356618355277832
1278319678197313536
1278132681457500160
1278086677903400963
1278041991033520128
1278041990203146240
1278041988525416449
1278041484831358979
1277978524859592705
1277954736482746371
1277714037946699782
1277703044793327619
1277700770771730434
1277618553307480067
1277611288722649088
1277601372989534211
1277387430216249349
1277345561490919427
1276985516072763397
1276940475174465540
1276711908222083075
1276650177181483010
1276649836058685445
1276600704434610176
1276588179425054721
1276573485050052608
1276569846570987521
1276544480959705089
1276227912342126598
1276225630905028615
1276216492548382721
1276194817010171907
1276190159269224449
1276187466244993024
1276157674825093122
1275911346098450432
1275878545957564416
1275821709485060100
1275813642752200706
1275531835595001859
1275468625693085696
1275461368875974661
1275455109028184064
1275424703331647488
1275424380089241600
1275266487469641729
1275266415482847235
1275156707283533825
1275075037439995906
1275074731754971136
1274833243930595331
1274789086277107718
1274442673986973697
1274428588184436736
1274357149506965505
1274355834223501312
1274141920697204737
1274042368799510530
1274028689131556865
1274019645918457856
1274018910241783809
1274005094690848769
1274001571085537282
1273983138025345024
1273980455981850628
1273973495341486081
1273973141195370500
1273973139287007233
1273973138544627714
1273973137751904257
1273971889111797760
1273956365132759041
1273807361585676289
1273796716748292096
1273753330318278656
1273728386880417792
1273635965651881986
1273598433157353473
1273443667517345792
1273408368472993793
1273407108550189057
1273407044469612544
1273407017856704515
1273361309342535680
1273360902679678982
1273309321963675648
1273285296893964288
1273236707425628163
1273095938370912256
1273093185867218945
1273091083073990657
1272990385187573760
1272973690922307584
1272943875594862593
1272943769436946433
1272943694027657217
1272892493013680131
1272868131665588224
1272720913449062401
1272677953529315330
1272642318202331136
1272642211071614977
1272591898222395394
1272578948954808321
1272561547571838979
1272535376209510400
1272283914141343748
1272283913210212353
1271590323526000641
1271548761995608068
1271538715396055042
1271519612065255424
1271445115949715456
1271250982513631232
1271225179209859074
1271141349841154049
1271114772809945088
1271109691171635206
1271094229998198784
1271087318477279233
1271083998555574277
1271075811244810246
1270903477951238155
1270834213001052160
1270824000760004608
1270737453549305856
1270538133285863425
1270459784077234183
1270439015070777351
1270435893321629696
1270431088779853827
1270400410629668864
1270399615712534530
1270390739772604423
1270215158552559617
1270048875475357698
1270048378022440960
1270048206982971394
1270041950889013248
1270041607270731777
1270003669837242368
1270003343197458434
1269830975422373888
1269811977746092037
1269767846684512261
1269744658726506498
1269734805652078593
1269338822187376646
1269044366217281537
1269018310471045123
1269013710326071301
1268907020133990400
1268897969627189249
1268759743465742336
1268748332308074498
1268723869583638528
1268720735876513792
1268704904920604675
1268699452786839553
1268683073643778050
1268669628189982722
1268659169617416193
1268656832194793472
1268649774095511553
1268622481419579392
1268615939307626496
1268568073331781632
1268565230147305474
1268364133377900544
1268353366423474178
1268313882176741377
1268313851466002432
1268313832503508993
1268304100669616128
1268300453965697031
1268280537438969856
1268268470308868097
1268229081100845056
1268221490715115525
1267950944509145088
1267876045849591815
1267868679032705024
1267836105199624194
1267832406238801920
1267818064613044228
1267667746348847106
1267637421887426561
1267568198586716160
1267516937288003586
1267516769188614151
1267480410042310658
1267462099988557824
1267454462731436033
1267223415431335938
1267221068449828874
1267096708430860290
1266947666610655240
1266919527457185792
1266882609537265664
1266876992504434688
1266837015900884994
1266829767510286337
1266549029938368513
1266447500380180483
1266419488016281603
1266416159785656321
1266369395485372417
1266214863275200513
1266212620622876674
1266197217976737792
1266112823790391297
1266112213821132804
1266095550845370368
1266094992340156420
1266087500126224384
1266053290955018241
1266044162111164424
1266038431567826952
1266038133906386949
1266035836186853376
1266034010192560130
1266021643832393728
1266020916951212033
1266012619045044237
1266010095709753344
1265858425646440454
1265849509231374343
1265833536797409282
1265822544805978113
1265749179613302786
1265728937818304515
1265723657592221697
1265703334461280258
1265701900479062017
1265658856107126787
1265658682207014913
1265633128980402177
1265483862878060544
1265454035798278145
1265364603590017027
1265363938700656640
1265360949311143938
1265313013910908929
1265300035044020224
1265270919129452544
1264987339652284423
1264987170479243264
1264913396866125824
1264688853207711746
1264277383948963843
1263956136031653901
1263929814005809152
1263929812277702663
1263929811300483072
1263922630572335106
1263916207545167872
1263912100231106560
1263884641460785152
1263877401836208128
1263873509077417984
1263870984207192064
1263608718173798400
1263587147124142081
1263567984418832392
1263525415689355264
1263509360912842756
1263509333335212032
1263487756363354114
1263302643910414336
1263242703208415233
1263217849356689410
1263213558457864195
1263185320155254784
1263185317676417031
1263175374214660097
1262896220730769408
1262894376369508356
1262857653170176000
1262857651479814147
1262815336736468992
1262811673058062337
1262744671798738945
1262743160100253696
1262568645928026113
1262567427977678848
1262540722449928193
1262540659388547072
1262503899132571648
1262503029095444485
1262464185755107329
1262450702728802308
1262445857300938752
1262377374664085504
1262078677606596611
1262064719948591104
1262062863411228673
1261828375179599872
1261797901170364418
1261796980432527361
1261750971543236609
1261741037938237440
1261740966861471744
1261731373745934336
1261713845502033922
1261712741917757440
1261699079245004801
1261519288680304640
1261503713694429184
1261503229067767811
1261459869086953472
1261411387244523520
1261388188192563202
1261386800876138496
1261380207510007809
1261379115078295554
1261347942385868801
1261347941354094597
1261334775886987264
1261332062407180295
1261327942682107904
1261326829765505024
1261307387237011456
1261306113561149443
1261108844744368129
1261055662034956294
1260981613187514370
1260972952172052485
1260744365980483594
1260743420806602752
1260741945984520195
1260705047849193475
1260705026550444033
1260690506385932288
1260656953283338242
1260654162259267585
1260593840915955714
1260584937582923777
1260584936555327492
1260584935611666432
1260582565318189058
1260582546347261952
1260582497068482562
1260582459437125641
1260359390324023296
1260351496614563840
1260347048978767873
1260342278981332995
1260327340707655688
1260311655394807808
1260305500849221635
1260280416633749508
1260219115307970560
1260007018653499392
1259980128001630208
1259938102845595649
1259921075196084225
1259921032917528576
1259877611871907843
1259874330625916928
1259873966308700167
1259873896112758784
1259812061363736577
1259662861833506816
1259596953249361920
1259451471499837440
1259451466936389634
1258847123350700032
1258845233548267520
1258844721713164289
1258827972963905542
1258825129771008003
1258810201009983488
1258809147807719425
1258802922319642625
1258799051107110924
1258747533360234498
1258528056437661696
1258489747091206144
1258475694138503169
1258470049272205312
1258464737949626369
1258463906458206213
1258462728886325253
1258452386181496843
1258421004902305792
1258413182063906818
1258392295096844289
1258209930517065731
1258174136142233607
1258073426289479683
1258067068638953473
1257757669613592581
1257748883175886849
1257487021930668038
1257416480263753736
1257394193976168450
1257379618832744452
1257297818584322048
1256966585157378049
1256429665583054849
1256358036467302401
1256277045568569346
1256232730620309504
1256222042862637056
1256221880429809667
1255965852723273728
1255948171022413825
1255932670825168899
1255916885729828867
1255915904929587200
1255895090020655104
1255863885804044288
1255863583994413059
1255863401370312708
1255852429758943233
1255837239868784647
1255834391504445441
1255603774523166722
1255597824672227331
1255552385512079363
1255530101321666564
1255517667592753154
1255516199317843977
1255490853499547654
1255254396855779328
1255248566337114112
1255237410448969736
1255235330904657920
1255235329273073665
1255213177652027393
1255200555720376321
1255195555455795202
1255183236826832900
1255124614927265792
1255122108969111552
1254868155677245440
1254840381721714688
1254837800698028032
1254834295740522496
1254804635820404736
1254804629482856461
1254435738902581249
1254420596802433026
1254240191969198080
1254235676607995905
1253892231372701697
1253867915172098051
1253825704405405699
1253757352538443776
1253754704108105730
1253704334090612736
1253682987381784577
1253681555786080260
1253676320481054726
1253516642249838594
1253510173383168007
1253495994341306368
1253494854891589633
1253440488897761290
1253431064766279682
1253415837785927681
1253415467584086023
1253403693413814273
1253400009183301636
1253399043151101952
1253388730854969350
1253375888906956807
1253365229486067720
1253349206305263617
1253117712349495296
1253080713504710656
1253053840661917707
1253053645693816833
1253037729518157824
1253037677491949569
1253030171784986624
1253008707702620162
1252993747266174976
1252988600825905153
1252988151242674178
1252979064941555713
1252972568279162880
1252960282613297154
1252957649055907840
1252946220898758656
1252945463923347457
1252806588877996032
1252792075856338945
1252758250866475008
1252709905246621696
1252704376566820867
1252663527854223361
1252637348367601664
1252636186604158976
1252635980810661888
1252615191436701697
1252366133253910540
1252336075030376448
1252283877323833345
1252258054512443392
1251588158980009986
1251514806898745348
1251338846043807746
1251329732068741121
1251307970635468800
1251206289360850944
1251204548657655809
1251197403857932289
1251196750402138112
1251180056744996864
1251179859264647168
1251176836610035712
1251174077630480386
1251156935736324097
1251153554074566659
1250973276416991232
1250912107245248512
1250900206360674304
1250881629779787783
1250874402905997314
1250865980730945536
1250854593346580481
1250826252954537984
1250821649294901249
1250788540113465345
1250788408747864065
1250780721398112258
1250775394887897088
1250761579659960320
1250761258313428992
1250753735141318657
1250615907715555329
1250606557768953857
1250551448452112384
1250550968728469504
1250507550321246214
1250484854652833794
1250484105810186241
1250441690726293506
1250417838067789824
1250216236098686978
1250190733115568128
1250189240346054661
1250136024178659329
1250113268594757634
1250085365479813120
1250079613419769857
1250079512643211268
1250074478165536776
1250063757562318856
1250057937491562497
1250056794568884224
1249993296190922752
1249913467253010435
1249892490716549120
1249860243116429312
1249849152227467267
1249822177639239684
1249784477980778496
1249773377038028801
1249764265776549888
1249758838213001217
1249754027962793986
1249726830862651394
1249706879217000450
1249524122985664518
1249426870157873153
1249324668651220992
1249130835082653696
1249130828648546308
1249130826127867904
1249101043264176128
1248956103527931905
1248718074431275009
1248716686519402502
1248715166356815872
1248645544261664768
1248616827892019202
1248613827496660994
1248408995582205953
1248327703494889478
1248327702676938762
1248327701808721920
1248327700906991616
1248296691616428035
1248295938864689152
1248282652781748224
1248270464742457345
1248248575043063814
1247979582948589570
1247973721874325504
1247898066385907713
1247893486671556621
1247879277925879808
1247600147711889409
1247549582822817794
1247521580093026305
1247175008364965888
1246446071003394048
1246434744281313280
1246195892673265665
1246157722879492099
1246126288785625090
1246122252418023425
1246106065957195782
1246096784117678082
1246074663140196352
1246073972090982401
1246064897076707328
1246062201762451457
1245837311159332865
1245803502204522497
1245753704474644481
1245751017540595713
1245511911099248646
1245510323957874688
1245453909604347906
1245449514426732544
1245434275148808199
1245428108855070721
1245420765790552067
1245413679530729473
1245412648621166592
1245406468154818560
1245395614365446145
1245382067472474114
1245153778170552320
1245055625521958913
1245053811032539138
1245037960552218625
1245020891593007105
1244950821260931075
1244732276145098754
1244704123670405126
1244627972310654977
1244418928878784512
1244338450855329793
1244309128148811776
1244001195397693440
1243964642159886336
1243963558733496320
1243963538105827328
1243908899675295745
1243875969556983812
1243620003989028864
1243590020084011009
1243579146736893960
1243566591641559044
1243553924197515267
1243549571411738627
1243535716258328577
1243277475993595905
1243248855589818368
1243240217261326336
1243204442264145923
1243182739744006147
1243011699986313217
1243003947843047424
1242996383050858502
1242995176819302400
1242994118479011842
1242930824980414466
1242881355849052161
1242873994090622979
1242588869381566464
1242584840341504002
1242576137924096000
1242250827353460736
1242218027321622533
1242193969318170630
1242187601249030144
1242127656205811712
1242126426884751361
1242096688250175495
1242076514176376832
1242076261679271938
1242073940866076673
1242046673477685249
1241928147513356290
1241917568920817664
1241883024943452160
1241806864872062981
1241775921796915203
1241728129028231175
1241724930917568513
1241540182396018695
1241494611924783104
1241212020361441280
1241123142178873345
1241101286834982912
1241098356736364549
1241065865963061250
1241009352611414017
1240999540620132352
1240991059435536386
1240778363922505728
1240769519645339648
1240759529673035779
1240737453889200130
1240713834647740424
1240694660479107072
1240693598779105280
1240676323993010179
1240662551014318080
1240653245577662466
1240427509637931011
1240397308891746305
1240391840014229507
1240365572858220544
1240358764450066432
1240281396050100225
1240281394884022275
1240281393986445312
1239986283402887170
1239934231549218821
1239931764841369601
1239745076668006402
1239712302322114562
1239683553866153987
1239673510382972933
1239667221946908673
1239636628953542657
1239624002840276999
1239597705804070918
1239576332809494534
1239284138764533762
1239283336058744832
1238993202952187904
1238966681285865478
1238931443889340416
1238910414571941895
1238908406259421184
1238882004508332035
1238832655543738368
1238684503549362176
1238684501791903744
1238684500391014402
1238644097176473601
1238615604837433344
1238590990367240199
1238529448238088192
1238456475196022784
1238270489388294145
1238268194160349185
1238227979832111107
1238204041936732160
1238204040242216972
1238204038929436672
1238204037864009728
1238200800243068928
1238191881571438595
1238179253809709056
1238176211282640901
1238160294532321280
1238158625950052354
1238154658897481728
1238146729150734336
1238145787126841345
1238145786149507073
1238145785038020608
1238105564825161736
1238105489411575811
1237946420318965761
1237924537184006144
1237913895613931520
1237907312888733704
1237864390554030089
1237849223145467904
1237846297350045698
1237828387487600641
1237825701140664338
1237762832575365120
1237748555147816960
1237719185364529154
1237578791687344128
1237578402065813505
1237576852950020096
1237574420375277568
1237573391948759041
1237567649082511362
1237564270327386114
1237516236856033288
1237512191823183872
1237494433135972353
1237493679302094848
1237490536061247488
1237481398774255618
1237477544229773312
1237475623586709507
1237462806787690506
1237455691994071040
1237451201962078208
1237433791070830593
1237433131965317120
1237432577948073991
1237431844817248256
1237430665945251840
1237430012271382529
1237430004021170182
1237425857511161856
1237425546574860288
1237409567518216197
1237397409493323779
1237159770475450368
1237142688455163904
1237138921290633220
1237138896380715009
1237069476719472640
1237058054060830720
1236857350109175813
1236763938257350656
1236721229928837120
1236461575176847361
1236431158252101634
1236397296125972481
1236376513873936385
1236019751320793095
1236012046325514240
1236010791888961536
1235962668479057920
1235957139237109762
1235943360151552001
1235688095212883972
1235674356891742210
1235669987844476928
1235654315995430912
1235647863540969473
1235637581523701760
1235637395535650816
1235630968133861376
1235624377988808704
1235618475403550720
1235612892424278023
1235612197096693760
1235612006964695040
1235611946776436737
1235609940267536384
1235605950611902469
1235599192380313602
1235597776458862592
1235595727679574016
1235588548750970880
1235584876767621125
1235583592484478976
1235582386718625794
1235579096366710785
1235578382009552896
1235574050002538496
1235566864899756038
1235565383387660288
1235565171365384192
1235540457909817346
1235358588522115072
1235332543181918208
1235003380583538692
1234988156358815745
1234955752634228737
1234954461375815680
1234954187940802563
1234953973884387328
1234951307624112129
1234948982738124801
1234904921939509248
1234888834090967042
1234874757876736000
1234874522492448768
1234873912154083329
1234873629789302784
1234866416765034497
1234865639610814464
1234862266991992832
1234861831124062211
1234861576362086404
1234861255745318916
1234856319519162370
1234620726134681600
1234328867583746048
1233529340148822019
1233470605984399362
1233460015035568129
1233407413711261696
1233129466513231874
1233127380954292224
1233100590894415872
1233041770746929152
1233028525776687104
1232858499429883904
1232831862407647232
1232815796566528000
1232809462441922566
1232804677156245504
1232803253701746694
1232768690950725632
1232768025692180487
1232753125133619202
1232744452206276608
1232738209844604928
1232685643073032192
1232447698302726145
1232446091615817730
1232398652657848320
1232354615515111424
1232338919188049920
1232100009665073153
1232097975087828992
1232010439040602114
1231964672926081024
1231770378760081408
1231386047726137344
1231243494133465088
1230962153018085377
1230921920020930560
1230890885333868544
1230888280964685826
1230882075399663626
1230877428249133061
1230635819901358080
1230609120291676181
1230607766374490117
1230597845335629829
1230587413203832832
1230567724830642181
1230543261858779139
1230543101489557508
1230533891074686980
1230488121759936512
1230251165423751168
1230221979656916992
1230193801941135364
1229909934667595777
1229909932297736192
1229886064149528578
1229837004759863296
1229784936686682112
1229516297001750531
1229448789800472577
1229429308063649794
1229166356525875200
1229129682215481345
1228425679257112576
1228407638431539201
1228404270812278790
1228385949589147648
1228343069759676417
1228335579231711232
1228083140763291654
1228070412124381192
1228066865685155840
1228045720181248000
1228043792256819200
1228003044241047558
1227980442181292032
1227979530809245696
1227968346919964677
1227695735459762177
1227693080729604096
1227691022282612737
1227671337369587713
1227649960667238400
1227639939854106626
1227614225197142016
1227376509289140224
1227352585281114112
1227327671035744258
1227318926440308737
1227317270139068417
1227304206975062016
1227289962837610496
1227282229753196544
1227271406951501824
1227253095513690115
1227247901845356544
1226981240470933504
1226954489195847683
1226941187287810048
1226918022281080837
1226887006149582848
1226704701208567815
1226649137459974146
1226618614503157767
1226221957487759361
1225946659152105472
1225922755218092032
1225909168424603648
1225869834384216064
1225866531436974081
1225863949226315776
1225840718339624960
1225840658944057344
1225814903031783429
1225596736535760899
1225570473888616448
1225540675397181440
1225534416212176896
1225531925290455040
1225509961859555334
1225506346759532545
1225500435722776578
1225459327689011202
1225184520460214274
1225174906557599746
1225172198245224449
1225166078579564544
1225160385365512192
1225159775261986817
1225136204519297025
1225127953757036546
1224899246530404352
1224898876244668418
1224895539097014272
1224894447302955008
1224892762987933699
1224889925356728320
1224889143114772480
1224887309256069122
1224886214026780674
1224885687218032646
1224884201792659456
1224882493838458881
1224881100234928128
1224880160249450497
1224879257521836033
1224874827753967618
1224856415690481664
1224836534614003722
1224816458309476352
1224807895147085825
1224788287149223942
1224777734787911680
1224775625908670471
1224774646798651395
1224773136853471232
1224745122908332033
1224724404749455360
1224712624287485953
1224709693354008576
1224541004205826049
1224484609741795329
1224483134542176258
1224422033657933825
1224412489938538498
1224364225721786370
1224056760513810432
1223753105390669824
1223689293668982784
1223622919978397696
1223622676985630722
