1286052140390154248
1286014281876733957
1285696067162472449
1285696066399211523
1285696065652563968
1285649753506811904
1285350891994963969
1285213349958082563
1284939570539307008
1284889963910356992
1284653388118908930
1284504378108514304
1284486628476686336
1284234389602406400
1284197424496607234
1284174861309554695
1284145371934072832
1283824001651965952
1283823999970148352
1283498476211503116
1283440176421916673
1283147893159886854
1283028531224731649
1282791097643737097
1282385821140750336
1282045750923452416
1281976671889956864
1281698495456583681
1281660362065149953
1281618866808983552
1281335282885963778
1281316481196752896
1281245386150162432
1281004712817496064
1280867197359779846
1280670563044909056
1280615903437217794
1280545165896306688
1280270200437342213
1280260278903607296
1280212470053982214
1280148593245110272
1279807480005038083
1279443872481976321
1279139414602588165
1278821267261607939
1278792632970469392
1278766656139988998
1278739210334240773
1278456144642674697
1278445259828199424
1278383358159007744
1278368004372418561
1278128915488411648
1278054206935642115
1278025568299159552
1278025567229677574
1277957887940321280
1277721681415503873
1277721680631259144
1277679875135082497
1277660819187216385
1277660817014640647
1277316048115634177
1277003431107088392
1277003429383151616
1276975272814919689
1276937995493404672
1276614031248429058
1276601882526523393
1276543730900701185
1276316574534770691
1276242718835068928
1276222180683124736
1276204023872466944
1275919778650218497
1275896617107939332
1275896614389985280
1275824307994800139
1275599384357584896
1275564474649456643
1275465121624666112
1275419119127535618
1275138436140273665
1275117507129618433
1274727001765621765
1274361021294051329
1274012027435048961
1273963020981501952
1273804089403596800
1273699740279070720
1273656634741534721
1273629989695619074
1273375765334233088
1273339084170297346
1273306962600644614
1273306959433867265
1273272320161976322
1272991239806353408
1272991239089119233
1272930816943960064
1272882940742074368
1272661328365264896
1272605475251593217
1272548750444167169
1272190644463833100
1271922559223824384
1271878006559191040
1271833317348986893
1271833314840776705
1271539612272517122
1271525726005723136
1271497480946016257
1271447293691125760
1271208183957278727
1271166786822647810
1271146818064310273
1271122695124647937
1271091864985313280
1270841837893361666
1270816755129204737
1270799251380076545
1270430226665934849
1270401038068088833
1270401037170589697
1270350628385103872
1270091441193267201
1270033251730632705
1269712226946101249
1269641720045670406
1269405108443525120
1269342390915158018
1269277421137735680
1269035230662406148
1268965898750132226
1268928092531314690
1268661939657494533
1268641205048561678
1268613981624832008
1268573136171274241
1268312137275002881
1268289746654171137
1268229419874881536
1268191820368019461
1268191819260661761
1268191818560274434
1268191817587097604
1267881611678359553
1267596456648720384
1267494778448547843
1267268720105263106
1267226919050842121
1267197053496631302
1267181296255733761
1266862224678715393
1266834398562918401
1266810333169094661
1266504039300300801
1266409194003009537
1266133333148340224
1266098483284578306
1266007557589565443
1265827798352003074
1265755732252729346
1265750621250084870
1265703042525134848
1265684899572449280
1265664287684677633
1265407648280829953
1265386425182232578
1265355477216571392
1265355476327374850
1265322127680512000
1265043552649785351
1264919386768506880
1264660061160341506
1264614448926425088
1264341565482381312
1264318548152913922
1264239312436187137
1264228150399111169
1263947151580827650
1263930008394924032
1263856075117297666
1263827813158838273
1263596938500300802
1263580134512214016
1263549544412954626
1263509435676311553
1263495630682492928
1263251201220661250
1263221996864888832
1263187984813363200
1263168172317868038
1263153211600506881
1263138078589431808
1263123933374676992
1262860673685630977
1262837471043301382
1262799074627129352
1262761697837629494
1262399206247075846
1262077184379883520
1261775644024868864
1261681808493678592
1261444814249345024
1261422693452091394
1261422602180005889
1261422499155243010
1261422380582342662
1261422287074574336
1261422195814907909
1261422093138362368
1261353973187051520
1261331053349920768
1261046866332078081
1261020698258092032
1260979375836717059
1260930206618931200
1260729380332077056
1260713515452633088
1260641286769512449
1260621452312604678
1260601863906484226
1260573871020924930
1260561125260890118
1260343692025630724
1260331257348722688
1260294434605981697
1260294433880322049
1260258942376194057
1260220285372022785
1259954073937293316
1259926966758715393
1259894389704396823
1259867451438829569
1259843978117222401
1259579669688520704
1259545862067421184
1259545859307552768
1259497727785930752
1259264943628652547
1259233748752781313
1258883122248200193
1258877228177293321
1258856978769686530
1258818114713718792
1258818112130031616
1258501369620828160
1258467084763369475
1258446225998843904
1258446225290002434
1258422792703356928
1258411361379463168
1258400322831220736
1258177659907051520
1258108276325171200
1258081909235744768
1258058787023454216
1258041635155443713
1258041634522107906
1258019656046129152
1257825118627213313
1257808616289075200
1257794893667328001
1257766170494742534
1257723589152985089
1257673931282100225
1257422152841736192
1257369350404702210
1257341792686653440
1257327698780790784
1257106590735503360
1257063667868327936
1257063666991710208
1257031252638683136
1256988684068454402
1256962928261111814
1256668312865583105
1256655086400311297
1256631364650242053
1256617836623155201
1256604076932022277
1256294018876616704
1256265916972752899
1256248164828528641
1256233208234029057
1255969679035826176
1255945326936182784
1255896516373483520
1255879026834538497
1255616774306963458
1255616772553814017
1255585404570435584
1255571506387714049
1255526569113726979
1255502493485801473
1255271729376694273
1255201765504548866
1255181665934159872
1255149890562215952
1254919454875627520
1254762387200266243
1254495674646790144
1254433982919442432
1254178089464184835
1254158596784431104
1254097762871894018
1254057002210406400
1253779754240573449
1253779751371710464
1253774686246354946
1253735371550142467
1253684481933955075
1253465689526022144
1253455203287924737
1253455202398732288
1253395635467943936
1253348314868842498
1253314349399146497
1253078633415151616
1253063595002343425
1253037115899871235
1253009179893211140
1252994759343439875
1252980031212617729
1252946836081565696
1252683958082588678
1252656125683601411
1252635511535083520
1252623821032620032
1252598773102137344
1252358728298315777
1252328771375546369
1251994041471860738
1251913197327532032
1251912039653617667
1251641287771635714
1251585321143279618
1251517956552523776
1251275390779342855
1251227547146366976
1251202889273532420
1251165480213250049
1250921990074044420
1250863458435899395
1250849293151412224
1250840728282038274
1250805440872620032
1250786123250630657
1250605589731909632
1250558408605958145
1250524416531992582
1250492438801723398
1250473833284415489
1250451961557721088
1250125744048504837
1250058971043565570
1249724438708252673
1249685337267306498
1249434579645149189
1249388750964170753
1249100646151639041
1249100645295984640
1249001108720226305
1248733878531096577
1248692741770547200
1248641522096132096
1248612790832529410
1248360786847772672
1248360786038308864
1248297266877730816
1248262408562507777
1248059646360924161
1248014275483848704
1247994240971530241
1247941684752719872
1247929935706107904
1247929934850527232
1247886325627244544
1247886324125712387
1247616628273156096
1247575521732571137
1247548108243951616
1247548106788519936
1247515177790181377
1247268344782295046
1247202902487302144
1247165731642281990
1246924371807141894
1246851800180932608
1246551850712592385
1246491929539420160
1246206028250861568
1246184324984188934
1246155482462633984
1246150005238489089
1246127667465859072
1246099831275257856
1245857916139126789
1245857489507069953
1245770639614586881
1245748089668997120
1245748088825929729
1245701747395514371
1245497332130385921
1245468889225494529
1245457328507420675
1245448777776988163
1245416156858593282
1245416154132361216
1245370495777767427
1245370494754357248
1245370493231923201
1245096891379068929
1245091437429080066
1245064328769867779
1245064327251492867
1245064326110744576
1245046234890539009
1245042043992313862
1245022137229938691
1244988166446157826
1244796647537881093
1244732675254095874
1244721825554337793
1244668153147412486
1244644314157912066
1244324379359576065
1244301624853630977
1243913691638239235
1243683175030829056
1243666472922120198
1243644420488073219
1243620737774227463
1243602101835628544
1243601253415952385
1243559179257810947
1243524189727973384
1243324918776967168
1243214196260704258
1243197791054200832
1242947559078924288
1242918777785909248
1242911029958492161
1242911028918304768
1242874524883914753
1242858540114550784
1242834242779910144
1242557175479795715
1242536400035053568
1242524648866222080
1242512221038665729
1242463033017786372
1242238503544672256
1242200583936839682
1242200582976348160
1242169137545297926
1242149874126270471
1242133238816092162
1242105112987873280
1242088691578929152
1241835274365214721
1241768276516114434
1241759739463307267
1241536258809237504
1241430001175736323
1241379167859552256
1241367597783842816
1241144566633369600
1241125529522073601
1241090448208343042
1241085849338613761
1241062288662179840
1240810117685219330
1240785120497487873
1240760180893237248
1240679583747395587
1240630190742679552
1240406295146045448
1240389173074374657
1240373185251590147
1240364398688026627
1240303735416463363
1240274778734374912
1240102341514313728
1240095575531536385
1240030463873474560
1240013457782603778
1240002660717207559
1240002659949719554
1239918235237179395
1239725826427555841
1239719044422533121
1239699113278570498
1239676676554076161
1239606180118515715
1239580980891004928
1239551995008221184
1239348503928864768
1239251704354418689
1239206463043764225
1238920498672795649
1238880434915770371
1238834236787953664
1238814088194428934
1238813140235603969
1238812662043041794
1238812294168973312
1238530425909321734
1238498161561415681
1238450893013626880
1238211936204062720
1238149462108917761
1238131990358044673
1237899969530490881
1237861839247040514
1237842090521800704
1237825856665464835
1237796957550260227
1237790715486318593
1237458909624971265
1237435272700313600
1237398326317854721
1237398325713866752
1237175089604460544
1237093059948617729
1237055867067011075
1236795373391413249
1236682011504513025
1236445916556640256
1236385035449761792
1236366794090258433
1236324334811127809
1236091801964032001
1236074827146018818
1236068991434661891
1236044892524154883
1236010809173708800
1236010806032183303
1235693046009860096
1235660720563515403
1235626739486900232
1235366383552270337
1235366382834987009
1235349374743478272
1235256098048937985
1235256097369448449
1235214126651232257
1234996165441183746
1234978924888641536
1234926431500722177
1234892780671000576
1234869985102700545
1234869984360267777
1234869983655682050
1234869982888169473
1234599681516285953
1234572324818636802
1234498755099086855
1234256267146858498
1234149467332501504
1233916138385559553
1233829352195985408
1233577449398636546
1233546060854894593
1233533133305319425
1233482869068136448
1233447432777846784
1233169219333902341
1233149297551716355
1233129787310432256
1233079414944083968
1232850610904543233
1232850609151320065
1232800095915139073
1232768760693624834
1232735353066401793
1232698020183105537
1232421988687282177
1232373303995764737
1232333238615597062
1232096252059439107
1232096250729816065
1232004094983901184
1231727536750632963
1231653869542944769
1231369987660615681
1231334094002360324
1231290974707560449
1231006950373986313
1230982263455862785
1230955071736893441
1230634912941846528
1230560093562757121
1230517086704852992
1230324142198661123
1230298186461392896
1230181398264373248
1229893466508926976
1229790281274396672
1229565187214204930
1229499723675045888
1229458071786835974
1229153691908935681
1229090125147234304
1228812356408532992
1228812354646945792
1228747790886612996
1228734432657498114
1228420871989141504
1228391985930698755
1228358433088450561
1228085907846201344
1228064982971142144
1228047626404290562
1228030968302374914
1227992306852208642
1227982592022077440
1227781472720949249
1227731779857022976
1227679828100501507
1227625236885131266
1227619709320863746
1227430601160056832
1227430591940976641
1227414871567982592
1227372378805690368
1227344027529498624
1227304617131827200
1227280742339764224
1227260006531289090
1227042974208491520
1227023111196991491
1227023109645094914
1226976811646582786
1226925254125248512
1226903808766283777
1226674930269466624
1226613157604610048
1226593623673843712
1226563793599238144
1226277153613975552
1226249112569491458
1226213126498144256
1226172729352708096
1225962423569522689
1225930360552333313
1225860876311367681
1225805794530267137
1225609687074246659
1225575414174797825
1225515745980928000
1225500339320819712
1225500338381303812
1225240667154255872
1225207149636268032
1225195690160201728
1225136003234586625
1225136002580340742
1225136000814305280
1225115638978445312
1225090216400125952
1224860961531748352
1224845614942429184
1224801161187876864
1224764903812161541
1224741919793782785
1224454408995401728
1224437870925996032
1224362766066122752
1224018212267925509
1223782543213977602
1223726897978322946
