1286038918765465600
1285964932769603585
1285403741215166464
1285244457110196224
1284507595592675332
1283430718002143235
1283417788816785408
1283183853008498689
1282735165895249922
1282727384043728897
1280987857906208784
1280591764223639561
1280532524272361472
1280531901581754368
1280530430324867073
1279570596016402433
1279443066114519040
1279082814189842433
1279082170410250241
1278484762546634753
1278068095068889089
1278029306804002816
1277661526871203841
1277625570176765952
1277607673844940801
1276223720420528129
1275849655004397576
1275849306654851074
1275473938458578946
1275122078908329988
1274705380564545536
1274427922242306048
1274085294783049731
1274034252762546176
1273995557502140416
1273985637792706560
1273671316764164096
1273657978843836419
1273645819812593664
1273626773293420544
1273418943911333889
1273397512997441537
1273313632995217414
1272927737997647872
1272921978937184258
1272615395808215044
1272567125593460742
1272565463617323014
1271801714782412807
1271464922619183104
1271214668531544065
1271095232294248448
1270748375600726023
1270485758831480832
1270448969722859523
1270024638224089088
1269074554221146118
1268549371416784896
1268282245011341312
1268269598304018434
1268268783262666752
1267837565132066822
1267828467527118851
1267612702035369985
1267566163485167618
1267517759195316230
1267472843496919044
1267250872070950914
1267235252449292289
1267185161650700292
1266465158961999873
1266106029101789185
1266091722477645825
1265680645885485061
1265044626244866051
1264974924399235079
1263957585474060293
1263831788352307200
1263831607653384192
1263607218085167106
1263536807528013825
1263230581132886022
1262799885033787393
1262797681849704449
1262492121203912706
1262416148571795458
1261331406837428226
1261323655730126852
1261016397855031299
1261016088306909185
1261015529617227776
1260284967294308354
1260252597061124097
1260251529841381381
1260250523581759491
1260248806467256322
1260248132375453698
1260247557889982464
1260246479991713792
1260246135647633408
1260245832294641665
1259956109495934979
1258908262432456711
1258817642749661189
1258757321976578048
1258542732378730496
1257797973309882368
1257779020093181952
1257438793549991938
1257433598145245190
1255908838991151110
1255591412147589123
1255590509692813313
1255251269473763331
1255225849814626305
1255207074872451072
1253498239891968002
1253497383503245312
1253496490531659779
1253427424488030208
1253337283832328197
1253047427071967232
1252647188800376837
1252640885139013639
1252623376683880453
1252357658310373381
1252324558931140608
1250914574733369357
1250896973072412674
1250889679458709504
1250877656922558466
1250818989321793538
1250811340949721088
1250795252379791360
1250493587537702912
1250490962650030093
1250431936742350848
1250418095342133248
1250183816070795273
1249722911834935305
1248982767309897734
1248982664792756224
1248655885318135808
1248654496437284871
1248282497261228032
1248275523895283713
1248273722609487873
1248245071842951168
1248226568419323905
1248034389965049856
1247895967610748930
1247598061934850048
1247597673118605313
1247554075434123265
1247202290483806209
1246580225305165830
1245832065330941957
1245748828357021696
1245697892419067904
1245470242656018432
1245458448688582661
1245448600026370048
1245410347940372480
1245407899955925005
1245383973418741760
1245383445896929282
1245095130509574145
1245091320089149440
1245062203037843456
1245061654250954757
1243953746880745472
1243914762913792000
1243662942844919808
1243230838298497024
1243229128209416198
1243214333234085888
1243211621855645698
1243192960835104769
1243192537608794113
1243170218647699457
1242111863707643907
1241841079067881472
1241749979099734017
1241745449150631936
1241413260236161024
1241367458323128326
1240987454762516484
1240721577097998336
1240721513193537541
1240690822187593729
1240642885336338432
1240641864799264768
1240633010124402690
1240248334243135489
1239985638939807744
1239977350927810560
1239934856018223107
1238546813600387079
1238492330623197186
1238468691194458112
1238468454883241986
1238143737932496897
1238143220502192129
1237914171909562371
1237877882514329604
1237875362744242182
1237837462723911680
1237461980161736704
1237374543490056193
1236710422918684673
1236469596238032897
1236325988763500545
1236320452580163586
1236063509332414465
1236060992901206018
1236011149700796417
1235977246030131211
1235971259428753408
1235699359821389824
1235680849263095808
1235674270166114305
1235622683510964226
1235611188630872064
1235601716529242113
1235328352325701638
1235222970848534528
1234985188813230080
1234949442643599360
1234572188193304576
1234566692757528584
1234247722359775232
1233169969011142656
1233162349697228800
1233055164967325697
1233048688118857728
1232686011718787077
1232684583025594368
1232392206016749568
1230916629204217856
1230892337322233856
1230524022653440000
1230513457532932102
1230266554723512323
1230232821979021320
1229452437263699968
1228752850743971841
1228437578812186625
1228429701401763844
1228381375650246657
1228371633712312326
1228362353974108161
1228334954746085377
1228322454700986368
1228043431093645312
1227965984641814528
1227709183333666817
1227691654477467649
1227691163890700290
1227686319058452480
1227672847574806533
1227604994020515842
1227419954221387777
1227419388845920256
1227326611709669376
1227326394046337030
1227325456141242368
1227289097733115904
1227271064872476672
1226968497454026752
1226924534336544769
1225901707332329479
1225845436763791365
1225806566458261506
1225796432483028992
1225790926980833282
1225787102295711744
1225529020911116288
1225503247491895296
1225497206364549121
1225496000506290177
1225185402107154436
1225160373881462787
1224923075218694147
1224917662314254337
1224887920856903686
1224881652410863616
1224878264604336129
1224872485746810880
1224706841827061761
1224346068789465091
1223630916540608513
1223627024171925506
