1286034609675874305
1285944437592514560
1285922347170627585
1285729944241348614
1285729868647477250
1285671116598644736
1285663411205013505
1285576440952639489
1285576392860737538
1285313943674789891
1285304936251691011
1285212363524722690
1285199097956306945
1284641969273286657
1284569377032019968
1284336767550840833
1284336678241546240
1284214767608041472
1284200922676178949
1284176982511624192
1284155909934133252
1284138556538204160
1283838074473058304
1283778666976206851
1283766209822040065
1283736720639393795
1283736290660417536
1283719208233308160
1283483415115898884
1283457047376408576
1283440437995413505
1283415767334215682
1283415621116530688
1283415313795743751
1283407974103347200
1283391370980458496
1283356707767439360
1283211317705347072
1283211209668534273
1283211041795706882
1283211002813853696
1283210880952475648
1283210741932331020
1283210174967222273
1283210005618069504
1283209936185565189
1283209805646237698
1283209702646718467
1283163241590423552
1283154554251628549
1283117352477954050
1283073272062541824
1283043663984111623
1282769840177020936
1282657494205190144
1281633663235629057
1281628741995827200
1281559328068075520
1281542792343367680
1281365865347330055
1281365657687334917
1281365551571443712
1281365438077833216
1281365318473076738
1281335606908420102
1280939302600523777
1280850161770602497
1280584983246188544
1280559005576892423
1280558651216924674
1280495784941678592
1280475589330288640
1280204758612049926
1280158251531763712
1280130628860723202
1280120047416102913
1279504503113277440
1279440399115980801
1279440350248087554
1279440298813329409
1279430714484764678
1279430590949974016
1279416171259928576
1279411137897918464
1279402457974661120
1279402195243479042
1279392953891504128
1279202843447177216
1279082319144529921
1279068921790898176
1278741877416767489
1278741768905936902
1278741694842908672
1278741566211993600
1278741410523611138
1278663732474851334
1278649548139790336
1278536213176164358
1278490901820706817
1278457882229583878
1278445333245243399
1278435320615313409
1278410748151115777
1278405107181408258
1278391030199574529
1278304596801150981
1278296401135501313
1278072915846725638
1278072507946405888
1278072252370747393
1278071906823032833
1278071508330520588
1278071202528067584
1278070862449651715
1278070605632372737
1277959825037508608
1277937431556341765
1277741957301907457
1277741661569929223
1277695519477968904
1277675502975758341
1277609476632215557
1277366580595359745
1277323382372040704
1277272294587539456
1277256951882268674
1277240019854516225
1276980119211515906
1276944670036234240
1276668674963890178
1276598403095384064
1276572498402910209
1276572251136155648
1276572168336191488
1276546482439675915
1276508008407879680
1276494670709903362
1276269510052450309
1276252987908857857
1276241502415417344
1276232190993596416
1276221369840070656
1276200985493483520
1276193184033304576
1276179091083997184
1276134656203804673
1276134535588167683
1276134378771558400
1276134322370723841
1276134188677246981
1276123223248252928
1275890690702979072
1275868544882946052
1275857471903391744
1275835235582828545
1275799214958817280
1275798735629561857
1275449997681541120
1275437828160155649
1275414805122215937
1275396909038022656
1275206935311265794
1275191080904871936
1275186345535733761
1275177375966339072
1275177348078452738
1275155177289515008
1275131021651050499
1275123391146721284
1275107978446848002
1275095849052377088
1274857853090701312
1274726678829416448
1274683201903042560
1274517957901778944
1274392633071276035
1274382525020897280
1274382445945724928
1274382384016826368
1274191969720418304
1274142932329795589
1274117773480857600
1274051170307321858
1274050314065399808
1274015791042768896
1273978339691081731
1273964005187559425
1273963947847270400
1273963857350922244
1273790204504084480
1273714005346070548
1273631557886963712
1273620625874137090
1273613732682268672
1273613682413580293
1273590282865520640
1273385334332669952
1273336716133388288
1273301882547699713
1273278478196936705
1273253060672962563
1273244971165011968
1273048210869596160
1273041007035265024
1272903448653189120
1272892261521592321
1272629506096930822
1272586491374510082
1272571783464595456
1272532916766154759
1272528536692285440
1272504735468335105
1272504290331017216
1271826913376559104
1271544946349215746
1271495227878989824
1271471267569336336
1271438024782548992
1271437797635866624
1271437584212938753
1271437348073586688
1271437110382338048
1271436910817394690
1271214844067352583
1271198991984799744
1271107422619230209
1271072945537011717
1271051452287459329
1270859849899954178
1270859705288704001
1270859405102284801
1270850156007690242
1270752077787119622
1270751694696198144
1270751398322372609
1270701529046155264
1270701197398286337
1270696880687718401
1270496899771047943
1270475753147301889
1270475354801610752
1270474813262442496
1270048098434387969
1269625093082275841
1268937776092905472
1268929397442166784
1268929148673761280
1268909279844741120
1268908533669662721
1268908137110810625
1268907699170836481
1268907342747353097
1268907119555813378
1268720647259258880
1268720581316354050
1268656613671534592
1268646295864053760
1268626072259530752
1268608804024807424
1268560677276442624
1268549632386367490
1268527019912019968
1268354438114263040
1268306081245097986
1268150453436665856
1268150421048233984
1268150376345239552
1267955680255913986
1267942412850278401
1267914455041654785
1267614286144253955
1267614175506857985
1267614096960208897
1267614019948621830
1267585695729811469
1267519461134946306
1267488137414090752
1267487775974133761
1267479410992730114
1267479357234335746
1267080008511741952
1266715989468561411
1266505356563361795
1266494159654981635
1266457435381944321
1266450738370281474
1266399311371350017
1266399272150466561
1266399152319193091
1266383797421047808
1266344287215562754
1266071086002823169
1266028697695461376
1265974593958936576
1265809811377205251
1265789197820006400
1265788595056644098
1265788526676803585
1265788432313393153
1265788338310656000
1265788247428468738
1265788167241768962
1265788068600197121
1265787961225945090
1265787865939816448
1265619421051138048
1265426733605498880
1265282793053081600
1264996405489414146
1264978034374967296
1264912855306027008
1264895572382752774
1264895481714532357
1264668998119182336
1264618918175440898
1264552699208568832
1264203682159067137
1264173771465854977
1263936489727066113
1263823152934772736
1263822832703864832
1263807307626020866
1263620085593366528
1263613898776891394
1263458521942646789
1263448715181920260
1263445082428051456
1263250517289046017
1263250385218809857
1263091491448258561
1262875081392488449
1262874791897432064
1262710089674379265
1262710016446009345
1262709919796670464
1262709780046585857
1262522195605159937
1262521975039197184
1262521856646676489
1262435179110465541
1262415519052976134
1262391117225607169
1262343513141923842
1262018731850510336
1261378778636279808
1261305424290164736
1261297988229529600
1261297738395852801
1261297297692012545
1261296939859169280
1261296589492097024
1261114225356832768
1261114185355796481
1260976416721526785
1260955277706301440
1260933886856630272
1260928060376993792
1260928031683739648
1260616275899940865
1260596555658248193
1260595822812712960
1260574518608707584
1260569234448449537
1260558361852088320
1260329457132412928
1260313255475654656
1260313106053574659
1260287890686382080
1260225857601355779
1260222042194018304
1260217504045113347
1260217168832204801
1259977427515834372
1259977171747115009
1259966297107988480
1259914286912147463
1259868581086613504
1259837104793759747
1259647329436610564
1259647254866075650
1259259768759365634
1259140844160004098
1259140579902074880
1259140163512524802
1259136485019828224
1259133448817647616
1258897258143199232
1258845598452797444
1258836946144636940
1258830898113458179
1258830292900556807
1258829830814158849
1258764835766046721
1258740867185197056
1258500801699471366
1258446436481609728
1258445896792096770
1258154636755832834
1258069367104905217
1258068960358137856
1258068781278117889
1258068566080999431
1257834111953223683
1257833859040841731
1257696220568530949
1257695995560894465
1257695770142281728
1257469466268573696
1257469073488850945
1257468462332555264
1257425317192511488
1257376393710776320
1257295204815699968
1257099703772119046
1257099511056535555
1257069552317366273
1256691007271448578
1256360823863246850
1256341022751313921
1256239820227121153
1256239767987064833
1256239681626419202
1256229794011926532
1256203525354336256
1255964709146316802
1255964664388882432
1255923874501480450
1255898960163557377
1255886531027501057
1255886386634383361
1255885990532710400
1255656613584736256
1255575886927147019
1255550311676227590
1255550195837931522
1255247491957735428
1255140822040731655
1255140451247460363
1255120497974620162
1255109816416157696
1254916446142038022
1254916284057337856
1254916056264650757
1254904393834663941
1254796128081641472
1254743445282963458
1254533236920811524
1254525959136587776
1254525701241397260
1254525363159543809
1254525059923918850
1254179855786262528
1254179498209300485
1254067213163802624
1253813003578900480
1253773079563599872
1253700521128603650
1253693181440462852
1253457619571924995
1253434536827817986
1253407458187456512
1253380111191232513
1253352943350407172
1253324058671722511
1253281966172131329
1253125377037406210
1253088911645200392
1252984514277711875
1252956351380303872
1252702584344887296
1252614519433629696
1252614304735649792
1252591700163387394
1252372324671610881
1252344565832417283
1252265015211483136
1252249525424738304
1252055882432724995
1251863871909883904
1251622783244578817
1251617470584180737
1251617241411604482
1251617133190098944
1251571445102043136
1251528159826030592
1251499528680865793
1251258061349683200
1251256087925358598
1251251427542028289
1251247174610018305
1251240997616574465
1251147497231114242
1251138824941580290
1250909960818622470
1250873964601249794
1250767371163308033
1250528410973192192
1250525365111607298
1250522330696204288
1250424218501570560
1250422059806539778
1250213763472596998
1250213674322714625
1250212944173989888
1250212897592131584
1250212798879150081
1250188274565554176
1250187996378345480
1250172320573947905
1250042956913967104
1249878634275504128
1249837916576190465
1249837361883754496
1249681584141336578
1249402229150355456
1249099057051480067
1249098835248304128
1249098689353617408
1248760207527874560
1248688314963709954
1248684573346709504
1248588430377959424
1248375821640904704
1248362804895199232
1248298101632368640
1248274158733201408
1248208362862452736
1248208032108085249
1248207631812112385
1248004912157351937
1247881299399868417
1247872208732663808
1247669654732115968
1247634548776734724
1247634463925903361
1247634375723962369
1247634266764312576
1247509088918962180
1247292463871655936
1246912182576730114
1246800185570836481
1246535744753152004
1246454050528378885
1246217706203996160
1246104125948993541
1245866210182320129
1245838111499747334
1245837782058229760
1245826680226287617
1245826603134877696
1245826518175174656
1245718241684738048
1245718125624143879
1245717665898991619
1245717177308778496
1245687412409405440
1245486890226245632
1245451041686073346
1245450180377395206
1245349716629630977
1245349446918877189
1245330180811481090
1245104250990071810
1245009482691874816
1245004240428417026
1245003909095137285
1245003432194445316
1245002531123671040
1244989706493927427
1244812841867190272
1244730429237792771
1244693257126281216
1244692961763393536
1244365911357865988
1244365765500952577
1244365530041024513
1244365253779042311
1244010885154320384
1243635149285318656
1243567423883747328
1243566833518641156
1243566262350942209
1243549744598847488
1243515498261774337
1243362132768337923
1243300177370324994
1243299807139168257
1243299571679232000
1243211324777168896
1243211021839478785
1243178284780748806
1243174243229151233
1243171266204483585
1243171013380182016
1242920357796995073
1242868190264397827
1242561012408242177
1242483610164363265
1242450102658248706
1242449808679452674
1242426709141524481
1242209778673295360
1242110361324716038
1242109726617481217
1242109235149918208
1242089327724724225
1241841864443146246
1241777112278863872
1241770142662569984
1241764968514695170
1241764494038241281
1241764175564673025
1241763935784763392
1241763498876645376
1241732754460549121
1241461136563810310
1241429586933669888
1241420301377945604
1241383412805570563
1241376645396729859
1241370459591057409
1241364056621146112
1241141680721534978
1241069629725986816
1241032190605082624
1241006467404234757
1240992652142751745
1240992184628916232
1240991609178804225
1240991325190848513
1240990568966164480
1240965816180510720
1240758646235172866
1240750261590769670
1240723205230399490
1240656973609275394
1240656086883065858
1240641420190461952
1240639802816507904
1240639546234228736
1240606003697258502
1240433156878143491
1240432834151682050
1240432517817270272
1240432233300791301
1240431928915955712
1240431506046271494
1240383837357649920
1240383580058025984
1240382812793995264
1240382508476268546
1240382197103820803
1240382077436137478
1240381747851902976
1240381417202188289
1240359236758110210
1240358902363049985
1240342841659883520
1240255091346755584
1240019325312000003
1240014181518184449
1239912563388932096
1239911927192735744
1239911745465929729
1239911312160931842
1239911014927413250
1239910757552267264
1239907518299738113
1239712383968391169
1239712078694428672
1239711845365276672
1239710922551197696
1239710523371016192
1239710242944045056
1239549683661488130
1239527815386726400
1239343175812165632
1239342368857489408
1239342069388316674
1239341488003264515
1239307769259442176
1239258580945158148
1239224455685197825
1238975336978747392
1238890888178343939
1238568098841665536
1238504264487624704
1238199681362137088
1238199623992381441
1238199567645937664
1238199484213006336
1238122704563245058
1238086922448318464
1238068308219432960
1237915766089035776
1237833362498293766
1237817330039742469
1237816832360407042
1237816335708676098
1237815939330199552
1237815631698853889
1237799056262512640
1237759698260066306
1237744862008619012
1237483616877174784
1237153537974579200
1237041704810807296
1237018957980282880
1236681928318779392
1236324257099104256
1235994051649761281
1235941066316173312
1235647266649759747
1235581381658505218
1235569701444612096
1235000604411547649
1234982229991780352
1234904440987095040
1234903954309484549
1234903415207137286
1234902536638926848
1234901832570462211
1234858260966014988
1234568208448880643
1234175065933012993
1233795961702506496
1233795823173033984
1233795649935724544
1233795460814557189
1233778704188395528
1233547028732489728
1233546898516127745
1233435116413898757
1233435031915372544
1233397190309093376
1233128030446522368
1233053392089554950
1233052712411029504
1233051793040560134
1232784402587029504
1232754684802326530
1232754344736546818
1232753684645371905
1232402133653348354
1232376292110147591
1232375771357990913
1232110195276468225
1232109951218266112
1232109549307486208
1232026600641830917
1231318996475097091
1230880668017713152
1230622066094768130
1230540547363868677
1230540324021383168
1230247750568153090
1230247312657653762
1230208593548496896
1229792710732718081
1229437531785220096
1229436959757565952
1228759375650656258
1228759229974142976
1228400279013527555
1228364116949164032
1228363541226409984
1228362925078929415
1228071861571014656
1228071262427209728
1228071064779051008
1228003477042929665
1227987073388421132
1227964163982532608
1227963873577328641
1227963211112161280
1227735600255655937
1227735510086553600
1227649592721838081
1227633183799287808
1227341286295756801
1227302530926821376
1227295244070326274
1227274821408641026
1226235392216698880
1225791431563935745
1225453967565611012
1225144351782768643
1224872284231475200
1224847303485411329
1224808127557767168
1224687306860322817
1224411562733178883
1224410643987603456
1224365427981258754
1224342612162830336
