1285637188785446912
1285637188055638019
1284903957811298304
1284903957211602944
1284903954812407811
1283832367233347586
1281310864465895424
1280943686461898762
1279448834544934913
1278815657497374723
1277982351562244097
1277982350736007168
1277969256735404032
1277969255628066817
1277967960657649666
1277643233842126848
1277616333887283202
1276510063826546692
1275477339938394114
1275472898971574272
1275443511240753152
1274095938454335488
1274094428433588225
1274034066120224771
1273787507075940352
1273787506262265856
1273714535015297028
1273302134679908354
1273302133417414656
1273302132121317377
1273302130783289346
1273277746735652869
1273277746043588608
1273277745225760770
1272964625542385669
1272645361560162309
1272598336491700224
1271584993974812672
1271584992989241346
1271097181139853314
1271078284403658759
1270406050240479232
1270406049481228289
1270155256668868608
1270099252916731905
1268578752163909638
1268574989596397568
1268249197435904002
1268249196810960897
1267584527221874688
1267584526559186951
1267584525976117249
1267552968104185860
1266813863300825089
1266087712760741891
1264335648871383046
1263948974282747913
1263877768829440008
1263260752577773570
1263260751348862976
1262831889804677125
1261084951153463298
1261084950541078528
1260938283590221825
1260937765685952512
1260937765061120005
1260583376140087307
1260566455696965635
1260566454790995973
1260566454094704655
1260321136174391297
1258782509472583680
1258608322854486016
1258608321470308354
1258484673509982212
1258158603682414592
1258072758107414528
1257784878705278976
1257784877736513537
1257784876843053062
1257784875618361346
1257746713298841600
1257746712556449799
1257733230964473856
1257412828560076801
1255928141320765441
1255241357951729667
1254849144499421184
1254849143689883649
1254849142557474817
1253808846805569536
1253808846046461953
1253808844901421056
1253808843643064320
1253440968545595392
1253436074556141569
1253362266503872513
1253344011538087941
1253052254598422529
1252764565860954114
1252764565223411713
1252364792670457856
1252331615822524418
1251249277617266689
1250895022574243840
1250895021928263680
1250809899388473344
1250543153754578947
1250543152894795776
1250543152152432641
1250475683115122693
1250447955011817473
1250447954332340226
1250221503133765632
1250129639047073792
1249769595113701378
1249769593989668864
1249412791011868672
1248758297995468800
1248703732403122176
1248685197396185088
1248685196553191430
1248641079731261440
1247613019334610949
1247577569215549441
1246282450466148358
1246196475433975809
1245825872759750657
1245451556058804224
1245451553877774340
1245420693312942080
1245365425497653249
1245105352833667074
1245061204617367553
1245061203061362689
1245061201727545344
1245061199328395264
1244792053772488706
1244758423750823936
1243183037854224384
1242914701174026241
1242913474184974338
1242662559590879232
1242285693226885131
1242147814634934277
1242135677858439169
1241866794148737026
1241832084727087107
1241822337466540032
1241108077602111488
1241056998051008517
1241038992084172800
1240763348381323264
1240722003436371969
1240307080462024704
1240037619368591366
1240037618668232709
1239962837084061698
1239385509685837824
1238700710432313344
1238669064412827650
1238262311565090817
1238220930217803778
1237820612137099264
1237732996939161601
1237382933272551426
1236726080255426560
1236080767031291911
1235339019887800323
1235327959667527685
1234926658349621248
1234621713901551616
1233895509271699456
1233802486022049797
1233482084318052352
1233166283727872001
1232729004312059904
1232714679547498499
1232713418693644291
1232058942903246849
1230646668581838848
1229890763665952773
1228094150341484544
1224843781045776384
