1286067300337156096
1286063461949214721
1286063393909219328
1286056092397641729
1286046508840820736
1286042114342760448
1286041055528353794
1286036982867603468
1286032919853707267
1286030988997525505
1286012925589753857
1285996738499809280
1285990607056515072
1285976533690134528
1285974193176289281
1285965443992256512
1285960419832717312
1285734151598018561
1285682209765175299
1285677701219704833
1285629573468753920
1285619119207874560
1285619117119111169
1285604572548018176
1285351708638535681
1285328154303791104
1285295814752034823
1285285825190690820
1285284253257928705
1285283519028252672
1285248568895340550
1285247669254881282
1285247668118269954
1285237848476614656
1285220682805190657
1284331960987516928
1284221692777304066
1284180649570689026
1284140471162417152
1283838290727247872
1283834014487531520
1283830082763710464
1283827303580086272
1283814691144454144
1283804388776181763
1283796101087330308
1283789824735010816
1283783995889721349
1283777831915458560
1283776894912036871
1283482853267902464
1283445775075246081
1283444258742181894
1283427861106483201
1283426366638170112
1283418239855362049
1283410101915787265
1283400646327181312
1283400644284555266
1283142340329209859
1283127622944337920
1283104285375508480
1283075023968899073
1283038714168578051
1282761496926330880
1282750487532580864
1282705630973829121
1282497066879651843
1281757417722847237
1281637430077136898
1281615517292339211
1281328964397608961
1281322003614531584
1281294587546480645
1281286622865174528
1281286621804060672
1281237147631210496
1280939612446298112
1280933546010521601
1280877655064272898
1280627178904961024
1280538864789196800
1280534612196896768
1280248746928943104
1280207496720912385
1280206518575673345
1280145967270907904
1279440171059027971
1278758080843517953
1278735958263898112
1278677703139393537
1278437839424946179
1278382263252717570
1278363790380273669
1278353187511156740
1278058505115783168
1278047257930141697
1278043206597345281
1278028594934054915
1278015367223414784
1278012457152217088
1278010311954567179
1277991043212902401
1277991040536981505
1277981142252163072
1277710715063865345
1277654476380405761
1277645731676000258
1277614664889892864
1276613455072710657
1276588621307482112
1276566270612246528
1276549269932171264
1276547349029011456
1276534268102152193
1276312425667661824
1276268342073085953
1276267079633711105
1276244220739715075
1276202293726261251
1276199861600358400
1276188580357046273
1276001301038497794
1275942183145783309
1275885936379863043
1275860177552629761
1275827010363953152
1275530321103130627
1275530320109088768
1275530319022694400
1275523231244529664
1275517851441475590
1275499932955430912
1275486105425661954
1275145097907142656
1275145097114460160
1275145095952642049
1275109932279500800
1275098306868383746
1274750428832464898
1274041948786089990
1273988586124214275
1273968278273249286
1273676745783291908
1273646399876407296
1273638323588866053
1273619493873496067
1273618931597615104
1273343734349008897
1273299408180989953
1272962579317563392
1272937447974936578
1272937446334963713
1272882658150952960
1272602927425884165
1272590218223407111
1272583906768887815
1272579104227897347
1272577240862253057
1272540126330011648
1272536761697275907
1272533196010336257
1271488159763894272
1271485140561211393
1271477979647016960
1271172095880429579
1271163113967140867
1271133813666709506
1271132540569608200
1271092218271617025
1270787687268696067
1270777945980915713
1270713891895545857
1270430969913380868
1270426759608049664
1270397146353844229
1270393357123149827
1270390371873443840
1270379178823745536
1270102149809274881
1270057207183392769
1270047672678912002
1270047671802376194
1270040024113971200
1269997694396911616
1269378388512432128
1269331137161310209
1268985766178365442
1268978127037968390
1268959853487276032
1268957884261548034
1268949491408920576
1268916644090437632
1268912910073462790
1268702269744254976
1268677913702019072
1268627872278855684
1268592664766750720
1268584181019430912
1268573881649987586
1268561363133235200
1268533550023933952
1268302338407534592
1268268197729439745
1268265155013550081
1268242417360273411
1268194207270948865
1268189275314696192
1268181631128436742
1267878343246065665
1267843289648107523
1267635206615379971
1267623626322464769
1267542724426829824
1267475248968077313
1267475246854156290
1267456748799111170
1267453523219877888
1267262337607766017
1266937279886622720
1266811411340169217
1266522408762118146
1266411271747973121
1266403084911206402
1266399930794590208
1266374630559739909
1266169708790849538
1266088198620557312
1266086619976814599
1266083302630440960
1266007622907564033
1265741474802663425
1265706760075083779
1265706758862970883
1265683889017798660
1265667123872923648
1265374946752180224
1265334810173726726
1265305408798896128
1265266587902361600
1265259417659899905
1264961811427852294
1263905317299064832
1263861471982821376
1263554387055652871
1263527243248271360
1263507936669773826
1263502508447727616
1263500243099934720
1263289344791633921
1263187703228698624
1263181741252116480
1263177654938804226
1263167514768560131
1263156486563381250
1263151904407855107
1262946899713306625
1262840781003526144
1262827027234766849
1262797672693608449
1262795587990274054
1262770342440861699
1262745448604774400
1262414646507646979
1262411920390459393
1261711461115727873
1261704478643884035
1261689545097187335
1261471290189381632
1261379374479073280
1261311234521038849
1261023725278752769
1260982946598715392
1260956405286285312
1260724544379199489
1260724246197698560
1260717454134829056
1260698203634180096
1260664915540480005
1260638524530987009
1260611693916323843
1260324021163429889
1260285385856475137
1260254589628153857
1260242973725470720
1259917929400893440
1259889124875657216
1259866535897726976
1259687164230631427
1259583692017668098
1259550255701544965
1259314715660038144
1258891164096376838
1258889688749944833
1258801487397912577
1258778053104336904
1258771977457852423
1258486580098084866
1258481429819920386
1258473367285497856
1258426139623784451
1258147598206205952
1258144847938150402
1258119905242763265
1258113138957877249
1258108322164727810
1258098998306635783
1257808796728078338
1257775843348107265
1257770627399892993
1257762913063972864
1257724424696070148
1257685903889350662
1257679110148689920
1257475769636397057
1257365564122693632
1257310522094977030
1256721421755179009
1256315406593204235
1256288039665623040
1256283469224783872
1256272550348406784
1256264042127282182
1256263390735073280
1256256507714338816
1256234846898270213
1255946476469043206
1255941354875695106
1255921605081006084
1255894611995889665
1255611907450589185
1255601991033782272
1255601990115213312
1255548075650756609
1255545021899640832
1255539660698329088
1255497426506592258
1255491380039823362
1255222425639321602
1255202650259435525
1255198424594612227
1255169117952368640
1255138078638792705
1254842631600963589
1254831003190931458
1254823872265957377
1254822441966239747
1254802067136413696
1254780792489664518
1254769720760446976
1253828563230433285
1253752946405388289
1253743923249512448
1253706647303860226
1253706601749516289
1253699136983117826
1253696562703851526
1253683671342735363
1253681890168578051
1253518648964190209
1253450136203780098
1253431114930085894
1253424983641976832
1253415023805739008
1253399894385201168
1253380137468538891
1253353833037737985
1253352424062029824
1253321524267769858
1253030860464553984
1253008927660347399
1253004922347552770
1253004271857082368
1252989191488712704
1252967478680051712
1252956991141617664
1252950854782586880
1252942018541731840
1252919239280861184
1252916562169925632
1252779653066035202
1252682324820594688
1252680725930938372
1252674821982478338
1252669228882235394
1252647623208701956
1252641609021378568
1252621775575408640
1252601808268165121
1252601806787686400
1252401717339029510
1252262182336835585
1252261291810488320
1252243229396910081
1251262357852041216
1251234816051347462
1251197636666941440
1251184387166740490
1251144390011060224
1251141355541336064
1251134614581755904
1250928130753286144
1250899886259798018
1250877980810846211
1250865805258035200
1250812521461792774
1250795360630513665
1250509587565993984
1250509100066234372
1250486000968663040
1250480912535621635
1250471666699964428
1250440352105779200
1250435326343925776
1250420382948937734
1250416431231107072
1250405969932292096
1250173777658462213
1250128734197297153
1250126807468249091
1250112510935662593
1250106227935326210
1250078577925804032
1249823020459442178
1249785468595646465
1249783331564204034
1249777202041892867
1249757570199425024
1249750019810476034
1249748141777313799
1249726232813592577
1249445266622763008
1249349055873859584
1248681514822504449
1248679976246939651
1248669085837209601
1248658089403912194
1248658088141434880
1248658086644023298
1248643454911090694
1248632930689220609
1248632928982183941
1248329017276739592
1248318740539867137
1248310090161160193
1248297209642221576
1248293253797076992
1248285883289272321
1248277454789148675
1248038280769216516
1248004588508033026
1247989344016752642
1247938656712744960
1247916124605382656
1247914081992015876
1247904491698941959
1247904164455174145
1247649880664924160
1247644766269067264
1247633678089543680
1247626145618591747
1247596800816660482
1247595573898813440
1247594185324204036
1247583008217055234
1247571056094851073
1247563695175143424
1247538050218905602
1247526487806185473
1247269867717353479
1247268298032586752
1247228496331640833
1247223098769842180
1247211513133359110
1247202325942415361
1246905561003831301
1246821530002169856
1246651774309670912
1246509616705540098
1246174105088507905
1246136576029200384
1246125800719626240
1246125707404640256
1246095296079237123
1246085201303932929
1245883330828144640
1245816905505652736
1245774809629429760
1245769942231891969
1245759194583744514
1245758380809035776
1245728499928793089
1245728498846773248
1245450705315549184
1245439889468002304
1245434995830915078
1245431205581008898
1245429097712549892
1245415711788408832
1245384756554084354
1245341362398117888
1245340932138041344
1245147533963395072
1245142384045940743
1245088159786024963
1245066887970652160
1245063674815004672
1245039751880736768
1245018646637928450
1245007521527496705
1244998244687589377
1244996976892170242
1244996695517249542
1244833140071333889
1244718930373074944
1244711893186510852
1244697818448756738
1244693123009253377
1244686164612861953
1244681360347889666
1244655193909866496
1244636535821139968
1244623677808918531
1244621125881036800
1244439706714152960
1244351395916124161
1243962824008876032
1243938871756324864
1243930458800500737
1243653656190365703
1243648017611329537
1243643532495261698
1243633795351416833
1243608529732341760
1243608527761027073
1243597708448980996
1243577282146578433
1243535246487883779
1243286039650762753
1243234386369228801
1243229131627728897
1243193750433693703
1242988454117617665
1242930564052770817
1242918764372545537
1242895071139291136
1242870388935331840
1242846834118348800
1242832605717946368
1242793456839340033
1242792003135569920
1242543086804381701
1242543085286014977
1242543083998380034
1242540916172361739
1242448932862558210
1242422792261419011
1242189993327591424
1242170203087212545
1242140374191177730
1242128403916115970
1242118556323586048
1242085233576550406
1241790606390812673
1241398736141631490
1241396592365707266
1241187284470378501
1241186329062518791
1241143203270664192
1241131071191879680
1241104145144328197
1241104143357546497
1241104141683916805
1241099365478993922
1241094451486953475
1241054849636188163
1241052630702489600
1241051943482597376
1241029574378557440
1241025525138755584
1241013139807887363
1240809350945484802
1240759316681981953
1240759116697669635
1240750022356017154
1240736431686987783
1240731884218396684
1240676772259209222
1240674947023986690
1240669080463474689
1240662600146395136
1240657821395488769
1240652007985295361
1240642967951618049
1240406996593119232
1240376289804124161
1240373637993107458
1240357236385427456
1240345953611153410
1240321336133799936
1240317001974898688
1240315156099477505
1240297560939651074
1240289304448053248
1240020406284754945
1240006122829905920
1240004536858750982
1239987855952396288
1239969894130536448
1239914478881341445
1239704908728872962
1239700004312420355
1239699351385051141
1239640933341241344
1239606013403303938
1239601024161271810
1239593978820988938
1239587920257974274
1239583016059576325
1239557914144145408
1239370319942615041
1239343127720333312
1239320679872430081
1239283466761654277
1239269696534466567
1239269694747664388
1239240059834052616
1239239189893459977
1238951220640993280
1238951219554648071
1238870466653192194
1238690906942984192
1238631945422192640
1238588150202675200
1238587751752237059
1238556829996781571
1238227772276867075
1238227771471659010
1238218680934293505
1238214507933184005
1238187766124621824
1238182468043313154
1238182010092486657
1238172363969175552
1238169053887430656
1238129808892145664
1238121738917089281
1238117767779401730
1237951261565169665
1237951168124530688
1237846270556819461
1237816475253178371
1237806547855704067
1237772421966565377
1237762768201306114
1237762598818496513
1237468576686264320
1237463230278238210
1237461798648938497
1237376643242627073
1237123386532343810
1237091387222495232
1237058313361244164
1237034167067725830
1237001190073872384
1236705075214594048
1236037504949776389
1236032547789983747
1235981798888345602
1235947785398165504
1235929829159194624
1235672876960878592
1235628580052373506
1235625738679836672
1235608290878312448
1235577456993673218
1235570283538509824
1235323756270292995
1235307490662920203
1235294852612599808
1235257667104444416
1235248294374395906
1235244663826714625
1235226246444875776
1234945964319924229
1234915056455995410
1234914602741268481
1234853194234290176
1234593050132918275
1234591140046921729
1234558372688617473
1234536297987002368
1234523495683493888
1234198224153477120
1234168193402404864
1233494296592048128
1233460356443451394
1233421967832887297
1233416800471310337
1233133379400478742
1233129421340585986
1233114257916645378
1233112567696023552
1233110977752813568
1233110255174868992
1233099097701277702
1233090385842491392
1233080997119483905
1233040987775209473
1232802386185506816
1232770369192419333
1232750973409468418
1232750649848291330
1232731854371016705
1232714205662502912
1232712845495762944
1232711659191447555
1232414817098530817
1232394558727761923
1232340985931337729
1232324725218643968
1232307558351806465
1232023232590614528
1231028617238470657
1230942860280770560
1230868376186163201
1230581581170999296
1230569496592683010
1230554703731265536
1230516675054886913
1230238042541187072
1229941218668371968
1229792976177639424
1229518820634775558
1229217727446945792
1228827205138092032
1228396090485092355
1228364972520022017
1228359307114295299
1228346221946908674
1228335063777107971
1228335062938247170
1228335062015447040
1228064750824808456
1228035842494648322
1228033894731128832
1228032925020672000
1227996981391482880
1227992551384342531
1227983090817142785
1227696117581783041
1227682978853199874
1227682978056351744
1227670161882259456
1227648446619934720
1227608817346719745
1227604761194659840
1227331596346445824
1227297192202948608
1227297086749790209
1227282074530349061
1227257970679046145
1227254055568912385
1226965197572710400
1226944528067760129
1226944527132438539
1226944526100680704
1226902033015492610
1225887355304894464
1225881090293993474
1225873254730129408
1225839165763399681
1225808104513818630
1225525253213970434
1225498729777713153
1225497350015201283
1225496985366679552
1225477732290715649
1225432277385195521
1225176938702155776
1225146456941694985
1225141242092294149
1225136356516597763
1225129872802099201
1225099145305907200
1225083368301301760
1225081275398180870
1225076493895852033
1224920177105670146
1224909296946819072
1224902244258197506
1224895134682304513
1224893602104520704
1224892297030053889
1224891626813829122
1224891625568116741
1224891624666386432
1224889595042635776
1224888583816929280
1224886865825878016
1224886352807964684
1224885675562094593
1224882828355231744
1224881704252342273
1224880395604447233
1224879979831406592
1224879166207774721
1224856371088195585
1224825265659858944
1224801175511486471
1224786375846846464
1224770556387610624
1224766529117573122
1224764269733920769
1224727182053969920
1224725497055191040
1224725484694622209
1224725432165072897
1224696423276523522
1224413906132787201
1224413237208403968
