1285978223868817408
1285972276026933252
1285931822027808769
1285764541259878400
1285755507865718784
1285734748225241093
1285706978279522310
1285604113313562628
1285326594672930819
1285233753648967685
1285052693019602944
1285042563288838148
1284524142566440960
1284474894785359873
1284311131046195200
1283936801657425920
1283914890294497282
1283867829243203596
1283808160881442816
1283494390351245316
1283159332809580548
1283153529130164226
1283144819955707904
1283113277611036672
1282812500384387072
1282757900490899457
1282350322875342849
1282115704590917632
1282095926652411904
1282084202343804929
1282054479744045059
1281942066763911175
1281751354688634882
1281751069496946690
1281750576112566273
1281742527457099776
1281742438672072704
1281729002554654720
1281728846870519810
1281724435196710913
1281723232559693830
1281599425354379264
1281376411434070016
1281298464056528897
1281231419621232640
1281050048596512768
1281038650239827979
1281036567549804544
1281026160890085382
1280694162967482374
1280685412239933449
1279935756786708480
1279477865940164608
1279454573770559488
1279196720950398976
1278869959293222912
1278858462949236740
1278445236600045573
1277661843541176322
1277418738627809280
1277418091115413504
1277416921231654913
1277406367687626752
1277381444881580032
1277373693203746817
1276706156514246657
1276696889539297280
1276679675050364929
1276667816729628673
1276588969682251778
1276337789576138752
1276327217249878017
1276324247510663168
1275798460508377090
1275571997515415552
1275570098271649795
1275441271927013379
1275434846043529217
1275092095120834560
1274485818451791873
1274483348530855937
1274088235027873794
1274051299865243648
1273973945927073797
1273972800873783296
1273420193159614465
1273409783694077952
1273049311056707587
1273023169306255360
1272997333328900100
1272991039389937665
1272929272433455104
1272685469168476161
1272532721311657986
1272213259903475715
1272212785317937154
1271990520785571841
1271990313410793479
1271990071584002050
1271952212789465089
1271269293888593920
1271267824410001408
1271256828840685569
1271246560848904192
1271238095158067200
1271210794856976385
1271117408200204288
1270904684417613824
1270889725763686403
1270520051297390592
1270519172536164353
1270490577193312256
1269998681371152385
1269371479155773450
1269281613969600513
1269109864938209281
1269008145482944512
1268896102478155782
1268359611326791680
1268351989374730241
1268259269666836480
1268194179508822016
1268193681754001412
1268178076912975872
1267927184620077060
1267844888743366656
1267677642486054913
1267676505607454721
1267660019270651906
1267655135632805889
1267652838714474499
1267637218904072192
1267634733640568833
1267632280161443844
1267631397356867590
1267584014308818947
1267561202982490114
1267534349584470016
1267534049725362190
1267487436755677186
1267268782248079360
1267173690761981953
1267170783505383427
1267136459687055361
1266837646103449603
1266830435453149190
1266751127422451712
1266524804993167361
1266521792069410817
1266514136202186752
1266507315550851073
1266472759917412353
1266380634014040065
1266344850284314624
1266218742968651776
1266057293839417350
1266011841936928770
1265842635610173446
1265840876821131266
1265813775736864774
1265810744333000705
1265800442002518017
1265798136334819330
1265797252863451137
1265755055057178629
1265744905378373632
1265743971046821889
1265697719324151809
1265677289691459584
1265454344440369154
1265378381387968514
1265357555565502469
1265110976199897088
1264936441269891072
1264933662723919872
1264578692765941762
1263970947096358912
1263968632838787081
1263631859000451074
1263630476784414721
1263618579959894027
1263617858619277312
1263616962246082561
1263600941904941056
1263317748928708611
1263256629992132609
1263229136593661953
1263135675739770880
1263133823950356480
1262906559811792896
1262856615671336961
1262544776035028995
1262487191747473408
1262469008625893378
1262226973570539521
1262205968517140480
1262039852100485120
1261782204805525505
1261731524866723843
1261650906074005505
1261306588897464320
1261145742120493059
1261141608776556552
1261139530868051968
1261137876097662976
1261101495052832773
1261100546590728194
1261099549571104768
1260963435656994816
1260959736431808512
1260631338010521600
1260401120624758785
1260383559702974466
1260373564223565835
1260367011932180487
1260331474315862018
1260317923316547584
1259906571917803520
1259865409714610176
1259552206593933314
1259551935788716040
1259540456838434819
1259534658519347211
1258875545426833409
1258600904514850817
1258598642828574725
1258593972542418947
1258422747035832320
1258422246722412549
1257855851316105216
1257847571290226692
1257844438254190593
1257829514488483846
1257408824203530241
1256398867563778052
1256061777198100480
1256024349024366598
1255989205794201600
1255878529583022087
1255872431580995584
1255685715700088832
1255594852911325185
1255300656618975232
1255175320308776963
1254963058960670720
1254961907674595334
1254181878074093569
1254175204789665793
1254173630663180290
1254052026914410498
1254049551381663745
1254048071928942594
1253705079070302211
1253685658784276480
1253510794945474560
1253352738546647041
1253137432477917184
1253096268060151810
1253087084262424577
1253049735855984645
1253019336794570753
1252966665748393985
1252576387900280832
1252300686617870337
1252252820348325891
1252219239341142018
1251919714005200905
1251673650719330304
1251667600683216898
1251536228173910021
1251207144839483395
1251142469808504832
1251001079959105537
1251000773657260032
1250918709943767043
1250820637687517186
1250495114692235264
1250471115547426823
1250254004615069698
1250122280442748929
1250082763937644548
1249844920195694592
1249794307034353667
1249493827511095296
1249346260911472646
1248631730631782400
1248621887673872385
1248365290829893635
1248331867260104704
1248322123560636416
1248020754563837952
1248009884152414210
1247956818598518791
1247917006340460549
1247877901472673793
1247741369562644480
1247727943893295104
1247709307430473728
1247696925526294534
1247693648029986817
1247307809248681986
1247307717296951297
1247285571258548226
1247262304456126464
1247250816123183105
1246955059612696584
1246916886832582657
1246916770323140608
1246887395229863945
1246632020559757312
1246265276431302657
1246228917838635008
1245762843749777416
1245545772097167361
1245538588722434049
1245512818637619200
1245463244992544769
1245432985115033602
1245430550992695297
1245383391824031747
1245163243578015746
1244819102331535360
1244793339062386691
1244769963807834112
1244761120356872192
1244760836842885120
1244666570678439939
1244317230776680448
1244109121281982465
1243916163693924356
1243901860014063616
1243884497445273601
1243693246745849858
1243667773928157185
1243595887865139200
1243577895999733766
1243528568157736965
1243409766489047046
1243409489178456066
1243405715454038017
1243381729169047552
1243373003813146624
1243372427519889413
1243321739582504970
1243237721545625600
1243236169003028481
1243233693952507910
1243178349377323017
1243159905416220672
1242898174840356871
1242887590304518155
1242776100800991232
1242644225629487105
1242626098820677639
1242591560463724551
1242467549687820288
1242256490196541441
1242193093782274048
1242124247993954304
1242106772707586053
1241899281918889988
1241888021500375041
1241744719035629568
1241742781036613633
1241742540631572481
1241468331988787202
1241368307950931969
1241014269241634818
1240830820664913921
1240801002716041217
1240794259600683008
1240757503929004037
1240444867823706114
1240417533817225217
1240301830388801536
1240055236364025861
1239903556888559616
1239892514888433665
1239697923300040706
1239691411592708099
1239250757356052487
1239250281285554176
1239227030031536130
1239226983294406657
1239225714873978880
1238957327191027712
1238954743701045252
1238950059292733442
1238890887238815744
1238843971650170880
1238831907443482624
1238611084183044096
1238548927919554567
1238504263820685315
1238477785292824576
1238324778848706562
1238322936840364032
1238322300455473158
1238309429323407361
1238247990328012803
1238095541222998019
1238089207291224065
1237939980263186432
1237937297909264384
1237936762506354688
1237935547076796418
1237929220912959488
1237922944325746689
1237916982722387968
1237916590382907394
1237911203525079040
1237911039284559874
1237909743575982080
1237909322807549952
1237908432239427585
1237897649585520640
1237897136936611846
1237896370981187585
1237886579571474434
1237818296881348608
1237808315549310976
1237575134262595584
1237558891447083008
1237541753588088833
1237522658494803968
1237520428521811981
1237519480462274561
1237428777359159299
1237388531787538432
1237216332074094594
1237206676417241094
1237205046141390850
1237144340629204997
1237142065533931528
1237118929648181248
1236801985606823938
1236514737787219969
1236434472020717569
1236416223962976258
1235948949888000001
1235698429151473664
1235613899002609667
1235602630715547648
1235421530097684480
1235420317918662656
1235404301561933825
1235397598938361858
1235397245639548930
1235316603371298817
1235313936259571713
1235052319240310785
1235050177741885440
1235045320192487424
1235041886630363136
1235009061088882688
1234976866668167169
1234895762825318413
1234891164135849987
1234875146961330176
1234290894964240386
1234277463930351616
1234276697958211584
1234256350651256833
1234205714102374401
1234158376805896194
1233932571282681858
1233906828846731266
1233906604564762624
1233612090310524928
1233422861811015682
1233221087837741056
1232862275062697985
1232860964745293824
1232855227793117184
1232854713110089730
1232502033703489537
1232501108553080833
1232497323953053696
1232487847870861312
1232426793514229762
1232417188428025857
1232395136526639105
1232384637357502466
1232382740412141568
1232382398186295296
1232379345332776965
1232117680397848576
1231983247653056512
1231414650069245953
1231411370039693312
1231355522294714371
1231019523966459905
1230946724430204928
1230827484842790913
1230294225545244673
1230280465371815937
1230259092893175815
1229865373052424198
1229846181905387520
1229827152822054912
1229541156935081984
1229539902594965507
1229152917338427392
1228798664325332994
1228298341789949952
1228010053908729858
1227941933181538304
1227814789977694208
1227810253963698177
1227806658727993346
1227798431764185088
1227682936738254850
1227650257938472960
1227626558711529474
1227383395178754052
1227344032684281858
1227319874793418753
1227260040576458752
1227226136708603910
1227101270764347392
1227098886717747200
1227071106697310210
1227068741659373575
1227065936320106497
1227062287825096707
1227025279794765824
1227025151298097152
1226969878491488258
1226895371596652544
1226643357977497601
1226353037498814465
1226230579454267399
1226225559983808513
1225975892184305665
1225941082300649472
1225938755799977984
1225908402737631232
1225907867233980416
1225907129212719104
1225903898873016325
1225903559243333632
1225889084696125441
1225887957447585792
1225861862421606400
1225861493754933250
1225854955560603650
1225851847774175234
1225837771677478913
1225653449842315266
1225522828243546113
1225497824370077696
1225418830983417857
1224893011802435584
1224887427694841856
1224882649325547523
1224875731500642305
1224807029795119104
1224795213429911553
1224770599144361990
1224752670558359554
1224733058735190016
1224562008428883970
1224560263266996224
1224531899550318594
1224531363400863747
1224515500497043458
1224352451144441856
1224196061062930432
1224195549324304385
1224166645356285953
