1286043259626754052
1286041058040860675
1286038838943592450
1285992902854934528
1285736166222966784
1285735008964050946
1285630227570397184
1285316543614787585
1285288934126292992
1285236816589791238
1285209955860086785
1284962911690031106
1284677880941862917
1284623977252564992
1284497198462509057
1284344396188725249
1284136057395609607
1283976282171232256
1283926872473075712
1283861025738174465
1283830816217403397
1283796319149187073
1283771798887239680
1283581767161716737
1283485540457873410
1283478023103275009
1283475145760411648
1283146970551529473
1282871941335068673
1282842963077472256
1282809814146527234
1282783210238365700
1282766898304884736
1282490482636005376
1281767031042387968
1281660234444963842
1281642925173223425
1281621585221361664
1281597041056112651
1281446239582728194
1281295796592402432
1281274731749138434
1280945601035845637
1280883865394036741
1280877902670843905
1280631087459426304
1280610386794942468
1280608091252428800
1280604471505178625
1280603604978720773
1280600036460638211
1280596762181459969
1280594119816032258
1280576291041882119
1280507855637024770
1280245870731177986
1280164087045984257
1279526879926669314
1278714329274212354
1278522405124747264
1278491358282633218
1278395063031205889
1278327638780792832
1278037498862751744
1277986347194757122
1277984994644852738
1277966885779238916
1277780695813959686
1277680714461392898
1277637638846132224
1276672140117508101
1276624050853470210
1276570491009073152
1276508170245083136
1276508049155526659
1276315750341521408
1276238393261862912
1276230409421021184
1276174288987529224
1276156122068639745
1276155319815745537
1275800832294952966
1275549251242729472
1275495516139380738
1275453826397437952
1275444010539053059
1275195421632200704
1274829491848859650
1274016864012775429
1273999263052283907
1273981084351463426
1273632294721540096
1273622787299704833
1273344666059055104
1273333301718192128
1273292345606365185
1273256216454737922
1272887249747804160
1272698798234533888
1272685875936321537
1272648739182850052
1272583422431703041
1272534016902803458
1272336741978996736
1271812650780053505
1271531728306405378
1271522215339712512
1271504733673578499
1271473252511121408
1271143154494865409
1271091764649242625
1271084492686610443
1270836070096216067
1270779739477807105
1270757465395732482
1270753372342280194
1270726358679855104
1270712616952963072
1270413363479281666
1270404727508021255
1270365814852595714
1270083496506261504
1270062706620579841
1269999574749515779
1269443085550981120
1269004311746555907
1268982110641152001
1268963425021046787
1268934347731673094
1268724146646798337
1268651855162343430
1268628065258799104
1268615037440188418
1268580079170465798
1268553508783095816
1268354089794093057
1268350683457245187
1268276560760573953
1268227251407147011
1268198929541353474
1268184849447256065
1267998246535864321
1267967862318206976
1267832618600538118
1267814831119310849
1267649580113563649
1267586568933593088
1267552625504981005
1267530240663924736
1267469486447362049
1267452256540135430
1266895452252909575
1266889039229194250
1266466014205788161
1266451339544059909
1266445247787216896
1266183226315415552
1266183040520331265
1266182755953639425
1266153505112326145
1266111089491808277
1266073049561956352
1266072635244523520
1266010377252462595
1265837646544240641
1265400528047091713
1265052901480767491
1263938386529865729
1263661621500678144
1263636686057230337
1263599389521645568
1263571196647530497
1263542914677903362
1263480415614050305
1263256020257824770
1263202348899487745
1263186784646725634
1263126855604977666
1263118128550236161
1263110835259486208
1262875898761678849
1262744490701275145
1262458513139384320
1262449357091209217
1262391140856324099
1262382051296268294
1262135676394524673
1261842977858686976
1261737763453493248
1261731328938164224
1261730337908035585
1261487396920733702
1261432307233193991
1261405497388826625
1261368135153745920
1261300519395524611
1261018195663761409
1261017480400683013
1261001300130611200
1260997667221655552
1260933330180038664
1260726244578078720
1260582161230508032
1260394494735912961
1260346157202575360
1260318634376867845
1260304979983826956
1260250423367270408
1260207835880869888
1260207111050604545
1260046799928274950
1260022078591217669
1259998178860052486
1259979970161582080
1259970979389943814
1259909330654150656
1259907847997001728
1259875719120814082
1259854129704419329
1259624437990731778
1259304511597875201
1259196021319630849
1258927049307275264
1258858894446792710
1258829519651311616
1258819830536437761
1258764735379648512
1258599283948949511
1258560775335092229
1258529557918826498
1258516314441740289
1258482640136609795
1258461606733807617
1258426626511179778
1258417911804432387
1258220020716404741
1258204874434633733
1258185712857501696
1258183085310558209
1258156728870416384
1258142623098863617
1258128478345494528
1258079927787827200
1258051149841731584
1257884318153805824
1257865551713574917
1257816752559448065
1257768357937496065
1257741377728843776
1257706497406107648
1257685650440159232
1257513177182613504
1257408374234320909
1257372261214031875
1257084104861986816
1256988792046718978
1256345989637701634
1256345074276892685
1256344619912253441
1256344242278064129
1256323043330162689
1256251631529791488
1256024393169481728
1255955303062962191
1255949516697632769
1255904982806691840
1255868753532911616
1255685073342529541
1255637369572728834
1255604537722798081
1255600686575820801
1255557328809705472
1255548736266264579
1255505800346435584
1255344019279884292
1255312256948191232
1255298348132827137
1255232908660531207
1255225499032391681
1255215405813174281
1255185172644999171
1255167211091701760
1255140087379066881
1255137895133802500
1255137065764700160
1255135106320134146
1255133498672742407
1255131723072811008
1255129247439564805
1255128540179292161
1255127669487865857
1255126114869170176
1254873025519984647
1254790380266143744
1254786924851523585
1253766596595679233
1253707201140703235
1253693664594968576
1253541793364430849
1253518003049824256
1253478513904168960
1253443261081018369
1253417548369944576
1253376237650808834
1253363720279003138
1253354333980295169
1253337586912776195
1253143979106893828
1253067187662794752
1253056133348167682
1253023425343434757
1253014399763259397
1252977296534896642
1252629899069751299
1252625494606036993
1252601763322044419
1252446352577044482
1252379463918088198
1252325560832987138
1252316221489504257
1252302717378273280
1252263297728090113
1251620967677386752
1251608915118301185
1251606158986575872
1251365087555837952
1251215764822134787
1251203034169909251
1251179098518491138
1250967826636169216
1250880203318067208
1250875039429394432
1250874052417380353
1250853164242386946
1250836818444062720
1250790302383833088
1250616104734593024
1250538528288768013
1250512633788325895
1250508788265820163
1250505464149938177
1250458619197435905
1250264636651421696
1250246398278279172
1250207646956863488
1250160610102448130
1250159738471567361
1250136825915678721
1250135944386265088
1250134814692388867
1250134388945362949
1250133727407214593
1250121287273451522
1249909765519609856
1249897597680201728
1249890402804604929
1249850299575152646
1249800400175235073
1249785838260682752
1249739489662111744
1249692503579807746
1249361373018173440
1249354675343720451
1249089955021950978
1248983882646634497
1248787127615328259
1248774060277972992
1248745090916528130
1248741416274210816
1248711503114637313
1248698475107188736
1248684737213992961
1248642551176970240
1248631161364062208
1248452640603856896
1248347045976563713
1248329924475305985
1248308244977790984
1248269984125669377
1248255044107079680
1248092588642623488
1248085182453874688
1248049782788108289
1248005224125485056
1247962778020851712
1247936641081257985
1247893129950187525
1247719877995114499
1247695309620293633
1247607119458828292
1247603073645776897
1247596210988486657
1247588143643181057
1247569671567609859
1247542812477964288
1247539344627208197
1247310588876857349
1247263633127636998
1247261315707678720
1247252702129795072
1247152384540921856
1246878448011939841
1246525150775951363
1246225396313526273
1246199570561929217
1246193190908170242
1246161434062487559
1246131294981042183
1245930761762385920
1245910168744931328
1245883134253715458
1245882172990504965
1245802495433113600
1245787791851749378
1245743039261347840
1245734030777225217
1245529431390785536
1245510491478384640
1245498130520518656
1245461100658819076
1245445302934528003
1245417058541670403
1245382031787339778
1245360307976970241
1245181651002499072
1245153423743496192
1245129114329243648
1245098368570929153
1245091382999556096
1245051471755907072
1244710269814747138
1244658219202613256
1244317819224940545
1244108587653349376
1244069094036590592
1243710955189669891
1243639487785246720
1243626333881671680
1243625198483582977
1243620979181531140
1243612705275215874
1243609524059148290
1243582420361924614
1243370957030543362
1243314092158394368
1243295958466732034
1243257577858838534
1243249602536656899
1243220439918395394
1243211885245353984
1243185319190712320
1242960205270396928
1242878145503559681
1242813322648522752
1242654325056385026
1242582154422476802
1242546938509234185
1242528823377375236
1242521857858945026
1242481525549129728
1242472358750892033
1242246876084293634
1242217973215002625
1242170802965004290
1242154351424126979
1241362983751647232
1241207937336586240
1241147100093730817
1241146350512766979
1241145592149159937
1241105167589793792
1241081870005219329
1241070196854587392
1240995097161973762
1240828647059197952
1240789836832952320
1240720763063328771
1240707213494071296
1240704844328882177
1240667694468337664
1240390933532860418
1240356315337285635
1240343203494100994
1240287485596438530
1240285964712529923
1240275261624586240
1240079624568213506
1240035422060806144
1240009070960160772
1239999964148883456
1239954230749753347
1239933822709518342
1239716450383941634
1238928081689198592
1238584924627701760
1238515345368981506
1238477035669991427
1238468172937859074
1238218095703076865
1238215583935709185
1238192557391298567
1238192181095120897
1238165583650328580
1238140032436916224
1237902542132084736
1237838310384513024
1237823283673862145
1237804640604958720
1237786218290692096
1237769978801205251
1237769443650031617
1237562261620715520
1237494243377254404
1237456617072996352
1237441101658718219
1237373959995260929
1237203668551729153
1237133061789224970
1237120739628769280
1237103498115919872
1237098794522759169
1237035310380449795
1235983809167925248
1235965298722947073
1235678905555697669
1235652952100126720
1235635904997400580
1235579469177348098
1235572582226722816
1235337905402413056
1234944296148750338
1234910064978399232
1234898034175152130
1234866692800569345
1234858012772306947
1234564734155882499
1234522886607712256
1233517518515556353
1233232462328799235
1233217997646548992
1233177828860010497
1233121714529284096
1233120494091735045
1233118806324793344
1233114296894328832
1233077260665708554
1232801990834638848
1232339002344321027
1232331028297142273
1232057220092874752
1231979096189685767
1231951460222619650
1230937328857812998
1230562775031660544
1230237201679691778
1230154514671570949
1229866922763849735
1229851451557634049
1229607749190811648
1228427414142963713
1228426986508505088
1228425106688442369
1228389074278506498
1228340926713561090
1228007353385127937
1227737409372196866
1227664110801899528
1227621533079818241
1227318132597035009
1227302225816571904
1227296778430664704
1227295793553473541
1226939072255610881
1226248245283885056
1225849341522382848
1225541331105218561
1225458612400742403
1225258056122077190
1225222575451787265
1225189222166028288
1225152510777790465
1225142050674311178
1225130349199548416
1225122569776443393
1225119941646606336
1225089569319792640
1225079549404360704
1224855062490632194
1224823495500140544
1224803322433089538
1224799324263141382
1224770767990247425
1224746766886719488
1224390379933446146
