1286057171482968064
1285943776851066881
1285752742066044928
1285706167789002752
1285694247233040389
1285683463279058945
1285604403676938242
1285367997465600000
1285346406505611265
1285265576693243909
1285241715083767808
1284878116532310018
1284337053514166272
1284241141412462592
1284210431679029248
1284206967007981569
1284205868800708609
1283892912703635458
1283891744820441088
1283449158658068481
1283153919468810240
1283151511615352834
1283147640557965312
1283077875512442883
1283077099163578368
1283076842073681920
1283037453893468161
1282691754894991360
1281350776359718912
1280965723364392960
1280958479155552258
1280637121271926784
1280614744223858688
1280331918165241856
1280295977807536128
1280242222357610496
1280180107710132224
1280178712508424192
1280154540680065025
1280137861828710400
1279974064413532160
1279441532227973122
1278723607699562496
1278487590304223232
1278378651495497733
1278050923621896194
1278024263518367747
1278021156004601861
1277724800056807424
1277706588590157827
1277693701297287168
1277250938034458624
1276569418320003072
1276318278382694405
1276285503839535104
1276284983846621185
1275902075705200642
1275882202983804936
1274732934231023616
1274485254808457220
1274118559845810178
1274085921370058755
1274040687806214144
1273995092890533890
1273723110500429824
1273679819180367872
1273332668579495937
1273314078442823680
1272936527539077127
1272572070195539975
1272200547936768000
1271538647955845122
1271475971087110146
1271171241618165760
1271140572192018433
1270766198234337280
1270747394695499776
1270733168211931136
1270721136737652736
1270468053747326976
1270460580143550466
1270361421625221121
1270117185797541888
1268973910067994631
1268674195786919938
1268615478487867393
1268277415014367232
1268181580784128001
1267252092520984576
1266868746813009920
1266775509402177542
1266481727758721025
1266171798392979456
1266116697158754309
1266085954239868928
1266059376986652672
1266054741437472768
1266054488701284352
1266024471120486400
1265781199370203136
1265749690655498240
1265693701738598400
1265025847762628608
1263851364557488129
1263626694650245120
1262819578100539393
1262756659035729922
1261767494760493056
1261467173450481664
1261439751418085376
1261375703087321088
1261355886787747840
1261351305072672768
1261309800056524808
1261106269361856512
1261091075881447425
1260971336647794688
1260930818777608192
1260660269295865856
1260583226684440577
1260296580982165504
1258122026642034693
1258086996448329730
1258030684955742208
1256316795817914369
1255963784973189120
1255868009060511746
1255702020234895361
1255594448874090499
1255591879963488256
1255576186366943235
1255534186053632001
1255534018914811907
1255533840002678789
1255533525719277573
1255533119626600448
1255532881784590336
1255494826038038529
1255243994520604674
1255162227956441092
1254908768640552964
1253800573272576001
1253788431412391936
1253705254908067845
1253697201173217280
1253482358428360705
1253441500500893697
1253433279216119808
1253354502838779905
1253080720186109952
1253026515551428609
1252664764175654912
1252637706091282433
1251270192593764352
1250897822234402816
1250887419970367489
1250551297125822472
1250538091753934858
1250184827137114112
1249855498154913792
1249012901865717760
1248749811483869185
1248740214601809926
1248723639781990402
1248723159504781314
1248642110061826050
1248033898610581504
1248008551022264320
1247640204892143617
1247625573226041344
1247263525170556933
1246193155776618496
1246152654964682752
1245837231245287425
1245791533967663105
1245788739260936192
1245736262004133889
1245432474974457856
1245377490534780929
1245112823346233345
1244401695972413440
1244401452191068161
1244019186973597696
1243632212638982144
1243612103954649088
1243255370904035329
1243248163399405570
1243216911753568256
1242906072748261382
1242584286898917378
1242553833647153152
1242519747192934400
1242203424655134727
1242174736223711240
1241878967327559680
1241423007253327873
1241103801161068545
1240832122882945024
1240761821302157312
1240436119210037248
1240375904309637120
1240365591879249920
1240353263909650432
1240352596369399808
1240351972684787712
1240351345292374018
1240351008082911232
1240023299456827393
1239376056278085633
1238846698065199107
1238829723393933312
1238592233776934912
1238504337900527617
1238215607230709766
1238168187885309956
1238128592271245312
1237876086089764864
1237780057818451968
1237503250259050496
1236464533029322752
1236109805342691329
1235984276530708481
1235973262821097472
1235969353423548416
1235707106130644993
1235692859673591808
1235678294512726020
1235642602290061312
1235613896280432645
1235607587795750914
1235329149025374208
1235307562754543618
1235289528581095424
1235281940883763200
1234903183647899648
1234890027508912128
1234695681996013569
1234572530012151808
1233793888394956806
1233452857468301320
1233450524877316096
1233446576514850816
1233206800322715648
1232800793264259073
1232751970563178496
1232419597636141057
1232081192985346048
1231589454759874560
1230652220615491584
1230624894662008832
1230619604176687104
1230558844578750464
1230252460851310592
1230190703482814464
1230178956759982082
1229875921068359682
1229797483473252352
1229794398512144385
1229771974060019712
1228374455187050497
1228354112825069568
1228348565325377536
1227766869483896832
1227756311481405442
1227365096139059200
1227307674888540160
1227307111635398657
1226982847245930496
1226557419561476096
1226551672358391808
1226188335837614080
1225918484208422912
1225872943646830592
1225569042720808962
1225545151109566464
1225498226314424324
1225190098532069377
1225116144844980224
1224799217576824833
1223398147671511040
