1286071010559754240
1286051535974289410
1286008290120478720
1285992583303397377
1285967834783383552
1285944936353980417
1285760835525246976
1285679764582412294
1285660388667908096
1285650602668810241
1285630619825790976
1285625911291846659
1285615520113471489
1285601226458103809
1285564041042288641
1285332445756297216
1285285339184201729
1285259750536630273
1285250274723061763
1285232335072501761
1285209030458331137
1284847821821272068
1284596032102453250
1284588579348455424
1284530488699498497
1284492310932332544
1284490995145506816
1284241200174768133
1284161413087399936
1284152741787566085
1284135815342432257
1283846363273285634
1283832521583730689
1283826230186455040
1283816163688898562
1283802860753489922
1283785753634512897
1283767833105702912
1283486367704645633
1283470821504229381
1283451917780357122
1283451916362698752
1283409281837158401
1283376202145837056
1283113143917522945
1283106489260019717
1283091388574371840
1283076290048716802
1283061189694697474
1283052272101007363
1283033573084233728
1283010388464893952
1282853855550734336
1282763213780680705
1282742388272836609
1282706351647453190
1282682038198456321
1282390295141810178
1282343267137400833
1282306638985265154
1281780702158225408
1281754152444538880
1281705787681918982
1281705756895698952
1281705692563484678
1281683360188858368
1281668260774191113
1281653161246093314
1281638062078988289
1281628165278924805
1281622132498276353
1281607014842540033
1281593460999553027
1281573981238317057
1281389000796897282
1281317199043424256
1281307192331730944
1281302102824775680
1281286999639420928
1281283290763350017
1281276112987918341
1281276042691457025
1281269379150290945
1281268439907254272
1281266768313569282
1281265698073968640
1281264116011880449
1281263257030975491
1281260637964980232
1281256817725710338
1281247865176801282
1281237761106812928
1281209844335288321
1281188502659571713
1280987985522106370
1280963626354999296
1280940367567884289
1280910826682093569
1280892157595914246
1280891288074715136
1280860781517639681
1280646696087756802
1280621932103204866
1280581990702596105
1280577326296690688
1280562227284762628
1280558941437661191
1280547123453407234
1280515548267401216
1280500546168913920
1280488222104133640
1280488192483999745
1280485894424793088
1280478434486075395
1280227934117265409
1280190052438589441
1280187440016306176
1280148695581941761
1280120625475043330
1279884343855505410
1279802143831207938
1279802097266036737
1279394531071459333
1279051450216329216
1279034506171813888
1278688839129804800
1278677087075930112
1278677002799775745
1278459330279411712
1278405718379552768
1278393407652667393
1278381504910045184
1278355212093329421
1278340258535440386
1278058648812564480
1278025509998231553
1278024654150664194
1278012924993449984
1277999083559383041
1277986500614008833
1277982487390687232
1277972297265995780
1277951043884679168
1277721213163515905
1277689543773356032
1277674444350095360
1277659344914399232
1277644245407498247
1277630447170789376
1277616712301580288
1277602758552625162
1277346870554173440
1277343973208657920
1277266930492203019
1276918851037519872
1276615280970563584
1276560859662135296
1276545991118905345
1276545328485892102
1276530102516490246
1276517882730631169
1276502585315405825
1276493255899832320
1276332706448752645
1276274067767734281
1276267523059658754
1276258689775734784
1276258270043398144
1276219865846763520
1276206948237496321
1276191167248568322
1276175117702365186
1276159912352104449
1276139500482310144
1276124475713622024
1275959334502088704
1275887452767518728
1275852580741165058
1275833277048393728
1275813812948668420
1275796263422787586
1275780675648532483
1275590967089942531
1275565538517934081
1275563371102973953
1275561751485075458
1275559381468418054
1275559040324698113
1275558345777217536
1275557227991126016
1275556256669892609
1275555249659527175
1275549192396533760
1275541628871159810
1275468453068103680
1275458718835134464
1275454026381852674
1275424376721158144
1275414461826977792
1275217653834158080
1275164941654331393
1275164154484195329
1275151392190185472
1275133955117928449
1275125227207483397
1275118855333965824
1275103755969552401
1275074779444162567
1274888306015244289
1274888304920530947
1274888303037353989
1274732502821847044
1274525693074903040
1274447294432194560
1274157980762726401
1274061536559009795
1274021097160269829
1273973605806866432
1273956754183852032
1273948442570756096
1273792956458242049
1273782387453894657
1273692490537844738
1273676853119799301
1273675692736159746
1273637095307988996
1273602168755544064
1273438998208397312
1273350657483976713
1273346494012305423
1273302309322338304
1273275147638710272
1273263545170395136
1273084572616601600
1273072928482000896
1273003641948065793
1272954405944467456
1272951547866091520
1272934689590910977
1272906027864854528
1272889068540624896
1272700558579765248
1272691942179160064
1272583285139550208
1272563547415904262
1272558072083382273
1272534551840133120
1272532288786567173
1272284245621452804
1271890422391070721
1271882599246565381
1271807339616776193
1271588878231707648
1271585812845559809
1271541869441355785
1271486515240189953
1271463803046236161
1271459981548814337
1271449532031733763
1271439518315544576
1271242421414830080
1271202932571148288
1271142030048100354
1271133888480456705
1271127367336046593
1271095878372265989
1271095388725039104
1271093958710566913
1271090157643542528
1271074623837347841
1271069871145705472
1270815958303756288
1270815957049638915
1270802472500674560
1270758576965988353
1270731742308175872
1270709135169015809
1270707562321715200
1270535942189854725
1270513596347428866
1270455067158745088
1270411140728791042
1270378821431242752
1270377967756214273
1270352691177443328
1270337165009063937
1270325819089526784
1270172913606496256
1270166050773008387
1270098215673659393
1270097116258598913
1270037438724026370
1270004191864524806
1269796290197704704
1269751299337314312
1269678574015053825
1269442257083682816
1269303975922348032
1269254904234770438
1269250609959575552
1269012616472600577
1268998241053442056
1268996507069530112
1268993807930068992
1268977794001833986
1268973625954181124
1268944428854542339
1268909553376247814
1268902215219130370
1268896548215234565
1268876861825781763
1268659115229929475
1268645888068648963
1268601015940591617
1268583623936139264
1268567449529487360
1268562330700447744
1268529396002033664
1268359520666951682
1268330041827569664
1268275446124339201
1268252996204453888
1268226241150234625
1268206473252876288
1268196540084039681
1268193412081160192
1268189710456950792
1268174462064693248
1267934274449289216
1267895233548861440
1267882082577133569
1267853851601833985
1267837233853280256
1267809340066586624
1267597987435483137
1267547358541295618
1267516031087644673
1267504174880690176
1267495505023688708
1267482732013277186
1267456722299387905
1267146113385103365
1266940387798790145
1266821475698462720
1266760294296104961
1266749551542747136
1266743537191792642
1266741348335583240
1266739763123494912
1266459848469856256
1266437694642688004
1266437693862445057
1266437693082402816
1266225969628667904
1266225968710123521
1266225967787397120
1266225966814199808
1266225506803945472
1266110709324296199
1266080758327902209
1266041996839452673
1266024313012006913
1266020945413787648
1266005820384346112
1265984910457819137
1265815137690189829
1265732021093048328
1265719420565049348
1265704323188580356
1265689222515654656
1265674124216729601
1265654418650865668
1265632775081791489
1265428916258340867
1265382423396843525
1265379803122761729
1265376072553684992
1265362099817021441
1265352972386603008
1265314368511713280
1265271211598254081
1265049786203418630
1264964449355603968
1264953019046809600
1264934246302375938
1264635073711792131
1264602179224158208
1264573580215562241
1264358323081617411
1264199566137733122
1263907482512109571
1263892382916861954
1263877286954250242
1263862183634452487
1263861301920575493
1263849203161280514
1263821937471561728
1263637071882829824
1263571842431942661
1263560194048561154
1263545095246082048
1263526218248228864
1263511118644948992
1263492779696484354
1263468872193191947
1263462772622471168
1263458798527754242
1263218179008069632
1263210573896060928
1263177372678979588
1263163860460212224
1263157050802085895
1263139472046206978
1263117352423641091
1263081760079908866
1262891353312198656
1262888353663418368
1262882983318556673
1262851031014223879
1262812766911500299
1262803231761104897
1262784552986120192
1262764927061766146
1262742806344331264
1262704457768407040
1262475986291109889
1262446309631557632
1262435281199697927
1262433310262910983
1262420181021671425
1262405081384640518
1262383943271288837
1262134657904246799
1261776239838314498
1261727035803742215
1261453960201867265
1261407367381446657
1261390435429216257
1261370767918292993
1261351891193204736
1261336791707074560
1261321692430794753
1261308430687625216
1261277118337556480
1261255202654416896
1261045021303869440
1261008381093052419
1260996409626710017
1260980553311977475
1260978178509672449
1260963082152468480
1260959246709071872
1260950967777976320
1260919001108144130
1260687715412201472
1260664380993220610
1260647941213061120
1260630896111054848
1260615794003791873
1260600692474966017
1260597741459210241
1260585593718878209
1260578349153497088
1260566603835588609
1260331422356852736
1260315111044141056
1260303533519319043
1260291151329923072
1260276052217049089
1260271469172600834
1260246425281204224
1260246357119504384
1260245853316550656
1260230753620803585
1260223229123321861
1260219418040307713
1260211625379991557
1260204870503628800
1260188575246712837
1260013598509654016
1259987582831792131
1259948029572009990
1259947896033681409
1259936317179334659
1259921215671631873
1259898565020680193
1259883465455124489
1259882399351144454
1259868367520817154
1259863554209058817
1259471655635648515
1259119239975370754
1258910730683809792
1258871988497547273
1258871832884555776
1258865871776292864
1258849149790957574
1258841843623739395
1258834052896997377
1258816393484566532
1258758158308294658
1258567047988031490
1258503018024230913
1258501863562854400
1258486764685099014
1258475380467433474
1258471664456658944
1258452787945443330
1258437816918384640
1258390497288245248
1258385444020129792
1258384529817063424
1258224046518480898
1258141062205489153
1258125316389830657
1258117990601625606
1258109277149040647
1258094177964851200
1258090072059985920
1258077481984196608
1258073231438876672
1258042753084207107
1257843069677973504
1257842374237212680
1257769536792772611
1257746890675949568
1257739337728475137
1257724239228084224
1257710578988208128
1257683493385101312
1257643143681519616
1257482404991827968
1257392049235599367
1257377074731458561
1257371345433825288
1257361849848336386
1257353344789688328
1257344749243183106
1257324102563401730
1257312117826314240
1257289150291685377
1256567446481309697
1256315810311741442
1256304885877915649
1256283494289899522
1256282810140307457
1256249979158564864
1256206183880327168
1256196026131714049
1255939980477829120
1255931790465863681
1255919848078655491
1255904751063052288
1255892668808179712
1255851372156727299
1255587658815979525
1255558008664461313
1255557460284317696
1255542365709725696
1255528984646991881
1255446323043733504
1255202622279241729
1255187523325788160
1255172151075909640
1255143450074202132
1255121317919162368
1255110334878289922
1254855333668720642
1254836673667530753
1254836630566965248
1254825135804211200
1254816700526141440
1254810036582223874
1254799110047256576
1254798515844382723
1254785695610048512
1253798469657116675
1253768169686069248
1253763007274004484
1253737971196583938
1253735754607595522
1253707771868037122
1253492306642186240
1253443532779655170
1253442207119441920
1253428909414088707
1253406670484647938
1253398237681192965
1253377921202429952
1253368037186600962
1253360953690927107
1253352939541889026
1253331834521280514
1253290417006825472
1253028829251207174
1253021530214354945
1253005648784003072
1252990549713395712
1252980978366271490
1252975451347312641
1252967463257616384
1252966088150855680
1252960187192881153
1252774535134351360
1252705426224881669
1252658360056455168
1252643257680564230
1252629084657651714
1252620662910394371
1252620034582740994
1252598023949103107
1252322262109339649
1252299548892049408
1252288419960688650
1252273320617283587
1252258220359352321
1251260642394136576
1251236590158036995
1251208809718022144
1251193712144551937
1251178111611424768
1251153119594950662
1250936880918601735
1250838868049514498
1250823770367037442
1250808669765320704
1250800413789601792
1250754026523803649
1250506679298387968
1250504532741820416
1250476480435494912
1250461381842874368
1250450611495198720
1250246399121293315
1250166941077118977
1250151844262768640
1250106544383053832
1250095807698780160
1250091444414615553
1250085048193363975
1249797004307369985
1249793858600423424
1249751575687553024
1249718525448642565
1249709722573340674
1249683280636588033
1249371255855370242
1249056940006813696
1248707079084310533
1248703071770808320
1248685988156760065
1248664541749080070
1248649442527301632
1248636572880326656
1248606541974048769
1248606037457993729
1248545898830970880
1248411078016380932
1248410396949499908
1248340606990123013
1248338355928141826
1248279508379152384
1248264981956657153
1248238772946382850
1248027443950235649
1247998586161254401
1247977517367078912
1247932215423635461
1247917115790766083
1247902030514892802
1247622676048461825
1247620287555948545
1247607576449163264
1247577377116319744
1247562277601116163
1247525647171256329
1247262864613744641
1247252739069030400
1247216681597927427
1247192358623551490
1247192345218551810
1247178771851104261
1247175679529140224
1247175581139193862
1247154548915032069
1246477604380647425
1246165574310178816
1246120279115530242
1246105179361067010
1246100236440911872
1246086476045131777
1246073971319111680
1246072588079640576
1245803188868894721
1245799032208973825
1245763878295928840
1245746146259218435
1245720619561431040
1245707551867645953
1245523175917658118
1245497891424219136
1245481571110604800
1245470999614615552
1245449733725962242
1245387022082224129
1245381427824406528
1245370887244853252
1245356538530861057
1245082777990676480
1245057291768016896
1245040662438989827
1245027477589819394
1244723129651429379
1244670728974282759
1244655626065793026
1244649445683331077
1244624291632762882
1244266906485473282
1243947648828289024
1243666830809595910
1243639156032618496
1243638519194681347
1243636709809696774
1243635324691062784
1243633474482962433
1243613761568673793
1243591824402452483
1243571857711935488
1243560233080938498
1243526563775361027
1243281571156643840
1243266472811679746
1243228724532830208
1243227789647654912
1243216727111958528
1243166138961453056
1243162498016165891
1243015832055185410
1242858787494490112
1242843686653833218
1242830532112723969
1242541697843834887
1242481297735462912
1242443455298547712
1242179310716203015
1242177568452861958
1242137784275496972
1242119413727399941
1242103582012387329
1241926733252694016
1241796953073168387
1241785799185698816
1241745359237525507
1241514808194850816
1241475079768354817
1241425697589145603
1241408261145968642
1241407543949303810
1241331978462322689
1241202007429570562
1241106915876384777
1241064103415820294
1241054396437463040
1241046847050985472
1241022542409801736
1241018874646183938
1240994501256261632
1240752406599798786
1240722207006834688
1240669360223481856
1240651680779247616
1240650362501169159
1240648442835275777
1240435656284876802
1240366829412982786
1240336862016942080
1240332805990735875
1240291873228378112
1239961926827945985
1239608619043258372
1239561199714545664
1239316421651451907
1239238398621224960
1239204709094682625
1238872613675503616
1238842320017113092
1238789201191198721
1238787403898335232
1238664114647584770
1238657442088726533
1238617591695974400
1238583677300477954
1238575357953007617
1238562979593039882
1238540332490317824
1238525230135619586
1238502114164432901
1238467406487486465
1238234505099517952
1238199666077990913
1238147745078054912
1238140194290688000
1238137265475510279
1238118849951797249
1238079186738307073
1238072656030846976
1237837274114666497
1237815555739938817
1237799196176121856
1237776546917687296
1237756781138522112
1237482438332473346
1237468270057467905
1237438070238126081
1237429414738231296
1237428559062487040
1237422971083534337
1237420756453281793
1237413221461626881
1237407870926258177
1237392661633323010
1237358177232007168
1237113427971026949
1237112564888358914
1237098328141283329
1237053031646138371
1237038812326486017
1237032108448780290
1236705559866478592
1236668000960253962
1236400359368728579
1236320704490078209
1236031813363122176
1235999840389251074
1235996066551459840
1235974066508619776
1235661648008015872
1235626131056996352
1235607252930883586
1235596251040829440
1235592692161265667
1235318070333378569
1235293941815222272
1235283024817815555
1235261222846705664
1235233334122500098
1234953548175171586
1234932809191448576
1234916453150646272
1234895483786711040
1234890027366092805
1234870402528219138
1234572937728053251
1234546513919037446
1234539817146494979
1234523869005803520
1234507758575194112
1234146380144267276
1233497099850964994
1233483006016290816
1233470674498465792
1233452555268526081
1233436719057424386
1233217085318324227
1233155403049054212
1233127162099720193
1233127161680162816
1233109544949075968
1233089412914761730
1233073113073623040
1232792246421983232
1232788591174209538
1232783430670258176
1232764774028644352
1232757223295725568
1232745898729324545
1232740040452853761
1232734661354409984
1232727029323194368
1232713183523147782
1232695336906391555
1232687877198352384
1232671717270659077
1232414849667301378
1232414766771163137
1232368411256049664
1232348278802518018
1232331640522842117
1232290290721075200
1232015577218256902
1232002250781995008
1231979600651014146
1231961511377211397
1231959185589403648
1231617212072357888
1231254823527337984
1230957615456219136
1230942515747942401
1230926409624772609
1230915173369679872
1230892264416784385
1230891715915141121
1230605545989693452
1230590447178801152
1230567797526233089
1230552701655633922
1230548106237927424
1230536339419910145
1230517899812593670
1230239777930272774
1230201634329890821
1230182760662200320
1230166233577852929
1230158131134636035
1229933488029171712
1229858124162449408
1229843021912473600
1229831696771624962
1229813270065950721
1229809047269826560
1229806491038867457
1229795727330676736
1229078986434572289
1228716347229519874
1228400767591014400
1228386495976878080
1228381526427131905
1228372967941431298
1228366214910619648
1228363273051017216
1228350306234372096
1228031084614606848
1228015985715642368
1228000888603672577
1227987890136743936
1227721939084627968
1227696029648203778
1227688826610442242
1227669337638686722
1227653595287506944
1227652587580776448
1227637537742753795
1227620386176749569
1227615599699865601
1227608716897390593
1227605901810466818
1227431370965897220
1227416050066739201
1227362678152318976
1227362630135840768
1227362621080338433
1227336508966916096
1227321407316475904
1227307815980748801
1227293298081124353
1227283657464930305
1227273185000857600
1227266040553299970
1227247507769614336
1227039244356661248
1226992015608614914
1226974116902817800
1226965851557023744
1226953229663186944
1226940143195414536
1226925043533271040
1226906172940222464
1226862623418920960
1226862518112522240
1226536234945859584
1226181393421484036
1225967503295352832
1225904054049611781
1225871857049464833
1225860529148678144
1225849205387743232
1225841654956986368
1225826978089095173
1225826557228441600
1225820523420057602
1225810448894898177
1225808999746019329
1225547044040912899
1225538249495543809
1225525077258702850
1225522048778170368
1225505691567316993
1225486817761218561
1225482531925118977
1225449686271774720
1225447667230269442
1225166996020645888
1225162179839574016
1225154483904294917
1225116882644025345
1225101783267266563
1225082021816475656
1224912959618605057
1224870873292836866
1224811114661384195
1224807903850323970
1224784942376411140
1224773677834809351
1224762172498239488
1224721301081862144
1224693878554533890
1224686581338034176
1224433627087495168
1224418189695758337
1224414752920633344
1224392105491148802
1224386151483629568
1224352853302632448
1224346758236581888
1224328761124032512
1223999520888852480
1223637131211313152
