1286083467248373760
1286080494963220482
1286078472574705670
1286073902972755969
1286072588263993345
1286044498401918976
1286040910430720001
1286005472416403458
1285992277677137920
1285981827191234562
1285976935873609728
1285925245820575744
1285681343918211072
1285675998118383617
1285619396359184385
1285619315371388928
1285617588513517570
1285615265137532929
1285611947447246854
1285608462823698432
1285604147962748930
1285601749835886601
1285599686225735682
1285540365043367936
1285408862749757449
1285353234807369731
1285338371741679618
1285335075618512897
1285333422777479170
1285314201595019270
1285285474077204483
1285262524582166529
1285197861089677312
1285181987666493440
1284898887317291010
1284650805904244736
1284626765726601218
1284626709011193856
1284625781541535744
1284572039332999170
1284512899441004544
1284512867409178625
1284497206985330688
1284497095878213633
1284497019508269057
1284461406327312384
1284447612142329856
1284337278190583809
1284337271232253952
1284337265372782593
1284271699765207042
1284267271888740356
1284227864003514369
1284217287134908417
1284217243321196545
1284213589453217794
1284199332942618624
1284187128830844928
1284185535850917888
1284176453337321480
1284167358425305088
1284163978122399744
1284158617432793089
1284154364916006912
1284140974973870081
1284139855371554817
1284113235621404673
1283890312931348481
1283886627245502464
1283831244204236800
1283829210428170243
1283821536080797697
1283820363932209152
1283797948409745409
1283797623623884804
1283793220800045064
1283789597638615041
1283786951208972289
1283505004419129347
1283505001206349824
1283501466972545026
1283501465278066689
1283501462723661824
1283469042507014149
1283466040098402304
1283443000304074752
1283432820380237826
1283213186603393025
1283211665073418240
1283205550193496071
1283203641218928640
1283201847071825920
1283169948123136006
1283169431128956929
1283168259609698306
1283167958454460419
1283166712184082438
1283166568399110144
1283165471571935232
1283161918715449346
1283161768538382336
1283161123026620417
1283158320086482950
1283157773753221123
1283150265688915969
1283147111761158146
1283136878758289412
1283131320634421248
1283034201093214208
1283033643166900226
1283032953782775809
1282814972976914432
1282786377483071489
1282726543786160129
1282717353919361025
1282702938604015623
1282675920499814401
1282659857410203648
1282398124691120130
1282398089828085761
1282394415361925123
1281652208786784258
1281642651863986176
1281592990637621250
1281589328569872388
1281356677527285760
1280941483781218305
1280858347235954688
1280601730615558144
1280601729466327043
1280561647724171270
1280294734599241729
1280210312533286913
1280209732536500234
1280206711802990598
1278419628151263232
1278410575681400832
1278410573831720960
1278409859831148544
1278403515187105792
1278391461936013314
1278375113247928320
1278373944173776897
1278371020378984448
1278364562882994176
1278364391201792002
1278086852050894851
1278086802587475969
1277720251371794439
1277720250520416256
1277685864211111937
1277677705841049601
1277617795757473792
1277598042997342208
1276678684733313024
1276642696929689605
1276607922353602560
1276604144380522496
1276568087467380736
1276567607756423168
1276567362016292864
1276558261156818944
1276536312313626626
1276513671808724992
1276495009005678597
1276282055119253505
1276280033015992320
1276265193203433474
1276258162996363266
1276237839269797890
1275980164036530178
1275930914128887808
1275909001205735425
1275902806025781249
1275872608999936001
1275872492448595973
1275862536911572992
1275860006840213506
1275820938920169477
1275584525729517568
1275584468653408259
1275527692616687618
1275527690381115392
1275527687822548997
1275527685687697408
1275513056752173058
1275504387499180039
1275462860815163395
1275460900150009856
1275460221046067200
1275460165903532038
1275460067215671296
1275459877154873344
1275459717813452800
1275459618848808961
1275416510094348291
1275404921073008640
1275404559951822850
1275181234247872512
1275082127500025856
1274363603156635650
1274328342540554240
1274320444900937729
1274317717051408385
1274183731662786567
1274072639305388038
1274070755769229314
1274050703712030727
1274049308158017536
1274046335365402624
1274044452097712131
1274034679612571649
1274034678446673921
1274034677477715970
1274034676563394561
1274034675590234113
1273998876668768259
1273985107766980608
1273983057687609344
1273788875048210432
1273788864767889413
1273756717453651969
1273729841259569152
1273723444643999744
1273723443549212675
1273723442475470850
1273723441418514439
1273723440139304963
1273722624720453635
1273722213720604673
1273722212747546628
1273722211711533058
1273722210746761220
1273722209824096256
1273722208947494914
1273722207957647370
1273671732310704128
1273671366143733761
1273664046806556672
1273664045120438273
1273654243526873088
1273639846364446723
1273636952013770757
1273635959091978240
1273626519387152385
1273626362578980865
1273258225140408320
1273066628012523520
1273033111991918593
1273012640353267714
1273012088198311936
1273000592932319238
1272999802465386499
1272971217796988930
1272942243599482880
1272933727346274304
1272912994897408000
1272599251420397568
1272597460884557824
1272534786838605825
1272532094208675840
1272200700362199041
1271947726620688384
1271884828724678658
1271614239485067264
1271555025102426112
1271520517804232707
1271465821051801602
1271446886394855424
1271444316708319232
1271438712228974592
1271255798904172544
1271251243021807619
1271251056727592961
1271248968790487040
1271243129019142144
1271225794187145217
1271224248393138181
1271222782920187904
1271200684558385153
1271199364606840835
1271192883811487750
1271176329606713344
1271168044799340546
1271167949227917318
1271163368154562560
1271161712834752515
1271161420512735233
1271153756072181761
1271152265710141442
1271151999959142403
1271150764870811650
1271147093575548928
1271145172521320448
1271142884432138243
1271139346293428224
1271136243515035649
1271132723810369537
1271128115616628738
1271087841087553543
1271083684720979969
1270772552076537859
1270764914626486274
1270750975641497601
1270750815553294338
1270748227445362690
1270724208746573824
1270713915735851009
1270464548802375682
1270446915805761537
1270446371812921345
1270119405180129283
1270106267290304514
1270008696022749184
1269317484835987456
1269079996695490560
1269060948641398784
1269059846885818370
1269043451108212736
1269012475107819520
1268957764434493442
1268949820003287040
1268941983793516544
1268936873881321473
1268909203671986176
1268904391828013063
1268903700170498051
1268887322646503427
1268886604640288768
1268886314759454721
1268733967815016448
1268733918154539009
1268706331734745089
1268690307031408642
1268689096580440065
1268688139805233152
1268670425770360834
1268653649640726529
1268642937333841920
1268638537819316229
1268602875342737408
1268575603613151239
1268573235416875011
1268540638125064200
1268295395173695505
1268281263254835202
1268269020505165825
1268257636551704583
1268256414847373317
1268250952370466821
1268249346782433281
1268239147543691266
1268230183846281216
1268226308007493633
1268203493753569296
1268183957553758211
1268021787197149184
1267997707874041862
1267995457793462275
1267995271532871691
1267988756218462213
1267988133477564417
1267918049530785797
1267897770612064256
1267889488673607680
1267888808793722885
1267847005864431622
1267622491729596421
1267622333935759361
1267610049523916801
1267516528431415302
1267506945763815425
1267505984823574528
1267504932875390977
1267491399181766656
1267482101416370177
1267479379002753026
1267478349594734593
1267462488284639234
1267456963710988288
1266487715874451463
1266487568981426177
1266487013190090755
1266456674254061576
1266445485868548103
1266444324323110912
1266434345180463104
1266424711174594564
1266153790736039936
1266094240955871238
1266094045799092225
1266059686320705537
1266051884068016128
1266036826894188546
1266031322902007809
1266031109940355072
1266008608447356928
1265760661319094282
1265749240007004160
1265661797517983744
1265656298886086656
1265655688040263680
1265400925478367232
1265394668398948352
1265369361474347009
1265366217008844800
1265364686268178434
1265364548825088000
1265361378342252546
1265360485622386691
1265330218522349573
1265328236642394113
1265289915602010112
1265281823543906304
1265278397644603394
1265015901063176196
1264992581823467522
1264940032420388865
1264761527514673152
1264672882736709637
1264623013502373890
1264608808002826241
1264545128926064642
1264544223241613312
1264006538685022208
1264004082555138049
1263999726996852736
1263934161800376320
1263915999507689475
1263905391445979139
1263897396452392960
1263895480251154434
1263889447164264452
1263500104520122369
1263204060162818049
1263191051604549636
1262841304846868480
1262838968472788993
1262769939141865481
1262495778947444736
1262404612524593154
1261700276790145025
1261678626581307394
1261654186111963137
1261464345352916996
1261429531862200321
1261427664558137344
1261391568918810624
1261354424842190849
1261349020577837058
1261075470948466690
1261071820142325761
1261035943726919684
1261035874650935296
1261017804469415936
1261014792023801859
1261009679288762370
1261006500912410624
1261004789464383489
1260994800913920000
1260992406230532097
1260990766404509696
1260983387407495170
1260949333668704258
1260943084633849857
1260942500040265730
1260934649561223175
1260697027467513858
1260649658981867523
1260620663066439680
1260617512561061888
1260605861606625283
1260600341848100867
1260598504248037377
1260307862489890817
1260296085655949314
1260276851873808385
1260232621126279168
1260219502937157633
1260187658107715587
1260184746618953728
1260178958026444800
1260163035806814210
1260162176905510912
1260151098972803072
1260150240922996736
1260002122923257856
1259992869940666369
1259989924981411846
1259988709203640332
1259956161157226497
1259939365314273282
1259938907799642113
1259937397686644737
1259916470521298945
1259914099972071426
1259910768927047680
1259891332593614848
1259889751412428801
1259500230522830850
1259237314238259201
1259235272719507464
1259210926143799296
1259198220279918597
1259190593969885185
1258886656830124038
1258856131302166530
1258825083092680709
1258824772697407489
1258804424874643456
1258799043825881088
1258789582411358209
1258780227452448768
1258769057647669249
1258759580152139777
1258758374822420481
1258753384825393153
1258750515040735232
1258582044180873224
1258567968025448449
1258526801556455425
1258499915447222272
1258431312387588096
1258430359110397954
1258425523312754690
1258392238008291328
1258391778736078848
1258390424919707662
1258186706542526464
1258184046959607810
1258149223410917378
1258146485352435713
1258085055961890817
1258065642483302400
1258052301626970116
1257768463210143744
1257751858287988743
1257735657646104586
1257734203195699200
1257705885578792961
1257701731699494915
1257701685746708487
1257701622722985986
1257471687756525569
1257428399179681792
1257413370682228737
1257411492716122114
1257410646670524417
1257393345342693377
1257387836325662721
1257383775685808130
1257380198888157185
1257379888648069120
1257360387512598535
1257358911579045895
1257358878309834754
1257336897233399812
1257329906972864512
1257010249535537152
1256348539086606337
1256335215955341312
1256333640524378112
1256333120804020224
1256322943434420226
1256306477112930309
1256304405789491203
1256296345528385538
1256287692406611969
1256244987924221952
1256244467922804737
1256048351100964864
1255988948716990474
1255972658740629511
1255972656798674946
1255613169923510273
1255591969528700933
1255591571938033664
1255589804089245699
1255585211410190336
1255582181973536769
1255581573916876800
1255574683291918336
1255544088297906176
1255509868276068352
1255481949700919297
1255477664699334656
1255450789188943879
1255238611370487808
1255235228248965123
1255234926485659648
1255230194270511104
1255228504301604874
1255152317311127552
1254851454977937409
1254849318177181712
1254849196861075458
1254848957886410756
1254841151653318661
1254805790822674433
1254803450916986886
1254803438459904001
1254800823248445441
1254797821007495173
1254797395503783944
1254794989508464641
1254786278232428546
1254124793852571655
1253836302920941571
1253782428101029888
1253781882455678976
1253728273873489920
1253725909145784326
1253716164640989192
1253714237404459009
1253714074636075008
1253703848914571265
1253701299075416066
1253692594728636417
1253686699466657792
1253674737101873152
1253673628178305024
1253669525016412160
1253654416407900160
1253540942574952448
1253532960453779456
1253503934385324032
1253465131503300608
1253463089330216966
1253462507232071680
1253461408873959424
1253457814879690754
1253457813403316230
1253443931729166336
1253409312942112768
1253382847685066752
1253349628759638027
1253158460641943558
1253134281750335488
1253134158018359297
1253082876742115340
1253081919526449153
1253078263448117253
1253075980903682050
1253070371705835520
1253066110754226180
1253065922060988422
1253063714229686273
1253061585616146432
1253061541877944321
1253059538267394049
1253033843944230916
1253031376699437061
1253030826578710529
1253027774186622978
1253026259162013703
1253012700780793857
1252980810392748034
1252980081624047616
1252960792334479361
1252688193490739201
1252687272211894281
1252684835757457411
1252606226510331904
1252601850911744000
1252324808152485888
1252312061733986305
1251637369452793864
1251356202765815817
1251323269300588545
1251233323059478528
1251231327912894470
1251181985046966272
1251179035671121921
1251147039984939011
1251146889585545220
1250915917640409088
1250915510709035013
1250914830732734464
1250880946682945548
1250861707540471816
1250856807502938124
1250837111953129480
1250785557850005510
1250549249680556034
1250548924676476928
1250498462807920646
1250489452046299139
1250432082414690308
1250423133472837634
1250421502958338048
1250419404895993859
1250417889510899712
1250128563044519936
1250128561689812999
1250059152275185664
1250056750658662402
1249858292358303745
1249835627031470081
1249810054230016001
1249774130980884480
1249769054522523649
1249716390463930375
1249705556966850566
1249704414090342400
1249704037685100544
1249533721075744773
1249434231689879552
1249433994527211521
1248733335339368449
1248718308205043717
1248636577049387009
1248617344798097408
1248616119327318023
1248598737536069633
1248590310013362176
1248420576714084353
1248379841851715587
1248369983987617792
1248340013173047298
1248332720054378496
1248327877046808577
1248310023245238274
1248285347831787521
1248055009713033216
1248015590758875136
1247981608529014785
1247946229897728002
1247938739957088256
1247606593757347842
1247606511960043523
1247233071553884160
1246190690050195457
1246167444940603397
1246119121852542976
1246097315649269764
1246060872117751813
1245833474101186560
1245829466594529286
1245828620825825281
1245794355362893827
1245468087077482496
1245407002500661249
1245401669363474433
1245401113152675840
1245395713363714048
1245381730191781891
1245358736912326656
1245352391840587780
1245042184639963137
1245030415850749952
1245000306888527873
1244755917079527424
1244004236209389570
1244002142576410626
1243655513897938952
1243655512815742981
1243634313800945667
1243609398888579073
1243594243630825472
1243309092724264961
1243286486482550784
1243228193357803522
1243221258663231488
1243196649905807360
1242934373747482634
1242924764315951104
1242915478261153792
1242913737440452608
1242900818904469512
1242880711432044544
1242878058069196801
1242552024589373440
1242496671231152129
1242479012800274434
1242456680639627264
1242176586234892298
1242149026755117056
1242133528189587456
1241530752170364929
1241136784966389761
1241135284982554626
1241129331226824704
1241120689811337218
1241120645053906951
1241049806933561345
1241049689841111042
1241049258066948096
1241041266034511872
1240822881786961920
1240691869425655808
1240632100476334086
1240427681428226053
1240413477606494219
1240292532673789953
1240285824299798536
1240277960852156416
1240274318300516354
1240069420959096832
1240050942667563010
1240044897748561920
1240043225026564096
1239929388310896645
1239618169117040640
1239562485327413249
1239320006028132353
1239273810312015873
1239271773247504389
1238843141098258436
1238694797940006912
1238598325450027008
1238532723305840640
1238528500388302848
1238527699733397506
1238518374155649025
1238515369767206919
1238483435020259328
1238480252206186498
1238467388548493312
1238231235790503938
1238173728002973699
1238165566227087360
1238142695476023296
1238139641070530561
1238135445076262912
1237858501411495939
1237857711116574727
1237845115789443081
1237844564485931010
1237844240039698437
1237843844495884288
1237842966212829185
1237842608153432066
1237084444277846017
1237060494059548673
1236386698944294912
1236383500326092811
1236065799217057792
1235997822526382081
1235996160323727360
1235958817009160192
1235906902032355328
1235689057000337411
1235577485208809477
1235334681027059712
1235322814242185220
1235307569297657858
1235307566638534656
1235307565602529280
1235307564344188928
1235307563236970497
1235307561890566144
1234972026567155712
1234963356915765251
1234909163765010433
1234592242117029890
1234496961832771585
1233489859182047232
1233454920432570368
1233404475139858432
1233379300243656706
1233175023453720577
1233168596752371713
1233162397516472320
1233158428987662341
1233122018679283712
1233116071818821632
1233068649767931906
1233057224907464704
1233049309962276864
1233039901450477568
1232821412622106625
1232808551640334341
1232807960927186944
1232805516629495810
1232805287721086976
1232781551416610816
1232777407586865153
1232777382739816450
1232767113275805696
1232763620712493057
1232760281123696641
1232757287682498562
1232747625641889793
1232718710261125120
1232718684960980996
1232717282561925120
1232717251503173633
1232716141589663744
1232716083435573248
1232716017631137792
1232712027451383808
1232710846591176712
1232709670395088896
1232709280060538880
1232708251277549568
1232682185993465856
1232670302313877504
1232526461124448258
1232526440828198917
1232333845242032128
1232292531154694145
1232076398958956545
1232018352291360768
1231944730071752706
1231631433896267778
1231629702969921536
1231600934985310209
1231599861998465024
1231345476517146629
1231263344872562689
1231242506509131777
1230920676078497792
1230862174286995467
1230639466001424384
1230535417696571395
1230529152140312576
1230280124165169155
1230272387398217729
1230227704236167170
1230203104903278593
1230177529887064065
1229964045047992322
1229898910853931008
1229887992237563906
1229869492701945858
1229786030674513921
1229044651728015361
1228737796162105348
1228694225694445569
1228431422387576839
1228387056298135553
1228373920564289536
1227959539217113088
1227713488996458499
1227705270534537216
1227643931875323904
1227609210428502016
1227568527902756865
1227354233437147137
1227340777367461890
1227340775228420102
1227340773986906112
1227327421965307905
1227325070806323200
1227317371989262341
1227288549260746758
1227281293416845314
1227281108297027584
1227277037292965888
1227269708723957761
1227263849331642368
1227004821116350465
1226990922363211777
1226953431866277889
1226929648375824385
1226882212202795008
1226662911155806208
1226291374435262464
1225912621410537473
1225907068646739969
1225854352268627973
1225854350381244422
1225772945915682817
1225611428121513985
1225586740947292161
1225514588621418500
1225512471571632130
1225510624291102721
1225504709395570695
1225471326552457216
1225461488154030080
1225452329119485956
1225446136103739392
1225253130125946882
1225164799132282881
1225137669874819072
1225119528981536768
1225100113372160001
1224829508907421707
1224828364797751297
1224796625714982912
1224796623626219523
1224767643145601024
1224409648243052544
1224394323401179136
1224064544387010560
1223996530417381376
1223680283838484481
1223680281950990336
