1286072894888566787
1286072893936406529
1286062500866338817
1286062499851390976
1286044512272494593
1286041249976389636
1286035451510431745
1286031379004891136
1286024749290868736
1286021790968492039
1286021773818028034
1286021299773603845
1286021275576610816
1286021257201356812
1286020772339888131
1286018884886310914
1286018553729122307
1286017361347313665
1286016898392621057
1286016628132634625
1286016627151179778
1285969347916242951
1285956287168159744
1285687476955357185
1285668413029920769
1285602019861028864
1285601786515070983
1285579577780244480
1285411088817848321
1285317749170896899
1285295909635579904
1285276995623030784
1285275165585178625
1285274862399954945
1285274608200036352
1285274292498960392
1285258162694692865
1285239743781974017
1284817491387088897
1284650934342230017
1284363832975069184
1284363831024791552
1284341710412292096
1284292318275788800
1284265486671282178
1284206422729908224
1284162988136632320
1284126012670971905
1284122304595865601
1283897489721040899
1283886625626480643
1283848293294968834
1283763579993415681
1283512063453782016
1283496393890574343
1283399798540898304
1283173804370538497
1283138067730173959
1283064063891832834
1283038425814269952
1282827172491808770
1282820190745632769
1282793232116723719
1282782501891694601
1282775890750054400
1282720145253728257
1282675952779132930
1282440344777502727
1282370565878296577
1282321452788789250
1282118209794191365
1282071187049390085
1281956264692645888
1281790282787422208
1281711276750778369
1281710995438796803
1281681154236715008
1281653719809921024
1281635545530146818
1281625929685651456
1281392524377063430
1281372326928551937
1281318742518046730
1281299765377019906
1281289515274035201
1281265988076535808
1281259076421378048
1281217845683195904
1280992795994591233
1280984104855654403
1280947261393043456
1280888253021896704
1280602915296722946
1280569732098334726
1280290432434364417
1280285702152957952
1280268774843826176
1280268623567880192
1280260234762731524
1280214937445556224
1280189516838387713
1279912735187316745
1279844554737364995
1279589572419215360
1279529059677024256
1279462017737404419
1279432937377857539
1279213972022050816
1279144078115057664
1278848135184318464
1278834823679729664
1278833777326747649
1278778927603806208
1278772365556461568
1278496185125240832
1278425525317513229
1278420631915118592
1278028129185955841
1278028023271501825
1278027538309275651
1277806267642327041
1277726797409345537
1277692523561906176
1277680890949197824
1277674676051795968
1277296974258036736
1277288211258028034
1277274488556544002
1277003303251898368
1276999829139230720
1276997767827607552
1276656990119288833
1276630565970567169
1276612949738770437
1276594830454386689
1276571426405957633
1276559200525717506
1276556167783649281
1276262799820443652
1276221176294014976
1276194546150498304
1276180024509562880
1275915856627802113
1275899128615067648
1275879617870524416
1275859421739003904
1275515468464353280
1275492315868602372
1275468220003233793
1275452389294665731
1275443652991479809
1275172366616801280
1275128723834941440
1275101067634712577
1274813407909339145
1274729070954233856
1274123751907442688
1274092109096574976
1274039243405328384
1274002159013703681
1273998804102950912
1273763772176293890
1273714603290058752
1273673078678016001
1273665528616411137
1273654205534912512
1273646730110595074
1273624007703576576
1273401506985697281
1273361116765147136
1273334094823391232
1273308425624129537
1273287737576218624
1273033866320572416
1273011720357806087
1272995788432564227
1272991279907868672
1272987561430933504
1272957613945360385
1272937203061178370
1272665690558943235
1272648446491504640
1272645306191155200
1272623663481630721
1272599001091600385
1272575597127045120
1272541323795542016
1272353820597604354
1271952925468831746
1271557135734919171
1271543726821777409
1271518380659335173
1271500512714567681
1271476071997804544
1271437658481360898
1271201291373391872
1271176376943472641
1271151714494672896
1271120476325150722
1271110485455192069
1270869029851328513
1270846453032685568
1270812227495317505
1270790584827965441
1270755328444051458
1270721568746790919
1270430462452916228
1270415806736658432
1270399630732414976
1270101544764166144
1270063796019556352
1270034855145816064
1270028312031576064
1270002979744239618
1269994493849169921
1269789739999264771
1269754558693158918
1269413845631668224
1269141171751669760
1269129602988818432
1269071218742710272
1269048606410944514
1269025202316419072
1268999785006149633
1268979903724060672
1268959683798274049
1268700311499104257
1268684960262651906
1268657984969871362
1268650734825820160
1268639158462869505
1268627330697756676
1268586562083868672
1268571687127302145
1268287592207958018
1268271605249007616
1268251604903497735
1268229498236960769
1268216265740619780
1268199642153525249
1267937786906079233
1267878143957876737
1267856073710542848
1267633565853868035
1267554009197342722
1267548878066397195
1267547356276416519
1267547122213232647
1267537902117908481
1267520520544755713
1267193943772389376
1267128286628343808
1266820039006736385
1266470646596415489
1266451996959059969
1266417430995308545
1266394845452611585
1266137927265841153
1266112761844715520
1266081236751130624
1266057396570353664
1266034604223455232
1266001536397819904
1265815584438136832
1265774281004331010
1265751380222005250
1265730744304844802
1265707843551760385
1265687576104636416
1265470684391759872
1265435498190909440
1265387986071388162
1265362819962171392
1265341177261436928
1265321924684644352
1264910016139726849
1264726779790532614
1264619421366202373
1264597486641065984
1264583937675988992
1264279431251546112
1264213795410452482
1263952778738774017
1263949003953143818
1263930130247778304
1263915031357304833
1263899931829559297
1263869499943514112
1263865956981510145
1263863691759386624
1263613100080730115
1263612815228706818
1263516718791565312
1263492868066496519
1263233539702546432
1263198810915909632
1263172135247282176
1263161103888113664
1263160885318766592
1263136933523447808
1263116190018404352
1262881218078683136
1262860078631149568
1262833402991923200
1262809495295516672
1262786846146416645
1262781499889369089
1262779987213590529
1262492405988601857
1262463465630904323
1262442326292455429
1262421609031352320
1262069046826196997
1261704754767335424
1261691193567653888
1261472399666675719
1261406628558987264
1261399601703202816
1261387374778441729
1261354659072991235
1261336417516609538
1261319041320443905
1261089914596265984
1261068020434141184
1261044867808915456
1261027755250143232
1261001834489098242
1260939267217424386
1260924624436690951
1260742123185463309
1260721235274555394
1260701857586057216
1260691539837227015
1260680970094575616
1260660333947039746
1260638868258410499
1260638867402690560
1260638866513543169
1260638865653710850
1260638864848367617
1260638863938269185
1260625078930345987
1260358092522430466
1260357347165208577
1260335695089917952
1260317576011214848
1260295932953886723
1260278613951332353
1260260666981711872
1259982618470293513
1259974313735643136
1259962989253443590
1259939584743362560
1259913160745771010
1259893210840784899
1259552282921676800
1259486463311388672
1259185268751548416
1259184850952687620
1259178788035997698
1258869534053761024
1258828010611806208
1258803772165361665
1258780190001565701
1258761974361526272
1258551186308784129
1258527782260350978
1258507397682716673
1258502113274900480
1258485503487127553
1258465119429746688
1258442973332869124
1258420950195941377
1258170930859085824
1258163129349017602
1258152882903199745
1258123618975920129
1258101976589623296
1258077313926934529
1258054001049907209
1257800741500129283
1257776078996877315
1257749906481131522
1257727760685871105
1257722844953403393
1257695226568769536
1257445729641136128
1257435333635047426
1257397333366419456
1257381478872297473
1257354361862316034
1257304543840403456
1257100376580321280
1256971527444033536
1256737233698279426
1256686434783805443
1256355468085088256
1256340620341362688
1256315706032836609
1256294567046901760
1256272672725532674
1256246383830540293
1256011199944294401
1255970682740994048
1255944761959084032
1255922867620859904
1255899766388600835
1255864097561817096
1255620401369157633
1255615592893046784
1255604268280635392
1255588414092533762
1255568029724934147
1255546638925475841
1255526274765860864
1255288563182297089
1255262264929722369
1255237099168686080
1255210423445577728
1255188277423898625
1255165774265749510
1254939387361669120
1254914724677865472
1254891823807389697
1254863889893900290
1254846022158823426
1254825878636331010
1254188819215265794
1253841654089502721
1253821773268672512
1253791322495832064
1253767666743025670
1253744513912168449
1253723985549971460
1253483041038753794
1253456365273530368
1253409808536887298
1253403023231123459
1253387914295181313
1253376086429388802
1253366730052730886
1253355093782605829
1253110586709364743
1253096243082883072
1253079522238500866
1253071579963105289
1253029804703494144
1253006652372127746
1252984254763610112
1252966633972420609
1252738384545624065
1252714980182560773
1252678993125486594
1252655085588328448
1252630601921974276
1252376500218720265
1252362910262685702
1252343280861397002
1252320379986522112
1252303267394134021
1252283029533470724
1252006310410809344
1251956733842350080
1251890547683442699
1251659273689542661
1251612365029851140
1251292859631906816
1251234223131963403
1251206288966639616
1251185813829935104
1250899267251834886
1250866550502014983
1250858549749657601
1250846419604262912
1250820496993726465
1250589728249954306
1250568083804246019
1250533606411259904
1250509698907791360
1250489566185680896
1250477122503745536
1250470943484334082
1250460373913747458
1250440744613093376
1250219900108525573
1250211987205894144
1250204973457121283
1250186569765384192
1250173873124933632
1250162662308286466
1250136745020026880
1250115853829341185
1250097231396401152
1250075413977731078
1249857656547938304
1249835003455983626
1249810089139044353
1249787188163690496
1249762482270490625
1249444835012075521
1248758409219969024
1248746077882204160
1248725693711736832
1248714872352681984
1248698262787256321
1248683859874648069
1248648888401252352
1248384948307783682
1248351477833388039
1248315239126437889
1248308696070983680
1248290732751929349
1248278124292423681
1248078428714045440
1248028851990433794
1248019037621063680
1247994374819958785
1247971473861390337
1247951379852857346
1247937579699355651
1247660927840903168
1247634503624994818
1247625443966169091
1247612357666148352
1247590463432884235
1247577629097672704
1247556666012372993
1247309714674913282
1247308606174724096
1247288473498849282
1247272115797196801
1247262267445567490
1247243930061635586
1247224804026925056
1247208033043832832
1246614210324443137
1246587083851956224
1246519742233554945
1246497396852436993
1246222700789608449
1246186210390917120
1246158528148115456
1246133110590275585
1246112712200990720
1246096356244144131
1245856034796773378
1245828855664758787
1245807464882339841
1245788552669134849
1245772735952764928
1245764253342224384
1245754113222037504
1245728702169862146
1245498251391971329
1245473765825196033
1245463448814678016
1245431235817635840
1245411354925662209
1245390215503642624
1245374558967869445
1245112887997235205
1245091748663066624
1245072874286669826
1245059033150541825
1245048967039053825
1245038397304918016
1245018161130455040
1245002294258778116
1244781705740746752
1244774915531837440
1244762076586729472
1244741943705272320
1244719546281242624
1244707969876365312
1244690605403299841
1244672341289943042
1244040548614320134
1244006347831640064
1243983698615078913
1243968598445522946
1243945948708995072
1243936700780490752
1243701831290761221
1243691522241019908
1243670886260989952
1243644462162530306
1243623574537003008
1243613004991811585
1243609234153111553
1243602686986969088
1243584819604238336
1243559960937725953
1243316048192868352
1243302206960435202
1243289875857780736
1243267226716626944
1243233050739253249
1243222354362335232
1243197834767347713
1243173375549325313
1242938309069987840
1242918352055685120
1242894268953493504
1242871619812392960
1242844189370519552
1242826250483372033
1242612663282044928
1242567616591302656
1242522066378616832
1242504702316683264
1242486330396942336
1242468202090598405
1242258076985589762
1242225864856797184
1242187612741226496
1242136022651228161
1242102054887337986
1241888390955413504
1241837807632445441
1241787476185767937
1241752421463920640
1241562628817903616
1241515433544634371
1241471393491025921
1241434397003395074
1241157401786662921
1241139204442083328
1241103217175539712
1241068488648622080
1241063455290875907
1241061821995520002
1241041057829335041
1241028044007014400
1241014974836809728
1240776061740343297
1240752154161356800
1240731518105866240
1240705345787514881
1240685128453623808
1240437976800337921
1240384229738827777
1240377938295418880
1240362335388090369
1240349752434102273
1240337421343920128
1240310851090997248
1240021087389450241
1240003470658121729
1239983086579810304
1239965218803003392
1239956584295534592
1239940116296146947
1239710037188030465
1239701480883568641
1239682103106662400
1239664025996271617
1239660460812767232
1239616923563778048
1239565853714235392
1239311745816150017
1239211024475205633
1238948009930604545
1238862311076618241
1238566657095880710
1238538989726060546
1238212922448449539
1238184233350451201
1238132205878206464
1238089199397539842
1237855316743614464
1237847075649249281
1237836539473903621
1237827633712332801
1237809766841421824
1237806366967955456
1237791128990121993
1237514319106961409
1237458702623334400
1237435046795108359
1237423219000233991
1237408596276776961
1237185150233874432
1237116757405585409
1237107208661409792
1237076793066168328
1236744824675602438
1236713293408067585
1236694680676585476
1236687743780032512
1236669869069828105
1236401844575969280
1236290734237585409
1236030572889346048
1236011165278322688
1235984785438314496
1235724777295196160
1235706611269656576
1235675955735093248
1235649028357885952
1235627637462036481
1235598493550612480
1235326656136581121
1235321578965151744
1235284878784114689
1235274677813157888
1235232923747594241
1235218460222861313
1234960181244628992
1234952941808865282
1234917206321967105
1234891537164767232
1234871471014600704
1234864010517983232
1234638620293771270
1234622262638071808
1234611189616910336
1234602164040929280
1234587412556386305
1234537466734010370
1233874108888293378
1233799050996191234
1233556238337638401
1233493826985132032
1233465641236959232
1233430402263547904
1233187307118874625
1233156856719314945
1233138988870852609
1233120869934915584
1233095955437756416
1233093084973543426
1233083049740513281
1233055458665148416
1233035043322421249
1232821144589197314
1232787170659905537
1232766534625292289
1232743885400506369
1232737347042717697
1232734322387537920
1232726535922233349
1232453723416223744
1232421008033927168
1232386279142313985
1232372689664462850
1232353563566694401
1232336955679158272
1232322430179434496
1232061639916126209
1232018606583504896
1231990957056430080
1231971467795091456
1231739683085967361
1231317738330755073
1231275054991699968
1231038694502457346
1230977473745047552
1230968006764744704
1230953589062848512
1230904334000410625
1230665188346486784
1230635745330765824
1230598750894206976
1230581637924237316
1230556662072627201
1230302548763897856
1230254482216218625
1230231581257687040
1230213760234618885
1229870955041738752
1229838239432761344
1229805234270154754
1229503035077988352
1229169897340645382
1229127808267554816
1229097106197139458
1228831858340790278
1228779765022298118
1228744032358146049
1228434741512171520
1228414396151554049
1228414105456824321
1228393662071132165
1228069837143969793
1228047691285958656
1228039920465346562
1228034406281031681
1228030075016138752
1228006013158219780
1227765398617063424
1227750482673795073
1227704125636435979
1227689356338565120
1227674154314407936
1227664919023308800
1227644031259181056
1227623029032804352
1227616427349331968
1227330213509386240
1227308067487985665
1227280888876191745
1227262980406026245
1227011866326487040
1226988641693716481
1226981666683441152
1226951467866697730
1226935488138924032
1226594364681383936
1226563914089013249
1226277638748229633
1226231473499336706
1226215060994916352
1226192977170751489
1225971450928123905
1225922688922869761
1225913377647546370
1225891231605104641
1225864304437682176
1225850714582216704
1225843997903552513
1225524818239467529
1225517015802241029
1225511074180534277
1225494870204338177
1225482538745028608
1225458466845872129
1225419575854018560
1225197158296621056
1225168027794255874
1225123422327525377
1225108071191465984
1225103093450387458
1224892933427617794
1224890363875352576
1224889118116720640
1224887640723423232
1224886221702418433
1224885840645623808
1224881342653005826
1224880144088817664
1224878877744549889
1224878200314126336
1224817239842488320
1224784942137135104
1224773254235283459
1224764448038162432
1224751862165000192
1224717305826947074
1224706378528444416
1224469503628783618
1224433627355705347
1224409216124764166
1224397640068141056
1224378452041699328
1224369554995974144
1223660052197801985
