1286058519893082117
1286037015662911498
1286010398907539458
1285945391272402945
1285929393290977280
1285712256026763264
1285671307661762562
1285628348845248512
1285598363082162176
1285206792398659584
1284941078412443649
1284895780432539648
1284842930818224128
1284586825722593281
1284569909498912770
1284470694278041603
1284470692092743681
1284249066256441347
1284207389386973186
1284174265953247232
1284132768390230017
1283897997923946498
1283870529515134988
1283801647462875144
1283751568471478279
1283498391687880704
1283480926232682496
1283447839067181056
1283420624405307393
1283229266273021953
1283154989377097733
1283137606398738434
1283068971315585027
1283024906943438850
1282776996028833792
1282704752858542080
1282669824737513472
1282374162024038400
1282313764109381633
1281996678459846656
1281966633096040449
1281943826349780992
1281677911188295680
1281622243668373504
1281585360791887872
1281328436372484099
1281278518534512642
1280973507128631303
1280932868655591430
1280897862801526787
1280858275697889280
1280637207456481282
1280608196260958208
1280488850620547073
1280230034960244737
1280184735357177859
1280131888368230400
1279837450236387330
1279777054989234176
1279399566459064320
1279142870520344578
1279097577057607682
1279058331018104838
1278744380241702912
1278688756330045440
1278460562700152839
1278437940058820611
1278410380059070465
1278340975144898561
1278318769736232961
1278017383056265217
1277952851566788611
1277706158208417807
1277677139261865984
1277651715299442693
1277623219718062083
1277329541527154688
1277297146073690112
1277243880191205376
1276957678720475137
1276885318084505600
1276885316255834112
1276582643992231938
1276543533558706176
1276523298009100290
1276240347832745985
1276173074208096257
1275889152387670017
1275840184085553153
1275793929762410497
1275545061804118016
1275512754019893248
1275481023300632576
1275421859077644288
1275167505326247937
1275106588441919489
1275068071581900800
1274813201109131267
1274763609214783488
1274715693125185538
1274438568199557121
1274388994986475523
1274350313689022465
1274058374737547267
1273983799903256576
1273663566009286657
1273615985803755526
1273362707106889728
1273334750078537728
1273307938480967681
1273264907220385792
1273252688424325122
1272879064928456705
1272879063800205312
1272657638732345345
1272624853787516934
1272605316966952960
1272564321277616128
1272557049809960960
1272527374492610562
1272257503724593152
1272219753617096704
1272166909044158465
1271890863086546944
1271864659520434178
1271810041222397952
1271551421129936897
1271524989091659777
1271482326879535106
1271462737177120769
1271214177424748544
1271183822743371777
1271177333840523265
1271139064826286081
1271072694709227522
1270823053262557190
1270792853980090370
1270762651132375042
1270702255432273922
1270448598241742849
1270410129964511233
1270361520422227968
1270120253700399104
1270044358436413445
1269986874459815938
1269716538162130944
1269705687036243974
1269630188645580801
1269359433848623104
1269341802651439104
1269317111316348930
1269044985556537346
1268981133351550980
1268922349581189120
1268640234465644546
1268562605490257920
1268538062688174081
1268274714734211072
1268274713815650305
1268274712930549760
1268274712028872708
1268274711055806469
1268274710103670785
1268274709176692744
1268274708287557641
1268274707356356609
1268274706463035394
1268274705267675138
1268274703967363078
1268226836250705921
1268186437041692679
1267900092368990208
1267496235038113799
1267466831251595264
1267133131494170625
1266808606453833732
1266766340200808448
1266723536661630978
1266497238039134208
1266467599182893058
1266461437490278400
1266429370740203522
1266429369276399617
1266429368001232902
1266429366650765315
1266407157651714050
1266372826711289859
1266364373381021696
1266117489643094018
1266099484213346310
1266071167544315904
1266043525877108738
1265998544365858816
1265757517524668417
1265718369090666500
1265637401520635907
1265395517191860224
1265353236980080653
1265312602546221057
1265268767858319360
1265017293488062464
1264987094893629440
1264949349513146369
1264904050656423937
1264647356676337664
1264602060030390273
1264549209006436352
1264345367920947200
1264277417708752897
1264232482637053955
1264186822470451206
1263937679273549824
1263899931930030080
1263869733209661441
1263824434105909248
1263594152085778433
1263572086590668801
1263486824720334855
1263456010930438147
1263209557549088768
1263156710899843073
1263098878741676032
1262852811940823040
1262771647033020420
1262733575201394688
1262463428091838469
1262383316029902849
1262103090766864384
1262027593982885890
1261743775128391681
1261657657192128512
1261391621515550720
1261391620341223424
1261391619355365376
1261391618139017216
1261391616561963010
1261391615324635136
1261391614150193152
1261391612828979200
1261391611461799938
1261391610320805888
1261391608978628610
1261391607347048448
1261391605652533249
1261368864065150978
1261351550414446592
1261290491720712192
1261005981582069765
1260962516265549824
1260923825493065730
1260657353080233984
1260620761452236801
1260570309784145920
1260294678089543681
1260251617351385088
1260203236725788675
1259959842887925766
1259887605698699264
1259840282805309443
1259597940022300673
1259525620603727879
1259211539040448512
1259181339439316995
1259120945668726785
1258876574117568519
1258841036727693312
1258792241532985351
1258768442792071169
1258759220117241863
1258462670707134466
1258423916466450432
1258392640850210816
1258105782513602561
1258031359966220300
1257776563904487425
1257708099315609601
1257671110260338690
1257426942036455430
1257415399018311681
1257400016718761986
1257328739140198405
1257328737806356480
1257328737038860289
1257328736128598018
1257301315715321856
1257029660874960896
1256991913095225345
1256946618009444355
1256682372897992705
1256629524118339585
1256584228252385280
1256350860550029315
1256310519805468674
1256255104287735820
1256218243305439234
1255964840725708812
1255922303432642564
1255871326377709568
1255846795906895876
1255630261045338112
1255604245539274757
1255585287075438592
1255566243635122182
1255529601553633281
1255495002165313539
1255251464475287561
1255235586815922178
1255216103124537344
1255186931736084480
1255151713490788352
1255127019295211521
1254945144589213696
1254881370247176192
1254844464767565826
1254824270397571073
1254791071986380801
1254778304889974784
1254528873569583105
1254520960176336897
1254457468282863617
1254457305086730243
1254396842328154113
1254108043178135552
1254092809017098241
1254039960660951043
1253798593087115264
1253778769753579520
1253762984717008896
1253709377158221824
1253388618191626240
1253339804122492929
1253107013451755520
1253054938130808834
1253020882219515905
1252987307650678785
1252961438135697408
1252755040944697344
1252714681791328256
1252699599044775937
1252675548616278016
1252654565373198338
1252654564140109829
1252654559383687168
1252636787840868354
1252624004374028288
1252347943039844352
1252305785478172673
1252275689555984390
1252248023050182657
1252228201750974464
1251978882036760579
1251910931925237763
1251858084663906308
1251635197570945027
1251602463079227393
1251548544206614528
1251499470900035584
1251260441289990148
1251233150405140484
1251193223747428353
1251187451332374530
1251149236508348421
1250867690220249089
1250825641102057472
1250800705507594248
1250778158678368261
1250543970867953664
1250519545313361927
1250514370335039490
1250484781428674561
1250438174947438600
1250126382321012736
1250072476660482053
1249809280548642817
1249755320123097088
1249689747737530373
1249328001608814593
1249065182476644352
1249031996296376321
1248977872838156289
1248732489272700928
1248713878910967808
1248682535204331526
1248672329577762816
1248650076114817025
1248614030010269696
1248376787970609154
1248368411291369481
1248313486687588357
1248276349879554048
1248246786046619648
1247998958192013313
1247967852826632193
1247935781043347457
1247904456894590976
1247877303914430464
1247639689332502530
1247624748093358081
1247606580964741133
1247593128938397699
1247592422185611264
1247573485569953792
1247555064111169538
1247261693673078785
1247230044218540033
1247190864784502785
1247162810225827841
1246879220254552064
1246861071819976705
1246823753725685760
1246517033635844097
1246463391239229440
1246446938322546689
1246227992491286536
1246192065454669824
1246142804688060417
1246106744528539648
1246078402601328641
1245842916188143616
1245812453419692036
1245789610439053313
1245755001030533122
1245722285824229376
1245716063813320704
1245518074800979968
1245506918279524354
1245486098333089798
1245480081620971527
1245444768659918848
1245418708601888771
1245397833953443841
1245374095379910656
1245351348188655616
1245130670944530432
1245107301616402433
1245032546179710977
1244994471449812999
1244740327845617666
1244704622570344449
1244673477614936065
1244639885908197376
1244352157803073536
1244318291117707267
1244281132289531904
1243929723031498752
1243613053570220035
1243542983997378567
1243254337024987136
1243229310971977729
1243208453444849666
1243194499750416384
1243170121826340865
1242927523626987525
1242898369112129538
1242871498240638978
1242844052074225668
1242817942527631361
1242551527413354498
1242540173289762818
1242526657996632064
1242473385483010050
1242455286507622402
1242185875066425347
1242118082581143556
1242100824182046725
1242090912144134146
1241813566031790080
1241806902000050177
1241773816960954370
1241734878238052353
1241421659812265989
1241395686584745984
1241374511422935050
1241079926582894594
1241051574149021698
1241033830171099137
1241012311965532162
1240750575479934981
1240738339877240834
1240694699389620224
1240677938154147840
1240659054873149441
1240643905516974081
1240643904204128259
1240643902945792000
1240643901473599488
1240616075886297088
1240425117487898626
1240400628259663872
1240387135875747841
1240354159867691010
1240317447879692293
1240279298076000256
1239942590730027009
1239914700005167106
1239682583002337280
1239682581836247042
1239682580254990338
1239665222354436101
1239653683765403648
1239647317810196481
1239613834941337602
1239597983051776006
1239329124751224839
1239217359803604994
1238915862968623105
1238908417038856192
1238835864077295617
1238824936308867075
1238605537954213888
1238581952564867082
1238581577187295234
1238538238220013569
1238189996563214336
1238105877548281858
1237850046982283264
1237829011151126530
1237769021879181312
1237465730653851650
1237435788067065856
1237404820987936768
1237124656055885828
1237055462492831744
1237013780296589312
1236713294901080070
1236652899867885572
1236392040977530880
1236366006026530816
1236298055478988802
1236040936574115840
1235993775945723904
1235993774406479872
1235993770820321280
1235953229772607488
1235668367014588433
1235627240177709057
1235580421586464771
1235360293036965889
1235289347047534598
1235245031050620928
1235206121360674818
1234999499052859392
1234984398673653761
1234964695469174786
1234923069799571464
1234923068977557509
1234923067652104192
1234923066213437441
1234878855397203968
1234848576364257283
1234622694445998086
1234573449181499400
1234532239746240514
1234513914655891462
1234513912483237888
1234222398754492416
1234206777337634817
1234176580047507457
1234123728901959680
1233875196278386692
1233843626091909125
1233807834103582725
1233487837179322369
1233458996952039424
1233426382341967872
1233407060655693824
1233115966516736002
1233060279422013440
1233036041671630851
1232804389204746240
1232780991321735168
1232749968282308610
1232724661580029953
1232444087086678016
1232391397141106693
1232347862693969922
1232327817297367046
1232087250294517762
1232081895837589505
1232064675619229696
1232036454790029318
1232013941087313922
1231957993195032578
1231670061754200065
1231624762507456513
1231587013230563328
1231313165687939073
1231262374579130372
1231224626052771841
1230973531975974913
1230929961030209536
1230876025648820227
1230860990444601345
1230620734008983554
1230595010292264962
1230579935544258563
1230575008948379648
1230313601635880960
1230240625263550464
1230216702744518657
1230193648429682688
1230135583080636416
1229914743558692864
1229895097988341760
1229841533681250304
1229825175211978752
1229525821926313986
1229508550743019521
1229483898641534976
1229465503875436544
1229451584146411521
1229441249561759752
1229426566972805122
1229159632691695617
1229118601711570945
1229095596448813057
1229057851286544386
1228772418640064512
1228740760419405824
1228695464440037378
1228448207983857664
1228375802741477377
1228358849817698304
1228341068019781634
1228327331279843328
1228090465431453697
1228077554130718725
1228051516914831367
1228036561838669824
1228011861766963200
1228011851289681926
1227994730367197185
1227988317838422016
1227966801868476418
1227709429497368578
1227676504471068673
1227630346751152128
1227604894649114626
1227351521534382081
1227330073558159361
1227313887797796867
1227263597253988354
1227248618823966720
1227236210596360194
1227010794333884416
1226989162664005633
1226954669219549186
1226954663171416064
1226924776997969922
1226903785311744000
1226879513763688448
1226573980523347968
1226528681973161984
1226234244378189824
1226204043606839296
1226158746029690881
1225843794924523520
1225790165785903105
1225608555128066048
1225514328155197443
1225487860196876288
1225441403775393792
1225196679382622208
1225092618603855872
1225073342140624896
1224902965963755520
1224840768470376449
1224723016694796288
1224711641553686532
1224465511540494336
1224445620477292545
1224413686762233859
1224336654451838977
1224014617724145664
1223984417086955522
1223736789246017539
1223687820734291974
1223648453454110721
1223614480640180224
