1286049745069322241
1286045496491024385
1286038218933239818
1286038188327305217
1286010178404585473
1285997177534402561
1285707510565998593
1285681369805455361
1285664026899480578
1285602439773794310
1285598745942515712
1285395875234230272
1285395770288545799
1285386754464284672
1285312848432959489
1285290075115393024
1285289283537043458
1285250593456627712
1285247561146814466
1285236302640754688
1284881194547589120
1284564773376581634
1284548985865330691
1284490387462258690
1284462196915933184
1284361840726691840
1284361831310438400
1284361829452361728
1284361827632115715
1284291629663358976
1284291166406619136
1284291120160296960
1284227339841413120
1284223433258213377
1284219044682502147
1284208411828260864
1284208379150372864
1284208208542863360
1284171541186478080
1284149077064777728
1284149036744945664
1284148945367846916
1284148766715580419
1284132782525091842
1283933287233343493
1283905611961454593
1283905564905439232
1283854760727248897
1283842740078469121
1283826336595935233
1283822088726425601
1283822085400395777
1283802989891932161
1283802987832451083
1283802986024710145
1283802983764033538
1283802981809479680
1283802979477446657
1283802977459896321
1283802975765487618
1283802973626413056
1283802971822870530
1283802970702974984
1283769321999802368
1283754488617209856
1283585530849091584
1283567293537058819
1283515603291115526
1283515487822000128
1283500778460774401
1283489000867745792
1283476660998868993
1283450075591647232
1283441674451136518
1283441511988965376
1283408594990399488
1283408082953998336
1283164760591212545
1283164670170476544
1283139116260110341
1283138915667456002
1283134190351941639
1283123197458685953
1283112544366989315
1283088180401647618
1283045582463012870
1282849729051865088
1282816530502184960
1282797402261528577
1282797330777935873
1282797072803037185
1282796944176422912
1282796799737159688
1282796755092897792
1282796497793425409
1282796259791835146
1282796164677545991
1282796047409061888
1282795859437133829
1282795792273747970
1282795680654856192
1282795616901443591
1282795484134940673
1282769568231034882
1282769515768623105
1282769332993392640
1282373775057723392
1282373144586723328
1281716341830017028
1281716185160187904
1281697040830025731
1281670616815476736
1281664147143503875
1281636821143822336
1281354678949814278
1281338564509405195
1281338430132301830
1281263021143339013
1281249740194275330
1280999774444027905
1280999735944515584
1280999599860322310
1280999506444779522
1280972778599055360
1280970266710085633
1280941023930302467
1280917388549128192
1280917320538492930
1280917257078652935
1280917040157667328
1280916947723567107
1280916819881189377
1280916398622023680
1280916324953337856
1280869745118646272
1280869633952755713
1280618301060677633
1280547044667600901
1280539501685866498
1280509236120899584
1280509039139528713
1280508811162329090
1280253591069040643
1280253140718231552
1280195692477272066
1279427118779203584
1279426910959919104
1279216778401533952
1279216713658241024
1279106958658846722
1279097407523954688
1279097182247890944
1278825112570077184
1278824656020127746
1278808032907079691
1278754203364659200
1278739735108882433
1278734480862334976
1278734403011850241
1278734375622934528
1278734309717917698
1278448952870875140
1278446216834097155
1278444983138336768
1278444840632582144
1278444731190697985
1278444512738770944
1278444461861883907
1278443378187939840
1278441133320949762
1278426108820697088
1278425943535751168
1278421678746370048
1278420981397274624
1278419328531075072
1278419250147921923
1278419104358113283
1278053985765724162
1278026043622899717
1278026020969418754
1278011865646403584
1278008812860067843
1278008652071424000
1278008315327516672
1277994629456105477
1277994521935167496
1277967170782154752
1277956161036341248
1277931194701750272
1277777744596799488
1277777413859086336
1277777211253293057
1277777140012982273
1277777021150601217
1277695602130911233
1277695003108802564
1277693331204685824
1277693133078376449
1277693018745831427
1277692330322075648
1277665964897849344
1277665963836674055
1277665962741899265
1277665961462595585
1277640924470956032
1277623885165445120
1277623838101118977
1277623676284870665
1276628369740832768
1276628151398019074
1276628081655058432
1276616592126869507
1276604624506621954
1276604505870737408
1276604444134846465
1276604379781574663
1276604309115858944
1276595593952014337
1276591729119019008
1276591196211761157
1276569042053222400
1276551055912972290
1276319219467063297
1276316654734135296
1276316454527385605
1276316202143551488
1276316174201032704
1276315983297249280
1276315896827523072
1276301729601126403
1276297938797502466
1276293804836958209
1276293686435950598
1276293457259175942
1276263921155014659
1275939220192886787
1275896423712768002
1275896292200382464
1275892498083336198
1275871269255352321
1275871082768224257
1275870432302940162
1275845820651372544
1275845695547858945
1275821486348124161
1275788780788748292
1275788710253133824
1275788651532869633
1275788587678793728
1275613926500294656
1275613716088791042
1275502076362133514
1275150368511492096
1275129522191556611
1274018663981436928
1274011074052808704
1274011073318809600
1273645248141557762
1273645246983872512
1273645245784305664
1273645244689666050
1273645243682955272
1273293088522407937
1273008344425472005
1272657969352753152
1272657888612319232
1272657799584124930
1272657718495543296
1272657596588097540
1272657502413471745
1272657398059196420
1272657336872599553
1272657073873059845
1272575797774225409
1272575649010659330
1272575545096708097
1271904291117322241
1271643142488502278
1271643006240788483
1271600052876701696
1271502313815814144
1271490242151931905
1271489856364072962
1271459223151554561
1271143211172614144
1271142929428623362
1271142835367153671
1271142659357380608
1271142441358417922
1271142274433462272
1271142186378289159
1271141192512737283
1271140623941156864
1271125894292287491
1271125862788841472
1271089055686672384
1271088750605611009
1270839074358620160
1270786977621835783
1270786976434831367
1270750275511488513
1270475749309513728
1270457401855049730
1270457400458383360
1270437131048148992
1270428884660617217
1270404541125660674
1270138452772823047
1270134344414367745
1270134265523720193
1270134201443024896
1270133939424944129
1270133859544371202
1270098592880037888
1270071101373198337
1270039086087188482
1270038958483951618
1270038813067358214
1270038701058535425
1269753168205881344
1269411026635800587
1269330502302838784
1268993981045710848
1268962244563472384
1268962064363642883
1268961983073865737
1268961828010426369
1268946621787713542
1268923385930813442
1268682979322232832
1268643551413493761
1268636952460431360
1268624455200206848
1268603890062237699
1268580103165849600
1268348156623929345
1268347797281046531
1268268709216423936
1268268588634460162
1268268480740155406
1268189486082654209
1267919061683449863
1267914331053842439
1267914011884105730
1267896564808396808
1267868850097397761
1267562078786773002
1267548638793908225
1267548584809050117
1267548474687533058
1267548374317838336
1267548313248845831
1267548051369013249
1267533231676629000
1267533069877227525
1267520084685336582
1267519952547917827
1267519892183449600
1267497647658733568
1267282465946611714
1267282346450939905
1266773634804330501
1266773530907226113
1266773345204396034
1266773194905661449
1266504288202866688
1266503976700313606
1266503877957955589
1266486876506140674
1266477854197514240
1266477779815718912
1266458189152890882
1266435276211195905
1266417750773313537
1266391792821374977
1266107297614442496
1266084886634541056
1266041484220010502
1266041365403701252
1266017108841947144
1266011714727874565
1265796327377645568
1265772495199764480
1265756641510731777
1265756538372853760
1265755082089431042
1265754952292610048
1265754805382918146
1265396480019439618
1265360705890516993
1265326073715318786
1265325921969614848
1265325371383263232
1265325300180824064
1265325167586279424
1265325123407618049
1265324847330181120
1265324729214423040
1265324293602390016
1265324104254701568
1265267065973288960
1264964461787582465
1264964372922761216
1263935341737762817
1263935259923677186
1263917909027491840
1263916141891764232
1263896147384508417
1263873751407624193
1263873657723596806
1263571545009598465
1263566498284670983
1263563771160809474
1263507692435509248
1263507550957441025
1263507427456139265
1263507283750813698
1263282523305541642
1262884760613007361
1262842130629832704
1262803295892054016
1262464967225327616
1262453722275352576
1261753181513678850
1261753088660123655
1261752991687860224
1261752891481772034
1261752839979913216
1261469636488564736
1261469588706988032
1261469540074115072
1261469445718970368
1261469331403177985
1261469281902047233
1261469196589858817
1261469105531600896
1261369402026426368
1261369337484587019
1261356200760758272
1261316263013474304
1261316123334762496
1261069330135101444
1261013979159240706
1260972107107905539
1260696640190582786
1260661610986852354
1260318956314910721
1260318850735800330
1260318704841228288
1260318387177127936
1260316764581347329
1260296413533163522
1260244792878956544
1260228582246416384
1259946952592109568
1259946002850734081
1259910537116344327
1259910338759270400
1259910144927903747
1259880547079393287
1259880427877253121
1259600732468187136
1259583667942367233
1259195289900023810
1259195224888401925
1259195040141893632
1258882551357280261
1258872206534283264
1258872205418663936
1258858870551740419
1258858827195265025
1258858647091888128
1258836848228655106
1258575654657941507
1258575526421237761
1258575116260249600
1258553732712800258
1258525408212824064
1258523818873597952
1258487769220988931
1258454285282693120
1258449369231212544
1258449338356903936
1258448998203097088
1258241963981189120
1258241233568378880
1258199329879339010
1258198395564494848
1258157399430619137
1258157349702959104
1258157142391107584
1258156906012696581
1258156559252807683
1258156348870725634
1258154220580212739
1258134492599980033
1258134460551376905
1258134296419880960
1258114902662754305
1258104546385170433
1258086074582274048
1257811346730766337
1257799611424661511
1257759136323944449
1257758984884367367
1257728036365127681
1257727910858969090
1257713187455225866
1257404053535023104
1257353024789512194
1257132516198285313
1256986408755093511
1256766380185133056
1256766309989261314
1256326388774088705
1256309978480041984
1256263861432352774
1256263795946729472
1256263735058083841
1256263591289815044
1256263417796546560
1256045209613479936
1255892089407254533
1255891996826312704
1255872506340282368
1255618948235747335
1255618863951118338
1255618484936912897
1255618382931603456
1255567033716158464
1255566756363603968
1255541956115038212
1255505885025177606
1255505812342128642
1255505593550462977
1255505382375653376
1255213496599564294
1255213301295972354
1255213077437571075
1255193844506923010
1254891558068985856
1254844271452094468
1254843732119228423
1254792797351227394
1254792695152816128
1254792573673144321
1254145002055200768
1253794400083337216
1253794235481980931
1253781874863996930
1253775857539264513
1253772568051494917
1253772524749557761
1253758798340198400
1253754811167760385
1253750487071043590
1253746254473027585
1253732832679276546
1253721336498794503
1253698463675682818
1253698349393424390
1253698194866868226
1253698086804901890
1253697858164981761
1253494015489650695
1253452915857133571
1253452830670815243
1253452744360431616
1253452622264184834
1253452511576457222
1253452441183535110
1253452374435299331
1253452297713188866
1253452189135187968
1253452057169858560
1253451971270529024
1253420337611472896
1253420293122473986
1253403809008795650
1253371999570853891
1253126417874853888
1253069488737726464
1253065083430883329
1253041444866142208
1253041303501357063
1253041162551730180
1253041067940818944
1253039946820173825
1253034192570658825
1253021291399045121
1252998756620001281
1252965588667940865
1252965513178886145
1252965402012942337
1252965194239803392
1252783036648902657
1252702110031974401
1252702062300876800
1252683672949587969
1252330319237320705
1252309689846632449
1252297142393339904
1252296997736001543
1252285333045227522
1252255787143041024
1252255645392416776
1251715310098546696
1251715303366709250
1251612398563229706
1251303684127907841
1251239057058942981
1251219719958511625
1251208990601732096
1251208622840872962
1251203839975440384
1251193413166403592
1251166380755468288
1251166275222601728
1250949610396438528
1250949276773101574
1250878191658549249
1250878041041108993
1250850463064510464
1250850408530087938
1250850256847339521
1250850049036345350
1250576703119937538
1250575907628212229
1250536524468412416
1250515365895065601
1250515286324805634
1250515183094693897
1250515094599086080
1250499435144130560
1250497994283253760
1250497842076160000
1250497826259382273
1250468119400849409
1250461976100311040
1250458564105244672
1250458357519060998
1250432619608588290
1250263221510045697
1250262225891266560
1250204443641028608
1250157534977183744
1250150448000008196
1250150409957761030
1250128785917317120
1250128686357065741
1250088599330193408
1249831380839735297
1249831074647224322
1249816320037830656
1249779051612405762
1249776672255156233
1249772447026511872
1249763127660511234
1249405604629790722
1248738629494636544
1248737475062882313
1248737372428271623
1248737317495373824
1248687411732844545
1248687381659684865
1248687168106758144
1248685406469656576
1248660083766112263
1248660030922067972
1248638448807948288
1248638395624165377
1248625244111114251
1248358696545128449
1248357233488007178
1248344098517463040
1248344045669289991
1248343328560746497
1248326855154900997
1248326690545205248
1248326532398972930
1248295232002838528
1248294974044745733
1248294665205551108
1248048492775432200
1248036865023844353
1248009193358913536
1248009090770415616
1248008770690547713
1247944638993924096
1247936404224708610
1247901225070161925
1247704800432721922
1247684857502801920
1247684786111557635
1247628228413489155
1247628066488299520
1247559048418988032
1247284823808512000
1247021189819592705
1246824865836838912
1246824862061977601
1246561232942964736
1246484015667871745
1246452110058835968
1246451898120638472
1246451748400762886
1246224819944751105
1246198300157431808
1246194928733933568
1246159332359589888
1246156888372170752
1245896097484210177
1245863860700975105
1245863761686085634
1245824986457112577
1245798325477167106
1245798234406162434
1245798181595688963
1245797967019335681
1245797772982452229
1245782898915115008
1245782560149389312
1245772612309061634
1245770481329778689
1245758017263611905
1245727386659893249
1245727209668726784
1245531731924525058
1245453417931329536
1245439129871167489
1245438983687090181
1245427774019588099
1245409201247137796
1245409129268744192
1245408995881385985
1245408873667854336
1245358266575618048
1245358159302144000
1245166798665891840
1245166605019086856
1245166513188978690
1245166446755434497
1245151850241892352
1245133699143929856
1245108847477428225
1245104446377537536
1245079868590751744
1245079757605294084
1245061469789655043
1245051981082828800
1245051301265899525
1245051153588654087
1244837999663362048
1244736017510338561
1244729594210590721
1244729414895710209
1244729248285368328
1244693855963930626
1244671945007861761
1244637506655657988
1244350420912345089
1244037847411077128
1243991768338661377
1243990263153831937
1243637234043105280
1243593427683610625
1243593335194910723
1243593211391758336
1243593146765922304
1243593021876305920
1243592917224169473
1243592786106036224
1243592593939861507
1243592490747342848
1243592380072239105
1243592216708349957
1243586256803704832
1243301071126224896
1243282658639122436
1243277748308672514
1243277649964867584
1243234453301989381
1243234372410642436
1243234249085464581
1243221135493382149
1243221064664133633
1243214499269742595
1242989243514978305
1242980972355891203
1242942384201236483
1242930900293353473
1242930867791695876
1242930572252655620
1242921719070953474
1242921570017906688
1242921367596605440
1242832245326577666
1242832006020464641
1242831813103489026
1242614821612326914
1242614604909461507
1242570410996240384
1242513878191419398
1242473842678943744
1242473564541988864
1242458889926443008
1242282052071886852
1242281695543427072
1242250477775065090
1242250273621512193
1242250167358799877
1242250024882507776
1242214988128944134
1242197974794539008
1242170922561306632
1242170318023770113
1242170215179354114
1242169859997421573
1242104295698415617
1241904292929441793
1241879338414411785
1241868793867091968
1241867391732236292
1241867273956139009
1241867185347276801
1241866962038390790
1241866877451845632
1241866798309486592
1241866724456177673
1241866608559230983
1241523299387138050
1241505078839848960
1241476141770293248
1241451534472359937
1241450795217883138
1241449984295395328
1241448128403865601
1241408897799327744
1241142520169607175
1241096105925971971
1241085906997526528
1241085906074750981
1241085905198182405
1240765903945547776
1240765853085380609
1240721947526418435
1240721806983663617
1240721695478091776
1240714750872387584
1240372068287463424
1240098066767675395
1240018180766150657
1240017908123799565
1240017749063225348
1240017646957068289
1239974821254971400
1239706017656692736
1239657305408507907
1239588553052610561
1239588247107522560
1239009802518487041
1239009573454917632
1239009452675776512
1238955353238376449
1238954931127758849
1238690277688143872
1238690276861857794
1238690275930726401
1238690275117002755
1238690274169081857
1238690273267343364
1238690272407511040
1238488162038697989
1238475768071704576
1238442192978481153
1238442112615669761
1238442011977551872
1238441807358410754
1238441572745781248
1238441487932829697
1238441281115783168
1238260759341252613
1238260570153005061
1238260140723372032
1238166094826872834
1238121896312537091
1238090932832124939
1237865967453077504
1237860788070539266
1237860650992324609
1237860551365201921
1237860386822443008
1237828304373235712
1237811384571908099
1237799679200563200
1237794996943806465
1237786430027554821
1237783331124772865
1237783238644465665
1237737113992548354
1237498978356387842
1237498927164858369
1237478644962004992
1237458232135897090
1237440183148085250
1237440054181744641
1237439944546750465
1237211815790227457
1237079970612236291
1237078044155826179
1237047798618640394
1236813104153051137
1236761121190596608
1236761120091918342
1236761118976225280
1236761117604675591
1236761116564312065
1236761115364929537
1236672293918650370
1236668982947729408
1236668801388773376
1236668378460442624
1236668030505140224
1236008985859444748
1235985738241642497
1235948833009471489
1235948591828647941
1235946760276766728
1235692690823499777
1235685857065152512
1235678754585755648
1235616209414107136
1235615523016257536
1235615327628771328
1235337534303023107
1235337316199280640
1235337150926901248
1235336956428595201
1235332744202379264
1235303333600071687
1235301082613547012
1235293471231049728
1235293356936368131
1235293118670532609
1235292899484602368
1235292730886107142
1235269476645515270
1235241876783083520
1235238423197339649
1235228170565095426
1235221986273525761
1234983162096128000
1234956030221725697
1234943126520975363
1234943008400908288
1234897575033081857
1234857711252230148
1234545262816907264
1234539851481067520
1234530193919893504
1234529717883154432
1233847811864702976
1233847451951521793
1233590711464988673
1233590579893882880
1233590397571653634
1233590157695242241
1233589768946176000
1233589564469628928
1233589509050261504
1233476683988185088
1233464675800666113
1233458867981426688
1233440603796647938
1233427602058227712
1233427513940041728
1233122113197944834
1233117160161062913
1233108651839234050
1233095525869719553
1233081688324005889
1233078533624344578
1233078469589897217
1233078335170846723
1233057361159491584
1232783142609707008
1232783048363692032
1232782576353513473
1232764064348110850
1232746390171897857
1232745129926066178
1232742868076449793
1232721563977420805
1232708363869401088
1232696955199000576
1232683488945545216
1232446200621592581
1232432503790559233
1232431897063522304
1232421108319707136
1232402738128048129
1232325200210989056
1232324008332419072
1232323858759376897
1232323776584540160
1232323719479136256
1232171111863013383
1232123165607854085
1231989936515055617
1231975832496812035
1230944878747471872
1230921452569780225
1230921451051483137
1230913139060854785
1230913138108715008
1230675911835561985
1230594864875790338
1230571407668543488
1230528904038932480
1230527519323017216
1230527403899924486
1230527236706635778
1230228712072908800
1230223703251865600
1230223260190740481
1230223221020143617
1230223170554212354
1229840733424754688
1229840668857683968
1228713349707264000
1228397022568316928
1228375685271453696
1228062706399371264
1228061605583347712
1228060660896063488
1228058580659658752
1228043757037248515
1228042742128947201
1228042561773805579
1228042445339971584
1228042296417046528
1228036978895183872
1228036858829058049
1228026747272257541
1227724418098614278
1227709788500484096
1227687350664339456
1227672233054744576
1227660316064059399
1227619511995637760
1227601684517605376
1227575930127896577
1227339979795374080
1227318910443282432
1227314259526377475
1227291852430245889
1226995273483870208
1226962391914733568
1226961737661939713
1226193556680957952
1226175349681270784
1225887760717942785
1225870729335447553
1225836618877108226
1225828236900388864
1225828194240147457
1225828102493917186
1225795078247108614
1225603509871140864
1225603315708448770
1225602961029713920
1225588329577578497
1225573270872870913
1225550962150060034
1225498916763918336
1225481220445872129
1225481104829898755
1225480972172480515
1225429924833628160
1225182598760222720
1225172215982972929
1225172118918324228
1225172088094412800
1225171977842888707
1225171907156332544
1225171842308231168
1225171652381675527
1225171576179523585
1225127874757382145
1225113174900342784
1225094634776547329
1225082630523191297
1225075283927142400
1224887652517916673
1224886845164728320
1224885903686012929
1224840262570123264
1224838627223580674
1224838377670946818
1224784377370071043
1224750057813106688
1224747714694602757
1224462080906006528
1224440391568543744
1224385079553789953
1224385041649885185
1224384587784249344
1224384251644301312
1224369150262480896
1223969320679567361
1223729163078496258
1223673619143749632
