1286056009543421952
1285964900356038658
1285964787151765505
1285964738925678592
1285963725300805632
1285963622724796416
1285664702882816001
1285599794489106433
1285389549347233792
1285334781430059009
1285265059057414144
1285035843598647298
1284339576400740353
1284231437093416961
1284220157070647297
1284212766660800520
1284212166585974790
1284209499058900993
1284177844701102083
1284174475202899968
1284173752499150848
1283921923379007489
1283915637954424844
1283810530629685248
1283791360936546305
1283583259855802368
1283583093627146240
1283520948247945219
1283512199198187520
1283512051172806661
1283505710941310977
1283499884415459329
1283437463432769536
1283436527490600960
1283206720991502336
1283206660299915265
1283135741254656001
1283076538506850307
1283051012006215682
1283050956263952384
1283050813888311296
1282730568187248641
1282726437016010753
1282724641186947074
1282709805086515202
1282708267584626699
1282669705774469121
1282669582600241152
1282397572963995649
1281782349198393347
1281743798209597441
1281629104987611136
1281628806328070144
1281628587628679171
1281628535942250497
1281628017127825408
1281627132662292480
1281626865405513728
1281626633934458887
1281626479793774595
1281625190259204098
1281624991910551570
1281624535700320258
1281624455513612288
1281624399725158400
1281623270895345664
1281622968045645826
1281621543043371010
1281609986733473794
1281604211436859394
1281574061844430851
1281353749735378945
1281353499826163714
1281316057215578119
1281315989771206658
1281315368980697089
1281315296758976515
1281315215196540929
1281315151610773506
1281314740988530688
1281314398628347905
1281314295167488000
1281300646742892545
1281300197981773824
1281294193487417345
1281267259797843968
1280941772357742592
1280941418542964737
1280914197140963336
1280914095487750145
1280913847730294789
1280913280081559557
1280898417535877122
1280873338856976385
1280586960470491137
1280580631521525760
1280578907406774274
1280578282921046016
1280577407343263744
1280509863056023552
1280507874762993673
1280486789422231553
1280291583427072000
1280228229576626181
1280227918501883906
1280227604109328386
1280226595576393728
1280226475036364802
1280226258249490433
1280179459275001862
1279925239170957312
1278776658506526720
1278701146773864448
1278700556849229828
1278447654972862466
1278396515501977600
1278359254001475584
1278336490884468742
1278066917882966017
1278041641723613185
1278031040616058881
1278017298931081216
1277968843244138497
1277648272102846466
1277642767502581760
1277641119099215872
1277622515175735296
1277365401400328193
1276612801771995136
1276587373598564354
1276555772223279104
1276554469652783107
1276553332354617348
1276552033433202688
1276552030904074243
1276336118154301440
1276211264625283073
1276192157091717121
1276168779895095296
1275859357444562949
1275834226873716736
1275831577671610378
1275830120117342211
1275538107010551811
1275536638026887171
1275482351204732931
1275456286461747202
1275216707901104128
1275106878234726401
1275106452257083393
1275051378461868033
1274735939252781062
1274145238496325634
1274034346450653185
1274023768361402368
1274014670471520257
1273980298468954112
1273731588485001220
1273711403963232276
1273646411809251329
1273623931480682497
1273388234039529472
1273370077962874881
1272937481642692610
1272921276089237505
1272901534850965507
1272901094289690630
1272649862107082753
1272642102632079362
1272555917494702081
1272258084409311242
1271474338286522369
1271471436218105857
1271216158457372680
1271208835131285504
1271143163097501696
1271118614314258432
1271108318325604353
1271106730890493958
1270826734888386562
1270778595829579776
1270753203001450496
1270753074638983173
1270752948218404870
1270418810005327873
1270130784641351680
1270130620161720320
1270043858840289280
1270021658288558080
1270019288682897408
1269021220420366343
1269021063545008129
1268946840080257024
1268692502938296320
1268677150326034433
1268639527159173121
1268613411614720000
1268580588652552193
1268579296823709701
1268576319866122241
1268554268170207235
1268362980909035521
1268319958058110981
1268264780940349442
1268256216909778956
1268205489084645376
1268203879809847297
1268203820833783808
1268203697491902465
1267877962944315392
1267875952857624578
1267597021457920005
1267578783114067970
1267548359134457858
1267510164128706563
1267492586782183424
1267245062599163912
1267245055632441346
1267240561347526658
1267240560135270401
1267135744361070592
1267134584413659139
1266477489674760192
1266410463899910145
1266058318558236672
1266057842928295938
1266038993503817733
1265717638291955717
1265691112943030273
1265503231221862400
1265503228214554626
1265479920731533313
1265352069344645120
1265350576847622145
1265299114474037251
1265297997975433216
1264937195657465857
1264934761124028417
1264717359111159814
1264347236521127936
1263930408498089984
1263888769045987329
1263887941862068224
1263887352327536641
1263886873149177857
1263861651603939331
1263581619824275456
1263492061929656322
1263478342759657474
1263474247613194240
1263473916942651399
1263473242389479431
1263471847519277058
1263189331788865537
1263187814574886913
1263172674307665920
1263137784472223749
1262866560026382336
1262856159691714561
1262847195826606082
1262811298506723329
1262517860129275908
1262515490532085761
1262493090696355842
1262468573227876352
1262447758251831297
1262414105207595010
1262130288714547207
1262037131956039681
1261877744687816705
1261810389202894853
1261425646133055490
1261425644883324929
1261365744031404035
1261073828995911683
1261008054847279104
1261000060587986947
1260982033016332288
1260658320735518720
1260635036820410379
1260634985003995137
1260284695381753860
1260268240414158848
1260214049394118659
1259982580268650497
1259937112566235144
1259909140903800832
1259905380861325313
1259545663706185735
1259271131036598274
1259245293687668736
1258859220801372168
1258858760778534914
1258823769776427011
1258778745999110144
1258453825477804034
1258441905555345408
1258416118873628675
1258239014571855873
1258201011027673089
1258061055496007680
1258055873827672064
1258051706165907456
1258043088293048325
1257772052515139584
1257768111803117568
1257741880651067404
1257712532069941248
1257409607070363655
1257380386973384712
1257374654416723973
1257328019842179073
1257012848812752896
1256671969895989248
1256639927690895360
1256292383878250496
1256291559764606977
1256286942775435264
1255983907985653762
1255950416958967810
1255905052667060227
1255888963610566657
1255589996595154944
1255564928087470087
1255218120899395585
1255210973385932801
1255207398383382528
1255170944114491393
1254935555122626560
1254869585540665347
1254557575766577152
1254556698200637440
1254130010052534275
1253796111606853632
1253795983030394882
1253727076533833733
1253726715198746625
1253717087257853955
1253449608417751040
1253421255849459720
1253410564212051969
1253410334364192768
1253354739321966595
1253351660899966986
1253147165972664321
1253143533210537989
1253092224176357387
1253044039508733952
1253043691809386497
1253035041283768322
1252981043650535424
1252760133748359168
1252685603696754690
1252658771219931137
1252602337039986688
1252382675391770624
1252380492701163521
1252307209343643649
1252272771641606146
1251512908493795332
1251262799927541762
1251234483635970048
1250961860641333249
1250864572417875968
1250546892414636033
1250543124365160452
1250482353627152389
1250211823355396100
1250187017188753413
1250144699551277058
1250125448115376131
1249860363631439873
1249796972040552449
1249792285862170624
1249786106373197825
1249745413101535232
1249743754799570952
1249361130847338496
1249355806534926337
1249171083078533120
1248758092654874624
1248718153233977350
1248677622143422464
1248648920567332864
1248398361108996100
1248351281820958720
1248350628390338562
1248350433644630021
1248350196502876161
1248288807436390400
1248266920752820224
1248259029794766849
1248031368581279744
1247982358520872962
1247980638910787585
1247966669839966211
1247965876151861248
1247948645560877056
1247924521136513028
1247653637406494723
1247550165608738820
1247275004074635265
1247242931360141316
1247221483333726209
1247220041633980419
1246863611559055368
1246205399193341955
1246204180487954433
1246136952115650561
1246136273083006979
1246136271061352449
1246136269685641217
1246134809673584657
1246101372484935680
1245830228858953728
1245781923252842496
1245746742705950723
1245427723981512709
1245423109085302784
1245398708218363904
1245397205684453380
1245125251480027137
1245124267819188224
1245084952187875330
1245080351975882759
1245079738483453959
1245003654605791235
1244765337641508865
1244736813757071360
1244711795803271169
1244649325730373633
1244645790691229698
1244366400510201861
1244358409627017216
1243630952523448320
1243604557864853506
1243556507343638530
1243555318057009153
1243280631037071380
1243276306088943618
1243223604952776707
1242928359602077701
1242926095781048320
1242857944196296705
1242857136872398848
1242856138456076295
1242534489806553088
1242534488975998983
1242534488254681089
1242534487159906304
1242534486371381248
1242534485595488256
1242534484752379905
1242502593252937729
1242209131907493889
1242141228696813568
1241821674821111808
1241170313007763456
1241118058619568128
1241020717325520896
1240823018923986945
1240748643549958146
1240709744563806209
1240390847931260929
1240390433303339009
1240374216815411200
1240270407736922113
1240270405291708418
1240077829699665922
1240068365902852096
1240058594386685955
1240039966455017474
1240039119058808836
1240011448438358018
1240011123535032328
1239711914558664707
1239698155240906756
1239690055255494657
1239645446626316288
1239252886808297473
1238875206908854272
1238539375337787399
1238488429958172672
1238228509371387904
1238225673422077960
1238138179846205445
1238133147092606976
1237820917868302337
1237777511867650050
1237487895683923968
1237079359606992896
1237059723658178560
1236395949716463616
1236335803367927809
1236035082323980288
1236015725837508608
1235712621807955968
1235678811120795648
1235678526071861248
1235662790494482446
1235659613841895425
1235341096957423624
1235326639011229696
1235258953027682304
1235258952222478337
1235258951190679552
1234935286087507968
1234882573085663233
1234615213883822081
1234542769194127361
1234537932645654529
1234536450164699139
1234526848148791296
1234227991611420677
1234227990562820097
1234227988797034496
1233516317648605190
1233433314691866624
1233116237196079104
1233115806839582720
1232841098910982144
1232833162989969410
1232797748480663559
1232797747650158592
1232797746970681346
1232448555312275458
1232448554297225216
1232395041148166144
1232082229184155654
1232039150938882051
1231653173288407044
1231369883478261761
1231369882249367553
1230952052685041664
1230951984057860098
1230560831516995589
1230267403428225024
1230261527191552000
1229855150149267456
1229834467088318465
1228390089660780544
1228090947789082626
1228028770218627073
1227997968491515904
1227721386770272257
1227704764949041154
1227698744172392451
1227649541639372800
1227265588122279937
1227250764524945409
1227011052086362113
1227008529577496577
1226882758762471424
1225848561499279363
1225499476607066113
1225498480979906560
1225498479960711168
1225152832271192065
1225152831382073349
1225152830614507522
1225152829901496322
1225152829171621888
1225152828429230083
1225113464152248328
1225112067843203078
1225075941891809280
1224768548310016000
1224457991191244800
1224352984462655488
1224336273852203008
1223705368234205185
