1286053290904559616
1286053153805414408
1286038533115977732
1286018431477743616
1285989490063028224
1285988133352415234
1285980587258531842
1285978665256398848
1285977899892379649
1285976749784866816
1285976273018380288
1285974865145667586
1285969725298806785
1285957415805100040
1285727211518144513
1285727027090403329
1285726964230365188
1285702380575694848
1285699930972135429
1285691816323538947
1285656811618676736
1285630388333928450
1285605300297273344
1285576064463405056
1285347673978163205
1285343192167124992
1285336965110521857
1285321297816285184
1285290929243512832
1285269139284779009
1285244834626895875
1285214909840728064
1285209536534646785
1284880329338126336
1284543928549728257
1284422858513547265
1284422649536487425
1284338356919443458
1284336294764609536
1284268131024801793
1284262624742572032
1284234984245600258
1284231681881387009
1284210895585980422
1284207260303003653
1284187458947690499
1284187390504992778
1284184119774150656
1284183467656347654
1284183388765790211
1284179016027713536
1284176443065470976
1284173496252276737
1284156577541496833
1284153778145550338
1284140591857770496
1283915470022889473
1283891477807063041
1283882027327066113
1283881923190886402
1283852995776712704
1283845462907396096
1283841422819495940
1283816607299653638
1283781708849057794
1283772999087390721
1283762259181875200
1283757122875002880
1283598437108383744
1283598376865595392
1283504586125434880
1283488770613026820
1283476082835030028
1283445859825389568
1283431952859750401
1283431196882620417
1283412394178420742
1283409105680572417
1283399400480477186
1283390384975085568
1283170922422308865
1283140360336740353
1283075915514355712
1283067737112219652
1283051048874250242
1283049459304341512
1283031681935593475
1282719444440166400
1282688213291806720
1282683405105344514
1282671008252665856
1282103008189460482
1282085495342866432
1282019833643769863
1282018244635885569
1281961456288718850
1281750324785614848
1281750161144918016
1281750142266281986
1281701546712018946
1281651532690120704
1281649782205878273
1281649734860464128
1281649529431953415
1281642731090014208
1281613138253819905
1281593212252172294
1281593173031223296
1281592382501380097
1281591657566072832
1281589732196134914
1281366232852238338
1281348201656782849
1281346650414501889
1281322035931684892
1281289459036835842
1281289298797608971
1281277264185917451
1281275172713086977
1281274615810097157
1281260357101719553
1281260297316184072
1281212491079602176
1281014602751455232
1281014567234154497
1281014405073973248
1281000199750668294
1280996068805742597
1280993333549170689
1280993311340331008
1280993292050718721
1280983291550740483
1280921497603801088
1280919402901274627
1280911288852451333
1280893425399857153
1280892603597193218
1280892593333768195
1280887832870035459
1280878491324612608
1280868022945800193
1280867058784374785
1280652153263132674
1280648623878012930
1280580452399579138
1280569402077794305
1280557369471242246
1280556556719923200
1280535756684046336
1280535188452323329
1280513355011194880
1280513232453750784
1280491008405442560
1280304468924514304
1280220393765244929
1280220330242510850
1280220216610471940
1280207237215064065
1280149664780759040
1280142265139240961
1280138289354342400
1279957823292612612
1279954783345020928
1279852355069100033
1279453488397910016
1279453413294694406
1279150471912001536
1279149363479142403
1279092836709826562
1279092780229427206
1279087767377580032
1279045254075858947
1279045111029157888
1278867989740302337
1278796912632778753
1278770146870546432
1278754104504958977
1278752595532746753
1278727284699037700
1278683326203781125
1278475571375353856
1278464942824439810
1278452061865156612
1278452047499661312
1278446274379943939
1278444885595561988
1278437595815477249
1278412823425581056
1278380458515070977
1278374476682584064
1278362442708418560
1278356442349801478
1278352293394616325
1278346212375179264
1278346180079091719
1278319409283637250
1278319092068495360
1278087570459672576
1278084078626013191
1278078674223403015
1278073051494653959
1278068194738089985
1278050693153259520
1278044294188806146
1278029927019880448
1278008662091616260
1278000605961863168
1277983684117909505
1277969142209867776
1277960706118344704
1277730045726003203
1277729514299297794
1277725884288466945
1277715562186096642
1277713291033354246
1277711730668437504
1277711143428071427
1277711099744354304
1277669013817036803
1277648411651694592
1277647709407715329
1277641950213156864
1277610691436969985
1277600738773000192
1277035200468451328
1277011303622639616
1276981260754341896
1276912560747544577
1276664079302696965
1276618676465291264
1276618499662675968
1276618381051990016
1276588046503337985
1276576631805685761
1276545046121250817
1276523467752574978
1276515974666207232
1276334346945863680
1276330162540482562
1276329127717613573
1276328660623122434
1276249440995729408
1276216339888308224
1276203405984378881
1276157718701707266
1275928722424696833
1275862485954899977
1275853897828044800
1275837317618565121
1275808291176710144
1275805515868770305
1275564938443075587
1275467600403849216
1275456607883800577
1275232695702994944
1275196428864966656
1275164048477294595
1275102834770489347
1274779061932437505
1274614618619510784
1274074781076389888
1274074559558410242
1274022831769206786
1274022718296461313
1274009968900034565
1274006398947471361
1273995834229755904
1273982942717624321
1273982812438347776
1273982359252144128
1273982145191706624
1273981412262187009
1273981265620983809
1273978320967946240
1273807786791636993
1273805881671593985
1273803256842649600
1273740821402210304
1273704853009772544
1273704372782936066
1273703355337134082
1273702566682079233
1273702443348525064
1273701711144771590
1273698269026291712
1273676766754811904
1273669360389967872
1273663401965883392
1273644203789205506
1273640479461171202
1273639924424736768
1273628282433548290
1273628092507004928
1273627518596263947
1273621694347911168
1273618639443369985
1273618211381149697
1273612117866885122
1273605860095295488
1273424784215457792
1273424697481482240
1273418615644205058
1273410579110256646
1273389469769641984
1273382980875177987
1273382886725517320
1273381937932099586
1273381925131104256
1273381907049394179
1273381359227150342
1273381274359652358
1273381187181051906
1273381097037090816
1273380969928679426
1273380393484464128
1273379663591739397
1273379649750552576
1273376610129981440
1273376600797646848
1273375955344601088
1273375869260742656
1273375465445752834
1273375301993738240
1273328442193391616
1273322107758415874
1273308270174896134
1273291029186252802
1273259226174033920
1273250093928497154
1272997780072599553
1272963047108345863
1272951900489555973
1272951362054217729
1272931027762249733
1272899569165139968
1272655807692316673
1272578852385161217
1272573727612469249
1272560969198206980
1272553787752939520
1272535703465984000
1272533491582935041
1272533417775816706
1271814461909860360
1271803429216755712
1271541880988319745
1271496061413138432
1271494080325914626
1271434251427360769
1271212937278038019
1271212227434070021
1271129547900141574
1271127728356499459
1271074030355918854
1270835727220310023
1270805830854758404
1270804544042209281
1270769632421588994
1270739118327238660
1270738166895595525
1270736713074302976
1270720095497535501
1270718535023554562
1270468179236728832
1270460604386607104
1270457621162725377
1270455365604454402
1270455115967877121
1270452098187046915
1270383368744689665
1270383332870815744
1270159550390374400
1270106218447634435
1269819131152543745
1269727497547063298
1269008609947586560
1268989227808837634
1268988248858267659
1268967256773611523
1268904664298291202
1268904234470248448
1268902327353856000
1268678307823915013
1268677690866966529
1268665497928765441
1268629743555002374
1268628169923473416
1268627987190210560
1268615418303799296
1268595981211389953
1268546967837310976
1268332746381852674
1268332346622783488
1268332007215566855
1268331564435484672
1268331410915569664
1268330861683974146
1268309993884758016
1268309861156163585
1268309161512747008
1268309015169077248
1268308954074865665
1268308445825871872
1268308359465381888
1268308302120837124
1268308221791547395
1268288246787837958
1268271388734959616
1268271366123458561
1268255357836701697
1268254923801661440
1268222431153524736
1268221809255682048
1268210515865731074
1268197935038300163
1267976143136649221
1267910384167653377
1267906205739028481
1267871024290430977
1267863974198104064
1267814449748086785
1267639118416228353
1267614799124447232
1267556419454349312
1267555604937261058
1267555340456988672
1267512337147334656
1267497897207181317
1267453993577598977
1267113829974126593
1266778043105923073
1266765765329457154
1266455694431182851
1266451924292952074
1266448944520814592
1266447341395103748
1266445621122289665
1266422193761763333
1266421828836343809
1266400086143242241
1266109891162320901
1266104050396913664
1266098966120353795
1266083839232880640
1266075132415614976
1266028190742568966
1266000924088176641
1265998243286130690
1265997154348384261
1265717178449498117
1265713588574007297
1265711716844941312
1265711683441496065
1265684209085145090
1265664018066345984
1265663021420097539
1265649818396958723
1265425841061855240
1265400778027683840
1265382249765142528
1265275913907904512
1264966247663439873
1264934700352712704
1264597154380877824
1264564894277525504
1264332822472425475
1263889569755398150
1263880592917245953
1263862194317471744
1263821338734665728
1263627821395689474
1263627806069702676
1263586397740359680
1263583636248424449
1263583621740236800
1263581614149263364
1263539758355173376
1263531518829441024
1263531252914835457
1263512482838175744
1263478369896841216
1263288010893901824
1263237484630151169
1263183676352999425
1263176359230267392
1263171743407054851
1263171241789263873
1263167808009048065
1263115724349935622
1262928260167610371
1262887488613466123
1262869980015734786
1262869347414036483
1262815491350986752
1262804164423409664
1262738589642825728
1262736549889945600
1262527342666276865
1262527333589712901
1262527323980660737
1262519658130915331
1262507913878306819
1262501029058412544
1262499261108957188
1262499141843931137
1262499132046020617
1262437006719803394
1262435615444021263
1262424967628623875
1262415272566292480
1262134210955001857
1262063565097271297
1262061647847448577
1261813517327491072
1261708343275589633
1261685754914312193
1261669717179273217
1261485103571775489
1261478155992391681
1261473583647395843
1261421247155466240
1261393070333005827
1261319130822606853
1261316603393777664
1261316527745314816
1261316496908791815
1261316319254843395
1261316251227430913
1261310399678472197
1261134346490183681
1261073182355849216
1261072982379765763
1261069311084462080
1261069256621461507
1261069151080198144
1261054697617666048
1261054672116371457
1261054564901572611
1261030170774908939
1261025852327952386
1260992761852985344
1260992520001118208
1260992181478854658
1260987582176989185
1260978544777334787
1260959091335352322
1260917845858410496
1260762342045949954
1260695604436574225
1260644964616138752
1260642402546724865
1260594435563360258
1260576698506129409
1260569838927347712
1260360142249431041
1260310733251903491
1260296036234518528
1260295958975451136
1260290513854496772
1260290475673747457
1260275383590584322
1260261369561198592
1260242128657145856
1260242078870704133
1260229851623174144
1260228506111430659
1260224568737832960
1260209032213782528
1260204151260221441
1260201215574585345
1260028408542539778
1260012868776296449
1259988701364596736
1259988672327364617
1259980336928342018
1259956399079129094
1259941386058698752
1259913892563750912
1259908712786993152
1259876299109171200
1259875308548882434
1259838311612497926
1259838276577484800
1259838241311731714
1259523150049611777
1258970107839156224
1258887996822171648
1258862712030887943
1258855982370820106
1258846061105500161
1258845528147873792
1258841903732310019
1258831780255272962
1258798492778024962
1258792418587160577
1258789409673052160
1258773155541286914
1258772782969733121
1258563218571767815
1258545954963075072
1258539637489856513
1258523846858047490
1258505866824671232
1258487018818019328
1258478938466254852
1258428912473985025
1258412523864424448
1258407637772795907
1258405212131385345
1258153378917552128
1258153249162625029
1258153215331368961
1258150377716883456
1258114541692616706
1258094262744473611
1258063929751875589
1258040970966380545
1258032476276101120
1258032438300868608
1257821274753118208
1257803183797256194
1257785381040390146
1257764331325927426
1257758358402195456
1257758205096140801
1257754927838920708
1257754680010170377
1257747456999272452
1257742184616517632
1257741840658374662
1257741829564481536
1257732733020897288
1257726066237616136
1257725642298347522
1257684481957335040
1257675484336459777
1257658521820282881
1257448445805301760
1257375387274928129
1257361339426779138
1257358465074376705
1257356694142812166
1257354338718101504
1257354300495482880
1257046104664875012
1256662555487076353
1256592454213648384
1256319005385580545
1256254350126657536
1256212903088267265
1256005146015924229
1255980158223372288
1255980137511890946
1255958607482454025
1255947981066567681
1255942253073313805
1255939415958081539
1255896826579992578
1255872407849615370
1255872377713541122
1255861385571061760
1255668247518760960
1255667963321073665
1255654471960612864
1255654444294946816
1255653097801682946
1255647146906451968
1255644006098382850
1255643984644489217
1255643960699224065
1255643950792278017
1255643930806411264
1255633241681334272
1255619626169511938
1255614019366518784
1255588259171835904
1255588225718026240
1255580175149993988
1255579707392876545
1255575469057019905
1255560330417225739
1255545058302013441
1255534902306578437
1255523571054579713
1255523560623308802
1255512069803212814
1255511765934366720
1255491259638124545
1255491222648557570
1255288307900170240
1255288263767732226
1255248081874010114
1255238564205518848
1255224827964723200
1255218855317852162
1255209915704107016
1255209878114705409
1255202369278742529
1255202348647022593
1255199196275265537
1255199156848726021
1255198993057026050
1255198911905628161
1255198858528927747
1255198718749552640
1255198497466388481
1255198474171285504
1255198433905950727
1255197442729017349
1255197213472555011
1255196704242044931
1255195818149253121
1255195810104516610
1255193203852169217
1255187999593312256
1255180284657577985
1255173459455467521
1255169844489658368
1255169449969229827
1255167817592299522
1255163136946114565
1255156854071721985
1255147494821916678
1255125577306189824
1255124603158003713
1254899914858995713
1254887057660547073
1254887034117861380
1254847406815969287
1254826424025911297
1254825016534933504
1254821493084733440
1254813792204177409
1254807018520612867
1254802852930899968
1254799663884009473
1254784048754393089
1254783580602920960
1254759258228437003
1254577373988651009
1254554076689432576
1254525814093287431
1254444019746250752
1254139083900825600
1254136281610833920
1254134824731848704
1254134580006866949
1254056147218321408
1254047864071827457
1254047783784415233
1253776122325741569
1253771375413772293
1253767186046427136
1253713856473567239
1253712868329107456
1253687062840184834
1253683650417344513
1253669083540787200
1253475673462710272
1253475013367341058
1253474288801402880
1253473591456342020
1253473342004375552
1253472426022842372
1253471396023369730
1253469348171321346
1253468158050041857
1253466137117024257
1253464886157488129
1253460407068569600
1253459750307729410
1253452254255947777
1253451530163957762
1253451419853651969
1253451330733162496
1253451240253591554
1253451100323266560
1253450888200351744
1253449067042127877
1253448810266853376
1253448610571845637
1253448320518889473
1253415682022100993
1253389122061959169
1253355987702026240
1253151299484475393
1253110247004176384
1253091264377040898
1253091226057953280
1253070079379603460
1253069447713169408
1253066472697532421
1253058812787019779
1253048337957376001
1253033136314818563
1252984425274621952
1252978414597873664
1252977457151516672
1252950812076064768
1252773885478649858
1252749471835881478
1252726321182134273
1252718803852636160
1252708549433720834
1252704228713340930
1252700742969950208
1252689213402894337
1252678437870940162
1252677848856494080
1252660689229041670
1252660378884100098
1252658614852096002
1252657892429303808
1252652202373644290
1252621915216371717
1252597111826395139
1252583237576208384
1252435067680350210
1252429324008910854
1252384043070447616
1252347742816333825
1252344653271072772
1252335988266819585
1252334588770299904
1252329014729093124
1252295799079415815
1252293419118067713
1252292699769778177
1252224715302854658
1252005647895465986
1251904280757403652
1251703662042402818
1251637924363472896
1251637898572595202
1251616488018059265
1251612118757097479
1251601655176605698
1251587127973941249
1251563838455058432
1251545441679925248
1251275902081736705
1251275846066847746
1251247727717101568
1251247647379402752
1251239314513690635
1251236683753959425
1251228766963187713
1251228547311640579
1251215326127194117
1251192836109873152
1251181891459395584
1250915316202377216
1250855526092718084
1250845331300003840
1250840794170302464
1250836413102395398
1250813386021101573
1250810883158269953
1250523310292643841
1250522992670650373
1250509008403906564
1250507903007690752
1250498446856945664
1250490786472493057
1250477878707453953
1250471137655603201
1250470540000837632
1250468802623606784
1250461489607122950
1250460749815787520
1250429421535678473
1250426080491499522
1250425689741778950
1250410205474668546
1250249313780932610
1250248591072989184
1250248539848036352
1250237115859861504
1250204209888342018
1250147183304806400
1250145575787466757
1250145551510888451
1250143513326637059
1250135600314880016
1250109422405378049
1250091803132465152
1250070557728669697
1250050992558800897
1249858080084557824
1249849429559042048
1249813051680964611
1249808311094050817
1249799993365540864
1249798799666675712
1249780444880687104
1249778648430903296
1249771211409764352
1249767433625313282
1249756557505593345
1249746281985163267
1249744512873836546
1249740216212033538
1249536054220259330
1249534916775337985
1249528256082120709
1249465237218213889
1249464339960037380
1249464109940322304
1249463281951137798
1249462790093516801
1249072923635265543
1249072635880841216
1249060223903502336
1248719320596840448
1248705517989638146
1248665926683279361
1248653374414864386
1248653327249952771
1248624997578358784
1248387506841587714
1248341478780407808
1248329848541626376
1248306793069137922
1248301314972495873
1248004489425997829
1247981450651226113
1247975860537364488
1247951996705013761
1247893764674187264
1247865901396959232
1247697323985117184
1247688935339417600
1247667561837330432
1247650401073205250
1247647297787305986
1247638233724395522
1247629692271763456
1247612748302876677
1247608172828909569
1247608127542956034
1247579059602821124
1247538801611665409
1247536379728281603
1247317677632294915
1247259035503599622
1247222954850758662
1247200317869088769
1247184992498864128
1247151711342465025
1247008306679382023
1246878537266724865
1246832249661730817
1246508581903622144
1246508066398502914
1246471409263611906
1246443731026350081
1246232030943330307
1246191072570683394
1246162785307893765
1246151724928245761
1246148453656342530
1246145167737880581
1246144915412787202
1246094705290547201
1246093069411323909
1246093052759982081
1246093045982003200
1245847163848069121
1245847132529180673
1245803974516781056
1245803903343644672
1245792730531446785
1245791762423185414
1245784000108662784
1245744128593399811
1245719993641295873
1245718108351926272
1245527026540384261
1245492230212784133
1245437626611531778
1245436682259902468
1245400616505085952
1245391890117263360
1245373848037588994
1245373171148169217
1245365295176454144
1245357664332324865
1245354461889007616
1245349796480778242
1245349562052685826
1245349271668436992
1245110248744071169
1245103597962092545
1245103567666581504
1245095881558417414
1245086291475279873
1245070397374169092
1245052482344058882
1245045027094528000
1245045018475331584
1245030129467883522
1245028447388340225
1245025005466943495
1244999641868967938
1244780012873617408
1244771919179780099
1244771143023656961
1244713135950479366
1244700919222210560
1244690279527075845
1244661780040777729
1244646833588187137
1244646588015919105
1244621066657583112
1244449316682567681
1244449163208790016
1244063027089018885
1244062656232906755
1244014464569131009
1243960347821735937
1243912324097937411
1243898694115655680
1243745098103500802
1243683322418663424
1243681814683803652
1243679282762833922
1243678499115802625
1243678358560538633
1243678069480656896
1243658133333053441
1243657998930771978
1243650575583109121
1243628368064647174
1243615407774326786
1243615373603340291
1243609855941906434
1243607718193225728
1243606818372358145
1243605985819795458
1243605776477958147
1243604554647773186
1243597965350100992
1243596333463805961
1243587124378636291
1243585655596355586
1243584864772898818
1243539979793575936
1243353795402350592
1243347379908227074
1243295171497820162
1243274229354762257
1243268035441569793
1243249788939898886
1243219095904026628
1243214475773325312
1243212101264519168
1243207738861158401
1243195508837023744
1242998946651410433
1242933298877399041
1242891036898340867
1242865712672264192
1242850392972632064
1242848551044034560
1242838687748108288
1242837498230910981
1242827705718132737
1242787832680366081
1242609258388230145
1242563884277469185
1242535748160675840
1242523032570286080
1242489605624147968
1242471437824376832
1242457094923735048
1242267011629154305
1242251031632850945
1242246278379180034
1242234721779814400
1242234596751822848
1242195619613204481
1242181380513112064
1242181339954253831
1242164193282883584
1242156679212535808
1242133024294174720
1242115398826328065
1242104563743830016
1241798158520397825
1241786712235311106
1241784874777935873
1241784502613159937
1241766692637806600
1241766550761279489
1241760134969339904
1241509021368057857
1241476074757935104
1241449947893039105
1241405212453208066
1241395223281967104
1241170862230863872
1241163350425378818
1241150931506470912
1241141258850099201
1241136236045139970
1241136205015789577
1241132159374692352
1241132134703730690
1241125333128089601
1241116108511379459
1241115427448774657
1241099212781166594
1241058756219281409
1241058038154395649
1241054529866682371
1241053786665291776
1241010963761020929
1240935493241655298
1240812385402867712
1240786997658206214
1240762462011559936
1240762286962335748
1240757315806072833
1240757257782153219
1240753175797301251
1240753141517336579
1240696456832417792
1240673885143609345
1240650111652376576
1240571359467634690
1240439629402329088
1240439570400980995
1240425915831771141
1240412036699430912
1240409950939222023
1240402836799840262
1240402360750530564
1240393084703293442
1240391382684098565
1240390839597219847
1240378679861149696
1240373705693413376
1240371388361461766
1240370480080658434
1240368977165127682
1240323653746688000
1240315098750746624
1240311422183227393
1240296627539193857
1240263199515123712
1240045056754618368
1239948473547587586
1239943738786484226
1239698342608801795
1239660013548900352
1239644138057994240
1239643905651507203
1239620863810572289
1239617607550095362
1239585162431782912
1239574932696305666
1239571839325700099
1239571734581436418
1239543174235906048
1239208189100535809
1239197442253389824
1239197404634796032
1239195096760963078
1238980672322240514
1238914917274697730
1238895426679472129
1238895401572470788
1238848047804751874
1238821689611431936
1238820634077147140
1238643860764573696
1238633185560473606
1238598468148645893
1238593529359761409
1238590807042674690
1238590790240264195
1238580571711975426
1238579657261207552
1238577926230224896
1238575735041818626
1238558361945280517
1238537834342092800
1238502027774373896
1238497119088058368
1238496995951685637
1238272583491076096
1238270060457865218
1238186860637294595
1238178755568377858
1238171884107202561
1238145657178927105
1238141541455200256
1238138828575125515
1238102764527456261
1238100773189320704
1238092675536097280
1237875933454798851
1237864275139575808
1237864180650139649
1237861733428891651
1237837898923343873
1237827201535524865
1237818338891509766
1237813124029460480
1237810278923894784
1237796486714458113
1237793365921538049
1237785551434022912
1237778151679328256
1237743764980056065
1237740896457756680
1237533508622381056
1237505723413614593
1237500052337233923
1237494414139850752
1237488515249733636
1237481328565784582
1237473661277405186
1237470899563085824
1237461152940150784
1237438270759407616
1237437892428996611
1237422200933756928
1237414825552158720
1237414423729442821
1237399534285791234
1237397590800576513
1237393036360830980
1237377531424186373
1237374264942174208
1237150815242108934
1237121632734515203
1237115695051296772
1237114797960892417
1237111468748931075
1237047405016727553
1237044654757089282
1237038161609588736
1237031620990906371
1236797283263483906
1236700378143563779
1236699462166368256
1236695800706727936
1236695235826266121
1236384657354211328
1236000922586804224
1235975028434300928
1235930404865150976
1235930269707841536
1235753439583494144
1235699698742292490
1235697191613853701
1235693783603449856
1235677748351234048
1235649972005220356
1235638261072134150
1235634029895933952
1235621843962179585
1235621050194501632
1235611156187951106
1235604726798069761
1235591549003739136
1235579944853532673
1235558628318498816
1235555293712400385
1235324931082252290
1235318885563404288
1235311742240124928
1235307428897574917
1235289759544729600
1235280159705640960
1235275009419022337
1235268358796455939
1235249933130727424
1235243681839550465
1235242693179191296
1235242655623372800
1235242637617254406
1235242352656158720
1235231175112822786
1235229296706322434
1235223684576669697
1235220957092073472
1235220911927812096
1235215721212383233
1234969981265145856
1234957047713714176
1234887547421155328
1234884122000207872
1234877061887594497
1234874404842151938
1234856302062559232
1234613769927565314
1234604659190398977
1234591966995808261
1234585241198698499
1234577469740638209
1234576241551867904
1234527550719844359
1234519844088926209
1234277911781396480
1234277790507294720
1233830940985692160
1233830940075491328
1233830938867568645
1233563255450357762
1233488599640920070
1233470947191074816
1233467599914242052
1233458515831918592
1233449549102010368
1233441606834978823
1233278845840695296
1233213369613799425
1233159882880229376
1233152230741684224
1233140505195745281
1233137011856486411
1233128066173612032
1233109334692966404
1233089512311488512
1233080362055630848
1233078250483703808
1233064842203975682
1233061163639988229
1233054667837448193
1233050666878349312
1233047670769537030
1233036212899844096
1233029732343537664
1232807963280191494
1232793402430889984
1232782725100265483
1232770547903352832
1232762748410486784
1232750289897377794
1232745890907070465
1232738269651140613
1232717209589485568
1232710555858804736
1232708030023847939
1232691597676105729
1232687220273958912
1232675200128425986
1232671073050791936
1232662669557161984
1232436684207210497
1232421284644085760
1232421226951385088
1232410390031671298
1232376467524333571
1232361611173728258
1232354907312787456
1232323014836064256
1232318628999180288
1232095370165018624
1232095369175207936
1232095367996563457
1232064295351001089
1232058491835240449
1231997253788798976
1231713523337699330
1231385304419966978
1231295498021154823
1231295432619364352
1230991529688420357
1230991491209875459
1230989737680396291
1230926139239149569
1230552028637802496
1230551888682246144
1230549319025143810
1230535006201745409
1230257050191568899
1230230134071922688
1230163255781478402
1230154747677724673
1230148032957763585
1229949169374285824
1229877375699214337
1229876615301271553
1229852786097086471
1229810533353820161
1229810460461060096
1229810450755354624
1229803164918046721
1229433061445701632
1229432502869204992
1229061608908959745
1229053656860942337
1229035589707628544
1228842082879627265
1228842001539440641
1228816308118212608
1228723659625451520
1228671377814716416
1228427366294261760
1228427286120144896
1228415022457593856
1228404699436666881
1228403524272316418
1228391455615574016
1228373874682802177
1228369098054217731
1228367786197626881
1228366891837771778
1228352581526867970
1228078239995908096
1228060724355883014
1228060216538824705
1228043994938122240
1228032934063607809
1228026958379978753
1228013735048032258
1228013690437427201
1227993302651326464
1227968754971107329
1227742615564673024
1227716577673596929
1227712706783764480
1227679266541907969
1227671773015166978
1227654804421386240
1227636092536606721
1227634187353624576
1227634169548877824
1227631928012132352
1227631701066645510
1227619064442445825
1227612592975306752
1227612309499121665
1227611227851051008
1227597164114796546
1227378561247567875
1227355314988765184
1227340348151730176
1227328603811196930
1227315946458669057
1227305379966705666
1227299706461675521
1227297192299376642
1227297146199846914
1227295615840915459
1227292670021849088
1227268679949221892
1227263720205799424
1227253975956819969
1227250466477793280
1227250148146892801
1227074610597941250
1226931596927827970
1226882830808027137
1226861428029743107
1226546660752416768
1226287529307070464
1226272608884330502
1226190703904030724
1226188918044921858
1225953734821392384
1225953317014188034
1225937913621381120
1225909263505252356
1225867203301474304
1225847910669148160
1225842373130932226
1225838619090440193
1225838607958712320
1225837819622498304
1225833336649723904
1225832790501068801
1225832656509833218
1225832574246887424
1225832382319808512
1225810581522911234
1225801160306708480
1225799941458714626
1225611470681055232
1225610030428413952
1225608945349406721
1225603646009856001
1225545870826967041
1225538414822526982
1225538400905781249
1225527621724844057
1225525053254754304
1225521650998882316
1225516489819729923
1225512718947569664
1225483410900160513
1225475660195430407
1225470483325386755
1225451524974956550
1225419044939030529
1225173471547809799
1225153720989757443
1225149784329244672
1225116336570978304
1225113679722663936
1225110154355625984
1225105518605348864
1225101283742441472
1225097235110793217
1225097200818118656
1225083588997271557
1225078315326869505
1225075853421371392
1225075344589361152
1225071296746344449
1225070246807113728
1225069180799586305
1225060173041094656
1225060082016247808
1224915752236539905
1224910560996864000
1224908323201388545
1224897533069185024
1224896101142142977
1224894214615588864
1224893943273443328
1224893869675905024
1224893652809474049
1224892130163863555
1224890952680189958
1224890176545198081
1224889425638936576
1224888877569191942
1224885342723067904
1224883741828493320
1224881947320758274
1224881277083508742
1224880833384808449
1224880088161845249
1224879196813570051
1224878776825405440
1224878757128888320
1224878714745425920
1224875255707185154
1224864489490784257
1224860743088201730
1224853798415413249
1224807931897618434
1224804657069002752
1224802459673145347
1224787561333383182
1224779873287331841
1224769600547643393
1224735566119546880
1224708834104573954
1224706550780047361
1224490109808074752
1224431488420024322
1224425748943048705
1224377470780088321
1224351294242148354
1224331861075398656
1223985717019316226
1223650867120955393
1223586715073253376
1223417071926685696
