1286079618861105152
1286041373871923202
1285952398608027653
1285683858583818241
1285672386545831937
1285627291721183233
1285522338881122305
1285519785103687680
1285311146564755457
1285248949322997760
1284872187594313738
1284870218788085761
1284527797499830272
1284514515913256960
1284510907817766912
1284497959304953856
1284497292603645960
1284496089740173317
1284495227361910785
1284403436382019584
1284379038090440704
1284370416371298306
1284333517988560896
1284140362643243008
1284140361640804360
1283859330433978368
1283859159054725120
1283857995181494272
1283842041974272001
1283794223691702273
1283430009319956480
1283051998208823304
1282840283353415682
1282484022376116227
1282450537351467014
1282447603553181698
1282415437364551680
1282414504064815109
1282177720143708166
1282037874880327680
1281807263255101441
1281793586888085504
1281741766849368064
1281602609477046272
1281297011778732040
1281020568180064256
1280985599231643648
1280967438096621569
1280879852548169736
1280708210861711370
1280572198193954816
1280223916259184642
1280221801772171275
1280173459817914369
1279472704924631040
1278827951870676996
1278827950901731328
1278765690170769410
1278753052846108673
1278709616633929728
1278691459764555776
1278429165285453831
1278117399003357185
1278050236695556099
1278007178306207748
1277986065790513156
1277985812714569730
1277791057099489280
1277764317933379584
1277696470305685504
1277659798071377920
1277268500759949312
1277020463512903686
1276682877858701313
1276626127189086208
1276626119186362368
1276592007872479233
1276591373219749888
1276590386484596737
1276530480830205954
1276318371190132738
1276271322335784974
1276271227200569347
1276240965066461186
1276239803714023424
1276231581900906501
1276229849946996736
1276156623573131265
1276148378485829633
1275964508683620352
1275897850203910148
1275877394482675713
1275852552345616385
1275850707711688706
1275849824299110401
1275829009411162117
1275791855905640449
1275531552773062658
1275452321904771075
1275270554161946624
1275221003778613248
1275146822084890624
1275139089914871808
1275133607309455361
1274872311422861314
1274870268406763527
1274817159462637583
1274770318167543816
1274760507677966338
1274753917449056258
1274713405895647232
1274706552667213825
1274525749077315585
1274512130390319104
1274476597769363456
1274448421395599361
1274447333959380995
1274438620255051776
1274436824740528128
1274430866954092550
1274374770491080705
1274355857183182849
1274354132737044482
1274189226805006337
1274188702768603142
1274186550297927680
1274124000705339395
1274122247427502081
1274119379077214209
1274098380742909952
1274080229913436160
1274073529361633280
1274057678277480448
1274028451268345857
1274016312390488069
1273969869604696071
1273766321688281088
1273739752286674953
1273728272141103105
1273694431464624130
1273646677388394497
1273646367374807042
1273605440060915712
1273604888023482371
1273431130591682561
1273375205780529154
1273360241493790722
1273351139396902918
1273339871332126724
1273317494170750978
1273283666639310849
1273046933075042311
1272941019617771523
1272905850298957827
1272688439251648512
1272594757798309892
1272590640010989569
1272589960974159872
1272267581450326017
1271193819334225920
1271138808688529409
1271115312797233152
1270826146662420486
1270826054261882887
1270743880493924356
1270740553844625408
1270720692942561288
1270714457535082497
1270515643213926400
1270452847033954306
1270411527288430595
1270402845175660552
1270387662780858368
1270144551231950855
1270096465424257030
1270090863671197701
1270089265645584392
1270089264949329920
1270089264169193473
1270015175593201665
1269510878329745408
1269432687162470400
1269430623535497216
1269429753200676864
1269391615027707904
1269386198017064962
1269383883440734208
1269147120981946369
1269069304047316992
1269037154795245569
1269000777860874240
1268983223406731273
1268968189708447745
1268716166182309888
1268712711900233728
1268645078706401280
1268621803208859652
1268590426849714176
1268579756053848067
1268575964579192839
1268562029394169859
1268533260654649345
1268363343619858437
1268350791250821121
1268340089043791872
1268330959876866055
1268330895032844288
1268299043890958338
1268298903604137985
1268273918118330374
1268269757096214529
1268266283923132416
1268261778309419021
1268251938942042112
1268240881842356225
1268227801049706497
1268227781034475522
1268227611857125378
1268217466620129280
1268217377092747271
1268194336094765056
1268172630814797825
1268172629556502528
1268028072529461249
1268006621919223808
1267991378841255936
1267939067016118272
1267882687563472897
1267882566121664514
1267863573184811011
1267852293157924865
1267817276922716160
1267817266839601179
1267656573712764928
1267619349491220480
1267619128950611968
1267613946460229632
1267595820020322304
1267593762798284800
1267567389614444544
1267546539548987392
1267546538710007811
1267505734729818115
1267500141486968833
1267498703167852544
1267456495987326976
1267346659366838273
1267236388682051584
1267223904415858688
1267181724196364291
1267152092063510529
1267129776868900866
1267129482693038080
1266829431768846337
1266496205053407241
1266496204176855040
1266495970424041473
1266458708936196096
1266458708189630465
1266458707409412097
1266458706532864015
1266402262009688064
1266359822779330562
1266149725180395520
1266115838047895553
1266007041262444546
1265735809224904705
1265699443870965766
1265470237526372354
1265457034180378625
1265455088233037825
1265438828262760448
1265355018930204674
1264961292244320256
1264918479913844737
1264723049057783811
1264698076272476168
1264697681487765505
1264692448011464710
1264655598504882177
1264655129191596039
1264652390092943362
1264607542883364865
1264237401444167690
1264041404604579840
1264037380362776576
1263959206874447875
1263958967971184640
1263923019480805376
1263922439450439680
1263922438695501826
1263922437776965634
1263888968069926914
1263847308795490305
1263638374298136576
1263586869612130305
1263577456256135176
1263551702898262017
1263550276897832961
1263245247221567489
1263214857677144070
1262883200839364608
1262815853487296515
1262800261841588226
1262780376835067904
1262779235162300418
1262553652696317953
1262516025104490497
1262486751731503104
1262426912065978381
1262076175796617218
1262073453223518210
1262071920125673472
1261806718994075649
1261805369237610496
1261803848928309251
1261751673015369732
1261751286719971333
1261684507150860288
1261666967859212289
1261454540571738115
1261421079051956227
1261406010985508864
1261363936294629376
1261363935367888903
1261324559422230529
1261307082168504323
1261006213531254785
1260991103874093057
1260974508489478145
1260973526707843073
1260957680404922370
1260705045802364935
1260704454803849217
1260688497658257409
1260642757921705985
1260615430240165888
1260308754941317120
1260304006590672896
1260302438449451010
1260299677272027143
1259930645498863616
1259928571436576768
1259928353332756481
1259917927500992515
1259917867685994497
1259916201016336385
1259881176384356356
1259699982485069824
1259346295615078400
1259346116727975937
1259342998695010304
1259270551178280961
1259257492112134144
1259257293423677445
1259257265611313159
1258884248263700480
1258863328644018181
1258828073505624066
1258608005526032384
1258537239002267648
1258519081663123456
1258509632093351936
1258499963266498561
1258490787928694789
1258171981482033155
1258169635423301633
1258163301311266818
1258131948138102784
1258106357779238913
1258103188726710274
1257877816617521152
1257845880067166208
1257839427654688770
1257829049424056324
1257784635196489736
1257757698432565252
1257756229763502080
1257755973088948225
1257755823582953474
1257732551889883141
1257508584679772162
1257505598951821312
1257491153160679425
1257478401419612160
1257474104183177216
1257412759601504256
1257329499819180043
1257296794318508037
1256734738074787840
1256732312378773506
1256668514611585025
1256398836123172864
1256326526154313729
1256318955217543174
1256282925169082376
1256237384779341828
1256229330134487042
1256043995580563461
1256038721691901952
1255986372726460418
1255972979403558912
1255947935642275841
1255928125227241477
1255924488916656128
1255920368881188865
1255664167400415233
1255505908114821123
1255505792255623168
1255280545434648578
1255256453557956608
1255256115115368456
1255221902718701573
1255220893472698369
1255190954606280704
1255190917612478465
1255190774330929163
1254979167017480192
1254970904184053761
1254947075747467264
1254921727559286794
1254859553977466883
1254817003342385157
1254615537079980033
1254551852374470657
1254545922190725120
1254437730278400002
1254264498296442880
1254255998119837697
1254254824620789767
1254230734677696521
1253936456042778625
1253923197335953409
1253879108112723968
1253821051370377221
1253807944052936706
1253807943100833794
1253746476724994048
1253713234785374215
1253683060568199168
1253503596559241216
1253456668408627200
1253456410555248640
1253447839751045120
1253440032460832768
1253412006591266820
1253374585086631937
1253358249132339208
1253179628602241026
1253173627689865216
1253163383475580928
1253122852821389312
1253122851214962695
1253110608721063938
1253099684773724173
1253036829894422528
1253010367103610887
1252750656403841029
1252733264646803457
1252722737447161863
1252678475070267395
1252678224703864832
1252669443576147968
1252401047567396864
1252401045868666880
1252399530076602372
1252375999976583185
1252278965185716224
1252273669180620801
1252251007779778561
1251998113956593665
1251930529500401666
1251676571498405890
1251673608835006464
1251612366984413185
1251263551878111232
1251183771883376640
1251169613167104001
1251155076837605377
1250971879122391041
1250969506836615175
1250946675918733317
1250946335345385472
1250816253272481793
1250815894453997574
1250813204701339651
1250794046525771777
1250641742199689216
1250636349381763073
1250585427154739200
1250570498611781632
1250555719616692229
1250505461524320268
1250478688107401216
1250471575805100034
1250441079075131392
1250239818451365893
1250209491972481024
1250203048636567553
1250184586245681158
1250167188364890112
1250165640607956994
1250113595972689923
1250111796813455362
1250108009650573313
1250105550404272129
1250051077350871042
1249716745146900483
1249187386967367682
1249041212893470720
1248690085048000519
1248683944788123648
1248395295265673217
1248389922915889153
1248287615381618688
1248287614622449670
1248245120429772800
1248002211608539136
1247996327356780549
1247986467189723138
1247973780196134915
1247969758118662145
1247961112668241920
1247953059038150656
1247952859213283328
1247943246455746565
1247934958305509376
1247934735285968896
1247933676656132100
1247675370763169793
1247675369496498178
1247651924897390594
1247610400163672065
1247600390872408066
1247541421944360960
1247538104073764864
1247345227913932807
1247312739724337159
1247210316737454088
1247208215403692034
1247205520177594370
1246905892530016257
1246903011697451008
1246839863124602888
1246548473287192579
1246547547948290055
1246483548225314817
1246479828854939648
1246479779961995269
1246284214850502657
1246274606970830851
1246253308358144000
1246250796112543745
1246246516530036737
1246246208684900352
1246214406108844032
1246196493436030976
1246188257727131648
1246133641895387137
1246115558472462343
1246115557679804418
1245840263416664064
1245793292685643778
1245733378395160576
1245733377434624002
1245720764629815303
1245716212333633536
1245713794883608576
1245713455430189056
1245545236958457857
1245522458297470976
1245514374774771717
1245513647775981568
1245512017936408576
1245504744094928905
1245496165313007616
1245444868287184897
1245413602749755395
1245411092198809602
1245211501822185484
1245210151637995520
1245169575097962502
1245168815270432770
1245162739657584646
1245151448557588480
1245133147664244736
1245125015445651458
1245091578672287750
1245046085850206208
1245018301601849350
1245018300108636161
1244758195186405377
1244754277391892486
1244723302456864769
1244687469515345921
1244417810098503682
1244416850504622080
1244416106787418112
1244415525578575874
1244344686946500613
1244155308022337536
1243971281768325122
1243968009628237824
1243906730825781256
1243901160559448064
1243660194887892997
1243644269996449792
1243627888940847105
1243624371987582977
1243611889399214082
1243607947785183235
1243586316387995652
1243572696664997888
1243569484880924678
1243534800327184390
1243514796789596160
1243514111637565442
1243510178223460352
1243509552286502917
1243286314499350533
1243231222643544066
1243225832962883584
1243184417130110977
1243001927014678528
1243000594585071617
1242998324782927872
1242997491290824705
1242972124299616257
1242971742198431744
1242894043174100993
1242871937505902594
1242691409263693825
1242548421220798464
1242246277280251911
1242219230092832772
1242217495911632899
1242217196685836289
1242197314959278080
1242118268242087939
1242117139730853889
1242116980989100040
1242066142589595649
1241907254728830981
1241905320399601665
1241905103713558533
1241903897821753344
1241461962216701952
1241427732120158210
1241200994240868352
1241199932717051905
1241118214047830017
1240873230191284229
1240849596894588930
1240789964998262791
1240777924476907520
1240768502685937671
1240768022836584448
1240751011200995331
1240654959781261312
1240420780091084801
1240401394395463680
1240400966459052034
1240347570087628801
1240341322873126912
1240313810071760898
1240310831411269632
1239990981220601864
1239990148718374913
1239988145069924354
1239944047369883654
1239732916302774274
1239633306595078146
1238995234211717120
1238942446777774083
1238941788645269504
1238831700664365057
1238645174072377344
1238633100067962880
1238627018385821696
1238621545846759424
1238611034300190720
1238580248129802241
1238555989890289665
1238550905647239171
1238530315871752195
1238522407574540292
1238513098039967746
1238505826224136192
1238451765307158528
1238235147197177861
1238197168097411085
1238197167053029384
1238197165933105152
1238182469951766530
1238089820943122432
1237918527283253249
1237909049938792449
1237873746121076738
1237873745068527616
1237873742438526983
1237748438923644928
1237519049686384640
1237518385665036289
1237480284599341058
1237110931051753472
1236445851230318595
1236444916567420929
1236444134082318336
1236440251293458432
1236438411931779072
1236182756356427776
1236182509173592065
1236084641808908289
1236058624516067329
1236034367027318789
1235973476109955073
1235973475237588992
1235933331654656000
1235699415769157633
1235699346689200136
1235686628284346368
1235667845809307648
1235646260171816960
1235610352664092677
1235568657666846726
1235356813996023808
1235240944959709186
1234975485223825409
1234970362137501696
1234869461867487232
1234861285130620929
1234554161699708929
1234488345113366531
1234488339627225088
1234488334002593793
1233599977366179840
1233563787934019585
1233488057132879872
1233475705742204929
1233475704739815424
1233475703804506112
1233459938992803840
1233458174893723651
1233442636918333447
1233359312522797058
1233153504216276992
1233076768627740672
1233056971156271104
1232846561878646784
1232813594753945600
1232781944959782913
1232747912058281984
1232704733514805248
1232670210387251200
1232499303060365312
1232491905457389568
1232327002050482178
1231404863914938368
1231282066999959552
1231281160371802112
1231279058736029697
1231269956349833216
1230985687962456064
1230923277415133185
1230923276257579009
1230905777575075841
1230870360209448964
1230860207754039297
1230635299820232704
1230617593960173577
1230614470780768257
1230599813080788992
1229901253699866625
1229823038818017280
1229772290398785537
1229420016812032003
1229419131751075840
1229099460887826432
1229086536265863169
1228758863702319104
1228757612382085120
1228709729901436929
1228709536170758146
1228392259470741510
1228324938949505025
1228067245869486080
1228050633544040448
1228029707494490112
1227993433261907969
1227993217674686465
1227976928587649025
1227771714555334657
1227731357771628544
1227707745299771392
1227671044808376322
1227671040433803265
1227649648606707712
1227638294005059584
1227596589998407680
1227421574627831809
1227421573478522880
1227392009431900161
1227388234696667136
1227385906665000961
1227381638755225600
1227368267804790784
1227354913610567681
1227354541793910784
1227250176462643201
1227237196136099841
1227237189290991616
1227047903551787008
1227016930185424896
1227016754490204162
1226733359742750721
1226695074894970887
1226691217456414720
1226556052377939968
1226240477655191552
1225892647878955009
1225847371013271553
1225601046304690177
1225563572731703296
1225528138890870784
1225493429343440903
1225459710511501312
1225422414890328070
1225229021480398849
1225229015100919812
1225203391242129408
1225203390466138113
1225170896115183621
1225163694268657666
1225156544481972225
1225152282821570560
1225124691251167234
1225124641813016586
1225054516145508352
1224930488630095878
1224929336672899072
1224924916232998918
1224906480584941569
1224897519379009536
1224895213199556608
1224890792784932864
1224860385775439872
1224851655633653761
1224851509915082754
1224835768868360194
1224807472462016515
1224765409133502469
1224707842940207106
1224706825959956480
1224544853691981825
1224507474142814213
1224462686018330624
1224442652801679360
1224442651765686273
1224442650310275076
1224144422465626112
1223732036059516929
1223694495109255177
1223694008041590786
1223487362505887747
1223466787993460736
1223464173952258048
