1286080801818517504
1286049591629144066
1285957478463819776
1285931294279577600
1285693194014011392
1285693193296785411
1285638139005014017
1285638138241703936
1285308493604564992
1285268011717406721
1284882151159332869
1284528266179739648
1284528264497844225
1284528262027321345
1284219638985957377
1283880140695625728
1283880134651650050
1283816363342073856
1283439539080564741
1283417037528805376
1283162010407108610
1283162009215827968
1283162007571750912
1283138896914722816
1283043862005592065
1282818166712868865
1282666214498738178
1282416442105892864
1282114061644308483
1281961220774547457
1281706483776991232
1281588116084662275
1281259285239005186
1281258268707491846
1281254065310175233
1281013044911509506
1280987575218581505
1280959059924049920
1280936237294129158
1280936234496544769
1280887205460955137
1280879892842704896
1280866361258979328
1280552667329290241
1280552666029068294
1280526584613658631
1280316277743968256
1280316274820726784
1280244759349657600
1279518066154536960
1279060318690308096
1278722393784094721
1278409675579555840
1278362896255328258
1278346019621789697
1278346018367639553
1278309754281041920
1278023643969265686
1278023639846268930
1277967878138953729
1277751598379421696
1277751595694993409
1277690118472708096
1277662029726330881
1277334667780292609
1276963766991753217
1276925851972653064
1276617294395904002
1276606693942726656
1276535723437494276
1276333244376588288
1276333240220037122
1276322594699063297
1276321935035707398
1276222226669461504
1276208677108801541
1275886690155081728
1275833466609963009
1275796737697943553
1275428478352076802
1275219791108808706
1275110765922574339
1275070100647731207
1274725152274755586
1274375772078301184
1274143529011425286
1274011303309344774
1273976223769726978
1273709394681888768
1273671664996438016
1273671661984890881
1273630785812250626
1273369798324477953
1273315336054550534
1273283674159616001
1273257365970747393
1272995829331177474
1272995395933700098
1272968058362085377
1272954250922950656
1272668686516658179
1272668685862305792
1272623756679184388
1272578885138493440
1272532922747293696
1272235188140072960
1271972561296019461
1271602464903626759
1271531192878280704
1271506865076174849
1271256427793965057
1270891863017488384
1270776949573668877
1270714999778889731
1270531257462591493
1270524223589683203
1270472202782224386
1270436223736315910
1270365983899881482
1270169673884106754
1270071033375207425
1269306038697766913
1269091217612079104
1268984395492462592
1268953107301613569
1268701587725320193
1268567589107699712
1268339625451573251
1268270424657399811
1268239517653352450
1267864924967108608
1267864914338762752
1267864898584879104
1267564096200810498
1267482884891381765
1267219986462003207
1267079109882019840
1266837902224392193
1266751284310429696
1266458935147614210
1266393603598946306
1266128430485196800
1266103740710498307
1266032787137736704
1266032784923033600
1265805748610703366
1265775185073967113
1265720256783319047
1265658425163292673
1265656434156503045
1265376973163057157
1265331122751356931
1264922443183001601
1264569586374127622
1264311342779052032
1263953351550648321
1263911347789627393
1263825262401159171
1263566268617146373
1263547501631754240
1263508848305938433
1263192140332572676
1263126150345306118
1262787814166597632
1262490874518396937
1262406308080254977
1262377734115938321
1262046582213656576
1261738675194474496
1261343140222341120
1261310890676232195
1261292284395630595
1261069305992687619
1261020197969854464
1261008389058019328
1260921178371260416
1260642837240205314
1260316264267988993
1260273890506440704
1259942106916892675
1259916945383657472
1259611365041483779
1259473227300188164
1259211346308214785
1259147128519233538
1258837768568033282
1258809159031685120
1258772677206081536
1258499079803371521
1258499076443852800
1258427621567877122
1258414849211666434
1258133567835713539
1258125107844845569
1258088602334113797
1257770261878882309
1257746717618909184
1257746716142366721
1257476327063588866
1257476325427814404
1257424726240215041
1257381949427068930
1257333318435160066
1257301575103627264
1256615322997657600
1256334520686489600
1255969396444614659
1255948116282486785
1255931767518887940
1255571839327383554
1255542399163674630
1255217542391611392
1255192599440363521
1255134197250813960
1254840565226786817
1254115848773664769
1254083999728836618
1253836534786252801
1253794436754128896
1253735631160827906
1253727586976497670
1253680550386245632
1253409190380400647
1253395769182294016
1253134465821478912
1253064847450873856
1253007220117209088
1252717072003616769
1252700623407067142
1252673113319448577
1252649271993794568
1252624030961676288
1252602912792104961
1252279686622785536
1252279684190154752
1252247565757710336
1251955545654923264
1251873791430533123
1251610318125576193
1251521973093613569
1251243968110698497
1251243964981788679
1251222258254860289
1250825164671123458
1250825163085623298
1250777533869625345
1250532555872505859
1250532545504120835
1250503418453667847
1250503416654290946
1250091831788032002
1249822818671435779
1249822817652281346
1249776436271087616
1249733255085129731
1249371241368207363
1249095997537619969
1249095990004547586
1248712959389569024
1248624291886718978
1248351036861005824
1248351036139622405
1248315120742207490
1248273382006816769
1247949228560781318
1247916669416210433
1247912636777410561
1247639037386657792
1247628877410766848
1247628876357832705
1247563025999187974
1247273764410265607
1247244679948705796
1247224746288263176
1247180436868136963
1246861700327972867
1246519686201819137
1246489208753135618
1246221278555648001
1246172447835140096
1246139660902060034
1246056660596121602
1245751202828161025
1245750489159028753
1245750488068489234
1245719543277916160
1245719521383546881
1245551357890789377
1245438650399195136
1245399251821170689
1245372682545303555
1245371577698484224
1245345094275870720
1245074577597882368
1245046287503970307
1245046286308515841
1245007354934038528
1244966235294568448
1244694252040392705
1244685618136920064
1244685616975089668
1244672565261541376
1244663955609485314
1244662062787244033
1244395767420407814
1244342906321809409
1243991243492855808
1243985863773749249
1243918536927518720
1243902873907453952
1243617004814323717
1243589871492571136
1243557017148706818
1243556989533335556
1243555006470590464
1243518427140173826
1243516022575038464
1243253418212425730
1243229882441699334
1243168493803130884
1243168365319016448
1242991092745883650
1242922244344553479
1242897575512092674
1242897574396342273
1242859145281314819
1242831249078706183
1242809201740701696
1242801615289057281
1242559354961833984
1242540066041446407
1242496786759127041
1242474097101111296
1242233653742186498
1242233652731404288
1242233651720486912
1242201732828016640
1242184938956509184
1242147316527779847
1242097682631528449
1241863560332029952
1241826259061084160
1241504083229511681
1241464061277147137
1241437469670879234
1241120463759212547
1241081299911299078
1241081299198193667
1241081298296483853
1241033981635821575
1240820904222998529
1240820900045434880
1240738199061889028
1240704163131973633
1240683166987362304
1240654532100730881
1240654530179739648
1240613748559183873
1240410452066263040
1240370474288386049
1240316022487486464
1240291131990183937
1240055803270303745
1239966763917258755
1239915462563160064
1239674289051312130
1239633108997214213
1239586212165419010
1238842813321707520
1238558409147985920
1238181870313132038
1237817946405289996
1237801971152760832
1237764683349794816
1237447713458962441
1237447711248519170
1237396144470339584
1237073291979960327
1237037620846374914
1236998805943472128
1236711056413798401
1236338458471337986
1236049761343549440
1235634931449180162
1235551005028179970
1235341084332634115
1234615860725088256
1234615855150923776
1234592796100657152
1233910986907713536
1233065496288911365
1232837348091625473
1232756104037380096
1232696793890279424
1232412054935523332
1231358648082993152
1230498331497025538
1230234012117061638
1229558627117170689
1228723050235015169
1228448566559084544
1228364331169001475
1228066163365642242
1228057670428635143
1227674536348471298
1227589486990778368
1227390537394683905
1227333717900832768
1227278819138162688
1227248912903364609
1227011184336998400
1227011183485607936
1227011182567051265
1226970505284112385
1226970503908331520
1226893833268604931
1226229829336469504
1225821301299990528
1225613373636857856
1225577294896517121
1225509763351547904
1225456273375797254
1225408320468639745
1225183425717514241
1225154164726038530
1224865455183138817
1224685220445806593
1224537517627789312
1224473123749318658
1224459770981244933
