1286058020091420677
1286038206698446850
1286008620744941569
1285998509787938817
1285998281487798282
1285774518175367168
1285774517181317120
1285739318372442112
1285725451219066881
1285725449671380992
1285653132865921025
1285616802022785024
1285341165043187712
1285341158869291010
1285044071514492928
1285044070298062850
1284999505050468361
1284896910428471296
1284653948977188864
1284362701737730048
1284362700236247041
1284362697786773504
1284315377154097153
1284286367946747905
1284224350942633984
1284224348904206336
1284148648620720128
1284148647186386946
1283938011663794182
1283834695625641985
1283485783844966400
1283466824651243521
1283224996928774144
1283175616309854208
1282770248328974337
1282511727784067074
1282359092426805255
1281999367373828097
1281778388047454210
1281704242974162945
1281704232777846784
1281676048996892672
1281635213618098176
1281616931221639168
1281348787986931716
1281254763175317505
1281057467653373952
1281020532926881793
1280971709928148992
1280923351540785152
1280905680543715331
1280905678937260032
1280904880895524866
1280882472964755456
1280651405213274112
1280620936862019584
1280594161150935040
1280566674903781376
1280566672802418688
1280518925751668736
1280265562057330690
1279906673499521025
1279906671171690496
1279906669745577989
1279906667715493888
1279815965392371712
1279589540613758978
1279449691785236486
1279224261937451008
1279088094118117384
1278856881373622272
1278785449075585029
1278702552146640896
1278512496509431811
1278485689542246406
1278472862509133824
1278331565895008256
1278104336262991875
1278104335008882688
1278104333897412614
1278104031223840770
1278044041540747265
1278009395364933633
1277725044433698820
1277708271143522310
1277701046224277505
1277684162959413248
1277387921910370309
1277289383452958721
1277052415385223168
1276936861391429635
1276685254036721669
1276657136039313417
1276589872179019776
1276578247657099265
1276578246843338754
1276564936764862464
1276530929658404864
1276330293423734784
1276201999684468736
1275889092312666119
1275817743795847171
1275612464059756544
1275612462289752064
1275524368471375872
1275453409856901120
1275235624426115073
1275208625146003457
1275168316357840896
1275086082699415552
1274787057714462723
1274787055495757824
1274497963704881154
1274497302275796994
1274404498316955648
1274147454032777217
1274117483004416001
1274012005641437190
1273791813028118529
1273696576972652544
1273696575349501954
1273667549436301312
1273632354586820609
1273624291804876804
1273372553239842817
1273357973147078656
1273355795321761794
1273355793778253824
1273324315245719552
1273300505813495808
1273272663855607808
1273070066687492096
1273036438645420035
1272950995602083840
1272950993488134148
1272710526389321728
1272709267016093704
1272701066556198913
1272692357595619330
1272682559344869377
1272682431993307136
1272680393628680192
1272679470000939008
1272666948875231239
1272666902335275016
1272666797267877889
1272599234110521344
1272566834835922945
1272557761663062017
1272557699629297668
1272373259498074112
1272339245357817856
1272339213674037248
1272335825250983937
1272290216259342337
1272248903904174080
1272199683075715072
1271956248125202432
1271889805333483528
1271585947101155329
1271513996198379526
1271457278391132160
1271303299736584193
1271303297736081408
1271243438210547717
1271213306448162816
1271212528232804352
1271194676331151361
1271165400953257988
1271165391935614981
1271129906110443520
1270847010619502598
1270847009818279936
1270753089407135744
1270742443680501761
1270508115885264897
1270507835819003955
1270498410232082432
1270479879629418496
1270479515941105666
1270451702383226880
1270439329001877507
1270437836592988161
1270415802051768320
1270151122699706368
1270114764199510022
1270091295655149568
1269812408614346752
1269723125740011520
1269437268676284416
1269392404962070529
1269086103492939776
1269073119588880389
1269073007902896128
1269059469574582273
1268919818285088769
1268715591541678081
1268671456721895425
1268651782022053893
1268650712277356544
1268649384897626113
1268622009875017728
1268613562852945920
1268284224458678275
1268244190389035010
1268243964441825282
1268214493546504196
1267979856245112833
1267965212407234569
1267934134917349377
1267837750855729152
1267661244934369281
1267600659756572672
1267539286716559360
1267159382904758274
1267159371613700096
1266816447419949056
1266528230321917953
1266521440330932227
1266521439584296966
1266521438833512448
1266408195720953863
1266408193980338177
1266174171895267329
1266174049253830656
1266148017457037313
1266071169876267008
1265810162889211904
1265778555553828864
1265778426457346048
1265716943736254464
1265690338372575232
1265412798307319813
1265009547237867527
1264676483001470977
1264657860799184896
1264283921522610176
1264283919379243008
1263986837590290433
1263894709312815104
1263894707689709570
1263885716305707009
1263586834572931074
1263567295974170629
1263186857237626884
1263129097267556353
1263129094830592002
1262891201197465608
1262891199767158789
1262817285594546178
1262759925765345280
1262553345564332039
1262544945296146432
1262521745187246080
1262083733076803587
1262083731877175298
1261711591042580480
1261490201559478274
1261445241988513794
1261430380546142209
1261313250299346945
1260974975219118082
1260729278297182208
1260729156880543744
1260721752549871617
1260721559309860864
1260695193600344070
1260656042037243904
1260571455957405698
1260571454342680578
1260394314083061760
1260355099005718528
1260350681384353792
1260308536778723328
1260208234633269248
1260002082158936064
1259864651627671552
1259520515846352897
1259179028050837504
1258926636935888902
1258925718894936066
1258925715833184256
1258838410590109698
1258838391640203267
1258781826316976130
1258781818305818625
1258564161480601600
1258544694818029568
1258478144123797505
1258478133994565634
1258445829804896257
1258198139510685696
1258110730156548098
1258035491452092417
1258035490319740932
1257812514068402176
1257741833490370560
1257687110502494209
1257687030508793856
1257431375419973632
1257353185506754562
1257329547319611398
1257020205282332675
1256382692914012160
1256382691764772864
1256382690204450816
1256382688644210688
1256382687054630914
1256382685527842819
1256342373073903621
1256342177057107968
1256340930958852096
1256303744540696576
1255951036805722116
1255951035790655491
1255951034935017473
1255951034029129730
1255951032120639489
1255896437298257922
1255896350375501826
1255653490451525633
1255652099783831554
1255566295648669697
1255565936909864960
1255552876451069954
1255552629117202442
1255316613286580225
1255247205155430401
1255245757034233859
1255205341316485120
1254890265648795648
1254866484385460225
1254866483244445696
1254865971984171008
1254865928514187271
1254863655209861120
1254863603070496768
1254822424350253056
1254820958671691777
1254548012908584963
1254452498586144769
1254452497424449537
1254142197752049668
1254078970322190336
1253752649800912896
1253714845293256711
1253711730624081922
1253481442081935361
1253449109593305095
1253436909013082112
1253436905334747138
1253436900464971776
1253436895679270912
1253414567394213890
1253413439902371843
1253379787164352515
1253112212031508480
1253096266902441984
1253060349638705157
1253043300988313607
1253042435858579456
1253041667482976257
1253033346319425542
1253005919161667584
1252971425557811200
1252969599869616128
1252748036746416130
1252744699133267970
1252744697862332417
1252733668352831493
1252666015567282179
1252430704622723072
1252398389657956360
1252374705937346561
1252374489205071872
1252293892822781954
1251934513191673857
1251933473880899587
1251676482843348992
1251601244453568512
1251207132986425345
1251206945249337346
1251185036252061696
1250915231414566916
1250875437716320259
1250875436764200961
1250875434541203458
1250588373330415627
1250566017778098177
1250547623657947142
1250484922390917121
1250484755868651520
1250484754161577990
1250480323097497606
1250477163427627012
1250422755075321857
1250202989664653317
1250167272431398912
1250167005694566402
1250110551834988545
1250110550446653448
1250110549251305475
1250110548055818240
1250110546772471812
1250110545501585408
1250110544280944648
1250106897816006656
1249803700656357376
1249791908899151873
1249791905128493059
1249755853714046977
1249755852799688705
1249755851642081280
1249724131714699267
1249710611698761728
1249374594311561217
1249082415974428673
1249082226513412096
1248790419758080006
1248789857691938818
1248728211695034368
1248677621573058560
1248677620528660482
1248677617437417474
1248411909092544520
1248411811835084800
1248357781838716934
1248357563781046279
1248315767931703302
1248314974113615874
1248314803162144769
1248291245102858241
1248291046485786632
1248040835683356672
1248019479105130498
1247997905824350211
1247997903836254208
1247995714300452867
1247988239216115715
1247961734054379521
1247961458098475009
1247940456257814529
1247940404789628928
1247592954899857409
1247592905180618753
1247592753783062533
1247592726792564738
1247322293845528577
1247308182537543682
1247222543091675137
1247192343381528577
1247163406358130688
1246940599724453890
1246935649023860738
1246848367273160706
1246821352734183425
1246578093923467264
1246520544364843008
1246501498042941440
1246482666452586499
1246480469635596289
1246480130844823553
1246241074252660736
1246222834428456962
1246222833023438849
1246211387992477696
1246175859494486018
1246175434968047616
1246175338427748365
1245851697236369408
1245851288199475201
1245822421489377283
1245822395933483009
1245771561858150411
1245771560998375424
1245771559232516097
1245501197739413504
1245434995835129856
1245434830143262728
1245415567403728897
1245415030646071302
1245412296643547138
1245410602018734086
1245390693369077761
1245390567158231042
1245357879072370694
1245357484572884993
1245138482705715203
1245016040414871553
1245015993560203266
1244786231277486081
1244715538284253187
1244699154674339840
1244686573310021633
1244686557103173643
1244638676468092933
1244325027660603399
1243993141079916547
1243992683854643201
1243920595634585606
1243644173426843651
1243629379361615873
1243627481388797958
1243627344495075331
1243597308450738176
1243587976950681603
1243280813631864833
1243237211455262720
1242972404269436928
1242972205459345409
1242956932370952193
1242909584567779331
1242909582651002882
1242862311196569600
1242861844282425345
1242835605064736769
1242610398571921409
1242576926226685952
1242576925299822592
1242567863069814786
1242172982149218310
1242171652185735169
1242119888229093383
1241813130797334530
1241813129643937804
1241813128725385218
1241813127626403846
1241813126737268737
1241742962167549957
1241742939396726787
1241740568268623876
1241740429957255169
1241430129185873922
1241429977930911746
1241428599317639169
1241428597858086912
1241427712067149824
1241127665375088642
1241126451262390272
1241101036431069195
1241072204479115264
1241062131954520064
1241013272092033028
1240829078732713984
1240826641082957829
1240825267645530112
1240821876970192897
1240773741703028737
1240757194251014145
1240756260221444097
1240737213266169856
1240737211743645707
1240731222894149633
1240731221375758336
1240693676981891072
1240670589410594816
1240650677677961217
1240650473524297728
1240415890065293312
1240415888886595584
1240415887691264000
1240408246034235404
1240366670801244160
1240366222711173122
1240349619894325249
1240349455007744000
1240349259066740737
1240349078074142721
1240320887607431168
1240286790864588803
1239989573868040193
1239988957116616714
1239941313300254722
1239936137273245698
1239665089873051649
1239639811184607241
1239639774253781000
1239589016208642052
1239568152289325056
1239293861006114817
1239268357754572801
1238958775953997830
1238958270913695745
1238958161547218944
1238958139703275526
1238957884546985985
1238857494514094081
1238856947601940480
1238696486403219456
1238688867789803520
1238617858281820167
1238560208953036800
1238543977986523137
1238523912041959426
1238516325921800194
1238513099428200456
1238513098346172416
1238470621446766595
1238470495303077890
1238470396036419584
1238470377430568960
1238465161796751360
1238211023523516421
1238176749608931328
1238166464449871872
1237831156671950848
1237831065651286017
1237809615984824326
1237789371346169856
1237540924638420992
1237540905365540865
1237487901799301121
1237473680961175552
1237027296785182720
1236774931175739395
1236639464405045249
1236639462609780736
1236341224677703682
1236293747652034560
1236090563159617537
1235987603863764992
1235944597072891904
1235793994015223809
1235793992706637824
1235697780175196162
1235678309880655892
1235614525770039296
1235614522523766788
1235614521571622913
1235321409909469186
1235321409100042240
1235258909805420546
1235230684207362059
1234980761213685760
1234935103568195584
1234847953690517504
1234480107252781056
1234255427900203008
1234255419230519297
1234127251052093441
1234127249630203904
1233825132835221504
1233815563358568449
1233811398121136128
1233751397105049610
1233482376044535809
1233482373628678145
1233459456803033089
1233399304850673664
1233398472948187142
1233146821792468992
1233059395858288641
1233032159574843392
1232829241550614540
1232797046807068672
1232757931889704960
1232697016452571136
1232690526085881857
1232683623586893829
1232426348544765952
1232401654806433798
1232335306499805184
1232127628578037760
1232094921500299265
1232066826835841025
1232045198437470208
1231944381210468354
1231760523462574081
1231719147538612226
1231603188513624066
1231335878766866433
1231261024520720386
1230958392748974080
1230958389687021568
1230914972638679040
1230914971804086273
1230914970797432832
1230582087973031938
1230582084684730368
1230301168338948096
1230263276723933187
1230237126706520067
1230235031689482241
1229909282721816576
1229909271162347521
1229834084869906432
1229802822524383232
1229802821417144323
1229444670951915520
1229167852529254408
1229167851157716998
1229131841900339202
1228736846433259520
1228424579653283847
1228414280485175296
1228411927610744834
1228411923999399936
1228369878391906305
1228369853289029637
1228366417361297409
1228331491488358402
1228331191507542016
1228071705324769281
1228071585027907586
1228070170658250753
1228010996150697984
1227957097532403722
1227728729599811584
1227714931249774592
1227682609280536578
1227657715280945152
1227656983240679424
1227656868237127685
1227652341614219265
1227652262597664768
1227651736330031105
1227624661850128384
1227613295374479361
1227609830300569600
1227368095444062209
1227347283164921857
1227346952209207297
1227321920271634433
1227301616946229248
1227260407024365575
1226913656983736321
1226913649601777667
1226887654131863562
1226676338314088449
1226180838049579009
1226180830629965824
1225908135379992582
1225875700470747141
1225848720970964992
1225618910189432834
1225524393603936278
1225434691593031680
1225188104274956288
1225146636055252993
1224901339567796226
1224898815494361088
1224898814609383425
1224895261580898304
1224892061196914690
1224891639241617413
1224889970806218752
1224889275398918144
1224888614498246656
1224887174941888513
1224886504494895105
1224885648219410444
1224885285827289089
1224885092247654400
1224882520124162050
1224881200805896192
1224880016292503553
1224879318062583808
1224844822315511820
1224790422972702720
1224787866020085761
1224787865219076097
1224728829668798465
1224723930742763525
1224479039148130311
1224479037336276995
1224360522591633409
1224347519553097728
1224108394728034306
1223625519331258369
1223625517124943873
1223609439342776320
1223415336369782785
