1286065239574937610
1286064555718836224
1286064207071457281
1286063550050570242
1286055921882411009
1285967340534927361
1285942676248911873
1285722475033133062
1285707375333310467
1285671584364146690
1285631386909630464
1285352537307193345
1285268089840558080
1284484729207754752
1284240408420257792
1284208621321060354
1284170751252279296
1284146307574255621
1283863994386784258
1283814783377178624
1283783731036278784
1283480277092900866
1283462584201510918
1283457179136282624
1283395241631010816
1283179468492869634
1283159339159748615
1283121883299315712
1282800722715635714
1282767719427911680
1282766749058752512
1282747874518982660
1282671176221949956
1282332718177693696
1282020512886071299
1281990260801642496
1281969592865259526
1281678451804639233
1281626738229903365
1281611937713979392
1281354946651152384
1281338473098739712
1281317145113223168
1281275879671373826
1281275878530519040
1281275673965809664
1280979127802232834
1280940808582180865
1280935935165661184
1280898443356049414
1280641594274779143
1280633307974287373
1280494277009735680
1280305533442875392
1280294943383269376
1279447376617406465
1279110154835963907
1278758492468363264
1278726422908088322
1278711527919386624
1278697302543216640
1278463014908375053
1278462199451844608
1278460876278730752
1278436266250551300
1278354075017502721
1278337163688652800
1278029282887864320
1277999448359084034
1277987981610156041
1277738618581184512
1277727113056059393
1277717226330689538
1277670604414562305
1277267261225484289
1276993873013809153
1276916953257402374
1276618024758493184
1276570923106209806
1276557082033094658
1276529723531833344
1276305423750979584
1276261785465769985
1276237476122841091
1276165242733633536
1276156257108459520
1275896480763506689
1275835443444146180
1275098661115047936
1275092846089994240
1274726771754221568
1274455987097726976
1274397854031904775
1274047517089566722
1274028070668730371
1274004274171822083
1273985464903651331
1273674336805826562
1273634251402076162
1273352909401530375
1273349497050017793
1273329352151830529
1272966532767899650
1272568298891292675
1272201070769553409
1271865165768785922
1271541452619812871
1271538663940382722
1271491694404534273
1271444916267364357
1271200541104717826
1271182265578635265
1271139920606892032
1270823477059170306
1270777918399090691
1270756283940048904
1270712056904384512
1270460662343323648
1270447209671274503
1270413405871104002
1270084980471934977
1270007536561905664
1269048860933943296
1269004818108088330
1268971370286911488
1268937402967523329
1268907923964604424
1268601245356494849
1268325896781475840
1268281771914911744
1268242470086860800
1267918531447984129
1267897928082997258
1267895817018490881
1267891248351916035
1267879031812362241
1267874125458149377
1267863487423877124
1267619052840771584
1267577163974311936
1267549429231505408
1267539167522807814
1267505757056118786
1267505756095610880
1267496816175730688
1267486907451269125
1267482357587738625
1267132755562938368
1266816853306941448
1266392605606187008
1266177741965189120
1266106900971753479
1266007428648374273
1265768130032340996
1265726902796419073
1265713128312094720
1265687878698512392
1265665221332480006
1265311735893970944
1264941060352094208
1264941059437522945
1264694674155081737
1264326478008856576
1263834497285591040
1263536536202641408
1263519801340805122
1263210022923837441
1263186479574134786
1263146301836886022
1263124826782412803
1263114113963773952
1262860630127763456
1262835977342590982
1262794176929959936
1261695404623659011
1261364473954136065
1261024284836855810
1260943936283127810
1260943195959164928
1260942612942458880
1260942023550476288
1260941389812183041
1260940817591664640
1260940211967741954
1260939626526781446
1260939057170993155
1260938433389891584
1260938059006304257
1260937324617138176
1260934965459660800
1260934414264963079
1260933995241455617
1260933515836866560
1260932948246687749
1260710162530045952
1260681980812853248
1260662213502738433
1260589175948050445
1260313081986650112
1260283510658666499
1260283509685530624
1260248413729325058
1260216912467955713
1260208899317207040
1259905617394913286
1259840262215475201
1259505979382616065
1258868024053870592
1258848011855200261
1258832791912865792
1258789476698140672
1258774911000219650
1258753093854015488
1258468265078251527
1258122872410824705
1258040796340727808
1257793378898542601
1257728012541259776
1257720217247113222
1257679726115774473
1257402652373192711
1257379788622266375
1257356594049843202
1257336837582000134
1256997951651622912
1256647140354351104
1256327919061757953
1256290540016066561
1256290538103414784
1256265211427917830
1255963020112596995
1255961718708207619
1255960457430683654
1255959152461037570
1255957576770105346
1255956251302903815
1255954856474554369
1255953283765751808
1255951481133568004
1255950170761703425
1255948829402247170
1255947463057440773
1255946093147443201
1255944738332717068
1255943034400800769
1255940406589734912
1255934948105576448
1255524847402332167
1255498577280991232
1255498560101134336
1255494545367724032
1255222557277655040
1255192121658793990
1255139520296611840
1254813973658001410
1254813972668264449
1254813971514826761
1254096583886385152
1254034691184885760
1253776355843506176
1253741633750863874
1253696447503106048
1253451080513585161
1253386907980976128
1252978159273816064
1252969942795857923
1252708688676216835
1252703060096319490
1252342688889712642
1252262038182789120
1252247419716276226
1251875538861469696
1251540998091464708
1251192030484664322
1251170424077123585
1251142116362731521
1250890450032099333
1250863757594591241
1250820444069994496
1250820443260563457
1250820442493005826
1250514996695531525
1250457605958336513
1250450056458539008
1250142297578143746
1250118720372047875
1250082051333726208
1249835507590324226
1249755274589679619
1249732830331949059
1249330177152176130
1249133654426685441
1248690965352775681
1248675865464053760
1248645250178002946
1248358776211726336
1248331176231743489
1247977513688555520
1247958415512678400
1247939766198210560
1247919632520024070
1247880474858532864
1247654151162605568
1247635720048697344
1247547472509046784
1247520925592899585
1247244778019979270
1247226119595741191
1247205056757346304
1246891977569951745
1246480147169116160
1246443377417224192
1246437640951431168
1246121271349428231
1246115972471234561
1245799451987447810
1245724653563400200
1245724651105460224
1245466850118508544
1245435899061710858
1245425699940380673
1245411856644177920
1245403051952930816
1245387773865050112
1245371592722411524
1245349226244190208
1245339157569966086
1245339156538146818
1245090958271807496
1244765859052171270
1244732380880883713
1244728542354649088
1244687082515283969
1244652694800867328
1244282919201517570
1243943432323809283
1243596144061468672
1243547436351664128
1243259469783535618
1242916396079747074
1242901451954929665
1242858794129993728
1242849045716090883
1242839911033602051
1242831598900436994
1242811204684460032
1242555644399489024
1242544354180444162
1242528501862973447
1242523897079234565
1242506463651573762
1242150118989737985
1242114260223823875
1241116173539966976
1241099694337445890
1241088387211288577
1241079242609381378
1241037030752161792
1241002994872827904
1240990093252407297
1240749117246144514
1240738564532367360
1240725419919376386
1240696680137162752
1240688233085878273
1240669356784312321
1240660280872505344
1240635239225077760
1240431541261463552
1240423150619430912
1240410150416125955
1240365221589508099
1240348985572962306
1240322072703905792
1240315053347348480
1240306692023345154
1240043286502539273
1240041577223000064
1240009264984403968
1239978709521752064
1239913125404643328
1239676566965280768
1239658344345931778
1239618685423271937
1239570253459398656
1239335026673795073
1238962929338376197
1238948018214146048
1238915279108874245
1238693841055571969
1238555840711401473
1238509825379766273
1238485313946820608
1238479591766986753
1238147745191362561
1237817613763391489
1237740057563246592
1237452722393186307
1237102102960394241
1237058233887535104
1236772905045897216
1236685408265797632
1235928976348057601
1235689041867268098
1235659785778823168
1235650035129430017
1235638710475124741
1235325395815165952
1235290653103452162
1234940358594711552
1234574074204106753
1234520341915095041
1233444956032950272
1233126033735528452
1233090509553446913
1233059726616907778
1232802524198887424
1232789254805377025
1232757227724955650
1232742125206372352
1232720305484959749
1232410019443941378
1232086554346229761
1232048874329640963
1231948945984753669
1231256450640621569
1230585412747505666
1230553955823800320
1230290107544064000
1229873799165771778
1229151464058048512
1228466445903941632
1228429554542424065
1228405718891581440
1228106361625550850
1228068831593193479
1227997468421447680
1227713994863128578
1227605582489751554
1227349087843782656
1227291680648450052
1227264807457390593
1227013124114567169
1226997772982738945
1226961345297428480
1226612987542130688
1226162267558940675
1225841655967670272
1225834105205555203
1225610129267052544
1225531612076630018
1225509036138823681
1225456341554212866
1224905933404372992
1224847868437192705
1224830230256373762
1224807996498288645
1224760014063198208
1224746874864852993
1224467602925207552
1224437401948499968
1224412619425099776
