1286040666527719426
1286000788460965901
1286000594940055553
1286000257344720901
1285999425920409600
1285980093295321095
1285739640369172480
1285739340287614977
1285739194204270594
1285738811725578241
1285712173587738625
1285699575781744643
1285698022303834112
1285696832811794432
1285685708615819270
1285684822799777792
1285684260297412611
1285683665373200390
1285683138342072322
1285682757167984643
1285674046932295680
1285670257982615552
1285668797450461185
1285668553044238348
1285668423641509889
1285573973519011841
1285321711961939968
1285317957418135552
1285307307052732417
1285302867281219585
1284485344553992192
1284475293969911810
1284237460990566401
1284236274795261952
1284236183808159744
1284231546132717568
1284231527396712448
1284231190560546818
1284211515705495553
1284210908194050049
1284198066195771392
1284191294902996995
1284155197166694402
1284150622485450752
1283915299306311681
1283914340698148866
1283900047952838659
1283899763675537408
1283898502230278145
1283897855535702016
1283897639969357827
1283894478512820224
1283880199117996034
1283842740409827334
1283842611917266946
1283840493596663809
1283834584669589511
1283834568710201344
1283834552876589056
1283830586902302726
1283829641254494209
1283828417323061248
1283805890055987202
1283805821361631232
1283766196391817218
1283568530458398725
1283568269815943168
1283566968692506624
1283566188010889218
1283564697019731968
1283564266432401415
1283563811618934785
1283562909872922626
1283520645314359304
1283519582884573192
1283431095686647813
1283427669334470658
1283425127938633728
1283419922048126976
1283418063984111617
1283414912916750339
1283413245114691584
1283100078278946816
1283096869867073537
1283095889649729540
1282817487197921280
1282816909080133639
1282771783029006336
1282677802035273735
1282673963198550018
1282335946739011586
1281770182726291456
1281712540779778048
1281712250999508992
1281712078244511744
1281711738858209282
1281711500110028803
1281700388715077632
1281700240832290816
1281699944760565762
1281692747532054534
1281692298724728841
1281688063257784322
1281678289644462080
1281674203364827136
1281671467235778562
1281670694149947399
1281670469696065536
1281663462805057538
1281658211922214912
1281654632796712961
1281651868486316032
1281650432163614722
1281646264606572545
1281644953664458752
1281394256062681089
1281309413488410626
1281294004097867784
1281278326653542400
1281277238386753536
1281274775881555969
1281234700200222720
1281229560743366656
1280906687348686848
1280904926269505537
1280874262996430848
1280647924272312320
1280647911102197760
1280608449747988482
1280606225160380418
1280587786396065793
1280577787397537792
1280577123317620745
1280570225625370624
1280287981711040515
1280284409950875649
1280209318286106624
1280208562120265729
1280199428742287362
1280198033083424768
1280178014253432832
1280143049700540417
1279422976706871298
1279167101366919174
1279147745060814848
1279081814007652353
1278805863038320646
1278793626164826112
1278785300563742723
1278783999968763907
1278782430816677892
1278777881456513026
1278771384391475200
1278767985470115841
1278766455086026752
1278738478822567936
1278710254390444033
1278709665191395329
1278674512666558464
1278452353499308036
1278451977270280194
1278376180576587777
1278344456513691649
1278344097997209601
1278340995608973312
1278338727740346368
1278309479386316801
1278078536700637187
1278069002141675528
1278068651128750080
1278061547374489603
1278058162336215042
1278044290820837376
1278041668483272708
1278039946423611393
1278036390551474179
1278031885181034497
1278025998026657795
1278025520303804416
1278023670347284480
1278021009245974534
1278020958306140161
1278016312548233217
1278014239731519489
1278014210493091842
1277985285754818560
1277974393700798464
1277973498187485191
1277965895726317568
1277957126720311297
1277949445775245313
1277752381116157952
1277748044688240643
1277742524338233345
1277741370065723393
1277738120176427018
1277708224951652353
1277662399659737089
1277660395726045184
1277655124417134592
1277007878130413568
1276937758297202694
1276887508727615490
1276887491719684096
1276875481091014656
1276875177666711552
1276675828064104449
1276642934906138625
1276620087806570497
1276619678903865344
1276618925489471488
1276618180375576576
1276617296103051265
1276613492972359681
1276612568304570368
1276611204274958338
1276610350146871303
1276609053704290307
1276589021934899201
1276584837776842752
1276575356649123848
1276554088650551298
1276543217996107777
1276324800731000838
1276323115514114049
1276314615371255809
1276306017794621441
1276291227445538818
1276241608569126914
1276239991216181249
1276223474810400770
1276208497533779969
1275974558592520192
1275969475381202944
1275956051725164545
1275920366880403456
1275886245768499203
1275885715700830209
1275884589068812290
1275883402508537858
1275877122716905472
1275796217059041281
1275567818721898498
1275552571151847429
1275545756301242369
1275545696943382534
1275545184714063874
1275545092191858689
1275538367376027648
1275538290993770496
1275454871240470529
1275129415387746304
1275102498567708676
1274820058129235969
1274753934536646656
1274753146624053248
1274383763330473985
1274127836249456646
1274125813823295489
1274108164783460352
1274087288578936832
1274077274220957697
1274075648231903232
1274011086375829505
1274010417585688579
1274002409522696197
1274001510612045825
1274001469180489729
1273769899182211073
1273742997612609540
1273739293345939457
1273685727415619589
1273682462611210240
1273647396589916160
1273647188346896384
1273634948331831297
1273634884968484865
1273628745522438144
1273618440880902144
1273393390873382912
1273387855864307717
1273384394561146881
1273375032438394885
1273366950706585600
1273366024323301377
1273365994711527427
1273350988267761669
1273324621325045764
1273324582720724993
1273322756629766144
1273299835534422016
1273298674685218817
1273287260767686657
1273260339413553153
1272980224163135488
1272957201674633216
1272920320110931969
1272676162364477447
1272635658318774272
1272583609057148932
1272522692512616455
1272522080500801537
1272518200085942272
1272239804638539778
1271604314084179973
1271532971753947139
1271205021624012807
1271201066198151168
1271200346375946240
1271199317223714817
1271177749655420929
1271173288098705409
1271171583969767425
1271169460683116545
1271149869399506945
1270875352232058880
1270875057263443968
1270853333083926530
1270850738680406016
1270837697217736711
1270836663359602688
1270835054579798021
1270769368348139521
1270514054885449729
1270511849067380742
1270510789506543618
1270509049373757440
1270364595224526850
1270363416360820739
1270314227140616193
1270156445439479809
1270151497649618946
1270148602820653056
1270119255867101185
1270096042529349632
1270087755033444352
1270078049011277825
1270077768097837058
1270039675604959233
1270022512110383109
1269762820838756352
1269652248776323082
1269303577404637184
1269282790719270918
1269057215606018054
1269031713050673153
1269015772996808705
1268965181859737601
1268962586160254976
1268677381335715840
1268676979970228230
1268666492947587073
1268656750640627713
1268656551922892807
1268642022753292294
1268629316088270850
1268603137528561666
1268603097410084866
1268572729097289728
1268370415287767040
1268370291362848771
1268296519662387203
1268285336364429312
1268282306365718535
1268281540229959688
1268281355638575104
1268281238923681793
1267993474714013702
1267992711963070464
1267966191697608704
1267965808816394242
1267614014961483778
1267583775975800837
1267569315731124224
1266785379602116608
1266521086591672320
1266385174499151874
1266384073376903168
1266382770449907714
1266340531594055681
1266129607801155584
1266127065461514241
1266086637123055618
1266075630669647873
1266059641164791808
1265974265343508481
1265770480100917251
1265770467966832640
1265754967488573441
1265744833890734084
1265743361731936256
1265397889091751938
1265395350866735111
1265325184959086592
1265324743022063617
1265071572349530115
1264973329888313345
1264971077308100608
1264970901898104834
1264252950760882177
1263958139201818625
1263952531497070592
1263927372702724097
1263926959010123781
1263898758280097797
1263878023532679174
1263591690985549825
1263586625927274496
1263581755581378560
1263581456913149953
1263511031663427585
1263252740538433536
1263251629635178496
1263251499892736002
1263250843110907906
1262867395221258242
1262837516530573313
1262832564672385025
1262831084502466561
1262830599045361664
1262830380148822016
1262826883449839616
1262530227508568065
1262529459577597952
1262524800800559104
1262524408503164929
1262493489444552707
1262452272065380353
1262081228913721349
1261477895781974027
1261395645585383425
1261297147535900672
1261284962092843008
1261058129497915392
1261057391132643336
1261055798404358154
1260589932533493769
1260584762873393156
1260575055488135169
1260573954454028295
1260368271850733568
1260348733889359874
1260347520699510785
1260331539054956545
1260330844872466435
1260293226809954305
1259505374555750400
1258870757800783879
1258814737145618432
1258814734696165377
1258808053048229894
1258506650308108289
1258506648647155712
1258506647447597061
1258120991785603079
1258084995618484227
1258069578896285696
1257764173104152578
1257764171866935298
1257764170700914689
1257764169270640645
1257701241867681792
1257701236788408321
1257701233399341056
1257659945153150981
1257437960405991426
1257417448724271106
1257417447558258691
1257417446304202764
1257417444731375617
1257354699302412288
1256585236135194624
1256585234507800579
1256245024964083712
1256245023491919872
1256245021545824256
1256245018962137088
1255982055919419392
1255941851200327681
1255600678795436039
1255598305574338568
1255598304341168130
1255543589658152961
1255238259568971783
1255137763701080064
1254896536896634880
1254848594408071172
1254075618754510851
1253700221063901186
1253465457400647682
1253440625149718530
1253419287512969217
1253419285063467008
1253419283234734080
1253388196123197443
1253356223031914496
1253082653655552000
1253082652053327874
1253082650472038401
1253079388406644738
1253071447028891654
1253008743601668101
1253008742750322689
1253008741844295693
1253008737339654145
1253006064490090496
1252992080697331717
1252988234872864771
1252747823117934599
1252747820903301133
1252747819510874112
1252747818495807488
1252698094820524041
1252698092677275648
1252661349408276483
1252647452966076416
1252302935926718466
1252302934207090688
1252302932298682374
1252302930419597314
1252289128382824452
1252257284518023171
1252257283649798145
1252257282622193666
1251249718254088193
1251193598302978056
1251193596600094725
1251193595090083843
1251169807774429185
1251169806314876929
1251149206112268289
1250937521569177609
1250908411438551043
1250908409655955456
1250908407953063943
1250865711293005826
1250865710236143617
1250865709409873927
1250865708302585858
1250865707325235208
1250828832300548096
1250807325293711360
1250807324383600640
1250550580143153159
1250492278080180225
1250487139374108679
1250457847160283138
1250451447562543104
1250199924605685763
1250199922844086272
1250134024754008067
1249901340630880256
1249844727312273414
1249805059220746244
1249769967358181376
1249755722025439239
1249701905334439937
1249701904399114241
1248959228343173132
1248728798436233217
1248689384255303681
1248688728182337536
1248650355556200450
1248650354100756481
1248650352985018370
1248631256901918720
1248616597935149059
1248616596265820163
1248381631951278085
1248342490287136768
1248306690816172035
1248288386097582080
1248260113917513729
1248249068020592641
1248003108359159808
1248003107268648961
1247990025008095233
1247979358469455873
1247970749786263553
1247919318240759809
1247919317024485378
1247919315568988161
1247664891416231939
1247662337789767680
1247662334413361156
1247615812548079618
1247282304625541123
1247264730705788930
1247264729871106053
1247264729036394498
1247264727937495041
1247264726758932480
1247262959061151748
1247249221218156544
1247193789523005441
1247193788541546497
1246809317132644352
1246125562667597824
1246125504119349249
1246106443000033285
1246099623980216327
1246070337764233217
1245805143947386880
1245745561359302657
1245496330891509761
1245451536722952193
1245415554380451843
1245415552778145795
1245415551830237187
1245363203347021824
1245356453671698432
1245341199214546944
1245109835827482626
1245091238216335360
1245066035990081536
1245042296711774209
1245021701596995585
1244990271970050048
1244980298787495939
1244980297780862976
1244980296786862080
1244783252549885953
1244783251253858305
1244649064433623040
1244635584569671680
1244623233707651074
1244623205467373568
1244623151599845382
1244394659176165378
1243939134529568768
1243929214962880513
1243914913044729856
1243554543163637760
1243246311916417024
1243179072622125056
1242975512194146306
1242949221214572544
1242947403856125961
1242808785091153921
1242808647899664384
1242492449517436929
1242490272048721921
1242148974229929992
1242140202791063552
1242136817333395462
1241878526166470661
1241746620653412353
1241451204066119680
1241449919409520641
1241423868172079106
1241383865555525633
1241364161780690944
1241149392566042632
1241115825601478656
1241089557283684352
1241035950400180224
1241032625734770690
1240781534665285632
1240711529852329984
1240687261512949760
1240662318419185666
1240369607455752192
1240354876208578562
1240353738025578497
1240308231177674752
1240030180405579779
1240021123632332817
1239979015806619649
1239939659322572806
1239910696038662145
1239909754530652161
1239761292203868160
1239719764672557065
1239716956078510080
1239716954631536641
1239716953356369920
1239707681520340993
1239707665988816898
1239696952440348676
1239660242054664197
1239660120671428610
1239636018053222401
1239557795235667969
1239556946321121281
1239556914146676741
1239556270748774402
1239339915579731969
1239197379263373314
1238904957971070976
1238904957044228105
1238836579105492992
1238695582497202176
1238695580177780736
1238556776456478720
1238556717606191106
1238469666672201729
1238250789610704897
1238250788696326145
1238250438799036416
1238192789533282304
1238154582376636417
1237919421995388929
1237859457985470471
1237746296645136390
1237746295923752960
1237746294556418050
1237503442458947585
1237503330601050113
1237481113733472258
1237427768398417920
1237381092400906242
1237365213835526145
1237139245657178113
1237139244981903360
1237139242024865797
1237015520043507712
1236792191051354112
1236759270932254723
1236710185386852357
1235979542239551493
1235979541488840704
1235979540473827329
1235657560444690433
1235657322669670401
1235657321717608448
1235656899271503872
1235633838107353089
1235392336764350465
1235345025116114944
1235312135728762887
1235029949150461952
1234983895470239745
1234966023020974080
1234965516386742273
1234965514339995648
1234902610076893184
1234622011663536128
1234546515206496258
1234499820343250945
1234492591699304448
1234295610062385159
1234270947546451973
1234218854701764615
1233500288230838272
1233500287408705538
1233500286729277441
1233500285856817163
1233481184035864576
1233481182790156293
1233142864080666624
1233142863028006921
1233142678289887251
1233124923939459072
1233124922777579522
1233104664679374850
1233104663202926592
1232798495205052416
1232742644993921027
1232705687186280449
1232696853776523265
1232442442265157632
1232442441195606018
1232442440105115648
1232442438913912834
1232367908027654145
1232353312441282560
1232075892018556929
1232075761579851776
1232030736762404868
1232015334879551489
1230946542506401793
1230568356668956672
1230568355830075393
1230568354949279745
1230517752827404289
1230246627539111939
1230177105138405382
1230177104358182913
1229875255570817024
1229151716429438976
1228814473701609474
1228760205355343874
1228425408426774533
1228387744616976384
1228362752252678144
1228331899162152963
1228121680729346055
1228088133683576832
1228080810869346304
1228064907037466630
1228029434936119303
1228029429391249408
1228027892640165890
1228027891985866753
1228027891155394560
1228027890467516416
1227726682741669888
1227726681764442113
1227726681005228033
1227726680267141121
1227726679361060868
1227726678606188550
1227726677846958082
1227726677058433036
1227726676269858816
1227726675472998400
1227705913743740928
1227638690400415746
1227367635878338563
1227367634896924672
1227367633814786050
1227367480265527296
1227348050995228673
1227296724466720770
1227272224824025089
1227272224140398597
1227011706855022592
1226989993752748032
1226989992955797504
1226989606354259969
1226899669307076608
1226609803088322566
1226291022730272769
1226235359597604866
1225881322587086848
1225796606420750336
1225554911141801986
1225554910395142147
1225554909090721792
1225554908146995200
1225538031081398272
1225474210727944194
1225451768814931971
1225451767925813249
1225222577544519680
1225171186495164418
1225171185455063042
1225171184381308930
1225170232903438338
1225091662176759811
1225067213499117568
1224922358844096512
1224851907950280707
1224818118305906688
1224729224486977536
1224453944673308679
1224453938872610820
1224444162704990211
1224444160964358145
1224042601071960065
