1286072523046694919
1286052527281233926
1285995433333055488
1285951647005511683
1285646268354748417
1285594789715615748
1285326114458529792
1285304750070796295
1285304748506337282
1285232422037192707
1284510617475387392
1284167509273444352
1283832600218533888
1283809203363237890
1283462865953984515
1283439934800568322
1283432834888347648
1283173879196811267
1283088861262950405
1283074019034628099
1283054067619700739
1282713401727352832
1282713399735058432
1281657335270776834
1281657333182070787
1281617705171406848
1281330512292978688
1281324029689958402
1281306163527790594
1281272075454427137
1281251715942092800
1280944287014965248
1280944285957984261
1280852960726192129
1280563481540874242
1280533969231065088
1280232927478059008
1280232925720698880
1280159772025782272
1279423609472237568
1278697435716415496
1278682337635639296
1278449552022892544
1278426911249702913
1278418183632949250
1278402654666928129
1278362598375915522
1278348241537585154
1278040610075705347
1278019378169229313
1278007744361005056
1277746270329765889
1277685770732490752
1277671092870676488
1277654272679739392
1277315905739988992
1276942870465982467
1276885496057131009
1276548960853864448
1276526697857388545
1276211400034091009
1276200864575881216
1276138356397821954
1275892722419871745
1275892721039925250
1275892718263316481
1275892101826465794
1275870583121731587
1275835462586896387
1275509997007450112
1275470578129031169
1274705771977224192
1274020731739869184
1273656843466797056
1273654897553047552
1273654896613621760
1273639076445466626
1273389700603052032
1273283972005576704
1273020436704624640
1273020434561273858
1272964348697288706
1272574206811803650
1272543698048430082
1272543696890757121
1272187078005207043
1271525175524286465
1271511728405254144
1271510925632249863
1271136396493778944
1270857915814096902
1270781016773402631
1270731563840438274
1270709900822396928
1270438013252722689
1270398759994826752
1270363849506652160
1270135688005066752
1270029068453412864
1269278074325082112
1268954094741467138
1268954093147566083
1268954091310518287
1268938301861441541
1268625716222005254
1268593317832527878
1268581849976246272
1268562863376994304
1268282052010553345
1268233812955332620
1268231164076208132
1267975305798520833
1267975304888430594
1267975303915323392
1267975302732558337
1267825799593259013
1267549293759672320
1267549291914149888
1267549290706198528
1267549289183674371
1267549287451410436
1267474126295482368
1267432246190968832
1266465901731250178
1266420121448460289
1266365673330089985
1266365670209585152
1266101050827771904
1266002535187439620
1265766943358963714
1265371080438484992
1265341116632743938
1265015559273484292
1264997975778037761
1263881056551305217
1263839587761340416
1263598113425690624
1263581529239810051
1263525589228687361
1263525588364660768
1263525586888208391
1263460784056786945
1263202543141822470
1263099358305832960
1263099356896473088
1262795582927712259
1262495306530291714
1262477459590656008
1262437796255600641
1262412173088866305
1261391803921637376
1261391802851966976
1261391801728057345
1261361658368126976
1261361649618829312
1261015928155897861
1260974404126814214
1260959663316762626
1260641342151168000
1260298815522902017
1260215654965301254
1260184849127702533
1259965181414825995
1259833415635021826
1259546243304480768
1258869093039562756
1258512140941488128
1258463467184537602
1258079076440354817
1258044178606497793
1257750661694971906
1257671389055778816
1257403633630687233
1257027462963363848
1256599325720756224
1256321177041043456
1256304963145265155
1256304958757978113
1256283021302542337
1256272053193359362
1256005558081073152
1255942496913256448
1255935718934880256
1255910026402824199
1255588540626489346
1255529946505715712
1255221496672329729
1255196078993014795
1255178247198867457
1255134679881052161
1254890477100417031
1254838390639529988
1254761759732310016
1253772688344133638
1253453324663296000
1253445540152557569
1253060147720654849
1253031410337710086
1253031409352093697
1253031408345526272
1253031407120719880
1253025778104745987
1252991804603076609
1252976979306921984
1252975231880364033
1252677905559191552
1252677901905952773
1252662397564858375
1252266208969330691
1252254867252535300
1251627109447012355
1251224134379601928
1251208932175106048
1251203686585511936
1251203684127645700
1250929464789237762
1250912846667567104
1250911103141453824
1250874533936070657
1250817279119556611
1250582158919467014
1250525553511165952
1250508943882776576
1250490654909763589
1250424117947326466
1250416223222890496
1250240098047852545
1250179523481669633
1250159391292166144
1250132966715478016
1250118644425732099
1250118006795128839
1249827202704826368
1249798852053516289
1249701604204392449
1249701603113926659
1249684946710671361
1249336470302650369
1249116421768036354
1249116420744544256
1249116419847073794
1249039902894931970
1248679641335959553
1248675642662694912
1248664261414522882
1248604650108059648
1248331550313328642
1248330907376852993
1248326450098380803
1248261834240647168
1248010681850327040
1247999472124055552
1247994605297111040
1247968179395145729
1247940321801093121
1247893751252414464
1247560015709339648
1247272870851555342
1247261498315063297
1247261496867983369
1247261495282540547
1247244778875518976
1247169691119841281
1246978049771438080
1246978047930220549
1246908396600729600
1246908395837427713
1246846987003146242
1246111780830666758
1246097627848019970
1246077494157086720
1245819733204762626
1245809299466727425
1245431283884441601
1245427997760458755
1245412701205155841
1245390870163197954
1245372852905234432
1245354270423121920
1245071051354263552
1245023045640695809
1245012029011824642
1244983032328663040
1244781817636536320
1244733243301277696
1244732211401764870
1244707844223569921
1244626684659273729
1243989826891890688
1243644405594062851
1243643748640329728
1243640435886571521
1243634026973446148
1243634025538957312
1243564686974636039
1243554349818744839
1243304221291745281
1243258921965543431
1243248996736475138
1243248994224164864
1243163113379311619
1242918828683726849
1242896673845776384
1242895857692954626
1242817298009853953
1242811704792231937
1242592163961192448
1242566725335474185
1242553686116765697
1242541032249704460
1242480772713512960
1242211349834403841
1242170744903290883
1242152569000079362
1242149298739044352
1242111619506876417
1242103432095432707
1242103431231410176
1242103430434480130
1241061946159325185
1241038628442312706
1241031746621034498
1241022584273108993
1240986453070319617
1240748630983823361
1240732143204085765
1240327021970051074
1239993656280403969
1239966173556387841
1239619944716718081
1239582196932808705
1239564731545006080
1239258121794617344
1239255184519421952
1238834770790027267
1238818822313959424
1238585729036496902
1238556430862626817
1238534948157632512
1238177035190665217
1238176906752806913
1238168267656757250
1238167968112091137
1238141806799355904
1237947880276668416
1237816754186981376
1237790314666082311
1237737974898491393
1237500285205045249
1237111712085684224
1237019998205423617
1236776960472371201
1236728390582800385
1236710354765451265
1236385494503763969
1236000275640483847
1236000226357452800
1235939633177022464
1235939396098154496
1235655254252744705
1235626128540385280
1235603916319932417
1235603479005204480
1235338679117377536
1235305263336427521
1235295429060972546
1235260093068804096
1235211841091055616
1235210892205154304
1234966760048283650
1234966758861221890
1234966757040906243
1234964571904970752
1234942122035482625
1234894475492810752
1234856056162906112
1234514564143894531
1233473141797769216
1233466903168999425
1233174976003526657
1233153585220923392
1233142260398796819
1233127970967105547
1233081862886744065
1232777088161198080
1232777087188119556
1232745899056648192
1232716958266687493
1232326637787766784
1232064594010656769
1232064587995979776
1231991887411712001
1230877516400877570
1230602587898077191
1230275872944316416
1230250222061850624
1229895870101041153
1229858346523594753
1228429325965328384
1228383455731470336
1228052799289778178
1228012975312777218
1227991815615385601
1227739158044504064
1227729450021814272
1227367962627235840
1227345024914001920
1227029481883389953
1227014544335286274
1225919125488308229
1225868902988730368
1225603927590215680
1225561821005930497
1225561816266428417
1225539310335791107
1225503419902910465
1225503417629597696
1225495625309081600
1225481283880542208
1225165952855281665
1225146141282652161
1224919921798406144
1224919919688548352
1224914323648196609
1224909900637245446
1224909898934292480
1224862679485046784
1224814061818404864
1224771951119544320
1224734282347925504
1224372865836945408
1223968799893999617
