1286074298717872129
1286071301862563841
1286067205503950849
1286064033972592659
1286063883040575488
1286063680900214792
1286063531926917120
1286063313428852737
1286049653990002688
1286047416437878784
1286047026514472961
1286046005604110336
1286042628488863746
1286040900154675200
1286038181310271489
1286036584299728903
1286034645189001216
1286034437432647680
1286034220570353664
1286032646607380480
1286032512544890886
1286028977908453376
1286026715630886913
1286026522554503171
1286025270567337984
1286020938685980672
1286020111661490187
1286018654451179520
1286016193275604993
1286014850171363334
1286011617277358080
1286010528217915392
1286008928116105218
1286007974499160065
1286005961895944193
1286003642290536448
1286000874406531072
1286000209911320578
1285998500287848450
1285998236881301508
1285996532815343616
1285995871675523072
1285993383916445696
1285991949896474626
1285983089873817600
1285981966798655490
1285977819319865345
1285977511525056514
1285977224408178690
1285974563311026178
1285966769488826369
1285961643743207426
1285959135985651713
1285956530697908224
1285954129806884870
1285952828721291272
1285952815316250624
1285952792461545472
1285940200586260487
1285736573347270657
1285699368360849410
1285655676958715907
1285617018289496066
1285580125103427585
1285327433944760320
1285298675917496324
1285283469925527552
1285267496774369285
1285239024580468737
1284965119680749569
1284620853511102464
1284443887302586369
1284306926403235846
1284289131313389569
1284220624257376259
1284198035824742402
1284122053017296898
1283928572919521283
1283892409013800961
1283883898741686280
1283871750212722688
1283831814642184193
1283824932049293312
1283812361107836929
1283774346679455750
1283469205980020736
1283459873594839042
1283456541576835080
1283212107589263360
1283171612519550976
1283171611672293376
1283136216783892482
1283090674779410436
1283082672080855042
1283077974242328577
1282781966262325251
1282702489360441350
1282467942677061632
1282337278023602176
1282074225554202626
1282004677920423937
1281761608188952578
1281695264995188736
1281686049039818753
1281660065821450240
1281648904380059648
1281648903436111873
1281348497497821184
1281340510574202880
1281333795778695169
1281267472855904261
1281267471916335105
1281259285436121088
1281237362996117504
1281237362169839625
1281237361263890432
1281237360580100097
1281237359791570944
1281024694590877702
1280951442795384837
1280899720811085825
1280883372718424064
1280657771768266753
1280607768777555971
1280586983220432896
1280560137179185152
1280214007283101697
1279947197849767936
1279784985713684481
1279581776638328840
1279493588364210177
1279457366996639744
1279243049521090560
1279174385648230400
1279174385002336256
1278861073907683328
1278808132718858240
1278738657847934977
1278723231571214338
1278693360216289281
1278447844547080194
1278438701593485312
1278408540504408065
1278146396143652865
1278113433943146503
1278063736402608129
1278045783586213890
1277988030603821057
1277733607772225536
1277695598976741383
1277674149180248072
1277623261694754817
1277380676476698625
1277283021343899649
1277045328471080960
1276978010026057728
1276923153646850052
1276707936539217926
1276624476034207744
1276589068953038850
1276575846959120385
1276558189266378757
1276322920336408577
1276283671121707008
1276248457725071360
1276237402433036288
1276237401267023873
1276170983427244033
1276160383930241029
1275949465376088066
1275882498321526784
1275822063870259202
1275611664533028867
1275592825736921088
1275558677043384320
1275507459017277441
1275464969929330691
1275450453971496961
1275255075104063489
1275159198767161354
1275145270217641984
1274806833404837888
1274806832444440576
1274775543410556928
1274507158151888896
1274399382700425216
1274124865516306433
1274016388663910401
1273808797740478467
1273753896477962241
1273735100270870530
1273706925415424007
1273678410728996866
1273661019873857536
1273661018896506888
1273649317509767173
1273607177874345985
1273427725999656960
1273366581792387076
1273326996311998464
1273311989171982341
1273286452722503680
1273286451866882049
1273243894470361093
1273022605965045760
1272998309754556424
1272969462485061635
1272969461591617537
1272943259472584704
1272687375316144132
1272610508965896193
1272556743441203200
1272235248173137920
1272210967691214850
1271858012295135232
1271829870432182274
1271599572758994946
1271544409469980672
1271516551246761985
1271516550462353408
1271485618162458627
1271237469732769792
1271195706095796225
1271152077218230275
1271116183543132161
1270872193245810689
1270823682835955713
1270792612253962246
1270780014401855489
1270746461395922953
1270461763365023744
1270433909050933249
1270379802277666816
1270107396225077249
1270064292205924352
1270051807834841100
1269434567208943616
1269381457358852102
1269076368240893954
1269008943361265667
1268935194339356681
1268893100057001985
1268664078811181059
1268650771140280320
1268610189172723712
1268600864803078145
1268548881551425537
1268356270102372354
1268321785721700353
1268285724245348358
1268265231064670208
1268265230280294402
1268260393673199617
1267994686783922180
1267935081357889541
1267913668920053768
1267887627920949248
1267871761590337536
1267868728919822338
1267550663984189440
1267531245027721218
1266888600324657152
1266887854959009793
1266814546611765249
1266781844596502532
1266743913429323780
1266566687874265088
1266532205884571648
1266467691658952705
1266450635362271235
1266433210378059779
1266173655224070146
1266109810254254080
1266025623102898176
1265991841096359937
1265787833811447808
1265742407171280907
1265701223669383168
1265390206351560717
1265367512469946368
1265348084583849989
1265337310633242632
1265309158984859648
1265069322218745856
1264951540563017729
1264725160629764097
1264622764067086338
1264374356781740032
1264333576012730370
1264261120199741454
1264203409898471427
1263899722219216900
1263655167343374339
1263599622385053696
1263571036928425989
1263551998194077701
1263239497766109197
1263228980708159493
1263188003863834624
1263150140984082434
1262834495495065600
1262807919696977920
1262388438864707593
1262111354397179904
1261754651197804550
1261471572600123394
1261449896839659521
1261405713185730561
1261396340992380928
1261352310766211074
1261110275052392448
1261077547795779584
1261038186031190016
1260954253276909569
1260736383964020744
1260691952787509252
1260670792590909440
1260625768738172928
1260324902218989572
1260292723275370503
1260276204101423105
1260225201146601472
1259955383503859713
1259905327677521923
1259558431863853056
1259212196715921412
1258882446537437188
1258819200010739713
1258817286233874434
1258767496208945153
1258767446367969282
1258760471106256905
1258535638510432257
1258523732739387392
1258482068956340227
1258415884332421123
1258219744651620352
1258108741020536833
1258097203031220229
1258079961287720962
1257812477573726218
1257777944593907714
1257751217121497090
1257734270782705665
1257725260008435716
1257688418190069760
1257484653868527625
1257454379004768257
1257389004397428737
1257120129026048000
1257081400953581568
1256658619904536577
1256381284659728384
1256320900141445122
1256310205454987264
1256267635018391552
1256219929667305474
1255983418619441152
1255949949411430405
1255916501837774855
1255667053102534659
1255642004454879232
1255576634540900352
1255567969322700802
1255543767798632454
1255516678898831361
1255303671287623681
1255280322192818177
1255222269602906124
1255194189521977344
1255160124634791937
1254852387975593988
1254490724969701379
1254184972812013568
1254148160806694914
1253860286865473541
1253814958669914112
1253792935478538241
1253774890496413696
1253450908173811718
1253419960426131467
1253137738829791235
1253049644910882816
1253012628844265474
1252961899186204672
1252718180386123776
1252691713740754944
1252667343727144962
1252665735442243585
1252350333675687937
1252325430184611848
1252302619768426501
1251986154892734472
1251946261873414144
1251693027036463110
1251621317931159552
1251583266777370625
1251534920461225984
1251258029921665027
1250890659969581057
1250890658153476096
1250864682753241090
1250820246199508999
1250574354565550081
1250546957183070209
1250514352345690112
1250490867766497283
1250477692916510721
1250219161831247874
1250188521085771777
1250145630967734277
1250121960916488197
1249878261376704518
1249796622743154689
1249749715798941696
1249487253954605056
1249425424087646208
1249380892709093381
1249067999539138561
1249032732296056833
1248770919717318656
1248737040717492224
1248683287255678977
1248648781115121664
1248623100356251648
1248376615643430914
1248376122288541696
1248337451116048384
1248256988422836225
1248051114836217856
1248016279455141888
1247960293239599105
1247950315120463873
1247629603247722498
1247586419138232320
1247567873880526854
1247268646122127363
1247201111670501377
1246891305726328837
1246533074344652800
1246492503710339074
1246216770819633155
1246171535838232578
1246147597363970049
1245836910465028096
1245812986096300033
1245792716119777289
1245495754510209024
1245466550146138112
1245436444287606787
1245176628151492610
1245130825844260869
1245117226937696258
1245113248585846785
1245092480674148352
1245077788295659521
1244734693389619205
1244419994064236547
1244333009223979009
1244312601468821504
1244053698164252673
1244010613715730432
1243998751167000577
1243667047755718657
1243594853935710209
1243569621724213249
1243341433781788675
1243311760511287297
1243294310768009229
1243284872002666502
1243232827459678220
1243205581466460165
1242966974768058370
1242951425791066124
1242937782135394305
1242840169167966209
1242607363342958593
1242587256105377799
1242580176619388933
1242570912370655232
1242532319417774080
1242517069041741829
1242496665921236992
1242265263988506626
1242154529711407105
1242121782376706050
1241871999749763075
1241851851902980099
1241840912948441088
1241767216653176833
1241746242495033350
1241746241521844226
1241530767571931136
1241462150167740417
1241440086828466177
1241422147509157888
1241163845089071104
1241148281713053696
1241110108698030083
1241064407351922691
1241029661628477440
1240809451046809603
1240782361291304961
1240771492159373314
1240747447527387139
1240725761964814342
1240701134144077824
1240658498201030657
1240617497319165952
1240375851214135296
1240326044986507265
1239991775139368960
1239966453274562561
1239934838989348865
1239698071187062787
1239664599458353157
1239630474596712450
1239260766617964545
1238982257664315392
1238867017819729923
1238661476501671936
1238607360563781633
1238557881651339266
1238540819675701249
1238517255207563266
1238499222158290946
1238498918821965825
1238257861723119617
1238197204084539393
1238116270081523712
1237868959128383490
1237821560578342917
1237781571115134976
1237781055656075265
1237553073536430083
1237498009807659009
1237439038249984002
1237399986201124864
1237204090670714880
1237036581283864578
1236749754635374596
1236717386188894209
1236471332499488769
1236084116094881794
1236072181395832837
1236029520941060096
1235986452300926976
1235973405092048897
1235938733809164289
1235934091490537479
1235745521471500291
1235732248189681667
1235704097342451712
1235704096461443072
1235673032653279237
1235655344384348162
1235589807545303041
1235353093660954625
1235349316996390917
1235326919547203585
1235298141064310791
1235286245061865476
1235239262553083904
1235200307245838337
1235033473943048193
1234979349172039680
1234959341540827141
1234898087543541760
1234858417765994499
1234633710865174529
1234633709996924940
1234627589534343168
1234574215048810499
1234533881774321664
1234499476116639746
1234241010458296321
1234217613426876418
1233945299640606720
1233923669983973377
1233877819308068865
1233862542516260864
1233553852852580355
1233479573985222656
1233450572940038150
1233396586618720259
1233132029115609089
1233098835632717824
1233045745034506245
1232858422711914497
1232803199838494721
1232770141131362307
1232745274130362370
1232730446884167683
1232459572692037633
1232324008630157312
1232096737654951936
1232096735457095680
1232049266832683010
1232034017098248194
1231712314136694789
1231386732840587264
1231294139171557376
1231007274950418433
1230974646754971649
1230953125479165952
1230913490673598464
1230669954237771776
1230612947375923201
1230557645599195136
1230332692429930496
1230303139720572929
1229863285404700677
1229106268054396928
1228849104807243777
1228819354587926528
1228478175501520896
1228478141632569346
1228427239215202304
1228427236145016832
1228405442688229379
1228368814267666433
1228343469606948864
1228322910902849542
1228132477497225217
1228098407568433152
1228065723391541249
1227961617176039424
1227699913955434496
1227668535230582784
1227392579748143104
1227353232458035200
1227320589930487809
1227303616542846977
1227303615683010568
1227044523076923393
1227000413683142657
1227000412538122241
1226976633187422208
1226580231714168834
1226315433176858624
1226230402286833664
1225971493810712576
1225926706910941184
1225885791643144198
1225813694245941248
1225543533056155648
1225539619657256960
1225502856666583040
1225502855609581570
1225244914801311752
1225227717379084288
1225208801890119680
1225177392118976512
1225162122159632384
1225143866174648321
1225143865239375872
1224841675073294336
1224770154405486594
1224770149787623425
1224732920293875712
1224518054119387136
1224484709176135680
1224457257863147520
1224418427445686281
1224418426258644992
1224407620951453698
1224103414013026304
1224082919586770944
1223756981644562434
1223706069538680837
1223417464161284096
