1286051527191396352
1286044708146499585
1286040498302586880
1285970154153816065
1285947260849750016
1285947259822145536
1285947258685587456
1285652187406839809
1285607734533128194
1285308565993992193
1285279987000659969
1285249481055916032
1284970358131523585
1284884647621664769
1284509365882564610
1284224948215656451
1284209962089091073
1284197954694393858
1284190569632280582
1284157362140479488
1284143323834351618
1283854599380774914
1283847997248471048
1283817286122582017
1283800457647927296
1283783967850795014
1283760656882311168
1283521614601216000
1283489509917720577
1283482423477624835
1283432846485594114
1283419344706445313
1283148083270946818
1283134737662476290
1283085265129672710
1283085264181747713
1283049818160607241
1282730526848188419
1282687474821668864
1282437156087181321
1282377916614152192
1282312090074656768
1282055349399420928
1282003477418450950
1281962760176271360
1281962758481862656
1281713910358343681
1281713907409784838
1281702652112510978
1281639847988539394
1281593683457040385
1281355311304118273
1281348267830390784
1281306318670790659
1281277162146889730
1281277157566709762
1280979717143879683
1280954376660664321
1280867975457845249
1280692669904236544
1280621558898274306
1280579805503803392
1280512233404018693
1280260674480939008
1280260672916520962
1280190124236648448
1280152402419757056
1279894797516447748
1279843781639114753
1279809463155908610
1279477734918574082
1279430016116408322
1279146653811986434
1279100701923254272
1279065277444042753
1278800022486867968
1278746753207095298
1278709291059425280
1278696440366333952
1278443906171109381
1278412645620756481
1278392915325267968
1278363212673683457
1278340022098366465
1278116818322849794
1278004080170930177
1277981931062177792
1277747221614800896
1277727705774141440
1277727704851382273
1277682800041304073
1277682799194132480
1277671139922391040
1277631107610169345
1277590079490404355
1277342859281272835
1277298362467913728
1277245157717483520
1276977860272676864
1276893767711313921
1276616617338769414
1276574798177619968
1276530192446566401
1276530191444082695
1276344224686977024
1276241011845496835
1276200337515347970
1276159511858946055
1275837989923573760
1275803100406861824
1275527688971747333
1275475584068419585
1275448884127391745
1275114461150556161
1275102839942131712
1274799678849155078
1274799677993607168
1274742458568642560
1274442220943409154
1274403694017200129
1274346984204316680
1274346982535049218
1274045872519725062
1274045871705993216
1273999456908849153
1273999323081183233
1273707197898383360
1273693623264120832
1273683397206999041
1273625540616912900
1273368809370521600
1273345684662607872
1273317585581457410
1273303738967625730
1273280043230388226
1273258404413390848
1273008813155770369
1272966389041704960
1272938130836987904
1272912639287611395
1272637864103284737
1272599151184838656
1272585767131414539
1272286613784145920
1272161853536337921
1271899404291715077
1271845553954009088
1271790814553714688
1271551950757269505
1271509125864841216
1271492687338840064
1271459921297620993
1271183716006744064
1271173300056662017
1271161758141595652
1271094881579003905
1270806065907740685
1270781782795976706
1270717483649912832
1270506515263348736
1270473396212686848
1270445670663675905
1270409695933669378
1270393810959335425
1270357961374916608
1270075758195720192
1270026201432829952
1270000349361963010
1269697982833872898
1269654522512752640
1269369152516521985
1269369151522582529
1269307087013711874
1269250558654844929
1268995964133675009
1268942773387919366
1268891444460355584
1268642063588917249
1268599371836403712
1268599370666180610
1268554505513250817
1268315522724233221
1268282056280281088
1268242454018510859
1268192292277489670
1268192288792027137
1267859297188417536
1267782190022221824
1266849785019084801
1266796940941037568
1266786057670012928
1266489290659430400
1266447835031052298
1266419884172488704
1266369559985942530
1266369557276397569
1266156539439714304
1266085370321666049
1266085369101107202
1266075352499138560
1266033658634407940
1266015855567142917
1265744507322208258
1265700672592326656
1265648903086657536
1265387610291257346
1265362314037014528
1265303175009107969
1265281000768188417
1265072498158317575
1265064087454715907
1265046265659904005
1265010668568223744
1264943421191569413
1264920210001350656
1264657693890899969
1264588632951848974
1264551811551244289
1264551810234224642
1264281155991453699
1264229250984534017
1264187107234455552
1264187105816842241
1264000533913878528
1263944450100903939
1263874873199394816
1263836788327579653
1263595470644891648
1263556556643237888
1263505846161506310
1263505845419114499
1263482540385599488
1263236780872142851
1263195687182831620
1263175599922839554
1263125760572784641
1263110794084003840
1262842558809608193
1262784116434571269
1262757695011995649
1262519088175292423
1262455112066306048
1262455111441420290
1262455110652825601
1262429976248422402
1262383966797156357
1262141837424439296
1262101931608211457
1262069502759624704
1262069500989628418
1262031303047872512
1261781928505729033
1261714883793637377
1261714882539511810
1261672480298713090
1261661757443104774
1261661753374621698
1261661744700719106
1261420567359483906
1261344926958264323
1261320808082944000
1261296133919387648
1261033519628812289
1260987950441078786
1260948747497943041
1260699089697755138
1260670809619693570
1260658005546135552
1260658002886967296
1260612561336250372
1260570656908947456
1260383984388800513
1260244480902533120
1260226719048511488
1260210534974177281
1259997558996434945
1259897131172798464
1259828110595424258
1259590946691461124
1259541499076841473
1259497154319704065
1259231013621895168
1259165472039284738
1259123606480658432
1258881142587097089
1258867105237274630
1258848937114513409
1258792246985588736
1258757829718167558
1258567840866729986
1258469434504740864
1258442412927725570
1258442410495008769
1258396609756397570
1258158976728018945
1258158975813586947
1258158974916067337
1258150626896338949
1258105554192535553
1258058217772498944
1258038733049298944
1257780741854896128
1257713291280998400
1257678698372894721
1257678696829407234
1257678695109722112
1257431486053179393
1257349029354242049
1257314142077063168
1257048945680961537
1257002317947248641
1256970920993964034
1256703185382711303
1256645582153756672
1256609329618145280
1256342174288969728
1256342172997124096
1256290482696658944
1256262109341589504
1256226996272726016
1255981546089132037
1255950049416265728
1255896824919011330
1255867852265082881
1255679422738333697
1255599877213560832
1255567023188389888
1255545854406074368
1255502780283990017
1255224260328652801
1255186142305099778
1255186141650849792
1255170280676261889
1255144683388276737
1254923958715125762
1254826215971729410
1254809111188946946
1254777913485877248
1254578383901667330
1254578382077079553
1254578380856610816
1254578377987690496
1254471535936626689
1254445900551815169
1254186429934174210
1254099600732020737
1254045725350035457
1253808918498852865
1253688776712425474
1253462292441763841
1253462291758166019
1253462291070226434
1253462290327887874
1253430717607849984
1253332578867662865
1253093101666816002
1253093100689465350
1253093099892588545
1253093099057942529
1253093098030346240
1253050440503234562
1253033212395368448
1253000239432241152
1252987860078264320
1252987858404720646
1252987855703588866
1252710347552829447
1252696610531926017
1252644331007152128
1252621546969055239
1252604991262556165
1252349974492246016
1252316443057799170
1252282504423317505
1252266529497980932
1252266528533360640
1251982924913741826
1251929124454703104
1251876270327181313
1251596131802517504
1251555388174065670
1251512972649914370
1251313239444635649
1251280288304574465
1251242673865928704
1251224872543555587
1251217790008205314
1251154251125907462
1251139942371201024
1250912429908856835
1250906192341348360
1250906191397560320
1250878801904533505
1250843521977810948
1250799149961875457
1250622831030870018
1250604835772289027
1250514383106715648
1250465278481305601
1250442231736979459
1250164547429826560
1250109322874454016
1250064223444570119
1249859885719867395
1249835728441352194
1249826789695934465
1249784794122240001
1249771473537060864
1249396009505107969
1249339209904726016
1249093275606224897
1249020718219698177
1248971437395841024
1248693536041689089
1248664028345503744
1248613399644106753
1248613398666870787
1248385141883330564
1248307116844167168
1248251181899689993
1248018842212659202
1248007741907415041
1247976431818133504
1247961747182555138
1247930642022699009
1247887309313167360
1247704786406965251
1247704785601597440
1247671568991506439
1247573131591651329
1247340543350321153
1247285901148946432
1247228304123400193
1247164965410074627
1246923299084533760
1246879444909907972
1246854790874828806
1246810939766292480
1246564847669608449
1246510446607241220
1246476247112261638
1246225122513600518
1246120546389065730
1246100638322262017
1245842719144116231
1245830559793848320
1245782590193315841
1245734014679384064
1245445336459608064
1245378043226587138
1245360485702254594
1245103626118475779
1245031243701501954
1244993597507805184
1244750454527057927
1244669401959366658
1244624129757716485
1244358563503407106
1244306700615716865
1244277295201820672
1244048699908665344
1243999990583832577
1243940474735509504
1243931305831804929
1243908370341539840
1243634769793081344
1243634769017143298
1243634768203386882
1243634767402328071
1243634766458560515
1243634765544280064
1243585670075109381
1243571905019420674
1243279198745169921
1243233110956933122
1243233110189367296
1243233109220438017
1243233108402622464
1243233107534381057
1243207055600693250
1242922062706028544
1242854058605588482
1242826776100945922
1242522004420427777
1242481083549089793
1242452371910864898
1242227954110865408
1242180281500446720
1242141956936998913
1242122562534064130
1242091000073531392
1242090999331127297
1241841367011201026
1241808080444297218
1241785188029468672
1241767890312933378
1241494695466893313
1241457578804039680
1241401265998958594
1241401264820420610
1241373362099814401
1241151268971831298
1241151266279079939
1241132774200934401
1241125818111332354
1241114058973216768
1241083654958387206
1241069781610004482
1241069780750209025
1241069779777204225
1241043697439039492
1241011658023219208
1240774291358089216
1240749678662213633
1240703066074230786
1240666751634944005
1240653631046680576
1240459467109605377
1240451377454817283
1240385009900564482
1240334763766034439
1240310947069255680
1240275744036655104
1240077234913849346
1240077231852044297
1239982613072396294
1239930723253002240
1239914921854296064
1239651741597143040
1239606027659739136
1239606025298247682
1239598891462524929
1239562310043209728
1239237848508829698
1239207927115849728
1238951154580668417
1238911252593811458
1238894019519938563
1238841256085721089
1238841254026326016
1238580956979761154
1238511896753590280
1238466630289633280
1238249720751030272
1238188725408071681
1238159929506217984
1238128001545576449
1238127999972708352
1237796855750287361
1237796853523062786
1237771399730733062
1237768759387009025
1237764713448177665
1237753509413609472
1237503782709342209
1237455603997577219
1237439198900166656
1237387887215181825
1237381579686793217
1237370894659584000
1237203807760769024
1237104993938944000
1237027199200493569
1237013840715567104
1236814309247930368
1236814306861363200
1236800853593423872
1236695393515307008
1236424913617117184
1236400901570658305
1236309238701580288
1236064264391024640
1236041336945627136
1235976584508604417
1235719492459728896
1235701445288050689
1235677105565962241
1235572665936732160
1235352071445958658
1235341079827841024
1235328541039960064
1235283336433717251
1235273038469443585
1235243622393622532
1234994076946030594
1234969821546254337
1234913798382915586
1234846883543162880
1234654029369745409
1234525733676032002
1234488312297148416
1234271282339991553
1234234489884286976
1234157879021785089
1233915695907430400
1233887721334222848
1233791913825914880
1233497874815766532
1233480541279789058
1233443948661702657
1233158281939636226
1233145741843083265
1233129101843738625
1233037467558780930
1232837346292326400
1232785282681974787
1232749421940502528
1232740993398640641
1232715192531922944
1232696257577209862
1232439171697922050
1232369533819768834
1232327689119391745
1232064451131695105
1232010951983013890
1232000904389373953
1231950029079928832
1231757914874023937
1231641203365556224
1231595577835737088
1231375619906080768
1231359901647228928
1231343268186787840
1231223903177134081
1230915173151580160
1230888504567226368
1230633131708952576
1230591357724614662
1230555625966493696
1230536117742645248
1230261904897081347
1230245146438119425
1230222424182083585
1230201225452359696
1230181158085890048
1230152315526668288
1230137777184006150
1229913546542190592
1229913538417844225
1229890960299036673
1229842915133992960
1229540696987766785
1229500522048212993
1229416089496510470
1229153415432982528
1229065479567937537
1228822043308650497
1228808705904435200
1228789390010388483
1228721300983754752
1228472400376946689
1228450092534747136
1228436231844921345
1228390319269519362
1228390318401314816
1228329537022386177
1228066293682757634
1227999700072222726
1227999699170316288
1227986413297246215
1227758309085794304
1227709298672795648
1227672590032023552
1227652549408362496
1227652547256647680
1227620878768394242
1227606498571882496
1227381793080381441
1227364592101347328
1227338945387794432
1227316731925975041
1227292821872402437
1227254400621649920
1226994343212396545
1226912175538810880
1226882216195690501
1226667515834765318
1226634351850479616
1226606178332966913
1226560480006811649
1226295848260317190
1226266970447896577
1226188285027942402
1226161030868471808
1225932252447682561
1225917137434312705
1225870592487907331
1225795290910855171
1225609239797870592
1225567929477074946
1225540834839482368
1225511424614715393
1225452048185004032
1225209389797253122
1225195857651302401
1225138755377541121
1225138752684728322
1225113754435817472
1225089831962804224
1224840304236417029
1224749247607734272
1224705271639003136
1224477809021767681
1224408214697062400
1224347781067878407
1224103420161859586
1224057844435243008
1223986301998977026
1223745012048986112
1223687217316532227
1223619902705106944
