1286066392635183104
1286066391737683971
1286066390949134338
1286066389971865600
1286022671382327298
1285651507543760898
1285628663912968192
1285321027363495937
1285217587325009920
1284901909099413505
1284343058813853697
1284230590288596992
1284206130902728706
1283863665515601920
1283491500152807424
1283428268985716739
1283420565257297920
1283195740840513536
1283067323725774850
1283031292246884352
1282786951742083074
1282738506515787776
1282716670772023297
1282339903318249473
1281974272332828673
1281610225620078592
1281595218190643202
1281400338961104897
1281335252678565890
1281281539771453440
1281273767969394692
1280877436658475014
1280844028217634823
1280628297475522561
1280503525185904641
1280503524334407682
1280503523239698434
1280291816949022721
1280256076596809728
1280134492292775936
1279972298120929283
1279914435512078342
1279803025478074370
1279131708009459712
1278711764172050434
1278689721850433543
1278362376186859521
1278320015838777344
1278012596168384521
1277972592784109570
1277956125183348738
1277705110056054785
1277688839511969792
1277687263942586373
1277652311590998022
1277652310588641280
1277652309502279680
1277652308185276416
1277595544052019200
1277228764905328640
1276681503414591488
1276611263645323264
1276600248018907146
1276565153400659968
1276524490067976193
1276315627897176065
1276202263338516482
1276157695259824130
1275776393075441665
1275478069072007176
1275129581180248064
1275048698070929408
1274800527629484035
1274377024698802177
1273984640748072961
1273633751537520644
1273329286582280192
1273329113030328321
1273261341227319296
1272935406858838016
1272583978554441729
1272546452103929857
1272512617375043585
1272215766318931968
1271476283948634117
1271474568667041792
1271441308146638849
1271160839639310342
1270818526748606466
1270757806740770823
1270722824081039364
1270451573500645383
1270346842480562177
1270102404034420742
1270030222604341249
1269976513950224384
1269645034711810050
1269298540142104580
1268912394920701954
1268626624284708867
1268559545976094721
1268559544894066695
1268559543631568897
1268187038718873602
1267848830453678081
1267834606625185792
1267834604741898241
1267834603504570371
1267834602590265344
1267834601713565696
1267834600803500039
1267560515116707840
1267529182495551489
1267215358513090561
1267215357447671810
1267166927300055046
1266467681605226496
1266111676514013189
1266019000867336192
1266001638654980096
1265790417729138691
1265790416311463936
1265790415166484481
1265790413786529792
1265790412482129920
1265694241491169281
1265308055773872134
1264873853097881600
1264223541253287936
1263860591883665409
1263850866727141376
1263602388956516358
1263575651375886337
1263247232498884615
1263140049329233921
1263139198892154881
1262846045630980097
1262780760517423104
1262379628720775168
1261676288495976448
1261476114662395905
1261370974085304321
1261346193717760005
1261329822460055552
1261029835280875525
1261024938863079430
1260624068333756417
1260303637064167425
1260217833130201089
1259926053721604096
1259874674055491584
1259464297417146369
1258821845727485952
1258791810345861128
1258753914700210177
1258565557802151938
1258423288650440707
1258101656249602049
1258058018547281921
1257672059481718784
1257380812355485696
1257298869337174016
1257004653876858884
1256999471122124801
1256693031492890624
1256290022459875328
1256289581881683968
1256246772139200514
1255910928048062467
1255869847801597952
1255502109635751936
1255286500369063936
1255284792473653248
1255230824619917314
1255167781978472450
1255107631963934720
1254847061155069952
1254519262481461250
1253787207581794305
1253685687519293445
1253448628678594564
1253329649616089088
1252965742527610880
1252616304198025223
1252590359143682053
1252590357797167109
1252322609456459778
1252270899488862209
1252215339489861645
1251985360718094336
1251867793689018373
1251537696499130368
1251255998611890177
1251224010626654209
1251132882510393345
1250590584768794626
1250518727763931148
1250458527568670727
1250444532606533632
1250128524633137152
1250093643874086913
1250065558260908032
1249463553083531264
1249351710914510848
1249013913229889537
1248361888435617792
1248313477460045824
1247955074342666241
1247696604083216385
1247577575129526273
1247248954003251200
1246922571846647810
1246789024787976194
1246543503246725120
1246425293440638976
1246210737925763074
1246167419040792576
1246124412295938048
1245813300492935168
1245534721385340928
1245465964465930240
1245443901349138432
1245115129877987330
1245024458450055169
1244991044690853888
1244991043814244352
1244991042744655872
1244991041851338754
1244991040559493120
1244991039468904449
1244991038126796800
1244991036889411589
1244767612795416579
1244756913268633600
1244710133395054592
1244409407561248768
1243999678359842816
1243658054018662401
1243607927166042118
1243573956097048578
1243536015765245957
1243536014301450247
1243536013240283136
1243536012107710464
1243201528724324354
1243200247008026626
1242844791815225347
1242486797453733896
1242486796442894336
1242230183572242433
1242177499548786691
1242105715008974858
1241801024664473602
1241451692694081541
1241451351772672000
1241407856936652807
1240780129682546689
1240752092903550978
1240670326599626754
1240658760349220865
1240431179536400391
1240421609741172737
1240342257208823809
1240341956330487808
1240307347064578048
1239992780241371136
1239621638922043392
1239599202264588291
1239306073351340032
1239253856229433348
1239214034911723520
1238828094112370689
1238497416669810688
1238267235933851657
1238166901148340224
1238093527139180544
1237887481762050049
1237793941644328960
1237788247125905408
1237775040696979458
1237735994272681984
1237726033115258880
1237515888598777857
1237415299298856960
1237379744980762625
1237134511722369024
1237046793457872897
1237046792514084864
1237046790827974658
1235992809779458050
1235934474753445888
1235689612254670849
1235637446831988737
1235319146461769731
1235212165935697922
1234982170747269120
1234945653991759874
1234945652922159104
1234945648966930433
1234836513017520128
1234554870054752256
1234138278439374850
1233785499061383168
1233462168164732928
1233456680928763905
1233386553646383105
1233138193668677632
1233113080604827651
1232786879709425669
1232748417836834819
1232680022210641929
1232444648150294528
1232345751675645952
1232054460999925760
1231338929821028352
1231338875496357889
1230926129487368196
1230869062454071296
1230639300032782338
1230564048724320256
1230212890352857088
1230173335515996160
1230154353052438528
1229803860828577793
1229452043972206593
1229087286874255360
1228703377686769667
1228416295915286528
1228329009370533894
1228329008456241155
1228329007533502467
1228329006438789121
1228329005469904901
1228329004446429185
1228329003217563651
1228033095137472512
1228017709901926401
1227818922839363584
1227673550691196930
1227669003755233280
1227636615562043393
1227601336419733505
1227584961215107074
1227292489368965121
1227259783205523456
1227231200860934144
1227009047397793799
1226980991081775104
1226241099448057863
1225852854533001223
1225831867842269184
1225787171635855360
1225622471044423680
1225561284986445826
1225529796995756040
1225526626072571921
1225496379977555970
1225472786417770498
1225422560453709827
1225174811585994753
1225174810608721922
1225174809555951620
1225174808532484096
1225174807161049088
1225174806066343937
1225154257265004544
1225134495461974016
1224897559132614659
1224897457190064130
1224894163830874115
1224892036614184966
1224869187836878848
1224845650111684608
1224724567312289792
1224488936585691137
1224347752433442816
1223994370875187200
1223776754629861378
1223776752801132549
