1286061183477231619
1286058440759156741
1286056517070807041
1286053007654674434
1286050898993721344
1286044070125608960
1286022735806836740
1286020021043552256
1285988298171666434
1285981802138566656
1285981147084869632
1285979325347569669
1285972916379607041
1285948872553111553
1285940908047958019
1285940765248626701
1285768134629023744
1285706546970865665
1285665029480734720
1285612300574101506
1285424261889433607
1285394190025850881
1285360277391699969
1285337610026536961
1285333766878031872
1285315060026552320
1285310382215593986
1285280778914459648
1285253503754141697
1284567053534281728
1284310672210354177
1284276698221965313
1284263576232849408
1284235408805511168
1284206246778691586
1284186102081953799
1284181631004286976
1284156071913955329
1284125789802373122
1283499802408308736
1283482983509323776
1283455678183505921
1283431004271714304
1283238608275566592
1283219734914306048
1283204635763912709
1283203115819229184
1283180395693961216
1283154979579101185
1283146964276842496
1283119545276915712
1283082751604916225
1283070923239759881
1283030764066492417
1282887545865613314
1282864895625777155
1282845761315770370
1282812084464615424
1282767017913790465
1282742814330191878
1282712530184372225
1282700141481189376
1282673637829406720
1282497148806770688
1282370252441976832
1282147670593855488
1282109920809082881
1282072174812110848
1282048942344200192
1281993263013126145
1281770183334309888
1281739985314623490
1281717334265270280
1281705850499993600
1281697521467682816
1281695633905262592
1281691987976970240
1281666183947665409
1281644213499830272
1281639266515390466
1281635545416978433
1281622309816631297
1281616495156629505
1281613345083334656
1281586323762089985
1281403128449863680
1281360410789072896
1281336840629432320
1281334357605613568
1281333293254836225
1281298307042639878
1281240830691270659
1281225764227039233
1281225677144915970
1281079380572123139
1280997746212823040
1280985008782675977
1280980024011751426
1280978405886816258
1280967427287912448
1280948459332423680
1280948063859879937
1280894412265000961
1280868186703843328
1280660369262776320
1280626395832561669
1280607522190094336
1280585223214948352
1280582675871514631
1280578874410242049
1280563596456419328
1280561568397352961
1280509374595837954
1280498756589420546
1280299963184971782
1280227087291420675
1280222740969074690
1280210998457257984
1280210639919685640
1280168806166466566
1280126339895328769
1279942945878106112
1279856406925959168
1279814153138368512
1279614370507452416
1279478062367666176
1279237906520059904
1279209184584781826
1279107826921680900
1279090022172352513
1279083428512772097
1278874854196801536
1278855787637542913
1278835747148255232
1278793070855643136
1278739754935255040
1278733673844613123
1278729605835370497
1278723137878634497
1278536725061500929
1278504686618849280
1278502682857267201
1278487156126777344
1278466579693371393
1278448876173828104
1278439120449265671
1278425228759248897
1278408269996818432
1278378278173237249
1278346153243836417
1278070034938638336
1278066145732358144
1278050016347803658
1278035831798689797
1278008735332478978
1277814868976889856
1277716975536529414
1277716949523406850
1277664406437052416
1277655295272062977
1277653831774621696
1277647711756529666
1277622445424459779
1277619451937120257
1277374585218887680
1277017025274155014
1276990888670003206
1276930871690477570
1276904167387398145
1276903368200458240
1276666048708841474
1276643904008392704
1276628827695964162
1276628805835280388
1276615107368419331
1276535326853476354
1276529404613705728
1276325645551833088
1276245627396149249
1276235812435361793
1276219818560163841
1276157037131505664
1276155966686474262
1275856648570130434
1275541287350009857
1275497711475834881
1275483286836523008
1275474507524956160
1275460732428181505
1275450989076602883
1275431572926345216
1275426156200722433
1275190998252040192
1275144736421093383
1275144256957698050
1275116295235796994
1275113828615888896
1275104902331731968
1274762477478260748
1274341402063917056
1274146990750916608
1274007964559585280
1273973912167120899
1273808571537522688
1273805900617261057
1273780701607931905
1273779083646775296
1273747626668810245
1273712538681847881
1273709037197176844
1273696041456545792
1273675409788461065
1273674527948627968
1273673645991346179
1273671893359505416
1273670865599836161
1273666019547058176
1273665252991938561
1273625211615809537
1273393432992628741
1273386090393677827
1273351524513656838
1273325085018009601
1273056608130662400
1273004878156226561
1272969777510834176
1272969590755201024
1272945527148154884
1272883636975677441
1272746245463801856
1272695387787350016
1272667703644262400
1272666445567098880
1272662178231877633
1272656108943966210
1272654728565002241
1272565997967458307
1272558501433348097
1272537722075348993
1272385345515073542
1272266146629197825
1272209376313520128
1272176116208472064
1272155582661832704
1271977429784047618
1271634190757396485
1271575476549664776
1271556960958271491
1271556512977244165
1271524138138640384
1271278275235590145
1271166809157308416
1271156068647940096
1270921251658350598
1270879202942877698
1270829708310122514
1270811724069789696
1270794557291139074
1270790331295051777
1270789218650947586
1270781366616162305
1270752962428768257
1270740142878273537
1270724229151911938
1270565067885555712
1270470545713377286
1270464637696462855
1270453062595985423
1270448742492225538
1270423093530578945
1270408816098770946
1270390365531619329
1270386582969819140
1270363350149586946
1270350245961105408
1269399968596602880
1269383698241241088
1269383255679291394
1269298406826147840
1269290418002448385
1269113368494903301
1269084784711684097
1269042024872804354
1269022715681406981
1268997784335761409
1268997439484239877
1268952651502362626
1268915802910199816
1268909823309078529
1268744365427564545
1268648754879528960
1268637496189083650
1268633909853650945
1268633622015168512
1268606963883147264
1268545012599578629
1268543227646410753
1268295165116067843
1268271619341979652
1268234640214634499
1268225476524457989
1268049007210872837
1268026610336309251
1267976179086249988
1267974736308559877
1267951907420635138
1267939925883830274
1267899696208584704
1267887939251568641
1267883071807926272
1267860282405257216
1267617199407149056
1267587166160523264
1267569384152760321
1267501845435559937
1267253287558025218
1267222744481046529
1266915236268965890
1266900955271819265
1266879564145397761
1266865607603113984
1266857810559672324
1266855753085788167
1266499227074658304
1266480011768446976
1266373253150330880
1266217249922301953
1266214023571345408
1266194163487461377
1266191435352678400
1266190231121940480
1266188732673261568
1266187601205215234
1266185255666413571
1266183345047822340
1266164854672375809
1266145980359024642
1266134276271222786
1266122279852933122
1266087926028533762
1265990891405299712
1265824910745776130
1265741102361034754
1265719919049572352
1265714139512668160
1265712079278952450
1265653544314712065
1265629792923193344
1265629640971952133
1265431674680115208
1265428838756093963
1265380725202784265
1265377572919091200
1265292242845077505
1265289445185634306
1265272467788005386
1265099918785511425
1265015990137630728
1264934250953883648
1264775713036603394
1264711528407760898
1264677081654464512
1264637413512613895
1264622499217780738
1264573991622250496
1264304755016433669
1264302568840278024
1264271069021683714
1264268683393880064
1264026356096139265
1263952779137122309
1263926354610880512
1263895429487435776
1263891673425285125
1263887091513114626
1263861844365754368
1263857209366196224
1263842970563944449
1263841973062045697
1263832781232254977
1263631914482585600
1263602974439411712
1263582109525872643
1263579957046870019
1263566244961271816
1263545097766961154
1263529995089006594
1263515738771505157
1263512296581668869
1263499147421810688
1263287142773645312
1263286022185648129
1263285466620715016
1263272366005682178
1263269526688288768
1263263222246920197
1263260304680587264
1263256820862390276
1263252933740724224
1263251996792033281
1263250520862490624
1263244697985835008
1263236676144500746
1263224343540137984
1263215795213144064
1263205358375493633
1263183349591441415
1262944887378493441
1262926013089976326
1262918191388536839
1262911378559549441
1262893894716608513
1262892677810528258
1262739098869149696
1262561155555393539
1262537701733085188
1262456769189683202
1262421764153409537
1262172879833239552
1262072098261958658
1261830045859012608
1261821129179758596
1261769513244205056
1261748323570126849
1261706828368543744
1261667446198620160
1261662234234814464
1261491562036334592
1261433718247317509
1261424351871672321
1261393462240276481
1261370767578673153
1261345188234092544
1261325637308026880
1261038577346998272
1261034706960822276
1261010567399182339
1261008380266713090
1260992659327528965
1260940484555550720
1260694686022479874
1260680886502281216
1260655515853414400
1260613590253547521
1260601016770232322
1260585727408177157
1260566695942520832
1260563069656272899
1260538747046813696
1260372224772636673
1260305213434605569
1260284694387732484
1260283418866266117
1260278251433472000
1260277591203819521
1260273294575616002
1260271215928893441
1260270325985611777
1260264748689604609
1260253817838452740
1260253791619887104
1260204720477569024
1260026180717015050
1260017245071130625
1260014344865148930
1260012965266243585
1259976766317264896
1259962396149456902
1259962095552139265
1259915744634118146
1259868051274596353
1259856821231255552
1259641093777510400
1259586140237172736
1259565267610370055
1259492500370345984
1259284589757042688
1259232054111285249
1259172960277061633
1259170928396730370
1258911498254065664
1258910046676811778
1258909403467730945
1258885076370313221
1258845233380540416
1258844450928934912
1258821204212944896
1258807686059212803
1258796650652409856
1258741161394688003
1258569155407724544
1258551287760613378
1258524419099521031
1258501848807419907
1258247190847336449
1258194181048225792
1258157565378265088
1258145932350312448
1258132556966436865
1258129072439336960
1258093717694697473
1258074184346931204
1258045301472071681
1257875233437921280
1257872570931707904
1257867926926958595
1257864705361805318
1257857345801072640
1257846179142012933
1257846009910169604
1257826741134991361
1257823861686579201
1257797655280877574
1257797448275279876
1257789891720744961
1257774198119940096
1257774166683660288
1257773986676723718
1257773876827656193
1257773809282748419
1257773597080330242
1257761670992142336
1257755895393550338
1257755782269059076
1257751080332603393
1257748616107773954
1257748571404881923
1257739508046577664
1257738551535509505
1257736510696239105
1257736444199743488
1257731709170331650
1257730641199841282
1257728737740836864
1257722504635985921
1257722394220859393
1257717685976207361
1257715916898471936
1257713630184976384
1257710954340585473
1257710871867949056
1257439461882953731
1257420709225213953
1257381957438185476
1257334730665742339
1257307243709476865
1257044566831779841
1257044442109837313
1257022721638174729
1256976813303066625
1256965753926037506
1256956448220893190
1256950173739225095
1256949673077678081
1256944987599765504
1256940758898180097
1256786305004048386
1256775614507483140
1256610610093207554
1256339083963650049
1256314118098706439
1256292170472075265
1256288411746435073
1256077844209373189
1256069912675696640
1256029168757805056
1256028669639876615
1256020567293034499
1255974636803764224
1255959899445526536
1255943166248828928
1255927144854835200
1255919965657542659
1255919307000774657
1255917738377252864
1255869989246173185
1255717452190814209
1255667195486638080
1255627634035359744
1255600799364853761
1255584597682855937
1255570569182969857
1255570348390723584
1255553268132065285
1255552790665052160
1255551947412815875
1255505333537120256
1255499395728117761
1255369648180207621
1255297526384726018
1255203427686236160
1255193461348806658
1255191256290004992
1255181862122774532
1255181824420126723
1255181258545664000
1255165540928303108
1255139006603358209
1255127869614931969
1254944926359527425
1254872319689965574
1254782975901700101
1254644244649775104
1254573699698753537
1254448827907682310
1254440503438987264
1254266137094873090
1254182632168001540
1254127071976185858
1254063795145789441
1253871929221697536
1253773457579560960
1253767008375771136
1253698897484165127
1253523757735587847
1253522892320583683
1253451081306083328
1253429055002513408
1253410699553857536
1253399329827676162
1253371292641828864
1253366057101938693
1253364940209106944
1253364408841011201
1253361511260700672
1253357496967876608
1253352462209159168
1253169479619694597
1253043419632537612
1253042188491120641
1253039726795403266
1253017875020906497
1253016434248212482
1253010816980463618
1253001251022942214
1252994879703191554
1252993653582311424
1252992320775098368
1252989385076871175
1252956881888428033
1252805541019123712
1252760728341221378
1252760683814490113
1252760668270473222
1252753135782764545
1252753098411474948
1252734227927498752
1252690079727923207
1252687182189465601
1252641045420150790
1252630430819536898
1252616938922086404
1252419475040657417
1252390340818014208
1252367856081068036
1252351072150056961
1252345388914229249
1252337768753246209
1252311564385951745
1252259467867103232
1252079309264695297
1252036949436780544
1251986446938001413
1251848789486383105
1251834773858856961
1251734566089502721
1251725163416170497
1251722029134499841
1251687895158718466
1251685286075076609
1251685260443746305
1251662048108429321
1251661880948658177
1251340926112264192
1251329730923593730
1251309242671341568
1251291125975068673
1251275786134474756
1251266971720732674
1251251182225547265
1251249220142669825
1251143153362632704
1250989767480705025
1250881209107910656
1250865292483407873
1250860330143670273
1250859099555803137
1250849692004556800
1250849347035713539
1250847175271219207
1250827837839421443
1250615629201256449
1250544345436098562
1250538952618106885
1250536401889828864
1250516173365665792
1250505042588770304
1250503788802248711
1250449169157967872
1250420475521425408
1250278829379080192
1250144636569616385
1250139054118707207
1250096812712759298
1250060034194669568
1249872464458534914
1249871781873278976
1249871011715198982
1249867778850459648
1249863577915265024
1249862056716709894
1249856848343293957
1249855778456047622
1249853586382749696
1249800743961460737
1249800030736617473
1249770507324571649
1249761477675843589
1249742008278810625
1249687199806865408
1249461930005323776
1249395327049895936
1249155234368233472
1249095668892868608
1249072124620398592
1249008297950281729
1248808203183443968
1248766045701263360
1248708866533097475
1248708343687868416
1248689260787621894
1248619830543933443
1248616013576335362
1248407943654957058
1248382328331616256
1248343778995384321
1248329377986875397
1248312981731127296
1248256307808919553
1248253007382355969
1248062581446774784
1248038501792301057
1247940488222715905
1247937692266094592
1247928957791621123
1247747268385468421
1247725369031000067
1247704275335200769
1247672411228700679
1247538705352380421
1247513652372090880
1247329292356325381
1247304109549654019
1247273910241918976
1247219674405842944
1247200362966245377
1247159116860207105
1247027922772398080
1246984531116199939
1246859287307128834
1246845844822855681
1246832629900611585
1246801991986225152
1246581903446155264
1246552565011152898
1246507841692864512
1246209506973044739
1246172201352605696
1246171027761180672
1246160328699916290
1246118956760469504
1245855083041972225
1245853030664286209
1245831888213872640
1245826002896314369
1245790801743024128
1245788901048008704
1245753085735112707
1245737338162098177
1245720464900620290
1245712903682097153
1245568303646425088
1245530249305239552
1245526157610618880
1245476743550550016
1245460331520036866
1245453218404085768
1245427548214960134
1245391045606748167
1245374075352027136
1245360286049226752
1245172292449116166
1245142583543619584
1245121446428512261
1245119717930668032
1245118722186117121
1245118681518157826
1245116463138078721
1245114046224924672
1245113975177699329
1245111496255905792
1245110376229937160
1245089424033165315
1245070370358599680
1245065326166933505
1245064405735350272
1244832259162636288
1244785927429468160
1244782497768112129
1244701610384723971
1244687819005726722
1244387199539437569
1244363609611870208
1244335639715360769
1244308544998031363
1244282063760633856
1244272442786398212
1243939978226339841
1243870196642861057
1243698676687671298
1243695437388943360
1243635939974549512
1243635636025864198
1243613787984404483
1243601287427563524
1243581054285492224
1243580162890969088
1243556039305248768
1243545361416847362
1243535077566492672
1243380596614758400
1243378256574730241
1243362307989622789
1243311773081632771
1243286876666114056
1243272846094274572
1243208644608606209
1242941454831570944
1242936432236380163
1242891534468603904
1242883657695744001
1242882959620935680
1242808191798390785
1242657872003153920
1242634183698264064
1242634076076507136
1242586997610254336
1242565518625775618
1242564346154110977
1242535813008809985
1242525689535959040
1242518272001613827
1242517701903482889
1242513702106120201
1242459200300728329
1242452914859380739
1242276448561496065
1242258681481310213
1242239707972583426
1242224307796955136
1242209508417396736
1242196591592775681
1242185930687107072
1242080676813459461
1241881706895937537
1241764448706199552
1241721979696275458
1241562905130262528
1241452761176211464
1241452535216553984
1241452324385632257
1241451940304863232
1241437790136684544
1241391696493056003
1241184564392968192
1241181392316379141
1241155271038308352
1241127299027808267
1241117177912201217
1241043230025711616
1241042912009388032
1241033861573808130
1241025429487714304
1241005666086596609
1240803587485306881
1240701109317947393
1240701082013020160
1240682451975970816
1240666285626863617
1240405138336092160
1240394256017129472
1240392511757131777
1240376616750059520
1240361098819375105
1240355476132462592
1240355270339039232
1240347829413044224
1240337429237772289
1240335781547433985
1240302912372387842
1240267232757911554
1240132853599436801
1240073638562365442
1240070322843418626
1240067117300494337
1240023778048053253
1239994705959665666
1239978854875267074
1239902277244248064
1239881995074842625
1239746532544413699
1239700714412224512
1239678074884632581
1239611092252463104
1239602079594840064
1239353106812604416
1239321687038066689
1239260989851303937
1239198083046617095
1239193268862287877
1238945005114286080
1238911987217768450
1238857447575556096
1238856681750224896
1238690804203499520
1238685062104854528
1238684183888879617
1238683803402543106
1238593702131642369
1238593594002477056
1238548364943384577
1238548173620158466
1238540457350762496
1238526571184631809
1238517669474811907
1238505382500327425
1238476860926963715
1238462408403935233
1238279657700687877
1238271726473162759
1238257753363283970
1238256745019052034
1238252184044810241
1238232811255054337
1238197677877231616
1238153720233426946
1238152330446540803
1238144160173035522
1238142872471375872
1238139292406427648
1238123992914984961
1238111540596953093
1238097259398606854
1238095328462635009
1238093525109145603
1238072728797827078
1237952938666004480
1237925337071259648
1237925320117936128
1237860488979062784
1237798194639179776
1237789426597744641
1237781692775116800
1237771904850833408
1237753291746037760
1237539988256030722
1237534202549026817
1237490600619974663
1237461523636916227
1237458341401673730
1237447383769899009
1237416630893842432
1237414514003492869
1237399562605735936
1237397804810670080
1237390582093242370
1237383879327178753
1237033790792491009
1237033688283729923
1237004295763001345
1236726879467560961
1235990056806100998
1235681556527599617
1235643511309033473
1235594226051813379
1235593390319861760
1235591438580269056
1235589762049871872
1235588197406715907
1235343169522409472
1235342169940135938
1235257588146745348
1235222387265806336
1235003766128205824
1234983796744736770
1234934221015330816
1234929348936949760
1234917035399958528
1234917034380623872
1234869129410203650
1234868187075923968
1234857745259606017
1234578758453145600
1234576844223123456
1234576661481480193
1234576481772351488
1234540597718999040
1234494923065430021
1234477944661331968
1234252432219262976
1233950454062690305
1233817586825035777
1233482376682102784
1233456693830455296
1233422967138332673
1233415811546730500
1233149906518499329
1233088923812990976
1233087664372539392
1233086058772025344
1233082430069886976
1233080523356082176
1233069402846789633
1233048937516453890
1233038803578818560
1233031468429008896
1232880653299003393
1232874244280705024
1232808913223004161
1232796709555712002
1232796285780008961
1232795923266330625
1232795609020747776
1232772626055155713
1232770526000578564
1232767019931570178
1232750987431043072
1232735583132409858
1232733596483493888
1232730673645080576
1232729446915989511
1232694228016300033
1232692928889356290
1232681059466334208
1232414529113460737
1232342139406815243
1232316708616052736
1232086741823127553
1232047548673744898
1232041712521969664
1232024898505101312
1232001531374964737
1231810914585890816
1231690407114936320
1231325807592734720
1230986614517751812
1230938810365677568
1230922636840046595
1230887478560804864
1230860253681590273
1230642555269865473
1230276199424942082
1230215474346065920
1230187705742614528
1229902806049607682
1229879336477560833
1229836976897085441
1229433291633299456
1229125923645120514
1229075302200086534
1228876636310949888
1228795869983580161
1228484066443395072
1228442722060718080
1228381671940075520
1228317971908612099
1228168239001128965
1228136778273447937
1228124519048663040
1228034515626491905
1228029184905224192
1228023322488852486
1228017287606816773
1227791977166581761
1227681498565836800
1227656776675397633
1227647741096087552
1227633306554060800
1227632968874807296
1227632560697696256
1227603790632755200
1227398002681270272
1227347283311812608
1227324999268171778
1227321408595857409
1227299287085854721
1227279882239041537
1227267023958421504
1227252486567796736
1227240055925805056
1227234536964198400
1227216627130863616
1227013491049013248
1226938496390246406
1226929593296314368
1226916179136143360
1226899709228441600
1226899129462337536
1226893874313994240
1226887876610338818
1226882114613915649
1226699851091599361
1226600473945350159
1226211860552323072
1225974210062880768
1225921657883316224
1225907102088122370
1225907084211953665
1225907060069498881
1225906975738908673
1225884800881451008
1225884720271175681
1225802674769145856
1225630263213903873
1225567070156460034
1225558560047816706
1225556724939206656
1225519685359357952
1225515916697505794
1225515412978360322
1225501924142854145
1225500500394684418
1225498051281854464
1225493613112590337
1225486454752673792
1225485645948346369
1225484706076143618
1225483165189496832
1225450201537748993
1225187580456640519
1225186353606025216
1225163747691573251
1225152463340277762
1225149706994626562
1225074258377891842
1225056025423818752
1224917050629316611
1224904694478385152
1224900341713580032
1224895881792671747
1224893996457132032
1224893759650967552
1224892831514419202
1224891953499852803
1224889183409524736
1224875802593984516
1224867073190436866
1224832519729709057
1224822836868591616
1224812786754125825
1224803174118318081
1224802036321017856
1224757256862019585
1224727954833453056
1224701615711641603
1224572747143094272
1224535365710761985
1224438579926990855
1224425825921007616
1224398593391517696
1224346001907048448
1223998409897652225
1223770704388247553
1223739996265422849
1223670803583131649
1223670503547834369
