1286076730193645568
1286034942099677184
1286026218924576771
1286025219816042496
1285678242301718529
1285647480756097025
1285612839751778306
1285574751654535171
1285333182817107968
1285211860422164483
1284655552111554560
1284653972779937793
1284576687947239424
1284557995683315714
1284436592459943936
1283871258682298368
1283871257105240065
1283483640308142081
1283472146979860481
1283435908222513152
1283191799574441985
1283188972206862336
1283163613809856512
1283140599198212097
1283126233027485699
1283066607850463237
1281310151153053696
1281260638380199936
1281241460340293633
1281239466905153537
1280970204173000707
1280925459212107778
1280853307599314945
1280654811843657728
1280532026676912129
1280299498825228291
1280178444425445376
1279432197498429445
1278791740724596737
1278752388480933890
1278703474973085700
1278463861180575744
1278424174642552843
1278421166512889860
1278418547941801984
1278418447492427776
1278378563834699776
1278120131185577986
1278078607550812163
1278030625635737605
1278004124173381634
1277746501255680000
1277733123950874625
1277721190388424704
1277633772276547584
1277616059617509376
1276597598745313280
1276594736783077386
1276587784149635075
1276520591512797188
1276225899483074560
1276219073995706369
1276154680440238081
1275899169002135552
1275509952543690754
1275502885397135360
1275496215304638470
1275073641995137026
1275073640879362056
1275073636349571080
1274054340861407232
1274021624992239617
1273654588588130304
1273646497058508805
1273638143661654018
1273356621352259584
1273258870832586752
1273231233879851008
1272988316246380547
1272935719682469888
1272672737463599108
1272548316706934784
1272544658644705280
1272533645656547330
1271455833507987457
1271136138342936578
1271136136438710287
1271066749618749441
1270770813197836288
1270760728962662400
1270758938150084608
1270445234309210112
1270442568308928517
1270335206008991744
1270124697200611335
1270007172731228161
1269336768807153665
1269046089866342401
1269020220599009281
1268975373917859841
1268939293663342593
1268645940044410880
1268607938559696896
1268551702829060098
1268544592657420289
1268308498653294592
1268227230976663554
1268190410951872525
1267979928286437376
1267957642837835782
1267935444735574017
1267872369340821506
1267868559650230273
1267655186878812164
1267614223049338881
1267607696309727232
1267607602181144580
1267607455091109890
1267607192020156420
1267606529609474048
1267551398151041024
1267547163191660550
1267546987156602881
1267091796955365376
1266804569876516864
1266715991943217152
1266475585745936386
1266460439183065090
1266399264147718144
1266387222514864133
1266071564786728961
1266050853607178248
1265763320038031368
1265754665704177666
1265753682597097481
1265751673621921793
1265751349712637952
1265751090579955713
1265716586058600449
1265708664201117701
1265694253847646210
1265689472793866241
1265684274516307969
1265678984223875072
1265649710368526342
1265304687034560518
1264939731223281672
1264327497807622144
1263932855052308480
1263911924414234626
1263567561700106240
1263565730395684865
1263530769353519104
1263219357984980992
1263190254334377987
1263160055588884480
1263120217846226944
1263109197492871168
1263108504409313280
1263101700069613568
1263089888922079234
1262887058395279368
1262863763847479299
1262848461625491461
1262805217025773568
1262771493999706113
1262767469455986689
1262767209966964738
1262737700290998273
1262470007155556352
1262444591028080640
1261446514569883648
1261411034322984960
1261388092340154369
1261388091207671808
1261381661037596674
1261361297565921280
1261330789846958083
1261285913067479040
1261053675759337474
1261004603006599169
1260958714594496513
1260929120558624768
1260706389350965249
1260668500508639234
1260631141897383937
1260607234288967682
1260562489508540416
1260358595784425473
1260290396422316040
1260284860293353472
1260270808074723328
1259974061901393920
1259934298821595144
1259923320922935297
1259887636119990272
1259878320650498048
1259847830715449344
1259252823000338435
1258908058387910658
1258878944507564035
1258830786746363906
1258817941665087491
1258814363298869248
1258777427142160388
1258584253710897153
1258556519089672194
1258534733652221952
1258519497129914369
1258484004887592971
1258483816190169090
1258428924066922498
1258412486333784064
1258398424656904192
1258139766396239873
1258123787637227521
1258083014552293376
1258040986489454593
1258032018799177730
1257799841041784832
1257775611122266113
1257764645760311297
1257764153994948609
1257728707420131328
1257379049367879682
1257312066072743939
1257265911091859457
1256623786826268672
1256363170328973314
1256287370275688448
1255962205666803724
1255938268580978688
1255937750529970181
1255937452147118082
1255639109843988487
1255627125241139202
1255508241338990603
1255244977250197505
1255202780941373447
1254896352301125633
1254844854393331712
1254844852904300546
1254844851583057922
1254844849095938049
1254580930032939011
1254565786112405506
1254508127501930496
1254504443846033411
1254222131300368387
1253773024534368257
1253727055272906754
1253707183222657027
1253706734855692290
1253706733085655041
1253457746067886083
1253417641911320577
1253398178042347528
1253377644797865987
1253329678317707265
1253107397662474245
1253069635269918721
1253031535462268933
1252734155802267649
1252659551771508737
1252642874547736584
1252343115752456197
1252313992334397440
1252258740172206080
1252238823842447360
1252040366456557568
1251919354951880704
1251645252882006019
1251536979394691073
1251304735589703681
1251282859702312960
1251277153737543680
1251204064580382720
1251176284627091458
1250914175402094594
1250855301974237187
1250506867723456514
1250455326048075776
1250405150105223169
1250185599719481346
1250183413086248961
1250122139895844867
1250110221730668545
1250106012037677056
1249839440207495173
1249822260644524038
1249813936561696778
1249787957403439111
1249745192376287233
1249741808864833536
1249008473209294849
1248785237833912321
1248748062853521411
1248680938348953601
1248676681864413192
1248390792445448206
1248359719976263680
1248322070280392704
1248250568226848770
1248010410076205059
1247999273825980423
1247984423120834568
1247979305969295360
1247973307560927235
1247898030725947396
1247685787560402945
1247648088329723909
1247623246750547968
1247618349871304710
1247610548260343808
1247607633768521728
1247287714371850242
1247282215433756672
1247275839156293633
1247238331806728193
1246212434349699075
1246202723579633672
1246181473427783682
1246096396173836288
1245890538844422144
1245824789186367489
1245809854305972241
1245727125774229511
1245476505569898496
1245473731352367106
1245451781741719553
1245392623399063553
1245144804788514816
1245092923789709313
1245087283507838985
1245072061690757122
1245030871381540864
1244747707497025537
1244736071986012164
1244728154889039872
1244713647290671105
1244692053344256000
1244603904559644677
1244029585240592384
1243915377635143686
1243883421279141888
1243680330944520197
1243675972349628416
1243673721673572352
1243671310917656584
1243633752842133517
1243632344893984770
1243562813563572224
1243527319626661888
1243301756202815489
1243270727052275712
1243256936239431681
1243255558179819521
1243245608397348867
1243209790370824192
1243203388323618818
1243181492580298752
1242923237094363137
1242898736742912004
1242887582846943233
1242860140862341122
1242827279765471233
1242585474528620545
1242480537933135873
1242261265831153665
1242225514783408130
1242217779568279552
1242203458939256834
1242134397383593988
1242134396112691203
1241818881351725056
1241498796170907648
1241114782775869444
1241110820395847681
1241108732462891008
1241097834117595137
1241086936527384577
1241035471918112770
1241032637810081793
1240770560264679425
1240763746831777794
1240721614892863488
1240701851130949632
1240689904482308097
1240679075255025669
1240388229804765185
1240387612109611008
1240287378406850567
1240286770778046465
1240085418462326784
1240055871826202625
1240052567805177859
1240048601587421185
1239928602071896066
1239691053478838272
1239683443014893568
1239557114349174785
1239556720587952135
1239556590115721219
1239556533538697216
1239329502238584834
1239217706366308354
1238689657686196224
1238688492194070528
1238600900853276672
1238593037783257088
1238546336691208192
1238508117010366465
1238507950404182017
1238239765658509312
1238236262097719296
1238232847103770624
1238189070666301440
1238186324676554752
1237870872129503233
1237845637745405952
1237814032872112134
1237807531218649089
1237785705612484608
1237745219065597959
1237434121158373377
1236818418877243392
1236400070540607489
1236027411931844612
1235686253745537026
1235570827984277504
1235567017538850816
1235213156265451523
1235018493730443265
1234980635980075009
1234979958566445061
1234624132723224577
1234617855167094784
1234231250807857154
1234168913170227201
1233861834727403520
1233445960442957824
1233400857598812161
1233120260292857862
1233120046295154691
1232790535141838848
1232766548210864130
1232499514587652097
1232321100740222978
1232316860378603520
1232084375883386880
1232045381552353280
1232022833431228416
1232021644014690306
1230535956022857729
1230532385814519808
1230273568245796864
1229423780759556097
1228380417327292416
1228092477258813441
1227675308846985221
1227625111362076672
1227344505369657345
1227323147516620800
1227288978140909568
1227279923477348352
1227279894087970817
1226965189855236096
1225804919753650176
1225438505838546944
1225193437676408832
1225146756008157190
1225067268754886656
1224905652881055744
1224904200741703681
1224903598150225920
1224903220885118977
1224903066534731776
1224902814805172224
1224902771230593024
1224902714867572746
1224902258799861760
1224902134564556801
1224901497177157634
1224901345481756673
1224901092221378563
1224900775102615552
1224900486006001665
1224828395483279364
1224751341811240961
1224745145263849472
1224738990600998913
1224512804335620098
1224416425751863296
1224014468113424385
1223674806840762369
1223667894791393280
1223666013478301704
1223665266288099332
1223664464966320128
