1286077331338153984
1286049649795751937
1286033325124128768
1285663360504279041
1285280847067779072
1285270763990376448
1285205536149995520
1284843048732692480
1284635322912059393
1284510768407416833
1284227671019393024
1284135795608166403
1284131492424187904
1283786059961204740
1283777201633202178
1283496579547254784
1283472709704462336
1283427421694328832
1283412318995521537
1281631266064994306
1281618916738039808
1281596585323958273
1281586506164047874
1281289554658549761
1280913348926885888
1280479417060466689
1280231123902246913
1280230527476342786
1280218759152746497
1280211223498371074
1280190510108479489
1280136948590526464
1279401268763557891
1278757868574060544
1278731464755068930
1278443277675646978
1278415602483376135
1278410674851524610
1278350190148280320
1277972742491344900
1277957601964240896
1277713472432869376
1277708472562352130
1277378761395261444
1276952205153763330
1276598639817826304
1276594893331165184
1276520640766410754
1276311787974074368
1276272670968033282
1276245056438108161
1276238761140072450
1276199789848334338
1276184263294169088
1275863807206834176
1275502670363623424
1275472467302252545
1275442281483395073
1275142800837955585
1274696378485280768
1274021022950400004
1273991500431532032
1273971729107484672
1273965319778959361
1273633018582876161
1273326667138764805
1272522123303624708
1272154382482780161
1271483723725316096
1271106236805677056
1270819334814924801
1270785339368579073
1270780305478221826
1270775258589605890
1270746345012441089
1270498471250976768
1270411652912025601
1270050479205122056
1270034162943250435
1268994049387704320
1268959541305192450
1268937433615405057
1268902919065292802
1268882881528676352
1268600931018473472
1268565720071319552
1268276282548195329
1268248689916723203
1268218441099509761
1268200834271260672
1267871157224693762
1267523975220998145
1267511252009525249
1266366204639248385
1266365354588221440
1266104516128247809
1265729507387940864
1265284081715200001
1264941981781942272
1264588266768084993
1263854691907141632
1263498581039816709
1263487249771114497
1263467103857913857
1263178966589935616
1263129905556074496
1262797708907237376
1262756183049244677
1262748642412081156
1262478094822244354
1262444122717241345
1261689164074045440
1261411056401948672
1261397220286332930
1261360720949673985
1261323005919182849
1260985795349024773
1260277335997272067
1260228261692477440
1260210658236342272
1259531620366913539
1259531166274719744
1259475893795332101
1258863013588873217
1258847990116159500
1258813948884901888
1258798848459321348
1258782487007899648
1258769945749585920
1258766925380890627
1258754844472619013
1258407562376097792
1258392470020390912
1258078269561286660
1258045196031479808
1258030059639758848
1258027964542988288
1257759501035491328
1257739380858519555
1257682752163512321
1257664799451865088
1257422317979869186
1257349288545443843
1257335464241106944
1257301501686566912
1257296538012987394
1256347692634181634
1256335155184033792
1256308704351154177
1256308685716021250
1256278501692506114
1256271624850083842
1256266980073619456
1256259730642780161
1256221867251302403
1256214430167293958
1255951349121982464
1255927431598350347
1255908574993186816
1255606560723787780
1255601516800626688
1255567562542387201
1255251724635459586
1255217813503041539
1255210907459899397
1254777983597862917
1254776745938448386
1254143157719248897
1253759392924737539
1253463684183207936
1253412096320040963
1253361144015794178
1253360533241282561
1253344379575599109
1252978002025209856
1252970290402988035
1252969553786736641
1252644577749630976
1252594220696768512
1252352628014514177
1252341321945083910
1252301066777100290
1252288462641905664
1252282174893588488
1251900881022472194
1251250365762285583
1251168568286367746
1250884224267300865
1250456396321226753
1250450105821540352
1250446330511724544
1250437520413741060
1250433727496220676
1250165699265388544
1250159451635580931
1250140557583753216
1250087714965331968
1250068830434492416
1250063791913611264
1249736639817093122
1249727832508555264
1249725318199418889
1249717773778984963
1249329034774880257
1248815578581778432
1248772769543852033
1248719929559396352
1248677145779601408
1248664662398447618
1248606678146220032
1248329863251013639
1248251855773130753
1248241557301596160
1248240732973993985
1247946098750210051
1247611381769216000
1247521639484579840
1247264088109068290
1247247727429324800
1246487727060779015
1246475175236861952
1246157294766866438
1246136659185467392
1246125099838779392
1246115275847667712
1246086338077757442
1245779364316426240
1245773483885441026
1245735275969552385
1245725190266466304
1245442088377909249
1245390273015922690
1245025598113751043
1245024409439666177
1244648134342565892
1243998841243828224
1243957295232532482
1243938455484272640
1243623847141801984
1243560952479526912
1243203583757160455
1243193517599588355
1242841199767162882
1242836182649757697
1242524117179469826
1242509011687215106
1242501531615838208
1242145369011691532
1242100067751862276
1241770389371604992
1241151302970806273
1241139978643681286
1241045620657393669
1241039355659137025
1240683229658730498
1240676946897514496
1240359890658504705
1240275549551026185
1240016334278275072
1239986140540801025
1239933303618142214
1239921971871330305
1239919074399879170
1239919045194977281
1239919007257571334
1239918561323290626
1239626266099269632
1238871281916940289
1238819732071079936
1238542907898036224
1238185523677663232
1238165281580765192
1238094940594470912
1237784136624017408
1237749625605574656
1237477230613344263
1237139903621869568
1236675617652867072
1236066560869052417
1236038871332401153
1236036354406051844
1235694129247588352
1235685291517763586
1235675237708005377
1235633779127078913
1235629962566283275
1235326679683387400
1235320389204574209
1235316643791859713
1235277650442301441
1235246148539092997
1234958008607805441
1234954272300847104
1234950461528137729
1234915155164717056
1234852326231420929
1234591874146590721
1234564157854375936
1233475833039400960
1233424207226249216
1233169962820341760
1233156436072505344
1233100979043815426
1233078148876656642
1233049529798340614
1232822655545376768
1232795037861281792
1232784923540566018
1232777385424060416
1232762274634457096
1232011094677499910
1231970823780683781
1231962073661394944
1231958254252675079
1230937773177262080
1230926437563207680
1230897496127393792
1230889950041735169
1230605611622162443
1230600539576164368
1230598056887934983
1230182839263604736
1230167709775732737
1229407719632900097
1228409390207848449
1228340671720849421
1228340608441425921
1228008475734761472
1227978274669813766
1227654879579164672
1227333414560391171
1227302574002495488
1227277396019154944
1226915025526325248
1225812766415630337
1225792616639401987
1225502355602452482
1225469228800782337
1225150928065585155
1225079178946666497
1224822512753762307
1224813025733103616
1224794780737114118
1224731685817896961
1224409773698887680
