1286055068735877122
1286043367734943745
1286007162448367616
1285981596479365122
1285965944263790592
1285930671341527040
1285930669902901249
1285717247818964995
1285653092466294786
1285626324061769728
1285565192231936000
1285280722136244232
1285242186481664001
1285237715806674944
1285205580706123782
1284840179140898817
1284479139437740032
1284320892928118785
1284215498910179328
1284205149058027520
1284186334379343878
1284140046505979904
1283867984075816961
1283867854304088065
1283843645502889985
1283799530471907328
1283498430577475584
1283491456175558658
1283442661442150400
1283441089337327618
1283418162411843589
1283384651097296898
1283170745892376577
1283129711011430400
1283103946672869379
1283070916025552902
1283014714830839809
1282781476673683457
1282688489134477315
1282411037199863809
1282321176577167362
1281945638884835328
1281679195920314370
1281662251854946304
1281635818260627457
1281370675886854146
1281230248592408577
1281037384394641409
1280915060571934721
1280879196592627720
1280857603258671104
1280569674888028160
1280526693023744001
1280486755855216640
1280192745714397185
1280155176297472000
1280139586136612869
1280123759723241472
1279909120854962176
1279768810522902528
1279487262057791494
1279050124715610115
1278796116058943488
1278763419194269703
1278755938426593282
1278735659428126722
1278707248462733312
1278693924173942786
1278444082256322561
1278432928712835072
1278394649011523586
1278393626578608128
1278327729398652928
1278065287506661376
1277998525037588481
1277980778597511168
1277966601728323584
1277953791145447424
1277716107466596357
1277705452671901696
1277688460212609029
1277679696952668160
1277636268827062274
1277632917502599169
1277612487001747465
1277233738875895808
1276623992871419904
1276587473532071941
1276586405704208384
1276569121828810754
1276568837295673344
1276567477238018049
1276567385005330433
1276555693395451909
1276554248961044486
1276552744334241799
1276548403929976833
1276547138395287552
1276546232660439050
1276539625557962756
1276532674581102600
1276528639102853120
1276510867966877696
1276333585579024385
1276311568788176898
1276225737108983809
1276219521683030016
1276219445518663680
1276219419811885056
1276174834263830528
1276154862317772803
1276146599371079681
1275926482968248326
1275926356900155393
1275918332592619522
1275886175341944835
1275846040986488832
1275846009298522113
1275787923481296902
1275542628667449349
1275530591954448385
1275530571733663749
1275509877612429314
1275488926623576065
1275443791885791232
1275226742152667138
1275168253065728003
1275167003129626625
1275116326537826305
1275090307009429508
1275073912351551494
1274863763796221952
1274708683860180992
1274350458790916096
1274110871934062592
1274074979802533894
1274056853807345665
1274044096995307522
1273960284609273856
1273659271603945477
1273640879341932549
1273620926769303552
1273357804284321792
1273323862453891073
1273310822853480450
1273284045615628289
1273282726184058880
1273276194394341378
1273271392520359939
1273253544825688064
1273013482384953345
1272984832532975618
1272937308803784705
1272936686851436546
1272874545943363585
1272664746936983553
1272641922297933826
1272638955775840256
1272617473817354240
1272610347481010179
1272575008687210502
1272568584590561283
1272535564538064897
1272305451217100813
1271838948013346816
1271500085583663104
1271464235227283459
1271450914356973569
1271429272390033408
1271202521340657664
1271202513677627394
1271202427727904769
1271198844894707714
1270783322034241544
1270745472278450178
1270732733199855624
1270715782079508483
1270701457470357504
1270499587896348678
1270495169201221635
1270439299385884677
1270395191384473600
1270379121890164737
1270356362900406272
1270087958838890504
1270071101813645314
1270054830124531714
1270001278295453698
1269998546603958273
1269994609960247296
1269985703234097152
1269657555229380608
1269656268790267905
1269626284881166336
1269292317581680640
1269292174027489286
1269268678287282176
1269001213611323395
1268959213012824064
1268913393580363777
1268900673871020033
1268689020802007042
1268664458211098624
1268609456398573570
1268608617558740993
1268579498443800577
1268567183296270338
1268534156537069569
1268292538169020418
1268250800209514497
1267958927980978176
1267893784307695618
1267893678200291328
1267623241595617281
1267609795047174145
1267570539419389954
1267480581052551168
1267446166108635138
1267099709887430657
1266890611174576130
1266830097849503744
1266758318917398528
1266464822302048257
1266454164411949057
1266391610234978305
1266367860298772481
1266109096098488320
1266070189801705472
1266066599691333637
1266028100292423680
1266017073769177089
1265813594727493634
1265742158713229316
1265735198219567106
1265664152011509761
1265664103139495938
1265658596915843072
1265647623815512064
1265446530212864000
1265380039421505537
1265264668949598209
1264952123453779969
1264936410093694985
1264548837001224192
1264285904681807872
1264202825506205697
1263973712300249090
1263934483411197952
1263917817159733249
1263901147120754695
1263886724209532930
1263876465738874880
1263875650970177536
1263872463504642054
1263819452635852801
1263639020434788352
1263638993629065221
1263634499918757889
1263634387121422340
1263633437614845953
1263633364470374400
1263497335658680323
1263480720846176256
1263281166070812673
1263253991678455809
1263253877819875328
1263199741292224517
1263156897231900674
1263154336558977025
1263118778117865477
1263098659677392896
1262789273788563458
1262737646641655808
1262491836410728461
1262469579277819906
1262393987203203072
1262366641075163136
1262366376158728194
1262192813200084993
1262144292220555265
1262115024492994569
1262106637810249729
1262029875906580489
1261704359550881796
1261692438860771329
1261476556045799426
1261445245050318850
1261417808446939137
1261386085785051136
1261385875423805440
1261380752047927296
1261348927812427776
1261331115937316864
1261308933517594624
1261305518158741511
1261283905270960129
1261104013291945984
1261085916879347712
1261033965965717518
1261017563582128132
1260971866434519041
1260971635500363777
1260946942638653443
1260931944700768256
1260637679051513856
1260624098193027073
1260599423970816007
1260584963868708869
1260562594341031943
1260312035126099968
1260264239631085569
1260222940202913793
1260191227766505474
1259883827046109184
1259475351652184064
1259146758191550464
1259127582114615297
1258919597706743812
1258877605811564545
1258811454171549696
1258789619656777728
1258789249891160069
1258775370981089280
1258760580263010304
1258748572956229634
1258484163713400837
1258477020306124800
1258467497252175874
1258446594841677824
1258446544757547008
1258446252347457540
1258434705122365441
1258411191828971526
1258378206752710658
1258378078528602113
1258375161872617478
1258168340465549312
1258168181044195328
1258147378080743424
1258146797513474048
1258076466333573127
1258076113546424325
1258048790570950658
1258035375144161280
1258025296307073024
1257801943470297088
1257801698367754242
1257734781829353476
1257652666051821569
1257416937765822464
1257373142009421825
1257357960231170053
1257332741852598274
1257323137294725120
1257298938182479877
1256986055531782146
1256933301207666689
1256699112172523522
1256674380886806542
1256588686373814275
1256582446071627776
1256339828465176576
1256313017068896259
1256249619820040194
1256242130609213443
1256233674732961795
1256232056134254593
1256200168178843648
1256197677123022850
1255974954853699585
1255974534307512321
1255951459922980866
1255926377532010496
1255916458976194560
1255898377524576257
1255880452918972419
1255852275836358656
1255602378981736449
1255585306545401856
1255575760468926464
1255558293885460481
1255542830640046081
1255496372146577409
1255495587501400065
1255264983631433731
1255242812402159619
1255140455466950656
1255124269190778880
1254885337266032640
1254869908426555393
1254804958509219846
1254781161949163521
1254759675352043521
1254411710326284289
1254411054639206405
1254073727635066882
1254073726641025026
1254044941304692736
1254040646463217671
1253889817278058498
1253843944267489280
1253816052582137856
1253816050707304448
1253750280824532995
1253721536785199106
1253693341285441540
1253684471628476419
1253434467647016962
1253355226997968896
1253337240626819074
1253331980294316036
1253100143043325955
1253085407035695105
1253047268158124035
1253015857938251776
1252997637764235265
1252987237723185152
1252974273808957442
1252948435805835267
1252735098929270784
1252706044104585217
1252672102911610880
1252652084685615112
1252598584777850888
1252594744682786816
1252432279416135686
1252386836741124097
1252359720486109187
1252324018667085832
1252284083092291584
1252250187512385539
1251865999336497158
1251579065267556354
1251567848381722624
1251333708201840640
1251238258337615876
1251221144453230606
1251221041772466178
1251200844235788292
1251181874103410689
1251165302081171457
1251150652077510658
1251149771781271552
1251145816124854272
1250943157497454594
1250906815409381379
1250885177896849412
1250870008240132096
1250854323568947201
1250838860382208000
1250596394320244740
1250542575469178880
1250507134145564672
1250497192445476864
1250463277454430209
1250439875150528515
1250439661803061249
1250439455766220806
1250411596561645570
1250194354511253504
1250175402846412805
1250141991561826304
1250124243423178755
1250107296316895237
1250076914305335297
1250051672904273920
1249798798152515584
1249792101811990528
1249792094056714240
1249792056324689927
1249791972287680512
1249755703960616961
1249711891477344256
1249688734917853185
1249383940277915648
1249027548438302721
1248995865425035264
1248989263800291330
1248968308923269121
1248742779502710785
1248719838639534080
1248717012647530501
1248705707878289409
1248690237271916546
1248653222149062656
1248626754639429634
1248604451667140608
1248400768966615040
1248357395769802758
1248348672389255176
1248348609067847700
1248348600263983104
1248348473025576960
1248345164537618440
1248292505092792320
1248292440076886016
1248264184510451713
1248261919573770242
1248261468388306944
1248258530664157185
1248242966256398343
1247993811411832833
1247967910791983105
1247948762238107648
1247922385606541313
1247898226243452938
1247664073984159745
1247630783386353675
1247620081485598720
1247594510286290949
1247580266937364480
1247535007817588740
1247258543461478401
1247252886616182784
1247200690675597312
1247168953081901056
1246846961296252929
1246794636556931072
1246485283077488644
1246468720043663361
1246445476045557765
1246235863484432386
1246185204269690884
1246147315901104128
1246130872321019905
1246130738241642499
1246083457807237121
1246064974050533376
1245812261861687296
1245774285605605378
1245742674172416008
1245725949972361223
1245523491971088384
1245510766586925057
1245471134025428993
1245422112946479104
1245397398509228037
1245387224906182656
1245338563656454145
1245079962610282496
1245069667519127553
1245065515258822657
1245063030481838080
1245033058845196288
1245016644122001410
1244990253762523136
1244977287143067649
1244779678264692737
1244779257454309377
1244737868041465859
1244287012934475778
1244254026012688386
1243916046710509568
1243886373561667584
1243708142476722176
1243636484734943232
1243623444819972098
1243590890909769735
1243578204541067266
1243545490681184258
1243276808042221593
1243257075146391557
1243248201148350464
1243247055692316674
1243232563717685248
1243207502721880064
1243206764012744705
1243187889766371329
1243174808310906880
1242969649245032450
1242920429192437761
1242917131882303497
1242913003026165760
1242869114739273728
1242868241820717062
1242817460572762113
1242811083309617155
1242533073281056768
1242508045948764163
1242500043149651974
1242492859993010178
1242446443367018497
1242446347124584448
1242213316879155200
1242209195446931459
1242209083077414913
1242132494650159104
1242131443477819394
1242104127804620801
1242099724494295041
1242075623058792448
1242071768619200514
1241889831636140042
1241743836256272390
1241735550475919360
1241526943863930883
1241355832849321987
1241098718612467712
1241085050680115202
1241082761986871298
1241046995114098689
1241012592321183748
1240998454270349313
1240708894487437312
1240693760868012032
1240669891331526658
1240668803115233280
1240645752831053826
1240637137428545536
1240409374432124931
1240372184775827456
1240340000207749120
1240320745269538816
1240320612238798855
1240302337098465281
1240274691270619138
1240021554735521793
1239961949674164224
1239939609905283081
1239926652366454785
1239908460311056384
1239660794465394690
1239631904250396677
1239591898731499522
1239590525826666500
1239548592035160065
1239184162411679746
1238919552811089920
1238919045015113729
1238799758002655232
1238637524228153345
1238565884748275717
1238556142361591809
1238532702665613313
1238524335683440645
1238472590185897986
1238462688117874689
1238174473720823811
1238163079860494338
1238140089898807299
1238132470249332736
1238094674293927937
1237928484686761989
1237856956749983744
1237813869982167043
1237812840762937344
1237778374828986371
1237761552264187905
1237523923803099136
1237496276339613702
1237494034773544960
1237480529798279168
1237442853908942854
1237428924017266690
1237369370504040449
1237206808881659904
1237206791324393472
1237139137494482944
1237117080480120834
1237108952392966148
1237103263209701378
1237070919283212291
1237045039085375490
1236790876313182208
1236651254224433154
1236338818602672133
1236058313550426113
1236024235405045761
1236010628424359939
1235998167587528704
1235943850771918855
1235734432432062464
1235734340824260608
1235734330833547265
1235644406079905795
1235639063157370883
1235631687662526464
1235607837176475653
1235607826149576706
1235575481883398144
1235322643642974208
1235290584157425666
1235277172413263877
1235232957809512453
1235228236663132160
1234988894556262403
1234966940281712640
1234944477392928769
1234927127822204929
1234912758283546624
1234907234238423040
1234873038472126465
1234851153852145664
1234847199105867777
1234594496320589834
1234544633495064580
1234486776166744064
1234486441733914627
1234229544866983936
1233813914225430528
1233811613750304768
1233499953726656519
1233492093290635264
1233434158426447876
1233422580020850688
1233404650751221761
1233224925630078976
1233158805745172480
1233125845826494464
1233106241561464832
1233101732302946305
1233067291161616384
1232865655717814272
1232865554324697088
1232823248578056192
1232783528967929856
1232771844387803137
1232758907187187712
1232758841764433922
1232717169890336768
1232681094006308864
1232678112325967875
1232529534777483264
1232423801398480897
1232423120092454912
1232384911740481536
1232355870543142912
1232351778613624832
1232321392957444097
1232321342378299397
1232307817442312194
1232036366877364226
1232025914407518208
1232001738657468417
1231972843161837568
1231972538021969920
1231939970635575296
1231740906455343105
1231740714477858817
1231591008548392965
1231378828162981888
1231370737233121282
1230984450034610189
1230980784565125120
1230969910022541312
1230959173355044865
1230948035770888193
1230947920578523142
1230882094684999680
1230691687514693635
1230653017680175107
1230652929926889478
1230652870439165952
1230652833973833728
1230622860579872769
1230617695663673345
1230605361113161750
1230581036750340096
1230570575812349952
1230570530983612416
1230536407095169024
1230509756806291458
1230223147288420352
1230212001378508800
1230184752159830017
1230175713480843271
1230150655056269312
1230135503900626945
1229965210649350144
1229965180370550785
1229887316124106757
1229779294588674053
1229779241148895233
1229429509016948736
1229428828646379520
1229428590153998336
1229192020855533570
1228415762307715073
1228343173891678209
1228325671501430785
1228321788662341634
1228133950780051457
1228065326493032454
1228014931301355520
1227983045640232960
1227967513864089605
1227758206300164096
1227757938271543297
1227740273473708032
1227727958045007872
1227721945711550465
1227689188780322816
1227685026810204161
1227677593991860226
1227676602047369217
1227676345892835336
1227654404641378304
1227651488043937792
1227651470172008448
1227651424005296129
1227646472969183233
1227646053329047552
1227641588869890049
1227641516493090816
1227641125906849792
1227641105568739328
1227638942960365569
1227637491315900417
1227609411083997184
1227587467911532544
1227410396258164736
1227353493687689221
1227335487595171842
1227332241350590468
1227301376327389189
1227294155375808512
1227277796046712837
1227259072812142593
1227240908313284608
1227238348152016897
1227010074943553536
1226968521927745536
1226957605471477760
1226940229984100352
1226929988097728513
1226913853742690304
1226872725374984193
1226872701962375168
1226617804897603589
1226617785255628803
1226541483924299780
1226155257979424768
1225868950724128769
1225849787003658241
1225832443359514625
1225831479290232834
1225830888187072513
1225793587025268738
1225785710768279553
1225770030098456576
1225636828587290626
1225605618209296384
1225603269801791489
1225584502912712704
1225578398233305093
1225571275361439744
1225568848000307200
1225554085782474753
1225525004374290445
1225521265802391557
1225521148433182745
1225500439019388929
1225454687052324865
1225454556328398848
1225439003694051328
1225424838522789888
1225169890425872384
1225153197259489282
1225134704661270529
1225130407865278470
1225118921822474240
1225115554844938244
1225102286441123843
1225101023573876736
1225093117788991488
1224896683160625152
1224895814817939462
1224894351903481857
1224892668947443712
1224891382608945152
1224889946965794816
1224888267595767810
1224887340931469312
1224886876571611136
1224885948439244800
1224883426836217861
1224882498141859846
1224880040766312449
1224863537727705088
1224829903234793473
1224809253443186688
1224807559476936704
1224806022512107521
1224772902500868098
1224767903263875073
1224754204738293762
1224699718242066434
1224699685354582016
1224699658339000322
1224498755229179904
1224461866296135681
1224447226073645056
1224438476344459264
1224365020928249864
1224365013332385792
1223978560756555781
1223743930044506112
1223662361397080066
1223437768342286337
