1286055557519101952
1285998040554205188
1285965889913970690
1285711912043454466
1285711911330426880
1285696820702846977
1285696820027494406
1285658553722839048
1285643360666038279
1285643359760060416
1285630015929974785
1285626528441733121
1285626025678905344
1285391544166559749
1285367898782011404
1285367897913729025
1285285014465318913
1285247550405189633
1284885711334727680
1284573314778910721
1284573314023915520
1284369875108950016
1284261600829071361
1284241683392204805
1284241682469396480
1284225604276166660
1284225602619346952
1284198596691349506
1284198594627678208
1283981257609818112
1283943486304157697
1283929413663563776
1283915800299147265
1283838400676745224
1283800164331925510
1283600996040507392
1283585896307134467
1283568678915772418
1283568678181773312
1283426133099401216
1283426132180819969
1283419053927923712
1283184180067799051
1283172101231386626
1283137077417320451
1283119051796107264
1283119050844000261
1283113212846714886
1283092414966763522
1282884217043591168
1282826896569511937
1282826895827099649
1282733063856885761
1282733063068422146
1282713121891786755
1282713120990015488
1282366033555152898
1282100281270890497
1282100280532758529
1282015340650565633
1281760337126027264
1281715315899080704
1281715314271690752
1281695186393927686
1281668784839970822
1281366204091969538
1281366203374751745
1281350122622812168
1281341145507860483
1281293289942126593
1281250411186446336
1281250410313986048
1281037856576696320
1281007657755783168
1280982487208992768
1280963965170921472
1280918319428587520
1280887704658599937
1280887704075612160
1280850448006746118
1280690568239239168
1280674558153031681
1280667921572941827
1280643276413034497
1280572443854286848
1280562108925718533
1280496742287527949
1280320231353864195
1280246138390622208
1280193760870240257
1280171951474917376
1280152392252755968
1279926451391934465
1279810060621881344
1279515415803297799
1279489027557584897
1279434056480980993
1279156541401083904
1279156540046376960
1279156537299095552
1279137876450652160
1278882845407223809
1278882844673269762
1278852333162639360
1278852332210569218
1278831249784799234
1278831248249704449
1278817979321352192
1278812895363678209
1278740672787382273
1278710419717316614
1278710418932936704
1278443025853800450
1278443023752482816
1278403746838589443
1278382365669285889
1278382364847194112
1278114773603946496
1278033788333887490
1278013013723930624
1277997971741835265
1277982966459674626
1277982965709115392
1277982964857688064
1277782175958683649
1277782174901710848
1277748456073895936
1277748455310610432
1277716219718545409
1277685289272643586
1277660522398220295
1277642737584611333
1277642736787742725
1277631769894948870
1277256066577948673
1277237829282734083
1277237828540420096
1276881927270793216
1276881926679400449
1276619586889269256
1276541871960047618
1276517120864591872
1276517120105422851
1276503151621869568
1276315908118581256
1276227429988786177
1276227428805902337
1276226720018948098
1276194301173735432
1276194300477550595
1276157679107543043
1275997328659353600
1275971976507486208
1275940137965367299
1275940136023470082
1275940134022676480
1275925036726181890
1275868267140259848
1275846537596239872
1275824382288502786
1275810651278135298
1275620000167010304
1275579392593326080
1275547162298978305
1275467887705292808
1275466350484471808
1275224337805606912
1275196940159004674
1275163271327350784
1275085093913198600
1274710192408715264
1274529702972141568
1274446565680336899
1274430284159758336
1274211695200571394
1274136958651023360
1274136957514395649
1274090419450773504
1274090418767044612
1274050076353138689
1274015974589677568
1273980530535600129
1273798869449691138
1273798867251838977
1273733050065707009
1273711219543859200
1273700304874278912
1273672469291958274
1273672465412128769
1273640466559492096
1273623814904127496
1273380192745029632
1273380191973376000
1273372453079789569
1273343598344486914
1273310690619658240
1273276246198280194
1273263676544466946
1273263675563008001
1273008527448162305
1272998653289005057
1272959628515725313
1272924939146887170
1272924938404577280
1272650870363246594
1272650869557923842
1272627540381876225
1272619892542341120
1272585914817150976
1272566696319094784
1272541421837352966
1272217517335867393
1271839796877332482
1271608225482276869
1271580819505676294
1271548831369494528
1271548736024477704
1271460583355842566
1271200847691747330
1271139377020796934
1271139376098140165
1271094505488429056
1271094504733446151
1270863314034319360
1270848214569279489
1270833981676818434
1270758877341061120
1270758876342861829
1270719377654992901
1270489418827100160
1270392714031517697
1270383416828145667
1270359511925166083
1270194368226320384
1270143496595206145
1270134621343117312
1270028501970796545
1270012717915615233
1269807940053147650
1269634006632615937
1269346143881752576
1269273485735612418
1269048858559909888
1269025675433967621
1269012166029557772
1268943162678140930
1268901490036482049
1268694021389590529
1268666857692766209
1268659238504718336
1268626396928147458
1268593329006092288
1268593327777222658
1268391778559897600
1268352204026544129
1268346733207203840
1268296842577575936
1268216336754278405
1267925657306173442
1267916380801847296
1267873998991286272
1267803651982180352
1267640907161051141
1267640809215664130
1267493705474244608
1267493704853528578
1266775497297367040
1266484563821441029
1266477594981138434
1266466782790987783
1266466782153449477
1266373030889918464
1266134836311359488
1266064659200847874
1265738654875607040
1265649818778718210
1265357735211593729
1265096477417844736
1264931172104245249
1264922819223343105
1264677297782583296
1264224570535407623
1263931767267958787
1263928379935461380
1263928379075674113
1263122833808465921
1263122833124872192
1262734091469885447
1262734090652078080
1262544750990614529
1262527848860069889
1262434927779254273
1261793553325277185
1261710095236378631
1261471863349276672
1261414275219939329
1261403863040458752
1261357942718242816
1261311761376051200
1261080237284167680
1261080236776665092
1260633172573855745
1260559388663840770
1260557912537206785
1260298208410054661
1260210556277067776
1259982143377326080
1259982069645672448
1259831513778192384
1259462633658429440
1258847532760866816
1258462296428425219
1258160053628153856
1258159950188118016
1258032112013381634
1257657362258767878
1257339892364951553
1256617142943993857
1256336807266000898
1256245479609901059
1256245478695591939
1256242023180447745
1255974758103080962
1255957403448770566
1255855933755994112
1255653832933011456
1255618493027954699
1255599420504145922
1255573084641333249
1255485490448470021
1255485489425022977
1255253897175760898
1255238652164177924
1254823506510065665
1254760042106105860
1254462371483049989
1253851704887558147
1253851621454491650
1253816437749268483
1253782948559675392
1253782947800526855
1253687543486468102
1253404867592433669
1253404866803912704
1253328757407887360
1253116713853423618
1253069926455300098
1253069925587058694
1253054215771037704
1253030612526608385
1253007993131749379
1252958399303647232
1252742898615025667
1252742897990078465
1252644516282142720
1252595994870648833
1252595994266685444
1252251728566792194
1252251549763604482
1251239921915957260
1251239921207193601
1251150992164323328
1250937015375294464
1250890803632836608
1250890802219417602
1250848934165012481
1250805892506963969
1250576968518635520
1250501736495792129
1250436039451140099
1250175744887730176
1249871769827037184
1249836784365813772
1249811639630782472
1249744041232793601
1249692605878882304
1249344401136025603
1248742920796110848
1248683427924189186
1248683427269873665
1248379935909011459
1248013973942722560
1247648002535297024
1247636461517787136
1247300140609699852
1247208917161201666
1246840811867770886
1246840811234476034
1246504083361538048
1246460898262294533
1246196133057245185
1246095918312689665
1245848698749411328
1245821645924810753
1245738156323979266
1245506698275483648
1245470412168925185
1245380193893703683
1245113527200657410
1245081503668875265
1245077040803598336
1244999174682222592
1244724966026772480
1243980119376453634
1243599044188004357
1243599043353284609
1243599042573107200
1243281895313543168
1243227727433474048
1242964099920728067
1242866438500765696
1242562900935364608
1241505755758379008
1241376412218667008
1241105538064228352
1241080613341454340
1241058982690783233
1240779622557659137
1240749623645528066
1240709706902958080
1240663061893132296
1240400240710234113
1240353466117210115
1240329140412321794
1240034616184123392
1239981621203423233
1239714315323584514
1239702993617862657
1239604725802127360
1238559606411915265
1238488114865242113
1238260989671256064
1238243273107558400
1238173814271414274
1238173813369647105
1238173812669263873
1238131771025305607
1238086282397573120
1237907724240859143
1237880918154424321
1237865571057717248
1237861114542612480
1237809235301449728
1237774618359787522
1237754140291469317
1237515200254836743
1237515199512489986
1237515198841253888
1237495605750095874
1237495605099925504
1237476994624835584
1237455130619871232
1237421908041314308
1237153460140658688
1237123931397554181
1237123930395197448
1237051736176689154
1237001872092864512
1236929887392403456
1236720119478398979
1236672853543657474
1236672851446583297
1236448051272671234
1236427944337293314
1236407875259338752
1236381388858773504
1236381378956034048
1236362297855090694
1236101761959514112
1236094211969216514
1236079810448781312
1236079809643417601
1236053070922072067
1235943393664151552
1235689965243240450
1235689052919058433
1235656090953461760
1235633677016547328
1235607000064684034
1235351096282906624
1235291060588474371
1235273777287753730
1235260728715538432
1235229276326244354
1235229275265130496
1234999242571173888
1234972265852231680
1234879662226104321
1234705059663040513
1234680173032685570
1234644661131546624
1234607685968056320
1234607685011525633
1234582348093624320
1234531453574242307
1234531452353761282
1234297634891980810
1234217646553489408
1234140545565458433
1233897235735203841
1233836837103439882
1233804344828596224
1233579520734777344
1233549947628408834
1233542398728269826
1233531072287145986
1233518500272103425
1233462498512244737
1233462493680369666
1233439271568146434
1233439270926417920
1233394640692355072
1233223511893774337
1233223510350344192
1233190448283312128
1233088635504775169
1233067051830390786
1232844045405212673
1232826215934779392
1232804644423917569
1232804635943034880
1232756527834050560
1232742125017554944
1232695048078319617
1232475366025023490
1232428118058688518
1232115495316447233
1232054914651693056
1232009211657248769
1231735612283113473
1231638700167069696
1231322773529735176
1231305328785887232
1231273152778526720
1231013647956111363
1230995758335188992
1230980331550830593
1230966477794226177
1230900426737901568
1230900425790033927
1230864926186577922
1230864925301596161
1230621923987447808
1230554525074780163
1230543487260487680
1230535740716650496
1230535739852623873
1230300864729866245
1230280986904023040
1230235609127702532
1230204608393490432
1230202483168792578
1229995192482029568
1229970214617399297
1229914508732325888
1229868682400145413
1229868681611685888
1229868680839860225
1229813307814662145
1229501444736286725
1229149774990979072
1228823805755363328
1228446452776677377
1228446452139077636
1228418069330087937
1228393698922242051
1228393698179928065
1228387693421137920
1228368463531520001
1228094144788258816
1228048903221547008
1228038632088440832
1228004560201011201
1227774391762718720
1227712209901490177
1227664555821629441
1227646336587137034
1227618178836111362
1227442202369982470
1227420760190410752
1227420727437135872
1227383972386222080
1227300123518144512
1227012603219673088
1226928819879239685
1226928785716580353
1226879841338875905
1226879840500027394
1226552128602279939
1226205319614824448
1226205311503142912
1225947351233130496
1225937883586027520
1225937882478776320
1225851988862210048
1225790276930809858
1225605069808291841
1225459273758580738
1225420508428226562
1225237676988620800
1225215953966977025
1225215291401089026
1225195175682756609
1225195174587965440
1225101784311484416
1225083461419008000
1225083460227870722
1224870836206698496
1224865673215651846
1224826213811683328
1224819150641487873
1224719856446124032
1224520449159303172
1224492401093464065
1224480795143749633
1224476619521216512
1224371243287306242
1223984106058518529
1223735589775839233
1223643556897861633
1223643520814211072
1223643491319808001
1223419520146006016
1223413439663443969
1223398773801381888
