1286058187385376773
1286057993524699136
1286043938097451008
1286043842521825280
1286019445182300160
1286003036301787136
1285991843189207042
1285968854913605634
1285968702777831424
1285968567494742017
1285720381668626432
1285641061579317248
1285618750507671552
1285572240403300353
1285384353997037578
1285328533045248000
1285328455085817856
1284543522717270016
1284543199093104640
1284211770589151234
1284176286743703557
1284132749847166984
1284114882015760388
1283898280510881793
1283877431078780932
1283858068141416460
1283851539342401538
1283839518857146373
1283839038793953283
1283838985446588416
1283834867579531265
1283811741131038721
1283799368873775106
1283764670478856192
1283563923304845312
1283563873136717824
1283563785354190850
1283563700104953858
1283563584543481856
1283514967061336065
1283503950256316416
1283503842961784833
1283464509282291712
1283447827667079169
1283428014727061504
1283410834736070657
1283404780539387906
1283208154310938624
1283138508803256320
1283138437214883841
1283126104581124096
1283085092706017281
1283084987722539011
1283068174506831873
1283056471060746243
1283040496449986568
1283040389491040256
1283023386374004738
1282808794200899585
1282808576466202624
1282778109335543816
1282763469343858692
1282757252353490951
1282754918701572103
1282697386557616128
1282675170734415872
1282040363658739712
1282039984871165952
1281751568757530629
1281697316831985664
1281674957500616704
1281674881155903490
1281662830006149121
1281654387438497796
1281643395795111942
1281627554957463553
1281621807230058503
1281616196484370433
1281599406291275777
1281581102545739776
1281352657488293890
1281340638974431234
1281332141046009856
1281309188724076545
1281299196184838146
1281298772971196417
1281252450087952387
1281223550536421380
1281220241507397634
1281035336974585856
1280970255217692675
1280958678498193408
1280937117040984068
1280928278363156481
1280928203536838656
1280923237438951424
1280913208124071936
1280885103225380864
1280858991342616576
1280858932957925376
1280858827609583616
1280665565984624643
1280652300466479105
1280642973206753280
1280606173641740288
1280585405642027008
1280585327967719424
1280585231758757889
1280577087842267136
1280530865769132032
1280492275429257216
1280254194176397314
1280228479716462592
1280201847979102209
1280179755380342788
1280166516168654848
1280158673789227012
1280141757422817280
1279414310461231105
1279119655098093574
1278847437772402688
1278796413372190720
1278796166503772160
1278739368190996485
1278725348448927748
1278703687976857600
1278703617743171584
1278472370072813570
1278472278825750531
1278472227873226752
1278472174685356033
1278472105135419392
1278460696867504128
1278456784416657409
1278446154045325312
1278400309698625536
1278363289634865152
1278351728509886470
1278351630682017792
1278133577914384384
1278112636694077445
1278112058538627073
1278100112221315073
1278100030528856064
1278095948900634624
1278080939248234500
1278050780201791493
1278018578504208385
1278003076419502081
1277709967647215616
1277693827764105219
1277661805746302977
1277661704474812418
1277661605535182849
1277640744891756545
1277629924485083136
1277617945326366720
1277598565326639106
1277274414984433664
1277248252815998977
1277248147199229953
1276684093946826755
1276659829529030657
1276630057147150338
1276584363447267338
1276561167662678016
1276543049426927617
1276533192409972740
1276525432641400832
1276521481661546498
1276267888647835653
1276224579451707393
1276209722559995904
1276201744561770496
1276201743332802562
1276197105883897856
1276188227775406080
1276160734561533954
1275924124658028547
1275924005745307649
1275908913993601026
1275906272504807424
1275867628674977792
1275828509571796996
1275828354571210752
1275819188200890368
1275801772284686338
1275583924652199942
1275534212225957890
1275534148111826944
1275516161875197958
1275503602077966337
1275460324645310464
1275181877691846657
1275122307686678530
1275122036533350403
1275099298863218689
1275091368294088704
1275061772886642688
1274747418412822530
1274355131585368068
1274095924436963335
1274035877333946369
1274007407165943814
1273999688103051264
1273976882715938816
1273976311573331968
1273767340090499073
1273752377552785408
1273739505141497856
1273690602950012931
1273624204684996608
1273615458571358208
1273369767655735296
1273357768553123841
1273312074282795009
1273299883127119874
1273283748566650880
1273275398432882688
1273059720656551938
1273042276940472322
1273011233323696129
1273011156513427456
1273004160514953216
1272949897470320642
1272949789483810817
1272682112739618818
1272646903818334214
1272635174568804360
1272635067513344002
1272618659400253446
1272571280991162368
1272544091012763648
1271607504162652161
1271559021955362818
1271558957845434368
1271558805768282115
1271558715133562881
1271531246112452608
1271514635615830016
1271491202530136064
1271491086435975168
1271490992554881026
1271490916986077184
1271483973496123394
1271217486411837440
1271132018643021826
1271122329054183424
1271101131566055424
1270834068167458816
1270820596159520768
1270820489582260228
1270800355509616640
1270745028865003520
1270741549169729536
1270741438414929921
1270494900870615042
1270438407894962176
1270413962933415936
1270404361731137537
1270392477065916416
1270388122443042817
1270354420979699713
1270349458828656641
1270106468042379271
1270102313731006465
1270019384820609025
1269709528884486150
1269271129203658757
1269060040608100353
1269045727692501000
1269018866669236225
1269018507255132161
1269018387092590603
1269018311381180421
1269018234231173122
1268975795961282561
1268948734454489093
1268910872245817345
1268906116592828417
1268703384565096449
1268666428967784449
1268629460032598018
1268620259184963585
1268593877025513474
1268557329890529281
1268557226899378181
1268282317266653185
1268253329064411141
1268247671430696960
1268245675441033224
1268006254041010178
1267874377774911490
1267847052802875393
1267814543784177666
1267645753754882054
1267567023577608197
1267482227111313414
1267138283361968128
1267138282602876928
1267138281818464256
1267138280988033025
1267138280170098688
1266783327211663363
1266482877723746305
1266478418176217089
1266448230038089739
1266444660156895232
1266429207242047488
1266425204177350658
1266160887376809986
1266033959500238849
1266006229282959371
1266006140401397761
1266006092166975489
1266006008981307397
1265795230583926784
1265769134148784133
1265724685704146945
1265676788367339523
1265676084617646080
1265424771090731008
1265404931810492417
1265404873228640256
1265393763737886722
1265386192029265923
1265377934929428485
1265369889382060038
1265329725100130305
1265318946342928386
1264901180066541573
1264647258152321030
1264299099542650881
1264241622033862657
1263964126902132752
1263950861161713664
1263938524396519424
1263938464145387521
1263927780946952193
1263883343009140741
1263873008902582273
1263855215108898816
1263566663053725698
1263515698426458113
1263515622035664898
1263237280225005569
1263199814080217094
1263199694349623298
1263199634694029312
1263199559087534081
1263189636790267905
1263165805631606786
1263160457231245312
1263160383851974658
1263148601246724097
1263148499836850178
1262882448762945548
1262870144310824960
1262854976369541122
1262831081532919808
1262831032287604736
1262830917145460736
1262798983002497024
1262798892636176385
1262520556609589251
1262510882627751942
1262490679873359872
1262490466911752192
1262490424565956608
1262490366961430528
1262435751440121857
1262428916398141441
1261715655511941120
1261707661646708736
1261707111077154816
1261412774581846016
1261401723387604992
1261401581364244480
1261379534752034816
1261379454221377537
1261379398734938113
1261091140838797312
1261022703110303747
1261022663931318273
1261008294602256386
1260941172601688065
1260709241104596994
1260700447503011842
1260700372655575047
1260700316082884608
1260700254955016192
1260700166568456195
1260637624236224516
1260637498306371587
1260636530382712840
1260634811603062785
1260634726202818566
1260631194531704833
1260631039879364610
1260630854277226496
1260630766704353281
1260630741823688707
1260361809938321416
1260344231446675457
1260334470906949633
1260334417257603079
1260334138487386112
1260293266181931013
1260293211098144775
1260293149588668420
1260251346135142402
1259986985919361025
1259964926422024193
1259964844247257088
1259945772411428864
1259934138871590912
1259934075713925124
1259922529759698944
1259897902916407297
1259881752463622150
1259584384220434433
1258873596618964994
1258856657414770689
1258807995808522242
1258786664866070528
1258749127149617153
1258558002031923202
1258499804511916032
1258499695514697730
1258463802699456513
1258446756779634688
1258446679067496455
1258434108038041600
1258427771153453063
1258427694804541440
1258167701387837447
1258157163542913025
1258157084132233219
1258145595950280705
1258121101391081473
1258105433291710465
1258105344250839047
1258105278857445376
1258105090046668801
1258043354123841536
1257832618730684417
1257796027618332672
1257778533289431040
1257764843127521283
1257764764740202497
1257752895019266049
1257717855858065409
1257706573893378052
1257681265010135045
1257454834153852934
1257438024155226114
1257423072308707328
1257421706358075394
1257412008116453378
1257402496567382018
1257379599065010177
1257345905222713345
1256639378950152194
1256622276193259520
1256356672227938310
1256345635051143170
1256345144997150727
1256344770693210112
1256344633426219011
1256344523510296577
1256343934848176128
1256325441771560966
1256273861131321344
1256251711238406144
1256251396518752257
1256233468251582468
1256220610042232839
1255977882624626688
1255964865052717057
1255964819896795146
1255946618576277504
1255946549705801733
1255877575999717378
1255618069851975680
1255618018819915777
1255607389044330496
1255588423169200128
1255549066433437698
1255511614398377989
1255511551244673025
1255511375880818689
1255490810784743426
1255259014939762688
1255248173494415360
1255248068850651136
1255228093700231168
1255193614843555841
1254882433637535744
1254874908510871555
1254846696045101058
1253788555589148672
1253756224203632640
1253739018640113667
1253720633755738112
1253697501741318144
1253697397907226624
1253460167318003712
1253460011973517313
1253459884881952768
1253459771925151746
1253459521747419138
1253459441380397058
1253454666974793728
1253453994011344906
1253435111623684096
1253406020455600128
1253358558349078530
1253110675125284865
1253110555650523138
1253050709936869377
1253015825704984576
1253015646268469249
1253015545424875521
1252997042558898179
1252992751895031809
1252974664424570882
1252735417297895431
1252727781143785477
1252720039209447429
1252708123875344385
1252707936624877569
1252657012544077826
1252654272401022981
1252626294912749568
1252620346039164933
1252609310569480202
1252380057676333056
1252338417972592640
1252338289421324293
1252329770353917953
1252322435527049216
1252289145944375297
1252263348160299008
1252247171535077378
1251903178834161665
1251898597722992641
1251618428315721733
1251580932651450374
1251253475486433281
1251245828552998914
1251193685758312448
1251187727367835655
1251154716802772993
1250947026193461259
1250946950381387778
1250946875336937477
1250946806210494464
1250946728204869634
1250946646269181955
1250881385318973443
1250858414814777344
1250823470272872448
1250823431240679427
1250817580597723138
1250803268864876547
1250796832210460672
1250791054531612674
1250549029240438787
1250523281783959552
1250523269796696065
1250515597869436929
1250494398321868804
1250477852274892801
1250461131308703751
1250455631036809216
1250444752102834176
1250434993697853442
1250410416020303873
1250156734276124672
1250137218909421571
1250135702966341632
1250115081268015105
1250075792404611074
1250069408438943748
1250066287612567553
1249838909745496065
1249821959938072579
1249806737185689611
1249806668893995020
1249786672352542721
1249727800485044224
1249701988742377473
1249678765153832964
1249439937176485889
1249413916863664128
1249355671100952580
1249344867987263488
1249153821772787712
1249018793646526464
1249015198926737409
1249000509677199361
1248994307073290240
1248726098512416771
1248713596105883651
1248711220997361664
1248670215426244609
1248662525622784001
1248645236705890306
1248622621786116097
1248616832744865792
1248358886542921729
1248331890257530881
1248292951228284938
1248292928553922560
1248289057991462912
1248286403538059269
1248276833919008769
1248245278290796552
1248041519241723907
1247999212249284608
1247980708531965959
1247968888542965760
1247948830034853891
1247944948709801987
1247923351458324480
1247918675275001857
1247915857893785600
1247892935103746057
1247881605529690112
1247656649109708801
1247653736866025479
1247648773972647938
1247626309326508032
1247626248572067847
1247584765068423168
1247551204894420994
1247539364994748422
1247529665725526018
1247520750933700611
1247328871810248705
1247276702910369793
1247273141015109633
1247266503881302016
1247256095598485504
1247248292611796994
1247233520516415489
1247233478778851328
1247200520529469440
1247173227216076806
1247169970938810375
1247169724829622273
1246899777549340683
1246892247905447936
1246865813316997128
1246819897339977730
1246819349211594754
1246803313481449479
1246565641445933056
1246531155853283329
1246500780527550464
1246500681156112386
1246474615574220807
1246458407521062912
1246435525113905152
1246194623116083202
1246191404390535169
1246186762440974336
1246145314358247426
1246138786309967873
1246123590854082560
1246122591733022725
1246121911865749509
1246103990590418944
1246101583441670151
1246097108249255937
1246077269845647361
1246076054839742465
1245876999593308165
1245844887720861696
1245837653771157508
1245807951786446849
1245788263799042051
1245777465491980290
1245744528163815425
1245737862487736321
1245737785232891904
1245737663086440454
1245737485528956931
1245717617459036161
1245708724741836800
1245509983221014529
1245482382708350976
1245465461220925443
1245464994285748225
1245458834757427201
1245427779979665408
1245413398432681986
1245411960134479877
1245394632739033088
1245386869107494912
1245363590737145858
1245345937469386753
1245326261196656641
1245079503510044679
1245073208304377861
1245053323033616385
1245046677968506886
1245037242533523457
1245035424093011968
1245026758950297600
1245013871678685196
1244980870211080194
1244819348063207425
1244781445090095104
1244771086144856064
1244744486846152704
1244725290250711046
1244715607607709705
1244715594018099200
1244712462320119810
1244648339750125569
1244624964457771008
1244380139670118401
1244363589902893056
1244330345278906369
1244330294485954562
1244308295675981824
1244284213144289282
1244281766694830081
1244275005720088581
1244059994426937345
1244031093130567683
1243943683776565248
1243928536743845888
1243906329456107520
1243891880628232192
1243889211356438529
1243663705826627586
1243659279330168832
1243608134305939457
1243601999532306434
1243586381315821574
1243563550326640640
1243547084013387781
1243545049197154304
1243301872523513856
1243265910821081088
1243265854265004033
1243265755770163200
1243265679966511107
1243265574576238593
1243265325199773704
1243257377853452291
1243248653843734531
1243231330944638978
1243216519196217346
1243200051456999425
1243186924166295552
1243169533143273475
1242948211846897669
1242948076899381252
1242947973249728518
1242943978829492236
1242928087496605696
1242918737419939842
1242906114326433793
1242879302254936064
1242870582288547840
1242866440643936257
1242859339070799877
1242851133703491584
1242830877534621698
1242829325616984064
1242825921008148481
1242814268413816833
1242805354339205120
1242569851895513097
1242562941192372224
1242541886520332289
1242502233507454977
1242493394745724931
1242466264427024384
1242264889458032649
1242206552603471883
1242206077804052483
1242206036091682818
1242185835707011073
1242185645428260864
1242169563422306310
1242168095743127557
1242148068453240832
1242134055610650633
1242130690516365312
1242117398817320964
1242112464235442176
1242112418597212162
1242089807418994691
1242062999726276613
1241839669597388805
1241818743656906754
1241818697049800705
1241792959424745473
1241771715006468096
1241766633208713216
1241746611606257667
1241732663389667328
1241504944915701767
1241451658879664131
1241451544287096835
1241451306843279365
1241427471528009729
1241406818053754880
1241382344235384832
1241362841921294337
1241161691385266181
1241110634391113732
1241080838143574016
1241050405188055040
1241032160208961539
1240988026609770497
1240815124056805383
1240791988217221121
1240766087177920524
1240757113296687105
1240754577261166596
1240728180685787138
1240727757136502784
1240695592092758017
1240686889893388289
1240667870700490754
1240663976662499328
1240430050694049793
1240375538465767427
1240362615693553670
1240341909274574849
1240340782957150210
1240319311295787009
1240308354020454401
1240278521894879232
1240277028282281985
1240066106410389509
1240046830844547074
1240046713739583488
1240046657368137730
1240046436991021056
1240045727461576704
1240043361928609795
1240043360745906177
1240016197829251073
1239993565490675715
1239992564352245765
1239989724154073089
1239976654685917184
1239965623708344321
1239965621544075267
1239961694459305985
1239929086492971009
1239926054078291970
1239919709761437697
1239643657076199425
1239643654676983809
1239631415039479813
1239629293807960067
1239625555726737410
1239624628806582272
1239619074465959938
1239607327793299456
1239605126794547201
1239569907098025986
1239386064088895488
1239324346621067264
1239298012838494215
1239245592112529418
1239245553466249219
1239195417637781505
1239195404585046018
1238919367586385922
1238919364528738305
1238914386170912771
1238879942496182272
1238879340936470529
1238879257683800064
1238878949440135168
1238878890912886786
1238878807458820098
1238878647911677952
1238878605419085824
1238878373046345730
1238841261257297920
1238653264146636800
1238653237982638081
1238639516417773568
1238604187405094915
1238603991908519938
1238591488306688001
1238591122697605121
1238575781263167490
1238534838770192384
1238534737720999936
1238526110851371008
1238506736539054081
1238505576625291266
1238500485893689346
1238488426367893506
1238464621981437953
1238464365189386241
1238256362989260801
1238214863371087878
1238214574962343937
1238214467714002958
1238200234041389059
1238193870338494465
1238144315030896642
1238139125032722432
1238139123053080576
1237895275592605702
1237863270406447104
1237862834790215680
1237841747159289856
1237825804249321472
1237824789571567618
1237810631677444096
1237808092584296448
1237808090172592129
1237768488028123136
1237741598529720324
1237733726496403462
1237491401560072192
1237470459047956482
1237452296658866178
1237452293362143232
1237390532684296194
1237147733259104256
1237113267153178624
1237113266284957698
1237113265500688386
1237091614385999875
1237076095326982144
1237036640352243713
1236806953231421441
1236806951440441344
1236762790343446529
1236731205074276354
1236728353186553858
1236318759553576962
1236318506007830532
1236092504564469761
1236050740122185729
1236046700562845703
1236006966436278272
1235985788208373766
1235741125459075073
1235741122686672898
1235396922346582016
1235355721639907328
1235347419656851459
1235347255865094147
1235271929629638656
1235271444977811457
1235240137350619137
1235228963372441600
1234966226989912064
1234966225886859264
1234966224880185345
1234966223848460288
1234966220920754176
1234919928874098688
1234918482057342977
1234904984912891904
1234850847496036355
1234546491718545410
1234467305108758528
1233524497824800768
1233519282333593602
1233519240600313858
1233517574073278464
1233183564839161856
1233114144943091715
1233093609207009280
1233081792674050055
1233077153371172866
1233077152171675653
1232820652035510274
1232707177216868353
1232655451155816448
1232384986948521984
1232384156388220931
1232383879270498304
1232382869986795522
1232382334252593152
1232107213705097216
1232106101216358412
1232014779142852608
1231974730401550336
1230970123411972097
1230970031137329153
1230960112837091328
1230911818018717696
1230578521497575424
1229815142759718915
1227657874882560001
1227311457974575104
1227300861975678977
1227293880493707265
1226925990712049666
1225941831311073280
1225941802592718854
1225941750956556288
1225827479320965120
1225827453492396033
1225540201801539590
1225520436840148995
1225518996851654657
1225438295208923136
1225438246882152449
1225189883846832133
1225156871411118081
1224875417640820736
1224827753595392000
1224808368029753345
1224787669969965056
1223655309996150784
