1286050719284563974
1286050716679798785
1285960060284416001
1285595139856113665
1285359025593483264
1285238324731490304
1285238323229921281
1284494240844853250
1284215804268093440
1284146241656492034
1283866057984401408
1283865824051240961
1283801144972779520
1283751177931427840
1283524238780104707
1283127551859331078
1283127550848446466
1282760303915216898
1281647811373735942
1281630514080882689
1281321819119726593
1281264708507623431
1281008494196506640
1280588528808845313
1279419168958427142
1279037574624022529
1278750953446006784
1278691453292744704
1278373646168358913
1278326330132762629
1278054690987655168
1278004539422126089
1277713540657405953
1277713507119759360
1277618376442028033
1277008567892086789
1277008564263976960
1277008564217876482
1277008564192718853
1276493306432835584
1276493074299060225
1276261110245724160
1276225760450220036
1276202821541601287
1276173081950720002
1275531245787721729
1274706118548340739
1274348460557447168
1274348435047682052
1274057594349502465
1273983961795002368
1273983917373210625
1273983793666363395
1273704471177150470
1272959009960660992
1272518399818686465
1272518374187204608
1271440940239126536
1271192680337494017
1271112267682189319
1270019784126672897
1269383476769435648
1268960873621721088
1268611899752660994
1267809745198555136
1266120794880565249
1265449093607895043
1263963434628141057
1263812167251394560
1263472520667303936
1262804645585522692
1262791124164456448
1261402601712750594
1261337210810318849
1261311647563395072
1261018132099018753
1260614794329100289
1260327514758696973
1259453462758199304
1258843501166542848
1258476988433608705
1258144167861067781
1258101904380436481
1257675207432683525
1257645002450223104
1257491392663871493
1256296722210459649
1256254023390429185
1254059873937043457
1253451040353107975
1253003885029056513
1252665164241002497
1252623642573357065
1252264497580040192
1250404049960284160
1249802101183651840
1249757908746883080
1248285338763759620
1247897835833417736
1247609864219738113
1247269110666403840
1246881545991991300
1246067923745210368
1245434736601960454
1245402782917672961
1245044764854099968
1243900022804135937
1243617290173775874
1243609131199746054
1243559185398272000
1243526938641260544
1243273431203921920
1243200772243894272
1243002299523510272
1242558316515033088
1242466181937631232
1242132337867075586
1242098970928840705
1241442020092194816
1241115680688279561
1241017310397321218
1241011240866119681
1240977656142802944
1240647216278233093
1239991307298394112
1239934174095650816
1239617996026531840
1238564868145532930
1238480592737644546
1237821049661788169
1237734186640867330
1237489411635523586
1233872280192679937
1233491511473557508
1232710686561755138
1232372704239591426
1230873149748731906
1230566802834493440
1230154979144536064
1230154376892833793
1229041527185432577
1228370990658465798
1226505673955053568
1225797391036579845
1225518679120662529
1225518331098226693
1224721689004650497
1224704820017270785
1223937087742849026
