1286067040596393985
1286064857964597248
1286046659756138498
1286037003071627270
1286026412789465089
1286020346236358657
1286005842249043968
1286000166491824128
1285998387288997888
1285998324873605121
1285990493055262721
1285986304178696194
1285977430943989763
1285969834690453508
1285953271115526145
1285936034170232832
1285933144173170694
1285908170112741376
1285738165781827586
1285728374523125760
1285712930424709120
1285710268102782976
1285696259479789568
1285681517369458689
1285659513916448769
1285644370834792448
1285643465460768770
1285632790311165952
1285615636803182592
1285614461638909952
1285604958755336193
1285591521451016192
1285585484794789889
1285570331936272385
1285563911639621633
1285548674718806016
1285387329616715776
1285369901708800001
1285348341426073602
1285348332601303040
1285344687868583936
1285338834390126597
1285329818989531137
1285322448477597698
1285308991065726976
1285284699204657154
1285262540574990336
1285246930881314816
1285243768749404162
1285221685147426827
1285213586005032963
1285198116040384512
1285189521009709059
1285005631582330882
1285005581917593600
1284998517551960064
1284998495292854272
1284982030078550016
1284962642394849280
1284962634371039234
1284935353372160002
1284931047814307840
1284900543996071938
1284873697896144899
1284873645869936642
1284860400857743361
1284846548011102210
1284578390180339713
1284568327294246912
1284549407548022790
1284549391647485961
1284529961966227456
1284520156396494849
1284520105792155648
1284514904267984898
1284510689558700032
1284503227514462208
1284502433524330503
1284502418261266435
1284498020306948097
1284492566793277443
1284486298288427008
1284477360851558401
1284476852912955394
1284476064245350400
1284474931569471489
1284473701493284866
1284332264176979968
1284264268670607360
1284239452865327104
1284233592160366593
1284215945247039493
1284197280162238468
1284192998339813376
1284192892181979136
1284172718028529665
1284156404752953344
1284151087990280192
1284125904453742593
1284125367922458625
1284118978869301250
1284118065656070145
1284116840986411010
1284109286717763584
1284096790539755522
1283896073807958018
1283874962252746752
1283846454025621505
1283846258705260544
1283845965699584007
1283845555890860033
1283845286855684101
1283844376616144897
1283843730659840001
1283843403529236480
1283842724316282882
1283842388222521345
1283837783665147912
1283837467884433409
1283837219791405056
1283837036785471490
1283836556449648647
1283836343265697793
1283836034053177344
1283835881841885186
1283835434011971584
1283833833910079489
1283833568217759744
1283832955073368064
1283832787456462853
1283832409646149633
1283832175822090241
1283832040367038465
1283831681070374912
1283831427814100992
1283831220292419584
1283830982798434305
1283830857468456960
1283830580627603460
1283830353694687232
1283830115684712448
1283829329978368003
1283828580196265984
1283828375157706752
1283828146467479553
1283827706619142149
1283827196528861190
1283826894216060929
1283826721180069890
1283826222405951493
1283825853873500161
1283825472527314945
1283825115231330306
1283824748481392640
1283824433501700104
1283823983901769728
1283823297310990336
1283822918233980935
1283822364430602242
1283794119970750470
1283763990934495232
1283754598965153794
1283751205957763078
1283742972652249088
1283572579081625601
1283560903762497541
1283558698552561666
1283547763209363462
1283524056004861960
1283511908935622659
1283503193255706626
1283495921737773057
1283491221462286336
1283481553121796104
1283470815732924418
1283470423120850945
1283460429101113349
1283441233160011777
1283438311571324928
1283432201447772162
1283420815464239104
1283407968462143489
1283401429957464065
1283400014644031491
1283398348175745024
1283396958468677633
1283396456339169280
1283394968321765377
1283394407207768066
1283393254348783617
1283391745275891712
1283223116441948161
1283214386795077632
1283189961777446913
1283189932123717632
1283174852237697027
1283162934160621568
1283162666345861121
1283131387994832896
1283123779753910274
1283123652846854152
1283114275146522624
1283114262831955968
1283078472802414594
1283061746710839299
1283048495264473094
1283041652668616710
1283022724114391041
1282831455299739652
1282814733641494529
1282792062862098437
1282759804486811656
1282747104633458693
1282731464065515521
1282718631579844614
1282715375801704448
1282702606213746688
1282687172919939072
1282683178407415808
1282683144198651904
1282676131594985473
1282671978923601921
1282663837364346880
1282476281683206144
1282476263219892225
1282441924687929350
1282439678562631681
1282439628235182081
1282414571161092098
1282400193913266183
1282400171238842369
1282353530234458113
1282344235509972993
1282343997470584834
1282343954051215360
1282326075813564421
1282302210228064256
1282069875670818816
1282050374569009155
1282033649081372677
1282032341695762432
1282027133221638146
1281987443168808960
1281967046704672770
1281967042279739394
1281944279464792064
1281749017844690944
1281682509131022338
1281669327184330753
1281664243780198401
1281648112323502081
1281641066513530880
1281620926178766849
1281613223222030336
1281613213994541057
1281591935405260803
1281587698617245698
1281579450459709440
1281570169194713088
1281350879237607424
1281347390738518016
1281343542733004805
1281336633074360320
1281307763914743809
1281298457890881537
1281289701631102976
1281265320477569026
1281253033184301058
1281250963106512897
1281242266535895046
1281240822374113280
1281234145813893122
1281230062575144965
1281206217684201473
1281021744338350082
1280984341858967552
1280968362844192772
1280964311226163201
1280948374238375943
1280936488469966849
1280936465166413824
1280925754256228357
1280921490322579461
1280915876368330753
1280912670179364866
1280896884375248896
1280886200346333185
1280881076605530113
1280875211513040901
1280867990771245061
1280857252677779456
1280651262980239360
1280621694793678853
1280612776503906305
1280605780799041536
1280600857608937472
1280593636548362241
1280572649731735552
1280568189680746502
1280547995629629440
1280527302904950784
1280520288816504832
1280511164573724673
1280503323267866627
1280503304758464515
1280495238046457857
1280289589928898561
1280264007694385152
1280245022303141889
1280230589275295747
1280223916880023552
1280223801993834496
1280210688238026757
1280205272787685376
1280200526618075137
1280199927755354114
1280189195189915651
1280183073246765057
1280181898321551360
1280162118545932288
1280161033210998787
1280150189207171076
1280130148340240384
1279868443148406786
1279868425553264640
1279868412181852160
1279841085276241925
1279840920075218945
1279792750645465089
1279775486827266053
1279545630118076418
1279425815927828480
1279425803428790274
1279425787821768705
1279425781404491778
1279425768678985729
1279406935914221570
1279213808511139840
1279184598602317830
1279142937281126403
1279121674554806272
1279107318920208386
1279099636234563587
1279089011194290176
1279078950443065344
1279058267084337157
1279057795766198272
1279057484997627905
1279057270819651584
1279056988727541762
1278857758138347520
1278857734478344192
1278844674988486656
1278815436155629570
1278801375166640137
1278801347324915723
1278801312843468802
1278784457420521474
1278768402807443456
1278753554891714567
1278744555802812416
1278735761102249985
1278734452311670787
1278734219242541056
1278734093040132097
1278733460543344640
1278733263285235713
1278732982224896000
1278701491939872768
1278691214561366018
1278687895138820096
1278683963293392898
1278683931076935684
1278679111532191744
1278675574144237568
1278670817786765315
1278670591374110720
1278670223059681280
1278669334261444616
1278669151809212417
1278655911511326726
1278648815369760770
1278507197694119936
1278507158938816519
1278495067053924353
1278495049509212161
1278495038062899201
1278482974829432832
1278480094231756800
1278478943947907073
1278476609960509440
1278476011802431501
1278475765554741254
1278451640413102083
1278430376256471040
1278411130763911174
1278409550572511232
1278409531085795328
1278380347449901056
1278375413035696134
1278373397819461633
1278351285343924230
1278339115629654016
1278330672143360002
1278322475022114825
1278133910069809152
1278133292026511360
1278132649282940934
1278131607317209088
1278131344724365314
1278131042667442177
1278130614546415618
1278130436351410176
1278130270957375488
1278129600887955459
1278129077115916288
1278103770862403584
1278095278743175168
1278095244614078464
1278095230550642689
1278091216287150086
1278091105486151685
1278075629301370885
1278075593695920129
1278069620000337920
1278058575554924548
1278052438445043713
1278018905722753026
1277999583210201101
1277996978438275073
1277987451823427588
1277984015300132864
1277966412863029251
1277944563718656001
1277944172671098880
1277938045552078848
1277937287209324544
1277763176306745345
1277761043910066178
1277748548172423168
1277735775023628290
1277731067328212992
1277725309278785538
1277712309608222721
1277700087477678080
1277695034901528576
1277670473267138567
1277661523066998800
1277660670700462082
1277648691575357443
1277637595346997250
1277630230988042242
1277615271533056001
1277606254186319873
1277605952108269569
1277600355824648194
1277589915648360449
1277389976355909633
1277324037610504192
1277324011739975680
1277304280257626112
1277284709555372035
1277284660452745217
1277284628366229505
1277282223792807938
1277274589475868672
1277264544511995904
1277263764325380096
1277260327596568577
1277236175871381505
1277236164953505797
1277236097626583040
1277015557364166657
1276999736457822209
1276992465527091203
1276901098658373639
1276894532328738816
1276885747513974784
1276880125817237504
1276870648090877952
1276855045032534016
1276634322792038401
1276627130764443651
1276623452301144065
1276598911453585410
1276587847701729280
1276586850744926208
1276577814356070400
1276562827948503040
1276561982066438144
1276561942002401280
1276561821051256832
1276555735703474182
1276545300799336454
1276544108505575424
1276538502134542336
1276535120019828738
1276531446476427269
1276528817914425345
1276525496881287168
1276519131207122944
1276333828206989312
1276320904046424064
1276320762799022081
1276310434820259843
1276306866012852225
1276276072464736265
1276267023262195725
1276259171135107076
1276253540256751616
1276241760616951808
1276231581137539072
1276226267407319040
1276217875859111937
1276207460500602882
1276200931864875009
1276191470274383872
1276182126610845696
1276174571994054657
1276166028200902660
1276160754534801415
1276160595524554755
1276136519393214464
1276134527472226311
1276128037919232001
1275953219496271872
1275937504793853953
1275919631593725959
1275904177487708161
1275888039487733761
1275883681815638016
1275876531198398466
1275874806509047813
1275857304127254528
1275852886262583301
1275847059720024066
1275845046026330112
1275833992382685184
1275816710583525377
1275792588847681536
1275787182188433409
1275781158639452163
1275533207774126085
1275511190387666946
1275510384477253637
1275497807403782145
1275442922079391751
1275431696867962880
1275406595531444226
1275208147293044748
1275194473027457027
1275194056826552321
1275138182829477893
1275124211103797248
1275123530192039937
1275121657825374208
1275086454763458561
1275064245923635205
1274822713169915910
1274822657758957571
1274746788617076737
1274746777279873024
1274746763904192512
1274691342929715201
1274688809179938816
1274513156665196544
1274508621859127298
1274489286864392194
1274487354254929921
1274487334201933824
1274479399350538244
1274468493816143874
1274462776539451393
1274462702510002181
1274433244969275397
1274427969147150336
1274406112142462976
1274406089497489410
1274391807145709570
1274382000850272256
1274381992247939072
1274369563552079873
1274327968408653825
1274327071523823619
1274143780380332038
1274143747165564928
1274124078882926593
1274124062114164736
1274081484773765122
1274065716547911680
1274065701091803138
1274057102961586176
1274057092882669571
1274057076743045134
1274039745316900865
1274039699942846464
1274014578683179008
1274004512173252608
1273995055833980928
1273994829849137153
1273994405557436416
1273994063449030656
1273993597096996865
1273993195920281602
1273992948925988865
1273992607232901121
1273992101982801921
1273991365957910528
1273985865828761608
1273972423990353920
1273967800118280193
1273768018515025922
1273709071464640513
1273683848535080960
1273678230931877893
1273666942386294786
1273661920923582465
1273651094531514369
1273637416528752640
1273636988248342529
1273614672537833474
1273614612244635648
1273599646863065089
1273593603504459777
1273403595942232070
1273386691252936712
1273378599794548742
1273358192962162688
1273353117669752835
1273352843051905026
1273344537600065539
1273336554514264064
1273327146526601216
1273326643931725825
1273317223332024321
1273313308259606529
1273309527216185345
1273307240666144769
1273305000672968705
1273300144407052288
1273293836467519489
1273283223712403457
1273270102876659713
1273246125919809537
1273061879577968641
1273013678082752512
1273008700706287617
1272998261381640192
1272998244365283329
1272998116078297089
1272998096277057541
1272998071962669063
1272998025867264000
1272991839373496321
1272982603176513536
1272971203603501059
1272963402244243457
1272956772714676225
1272956073532686336
1272944546977058818
1272938881839742985
1272923548525436930
1272915280826699776
1272910136433090560
1272887454756999168
1272875640782557184
1272875624911310850
1272872674881085440
1272641775711248384
1272598976131411970
1272590384535920640
1272577084771229697
1272563265814450180
1272550321827598337
1272546404565749761
1272537040056389633
1272534152802435072
1272533161680003074
1272283959897083904
1272283838216011777
1272217369725861888
1272217319381577729
1272217304219234305
1272206750352117760
1272206739904122880
1271946865009983490
1271934741462372355
1271920366433288192
1271883156325642241
1271883021684219904
1271880734131847169
1271863398083543040
1271850645855842305
1271826441735462912
1271809391562498049
1271805987922554880
1271539268054331394
1271531183973773313
1271526432053878786
1271515809878347778
1271514762631929858
1271514150901092357
1271513681591971840
1271513232604356610
1271512605291687936
1271506022390169602
1271495282426068992
1271495238520053760
1271493033737977859
1271470673941192707
1271465706996064258
1271459517285490689
1271454740870766592
1271439708954988544
1271437348363014155
1271430896202153984
1271412347253514240
1271252485668249602
1271250081707102208
1271246323166126080
1271222389830017025
1271206572421767174
1271206065993060352
1271197068405747719
1271188083757768712
1271184940378578944
1271184146132545542
1271183306533502976
1271182523792588806
1271146855603281921
1271131166951735298
1271123998764675074
1271091749558145024
1271085994310340609
1271083676294676480
1271062058621194241
1270911523783880704
1270911168530374656
1270901219826024451
1270877039969677312
1270876986827825152
1270876972818800642
1270839774216097793
1270834059921502211
1270833812633763840
1270790735986638848
1270784601099821059
1270767853340368897
1270755361683918854
1270748385923018890
1270740213455884292
1270739628421718018
1270739256865107973
1270729777847185408
1270726120871211008
1270720667567050755
1270715018154213376
1270714917755092993
1270703912631353351
1270501016421761025
1270500930132283392
1270467707280990209
1270460474027630592
1270442508053512198
1270439700101238790
1270411798013980677
1270409279275708418
1270393517869862917
1270376585653338113
1270372866857603082
1270358013644341248
1270350220598140930
1270345767119663104
1270335127697199104
1270096617711034376
1270085253974167558
1270074145511026689
1270064448884129792
1270055166180577283
1270050041974185987
1270045643994783747
1270032422990680065
1270028747517956099
1270023524112125955
1270023505921355777
1270023488653471748
1270023479979622400
1270017406916857858
1270003114238771200
1269981606686724096
1269974462880833537
1269767875805536256
1269753183859073024
1269728777506095105
1269718288713617408
1269707940807806978
1269700511978094592
1269668955402186756
1269666808388374528
1269396103344111616
1269362288835932161
1269358575593406471
1269347923931824129
1269334155751538689
1269334136541646848
1269329673827356679
1269325451643756557
1269313931979427841
1269306304750739456
1269303399637553152
1269303322747572230
1269294958864982021
1269287144243310599
1269270854451564545
1269270784599621633
1269031580154150915
1269010245541658625
1269004167462469633
1268986993146462216
1268980696934211585
1268969006784024578
1268955454144643079
1268948538811125760
1268932058610642945
1268926591175921664
1268926576542060544
1268920627005657089
1268912556925730816
1268903492757970946
1268902903978381315
1268901815686443008
1268901020786139139
1268899598862598144
1268898936217120768
1268898387295862784
1268897337243508737
1268889914378260484
1268886744373628928
1268881709220728834
1268716116836257796
1268701205737373699
1268693526155423745
1268691785666179075
1268671455186882568
1268671392951697409
1268662459092668417
1268662427421413378
1268641192356597784
1268634709145288704
1268634502701727745
1268634447777271809
1268615606502191106
1268601897818210306
1268600937410637829
1268592914701201408
1268589521958035457
1268581261699944449
1268580181591146497
1268568326701228038
1268564193751564288
1268556849101619201
1268548014949445633
1268525535526891520
1268351861125517312
1268321703257616389
1268308583910830080
1268295382410432513
1268290611922141185
1268285126527668225
1268278714879664130
1268269221282283522
1268243160385363969
1268234538850844672
1268227362774286336
1268224302329090051
1268197740594503690
1268188400672215041
1268159266327867398
1268002021296214019
1268001089028345862
1267995941988110336
1267995652186832896
1267995519953092609
1267982179331686401
1267974476106551297
1267974206668574720
1267968228904534016
1267960892550979584
1267951718073073664
1267947434711420929
1267926281322221569
1267926270995726336
1267912628623605760
1267897990360051714
1267884546319671300
1267880810977337344
1267872009859534851
1267866244008607747
1267863737769345027
1267857641507782665
1267846512610103296
1267843351501570051
1267829424721850373
1267822275878739969
1267815732663980032
1267811202719244289
1267801786162851840
1267798937882238977
1267642887828889602
1267634294425636868
1267632027400122372
1267630210536570880
1267622216944029696
1267615369734340608
1267614155919560704
1267614151578390531
1267609325800914944
1267604400463384578
1267548627284754447
1267540625391583233
1267528229298089986
1267528192597938179
1267513813403918337
1267508683942121472
1267490283719098368
1267487526350131203
1267485477688553472
1267472970269720576
1267470111784476672
1267460078254329856
1267446270320414721
1267440359342301185
1267439930013372417
1267258236685758465
1267247053702344707
1267229841629339648
1267204948380581889
1267204928403054593
1267183380904529928
1267183322611974148
1267164689609392129
1267145327129309185
1267137516978745344
1267114892768825344
1267104572226637824
1267101056523214848
1266851145005350912
1266836371727101952
1266836223693393920
1266795055270055936
1266789001308053509
1266771565624074242
1266735567242440704
1266485861224517635
1266478362069008385
1266454372252336129
1266452051711705096
1266451370183479297
1266423467609636864
1266417761040900099
1266411282258952192
1266389788522876928
1266383385250988033
1266378886268452864
1266378737580273664
1266378195324014593
1266371227288891397
1266356353783775233
1266131327285432329
1266123067945824261
1266099353300672512
1266094729344749569
1266087856512143361
1266074867000053760
1266065209816502274
1266058470199099400
1266049415405600768
1266049381473673217
1266031538153697281
1266026125597310976
1266017042030907398
1266010839947018241
1266005386961788930
1265998764944302082
1265997240516128770
1265996109605896193
1265993812368859143
1265988767090970625
1265809354567057413
1265801776604872705
1265796141137965057
1265765886532648960
1265760555534598146
1265739180535091200
1265728125167681538
1265718808695758849
1265697022159486977
1265691004633563136
1265686180559032320
1265683052057018368
1265676480207630338
1265667453129863169
1265659354298167301
1265658943029854209
1265626823821590528
1265427892420345856
1265397364489150465
1265365839982637056
1265359733927686144
1265348477376176129
1265340458324176896
1265327264155275265
1265304518817914886
1265296897515888641
1265288991202586624
1265271985816440832
1265039168939462661
1265031776793231364
1264992338641854464
1264922414489710599
1264668084419387392
1264638413682155526
1264616276779061248
1264614694452690944
1264581064208629762
1264562579575275527
1264561708015681543
1264257670673989632
1264239339975868416
1264183062767828994
1264170966386569217
1263994740229496832
1263963488545726464
1263962964677349376
1263921832345862145
1263896926249979905
1263887391972036608
1263883675516764161
1263883660002033665
1263869674867040256
1263858576960913410
1263830324611555328
1263813219690385408
1263645227547529216
1263578172714438657
1263573541523464198
1263573477073747968
1263573341581033490
1263540177269665793
1263522508537499649
1263498787340709889
1263491579660075013
1263487062755487744
1263487048201252864
1263476431138557960
1263470018894934016
1263466350267248650
1263456617707778049
1263254411356377088
1263254237838016515
1263253944769404930
1263253630611861506
1263253045196005376
1263242600158572546
1263231770436272128
1263212450599616520
1263205048454205451
1263183926954164225
1263180052038135809
1263166231504400386
1263141151772741637
1263121357816180738
1263112050458460161
1263106867615629312
1263096874979950592
1263096664577003523
1263096614924750849
1262925077672321025
1262869458714013698
1262862893185466368
1262854824648998912
1262829866652753926
1262819347778715650
1262818360733110279
1262804415637004289
1262789394756403202
1262779482085228547
1262759135826698240
1262755442175782913
1262752891095314434
1262741864698073089
1262737028548038657
1262514152632918018
1262491812238893057
1262472495917142023
1262463574921949184
1262459874828582912
1262445539469164546
1262443502090190853
1262425464628486145
1262415423032745989
1262399953030254594
1262392451211448325
1262381169187979265
1262373178996858881
1262169149276553218
1262103658029867008
1262057026194157568
1262032539788738562
1262003520989003778
1262003447529865221
1261790267637669894
1261747284443881474
1261747266924265480
1261747238952370176
1261723701986430976
1261690994376019969
1261653490075648001
1261471755123609600
1261433608478306310
1261425835799711745
1261393437984768000
1261384590050168838
1261384555019358211
1261363836101160962
1261354579146338304
1261341037651468296
1261314448561758214
1261314439749435393
1261301015762079746
1261277433254346753
1261089411489509376
1261074311810551813
1261061477324206080
1261052356055179265
1261040778194890752
1261032477268860935
1261031696239034368
1261025908833517569
1261023523734200322
1261021320634138625
1261020332233822209
1261015988348256261
1261015979196329984
1261001214331883522
1260997056627433475
1260994838624862208
1260993560477827074
1260993474830221312
1260989402492395526
1260976441828704257
1260968345475612682
1260959357254107138
1260956109466218496
1260954541404688384
1260950373524799489
1260943460959469569
1260942990463377408
1260924072138924033
1260916934499078145
1260914020502118400
1260691091881369602
1260682225982607362
1260680376143486978
1260651140900773888
1260643365374136320
1260625411626721281
1260606396028125184
1260590768655347713
1260582823431471104
1260575021895806976
1260566717912268800
1260562313561677827
1260555149589778432
1260555098343780353
1260555035118833664
1260374883646783489
1260368011728433152
1260356322974973953
1260327846192599040
1260245682910306306
1260228718041141251
1260215641107320834
1260215210150944768
1260214572654436358
1260214214922207233
1260213271107383309
1260212927182897152
1260211952338571264
1260211330625212416
1260210080638697473
1260209368609566721
1260208911912767488
1260207261391216642
1260205920782598146
1260190081542950913
1260184663928328192
1260004985364008960
1260004965113835520
1259998773499113473
1259973057239748608
1259961227540860931
1259953531462844417
1259952923389427712
1259946075038920708
1259938700911357952
1259935393362960385
1259917841408630787
1259909275222228993
1259904533423161344
1259880283601547267
1259872391372603392
1259860149688205316
1259853629676191748
1259849742089101315
1259829935730016259
1259621318435143683
1259621292539510785
1259621264802676736
1259588380733706245
1259551107287842824
1259521042764234752
1259501998908604422
1259483958024290304
1259482711531683841
1259266557055766530
1259220439240499202
1259200333689036800
1259200313933942784
1259200293784432641
1259163496530546693
1259163475915558913
1259163462590181378
1259145423777943552
1258888156771827712
1258881648906641409
1258851996112650249
1258837205692317697
1258809327189667840
1258807028497121284
1258805031698149381
1258796270308806657
1258787152059564033
1258778189477875713
1258773220704112642
1258766134477758468
1258763713277984768
1258755660398899207
1258752663958798338
1258743913747222536
1258743098051526658
1258742338463109120
1258740474099183616
1258738370374709249
1258558835977080833
1258550508001746944
1258532312196644864
1258523170685857794
1258511710240948224
1258501696130514951
1258483509838123010
1258467071605854210
1258457642432958464
1258457582521528320
1258427266822017026
1258422817076531200
1258408348795506689
1258404803446738944
1258404790087880704
1258382158395301888
1258183275962646530
1258171826544553985
1258157182589247488
1258147274921619456
1258138212633063435
1258106212782137344
1258087380382146560
1258075301042688001
1258061078690516992
1258060892757004289
1258051066668687361
1257850130700677130
1257823184990191617
1257798091958255620
1257788456148877314
1257772408783753216
1257760219238629379
1257755432648663042
1257744022791127041
1257742081948352514
1257730517656580098
1257730505400860672
1257725926936281090
1257715535036416001
1257708897290326019
1257695404356972544
1257691406782599168
1257678563261767680
1257675131817725952
1257668643791540226
1257667535517949954
1257665647020048385
1257663720639119365
1257662285566353409
1257648729995214848
1257479618946359300
1257416837903630336
1257404714515419136
1257397031095742465
1257373453679833101
1257369119952904194
1257325841538846721
1257318043199238146
1257316679022866436
1257073459676557314
1257052295654789126
1257052282199441411
1257010882871263232
1256969161345040390
1256954789084176386
1256696101261971457
1256667403242610689
1256629308250087425
1256626212014825474
1256611656546881537
1256569531696394241
1256352870737358854
1256333048901021697
1256331000142901248
1256323879435288576
1256313441591197698
1256305187184013312
1256296610415489024
1256293994717499392
1256286804967383040
1256267667566202883
1256235662736490501
1256037690488872965
1256032522619817989
1255988047264415750
1255982724499849219
1255975890758111232
1255967249640423426
1255943729971634181
1255931650095136768
1255921940314849281
1255918651309506566
1255911907330064385
1255909064359456769
1255909057338146819
1255901060373372931
1255896721227464706
1255877588851056641
1255868130049626121
1255857639700996097
1255846151653294081
1255840132739072001
1255834453085171712
1255663805943685122
1255649378771128320
1255642824806195201
1255627148729221123
1255605299509002240
1255541789387296774
1255541776536010752
1255522420628303874
1255520603735576580
1255498534943629317
1255498480300294148
1255493456572620801
1255488281665581067
1255485254309117960
1255477515969269762
1255305895308857345
1255267286509854721
1255250527782404098
1255242816911020034
1255227166750621697
1255227126023938049
1255205031135019009
1255200520513490946
1255195840731402241
1255183121768644608
1255173070903488517
1255172964875735042
1255172938988429312
1255147585402109956
1255137663587201024
1255127879102476288
1254921296791711745
1254897376109760517
1254895238273019912
1254888572425056257
1254868743844495369
1254864272129011714
1254863996085125125
1254855217700417536
1254839615825031168
1254834000562212866
1254828318416928770
1254824525591650305
1254808479958695941
1254791944527585280
1254790292231913472
1254789516109377538
1254786539160137730
1254775054644084738
1254770158712709127
1254767738423214080
1254753702998573056
1254559406454378498
1254510627688767488
1254446152784785409
1254397893009641473
1254188049283584000
1254160391753564160
1254158654309388293
1254141398342909952
1254124895795019777
1254118948569845760
1254079625136832512
1254065451694522368
1254056318673002503
1254041722314649600
1253791140912005120
1253789541267312640
1253782293635891206
1253769545556332544
1253767704219172866
1253767204635623430
1253764080529276928
1253762027832643586
1253760203973169154
1253758900874117121
1253756304658751494
1253748957584515073
1253746392511721472
1253746309594521601
1253746103889145861
1253737984555352069
1253736718630608896
1253717517706629122
1253698954975424518
1253693271425122310
1253686910318456834
1253682529632235525
1253673947691958273
1253663136521097217
1253662379440852992
1253662048837341184
1253496245169119240
1253453240018120704
1253450276876488710
1253404192724697095
1253379130281861120
1253377993453580291
1253377616066772992
1253376973491048448
1253376712718639104
1253376269804285953
1253374132307267585
1253373761220497408
1253353118357688322
1253349090982793218
1253338390398816259
1253331404076679173
1253308533841543170
1253123988303290369
1253088739745824768
1253088250702573578
1253062225427906567
1253050344420106243
1253038109320777730
1253032264985968640
1253023717015392257
1253016350374662157
1252992180710453250
1252986068795895809
1252973012967620610
1252961644436742144
1252947820069429249
1252700694848692227
1252689405183234053
1252683217339133954
1252675567717093376
1252663578982825990
1252663569574854663
1252663561886801920
1252647320463736832
1252616297596190720
1252609581513089028
1252604612802228226
1252599720763105281
1252590942219055106
1252425816186605568
1252413337935081472
1252384433836982274
1252374967590633473
1252348553667555340
1252344815821283328
1252332963552952320
1252321356458405888
1252307271373205512
1252294836507627523
1252284753119764488
1252276377149153282
1252263629220655105
1252261934923120640
1252257237537558528
1252244375209377792
1252238899105185792
1252219227076988928
1252036694603452416
1252027311349739520
1252002418012966912
1252002397406322688
1252002314820505605
1251973991759253505
1251958314390478850
1251938441962631169
1251903466194325505
1251900829285654530
1251608699719897088
1251608668962983938
1251553222143197184
1251553190908231681
1251553085958295552
1251550730466582534
1251533660672741376
1251517567778390017
1251516340550148096
1251511279367467008
1251282314639933440
1251280253932224512
1251254189335994371
1251242711312629760
1251232159291052033
1251230189528514561
1251229059130044418
1251225896603836422
1251224023293362178
1251223714802343937
1251206222042345474
1251200386129674242
1251182381785989120
1251172818575908864
1251164557378301952
1251139788725465088
1251139158107738112
1250969653926600705
1250951552493326338
1250951525528199168
1250929257066508288
1250904934670893056
1250904549407305729
1250886313294913540
1250883904053133315
1250883868896493568
1250865497308004362
1250857002114392064
1250852220234600457
1250845581305618433
1250844151765176321
1250841984442552335
1250840477798195200
1250839136782737413
1250838190237388802
1250836670267691012
1250835991398621186
1250832707124432897
1250813083397783552
1250810204360519682
1250808977958600705
1250791414763524097
1250781045059981312
1250773091388665864
1250772870290190336
1250766549453099008
1250759393878192128
1250566018877009923
1250561316995190784
1250553846679703552
1250548519829737472
1250548449730322442
1250548015481397249
1250536600309837824
1250509700401160192
1250498913590706177
1250494669240381440
1250482826752995333
1250482752211824640
1250476895105421313
1250473813826994181
1250471614669557762
1250462750863745024
1250457740188794880
1250451707496194049
1250418951303172096
1250415443124387841
1250229376790204416
1250220005859475462
1250202357255864320
1250200854486974466
1250198144341741571
1250196408549937155
1250179726016163845
1250173870906146821
1250173860600844288
1250150676249882624
1250145690443034625
1250117742151241734
1250091563675516934
1250082697004888064
1250070991117733889
1250069549048889344
1250060488907452416
1250054686591332352
1250051179318587392
1250045181468069890
1249847244033064961
1249826728136015873
1249815701340278784
1249807830733000705
1249791053135306757
1249791010579845126
1249790992900861953
1249782146971074564
1249777236103790598
1249765689877057536
1249737569170001920
1249730282527363074
1249704522823487489
1249704499133984770
1249691421436719105
1249691409680130048
1249682932580712449
1249485895385972736
1249485877547581441
1249458796893818881
1249428393885601792
1249412580164190208
1249396208004673537
1249380559803031552
1249380542941925384
1249380532296785922
1249367602683695106
1249358568224104450
1249331979885166592
1249123033249447936
1249117007041232896
1249098742478680067
1249098720391516162
1249081542883905540
1249073680518430721
1249065811228139520
1249061175582654465
1249053303738163201
1249045802971836417
1249032464955092992
1248995920718503939
1248759384618029058
1248759369874976769
1248759361360412673
1248735392599281673
1248735096728846339
1248734362545225728
1248727976809836545
1248718069389766656
1248717886883012610
1248698256747610120
1248690964874616833
1248683415081078784
1248674607013322753
1248666805561950213
1248657053901602824
1248644622466899969
1248631529527554048
1248630059063222273
1248613519785779203
1248602874705215489
1248425142373322752
1248407996989726723
1248385033913548801
1248384684733526022
1248368188938768389
1248357740990341131
1248330890150842370
1248315567641067521
1248285152628936704
1248249730821279745
1248244312418029568
1248244301600944128
1248243103821168641
1248241596811956225
1248241106376163329
1248239268809539585
1248031964394856448
1248025221103333377
1248015625043107841
1248011027024760833
1248009191878316033
1248007170928467968
1247991335216394240
1247961186777341952
1247955100187967489
1247950105971482624
1247942445964439553
1247923181073117190
1247901111190577159
1247873788802367488
1247850426407542784
1247702159732494336
1247693259138306049
1247653687742341121
1247647959438757890
1247643307485921281
1247622952310505478
1247620413624061952
1247620375414005760
1247611588665921543
1247605204687691782
1247604768375296000
1247583029217972231
1247583022876168192
1247577660651429895
1247575272695771141
1247564356461703171
1247516404703727617
1247320081941569536
1247320072084951043
1247316398646472704
1247303736512446467
1247288469640093697
1247288425268555778
1247278078700724224
1247244066552778752
1247244052724137985
1247227078048731138
1247212171278389248
1247210738156015618
1247207711084892162
1247205301163622404
1247202795595411456
1247192304022179840
1247187919879704579
1247177072763682817
1247155849644171264
1247145493395902464
1246943290504732678
1246886308154421248
1246884772292558848
1246870198717689863
1246870172931108865
1246847439694368769
1246847429720317953
1246847389895458816
1246834064016932864
1246818425319706624
1246815378350772225
1246814722441252864
1246801061547032576
1246800974112526337
1246590515950346240
1246567380932796418
1246540822583095299
1246540772884660225
1246521917814845440
1246521855730688005
1246493197980831749
1246493175302291462
1246493158046924801
1246468008085721089
1246464532152754186
1246432986192646146
1246422348472954880
1246207531686518785
1246198362275303425
1246177581222821888
1246177047917060096
1246174418193338368
1246174390397603843
1246163951081177091
1246155907643342849
1246155850017902604
1246155700088311808
1246155659286110209
1246155638687891461
1246149686068752396
1246148427798523904
1246138899266707457
1246133779460218880
1246133252303335424
1246132737414696960
1246125962762354688
1246109056798003200
1246108530920378369
1246108156473769985
1246107810812870658
1246107105238618112
1246105769935847425
1246097395357831168
1246087838132776962
1246066018189017088
1246060125867126784
1246060108653748224
1246060087132774407
1245896935774584839
1245888497602506752
1245883773083926529
1245883568762630144
1245883126905257986
1245882215566839810
1245880974522621953
1245880350921887749
1245879728470441985
1245878976637173760
1245834564523528194
1245831218471383040
1245822824570163201
1245819107896963076
1245808655397728267
1245801059156733955
1245797300057882629
1245794355950030850
1245767352404389893
1245751706773831681
1245728872747991040
1245723038991163392
1245717597011808257
1245716664857104385
1245710240995311623
1245708026255900672
1245707481805922306
1245686557631184897
1245683039226781699
1245517894550773762
1245517869271695363
1245507629704716288
1245505276444323843
1245496434574667776
1245473492386095105
1245473472815468544
1245453489263783936
1245438493213495296
1245433221757763592
1245433182205419525
1245422829933400065
1245399495149588482
1245399412966383619
1245387255734206464
1245378982553489409
1245361274709405696
1245345935309385734
1245153385227182080
1245153372208054273
1245141138971004933
1245130659154272257
1245130449271357447
1245120494250217477
1245112600062550016
1245112087656968192
1245109358809276417
1245101973126422529
1245086442684104710
1245062459616100353
1245043734452019202
1245041386677833734
1245041357921624064
1245033644995104770
1245030769233403904
1245030629856722949
1245029709966192641
1245027939588112385
1245027124244819971
1245012539110498305
1244984850479792128
1244972485835177990
1244970992478441473
1244791303172509697
1244779624435003392
1244736292631523329
1244726585271431174
1244710618780884995
1244703395904204800
1244690239412752386
1244672001668780033
1244656338443161607
1244637503312793600
1244629452526673928
1244617938323333120
1244606397842624514
1244427554737487873
1244399437847433216
1244398912363995138
1244359107789893633
1244345662768123904
1244333367002312704
1244325469497044992
1244268673503834112
1244043980783960064
1244043864215863296
1244004110422159360
1243999024652394499
1243988619486003200
1243973471027240962
1243962801837785091
1243907682291068930
1243907593409564672
1243685160295563266
1243682808226340865
1243682763439513601
1243680439950282755
1243648752897966080
1243637597148262403
1243627795735023622
1243602593949126664
1243578970731433984
1243529214848008197
1243520615472078854
1243520566855897088
1243335855806300160
1243334412210585600
1243332962189553665
1243320559787745281
1243275074615959552
1243272222162194433
1243265005312708609
1243247436577062914
1243241956056203265
1243228748842971139
1243222839710363649
1243215507278479362
1243194084442943488
1243191366273961984
1243175956333899781
1243175661671452674
1243175480074948612
1243175070408806400
1243174128556933123
1242966790571003906
1242933184595210240
1242927795682119680
1242917517489844229
1242910203244412934
1242904091875041282
1242892566401552391
1242892558944124929
1242888039854231561
1242873687726063616
1242866838381326336
1242860876476137473
1242851636743151616
1242838746158039040
1242817822423744512
1242807269202558976
1242625501145038848
1242618875533037569
1242618779646996480
1242596521897533442
1242576646739296256
1242554571869818880
1242547811377446912
1242533720092966916
1242528105870364673
1242509324796284932
1242497627113037827
1242486725114462214
1242467194383912960
1242467136687058945
1242455208246095874
1242421112153178113
1242260419894525954
1242252448170938370
1242250491859525632
1242246567865835520
1242227257135030272
1242224247940042752
1242220722807885824
1242215388538122240
1242212526911340546
1242205480358985735
1242184565239812107
1242184555840319490
1242184546499657729
1242184537662242819
1242175279776378888
1242173767721385984
1242173743574777857
1242152498221256707
1242115612891111424
1242110236858691584
1242110132647071773
1242096825307467780
1242096812389007360
1242096795452407811
1242085298932256770
1242069367547932674
1241878129355952128
1241850173145460742
1241847811773214720
1241700065674231816
1241696378369323011
1241681585835048961
1241490250804822016
1241489280448356352
1241487500779982854
1241477523122409472
1241459754771382281
1241459624253014016
1241459405402574854
1241457787328135169
1241457126364585984
1241456911419088896
1241456208411856897
1241455964353695750
1241455539948793857
1241453654005202944
1241453274663976960
1241437608808341504
1241434089917272064
1241428138665472003
1241415117159329792
1241409886556020736
1241398899970994177
1241396652075708417
1241387045571850246
1241387025053302785
1241383669006286850
1241367822040612864
1241361274492956672
1241347293711925248
1241333636693139456
1241323196198064128
1241323123934445569
1241141986268262402
1241141955603685382
1241141936922267650
1241106691569131524
1241106642923483136
1241100561967206401
1241077816449433601
1241077802339905538
1241058946351271943
1241047734490193920
1241016555485515779
1240992099417415681
1240982057855090690
1240973239859458048
1240958771008069633
1240774474674438144
1240773496063623174
1240728621863616512
1240725710890811397
1240710295196237830
1240699140792713217
1240684826312806402
1240661829535350784
1240650835752898560
1240644983134265346
1240642278768640002
1240626036393598977
1240612584400646145
1240603205060493313
1240416055157194758
1240406470166032384
1240398061509193738
1240368338724950016
1240353148994236416
1240341100461686787
1240340864578326528
1240335925294649346
1240333585007116288
1240333541466091521
1240325680111509507
1240316720545435649
1240310902605393922
1240301128102883330
1240264434939027457
1240260606801911810
1240249315546796033
1240242777394479106
1240053179200536578
1240020605233135616
1240020361066041366
1240020005745569795
1240019083829149697
1240015203003248642
1239989322494824449
1239973020053143553
1239959287478267911
1239957209846411264
1239942070586036227
1239936749515743235
1239928701539749893
1239928652835454976
1239893417653686273
1239893405670440965
1239666781960245249
1239587978319671298
1239583283693916161
1239565323671568385
1239509212872540160
1239508886446637056
1239319782085865472
1239315695084732416
1239205061005320195
1239205017447477251
1238951865670303752
1238946983714439174
1238945058512089090
1238895915596988416
1238893279267168256
1238893246799101952
1238893215769604099
1238857190842290177
1238603894537814022
1238603050165710850
1238537631383916544
1238532976239161347
1238522718410211330
1238522626299105280
1238522383817940992
1238522165911326720
1238507125489520640
1238486828816220168
1238486720368250884
1238482859733798918
1238477749213331456
1238471209270087680
1238471129142104069
1238417224727134209
1238251929215492097
1238246886496186368
1238242316680409088
1238240648274247680
1238238756081225730
1238226399946772481
1238213318562779136
1238207864927207424
1238207849567830039
1238207821310832641
1238190272099614720
1238181208581976065
1238177535684476933
1238165332143071232
1238148767611748352
1238146999347789824
1238141345170108419
1238135145431027713
1238125690979000321
1238122530638004224
1238122505895915520
1238122494403502086
1238110579916787714
1238085649632301056
1237940996207493125
1237940917354532869
1237923754631729152
1237922468138037248
1237916197670268928
1237897617515790338
1237869157158289409
1237859436200247298
1237842408592699393
1237838176623816706
1237837150797713408
1237817183486574592
1237817169263591424
1237795282315808768
1237785205349515265
1237783058608242689
1237780687375208448
1237775344347774976
1237763278220206080
1237759209569214464
1237742923535601664
1237735233631539203
1237735217621872641
1237735107278053376
1237563709196652545
1237506408008093703
1237505863654522880
1237505603557154816
1237505468857106432
1237505307955417094
1237505033874190336
1237504866664108032
1237467492316057600
1237465743681294336
1237461736510369793
1237448451878793217
1237448413924536320
1237432724174049284
1237427869082664961
1237427848429928453
1237411390995992577
1237406335781699586
1237395115175325696
1237387525997592576
1237384191626620928
1237377159620104198
1237364718303674374
1237364241394515968
1237363367502897152
1237357608832577537
1237171812234133509
1237160968939020289
1237156064350679040
1237144432383856642
1237139991211499520
1237137838384336896
1237127331635961856
1237116354697756674
1237098753758244864
1237089689569550339
1237056161439981568
1237051016316518402
1237044716148940800
1237003705209233411
1236990524361453568
1236803877787308034
1236766829864988672
1236756348278312966
1236748058140033025
1236730396479565824
1236724375266738179
1236724213614104576
1236716638705258496
1236702371650117632
1236695114086592514
1236695083103260683
1236694674515132420
1236682725022666752
1236682534035038209
1236665435120164864
1236660354681372672
1236659229626372098
1236649722015813632
1236472391431344130
1236465077982834688
1236463769250922498
1236450949700468736
1236436008360718336
1236380865804013568
1236371911631921152
1236366684656750593
1236351832533983233
1236337016851349505
1236325885239754752
1236321386920017921
1236075602161152001
1236068953073606656
1236062214827708418
1236058835292471296
1236058783228596224
1236023928231006209
1235994972966604800
1235983278471090176
1235977332902572034
1235977326707568641
1235968067517243393
1235955836679266307
1235950705078341633
1235949872936824836
1235949347210227712
1235945731187499016
1235944973138345984
1235933786031996929
1235735916834181121
1235735849519722496
1235718365160837120
1235704921187594241
1235644580843970566
1235638923830804480
1235635904917549057
1235618257815691266
1235577742134923265
1235551221550809088
1235398125004689408
1235390826823499776
1235380760561029120
1235372204138913792
1235363629131800577
1235357788202848256
1235350798189703169
1235346453272416261
1235339880131186689
1235331265018159107
1235326139201196032
1235318852575064064
1235313543211339778
1235289520670732289
1235282727160684545
1235260626131394560
1235260480752685056
1235260160760836098
1235259209903726593
1235258658558226432
1235257801833959426
1235257042228609024
1235256269860229120
1235253327480467457
1235228517178257408
1235207186747293697
1234967258604212224
1234962058447376386
1234957556671557649
1234908053964828672
1234899333981536258
1234894678018973706
1234873879237201920
1234872377248567303
1234870974778048513
1234856483453644804
1234673555343675394
1234673522770792450
1234642443812864001
1234609029978238976
1234603293575393280
1234568974601531392
1234537131957198849
1234498113647370241
1234485625988009988
1234458833193459716
1234458611788734465
1234193266242990082
1234174715293523969
1234155037359853568
1233919981232050176
1233894069144780806
1233876758836977666
1233865010574700545
1233848600758755334
1233843133831663618
1233843047533809666
1233833784035991552
1233832354155769856
1233826407521886208
1233825563745320960
1233817024519983104
1233801212052606982
1233786204946128897
1233587327022309377
1233521101185146880
1233492438804836352
1233463374069014531
1233460696974753793
1233457800623382530
1233401191033376768
1233385973897142274
1233218521884233729
1233214323960549376
1233207294718042117
1233172496326721536
1233172487036338176
1233165813110202374
1233151231515906051
1233113190696914944
1233073061211123713
1233064509054619648
1233041984446701569
1233026480814395392
1232852600631984129
1232852587273236482
1232825094927519744
1232822187016540162
1232820010776760322
1232815657944780800
1232814391940263945
1232809725143719937
1232795169738629120
1232772306881196033
1232756901143818246
1232752077882961920
1232747881280528384
1232743056820068352
1232715276896153600
1232669403550035968
1232661436087881731
1232489138248503296
1232480787787735040
1232468874668331010
1232466162304208896
1232448285673058304
1232432102399823872
1232419782659579904
1232397347562323968
1232393625226661888
1232389812688125952
1232388124422090752
1232383912506163200
1232380896705204232
1232374618561896450
1232369930907025408
1232351801950842880
1232344276492836869
1232332572383948801
1232319252914491392
1232307249332269056
1232134368283500547
1232134334464827393
1232085091586859008
1232055286640381952
1232029295373144064
1232013156442148864
1231972780700323846
1231972736588746753
1231972435278389248
1231963670596460544
1231941054838067202
1231733056781930496
1231693771751821317
1231681118031626240
1231655499331821569
1231655228707000320
1231316514801770496
1231287561764519936
1231259223322841088
1231249091255926784
1231243221398802434
1231219409697398785
1230995929714446336
1230991583689854977
1230989781036756992
1230981652060360704
1230977596516532224
1230977271868952576
1230880616557633536
1230870592821182465
1230672027108790272
1230671913556463622
1230664021977661440
1230663270681366528
1230628565902712832
1230618740305219584
1230598561672228864
1230583682479509504
1230575977043906560
1230566791346212865
1230485980722978822
1230477022494887941
1230299927982551040
1230291674989039616
1230272517018963973
1230234225384751105
1230228378067898369
1230214143434723328
1230204825587134464
1230204771916750850
1230204753600270337
1230200378551099396
1230193522206298112
1230186378765447172
1230138285722341381
1230135145820192768
1229922026699345920
1229918144149540864
1229909822612611072
1229880230518587392
1229860374712930304
1229851006005108742
1229822516954324992
1229814596258738177
1229801080978051075
1229781008947564545
1229771914115244033
1229563052753899526
1229533860641288193
1229533849165684736
1229527846458200064
1229522281795399680
1229507513260834822
1229443891008434176
1229432960652369920
1229429043465981953
1229419983433687046
1229409066201571328
1229191253394382848
1229155489394634754
1229097375865675777
1229059434770550785
1229051519229681664
1229042564680032262
1228832275363762177
1228773729372712962
1228773712108957697
1228761667560972288
1228750233963765762
1228728948151988224
1228721034574123013
1228704267566845953
1228691871930757122
1228684819246260224
1228507071957565441
1228472745698242560
1228450092723490816
1228439142977155073
1228396192637186048
1228367548753690625
1228345490758160384
1228322847480827904
1228312216077840386
1228133395676487683
1228104887168270341
1228087739553374209
1228075268683771904
1228061338808782848
1228043161332744194
1228032340250808321
1228007370632069120
1227995210044538881
1227992075267956739
1227992058461401088
1227986920074104837
1227979401876385794
1227960755691102208
1227770811429326849
1227764558099570693
1227746439842992128
1227725720249655296
1227722158337601536
1227692633117642754
1227692046456107009
1227681658993807363
1227663808161878016
1227651001932537857
1227634477465251842
1227618064352583687
1227618059344629761
1227617870126993410
1227617822492241920
1227612185066721282
1227591421345062915
1227579061251301376
1227426064789655554
1227406895411007488
1227366726540632065
1227365518283354117
1227358279044665344
1227352000565780481
1227342740377214978
1227330437502119939
1227302252177756171
1227300023513292801
1227300004047572992
1227299991179481095
1227285298658320384
1227276917847490560
1227265217396117505
1227259669195960320
1227246122265186305
1227238612711936001
1227228149035012096
1227024386538037255
1227006438788206592
1226969567391555585
1226965318897106945
1226949454634217473
1226940153555562503
1226937551870742534
1226929263380660224
1226923787628797952
1226915691258941440
1226914893581950976
1226887507633147906
1226875576813867008
1226631382786551808
1226593890414813184
1226593847087632384
1226582862759186432
1226569985574756357
1226558096170004480
1226544330367782912
1226532014330957826
1226526382563430403
1226512061942976513
1226312333494030337
1226306250478170113
1226273992245497857
1226258587682508801
1226256132274032641
1226225746768617473
1226199899840139264
1226177027553845248
1226157842325004288
1226157751044333569
1226157742789971968
1225943662124785669
1225942556661493761
1225934913574260736
1225931849899356161
1225926423006896129
1225926374986309633
1225904585874825216
1225888715278516224
1225885331498688512
1225876363363700736
1225863888387874819
1225847235767918595
1225839641686724608
1225833474055188480
1225826484381720582
1225816845598547971
1225803149199454214
1225798151157796864
1225790323751821312
1225790071401435138
1225617468405747713
1225611344906477573
1225611320743145472
1225595036684947457
1225582782707109889
1225559199528210443
1225559066153496577
1225558857738575873
1225558264978563072
1225558138998415363
1225520748070043649
1225506949858500608
1225493182936469505
1225485332487032833
1225481626785853446
1225476834227343361
1225474404529975296
1225473423155105792
1225473167621283840
1225456171051552769
1225452070435794944
1225444235496841216
1225441627818405888
1225428918678827009
1225420772002406400
1225226853775863808
1225220268890697728
1225220217900584963
1225205171153723392
1225198073871306752
1225185376551215104
1225178521301127168
1225177871767031813
1225177445688578050
1225175954252759040
1225164151997321216
1225151619475673088
1225144161860493313
1225140147655716865
1225137684089311232
1225131066014519296
1225123124158574599
1225114128043462657
1225105223263432704
1225101827957567494
1225087832882106368
1225080129329778694
1225076852177481728
1225069470424629250
1225062971535241216
1225052925371789317
1224917610422247426
1224905238555041792
1224900505710755840
1224896674222485509
1224895905091989504
1224895464480366592
1224894643432759302
1224893544483164164
1224893054315790337
1224890514383740928
1224890020416368642
1224888696924712963
1224886889066508290
1224886145655414785
1224884318771785728
1224883938541428737
1224881117255303169
1224879682916691968
1224874280497795077
1224866281087696899
1224861091282505728
1224860473172078592
1224860460824088576
1224848863032274945
1224843850306457600
1224805800813658115
1224791447276269570
1224789458496688128
1224772807902597122
1224766833355644928
1224757471094493185
1224754863088816130
1224753202475798531
1224751558182735872
1224751074348818432
1224749932483108864
1224748978606047232
1224747897738100744
1224746079322853377
1224744281518346240
1224690070185291779
1224539424844849152
1224484478640427008
1224476291044384769
1224476275055767553
1224467265934036993
1224436809066659841
1224425899866624000
1224420701010112518
1224408235945361408
1224387708388347909
1224381954642128897
1224368934712958976
1224347571101061121
1224082917724434436
1224081264669528064
1224081259305013249
1224045392020590594
1224026462312914945
1224013429528322050
1223995917864488960
1223986709920190464
1223764786510487555
1223757486978748417
1223738434424053765
1223738411950968838
1223726293411401731
1223701253055832065
1223692621694095365
1223676233705193472
1223666317540175874
1223647450327658498
1223631491852328960
1223617552057802752
1223615751904464896
1223398541256732672
1223398324981698561
