1286085754964377601
1286084084175962114
1286050348264837121
1286036725597458433
1286035469709398016
1285979774985342976
1285972217495302144
1285965470605160450
1285697918423441410
1285697916796047362
1285697914954813441
1285672216710053888
1285580100340273152
1285568889007607809
1285392031628632064
1285356312876982273
1285343965764558849
1285318739009798144
1285308387543134212
1285296842998198274
1285296754083139585
1285296753391153160
1285267331703345154
1285258019622850561
1284932384920440832
1284914126481809408
1284629816482775040
1284581302885183488
1284525235283296256
1284323647075823617
1284264096301367297
1284205826169810945
1284182334762217472
1284153113675325441
1283926460781256708
1283918544833404929
1283873006738001920
1283868598994264064
1283824921320108033
1283812916446195713
1283799859791908864
1283521727549648900
1283509549572464641
1283485810210136064
1283420029661454337
1283416409263927296
1283179914234077185
1283179911163805702
1283179907460354048
1283151636538458120
1283151635846508544
1283126568592777216
1282827148873654272
1282809359957987329
1282767342162849794
1282767340652900353
1282767339885334529
1282767339113545728
1282740673335066624
1282727031474737152
1282439619770892288
1282413454276440064
1282032870664450049
1281746506316484608
1281710045844176896
1281706280961204224
1281687711280070656
1281649315228684288
1281641585931886598
1281638198230188036
1281319751415930885
1281302104292970497
1281285156750405632
1281254643264258049
1281226168197435392
1280972758961270784
1280926026453987329
1280911068177391616
1280895083060105217
1280613858084827136
1280611421747843074
1280556644087156736
1280548496932732929
1280275332897988610
1280228678836924418
1280228678086123520
1280186617815130112
1279901689793798144
1279836172424900608
1279459965175050241
1279455832099287044
1279203269055635457
1279180619012960256
1279169953325674496
1278810687385538561
1278765384250863617
1278762200128262146
1278743086621917185
1278723384600231937
1278704986361380874
1278704623281483777
1278450049081581568
1278433180933070848
1278403000369700865
1278372798638034944
1278366438407966721
1278366437632086021
1278342598881472515
1278104780020215808
1278085910119108608
1278068057030590465
1278039792006168578
1277964581566943232
1277745475312123905
1277718069645803520
1277709534950277122
1277709533935218693
1277657235678773249
1277630620181704704
1277279758397476865
1276989721265102848
1276707602148339712
1276650198895337474
1276616365554708484
1276591936498008070
1276582746228510721
1276314682358292480
1276271660321198080
1276254395383058433
1276168703374249990
1275967197404258305
1275944301948788737
1275907878268928000
1275886369529888769
1275831077072969729
1275786156177793025
1275583164656697344
1275561521750384640
1275543578140442627
1275512461295321088
1275233337758474241
1275196164518875136
1275164868207955968
1275127277055913984
1274828441351675905
1274740792402182144
1274467311869706241
1274421509994549250
1274375708169482245
1274134783254245377
1274104290106368000
1274017347074916353
1273982534553145352
1273982533143793668
1273802659519254528
1273748179285086217
1273715334701252614
1273703439806185473
1273619588031315972
1273421923343462407
1273378469829701634
1273349268900888577
1273345951709761537
1273300409872986113
1273009732291383297
1272996647719497728
1272966877342511104
1272958261269008384
1272942145377312769
1272620643788427265
1272579068836315137
1272545952071548929
1272258759306342400
1272224994479620097
1272191062958682112
1271883921211310080
1271610487407407106
1271598524535357441
1271577002177413120
1271572129918697475
1271537550306488326
1271509791001755648
1271501151628902404
1271466912136990720
1271222107779801088
1271199523268890624
1271153103883120641
1271118195051630595
1270820989191028737
1270806708437364736
1270785201782702080
1270497917137154048
1270478051659460608
1270439721441902593
1270426323069153280
1270404070755446785
1270170972222455808
1270128301760229377
1270055363023376386
1270054979856973824
1270026205589372935
1269678690473934848
1269421575368892416
1269326051307479041
1269020465386803201
1268951862977286146
1268948907188461569
1268740517065416704
1268719903621685249
1268698169602224128
1268631602520866818
1268597601361965059
1268577775159349248
1268301433121714181
1268265904107851776
1268233026552713217
1267957513032306688
1267937442520338433
1267896351708200960
1267858566163070977
1267614972474949634
1267602051934162949
1267533047131447297
1267251011711832067
1267166660462555137
1266815305457766402
1266782424085655552
1266539103547543555
1266506606532898817
1266477156441391109
1266476869794304000
1266451194064408576
1266442474777608192
1266421700121501698
1266199735125204993
1266127223335063552
1266103431229517825
1266042573036150785
1265815159055974400
1265791834762035201
1265778900455444480
1265743492468400128
1265698733368520704
1265656358554218498
1265354072175108099
1265310942264471553
1264941797446504448
1264698328056360960
1264615881188839430
1264342063463587840
1264234130696368128
1263971308695629825
1263935461959090176
1263915947846324224
1263864084199608322
1263654200363200512
1263597115554447361
1263537231215509512
1263477394754736133
1263285372005388288
1263237660295884801
1263217791986831361
1263185731368845313
1263145594538864641
1262853746763067393
1262805314744680448
1262593600967159808
1262552208387608576
1262548957022113800
1262500905250889730
1262447547286765568
1262433782017163264
1262112936010506240
1262057266733182977
1261748812940341248
1261724723878039557
1261697422734036992
1261432725824823296
1261432724914606081
1261419912695693312
1261387544006062080
1261370609704898561
1261360171885813760
1261341832572628993
1261113496411860993
1261077360113184769
1261045309448298497
1261040902417547266
1261040770582228999
1261032926050832385
1260978846737633280
1260730017316659200
1260670977085779972
1260620534817193984
1260355189015326720
1260310114759856130
1260303651064516608
1260266447562960896
1260213582295375872
1259986500269125633
1259956942123884544
1259934086715469829
1259887954505478147
1259650777242456064
1259553418403655680
1259152940293451776
1258918486996205696
1258870254207287296
1258842364077998081
1258829255640780803
1258827558830911488
1258773940962557952
1258555721282551810
1258551697195982848
1258501991010951168
1258490458818310144
1258427031836069889
1258394383805808641
1258161226556649474
1258119249840582656
1258092961121927169
1258085180503400448
1257865107268202496
1257828850471337985
1257807985172070401
1257757187499192321
1257718692726681600
1257685955844157440
1257483094254219264
1257434781312266241
1257391558569189377
1257355179390906368
1257087623136333825
1257002438986358785
1256648298305163269
1256390132569014272
1256374691612078080
1256332502756515840
1256301471768797184
1256265338653564928
1256024339347984385
1255996086646267905
1255976353536540674
1255950044194316289
1255902146978910208
1255874388991279106
1255682258028990466
1255671167462944768
1255624013457440769
1255603774434889728
1255278587277705217
1255249696299397123
1255198239546097666
1255189125113798656
1254871505374031874
1254835390827003904
1254500752543805441
1254432955654475783
1254164685802270720
1254077846445715456
1253797748437991424
1253755431928750081
1253736489113931777
1253720137464766464
1253714006772154368
1253501377839599616
1253466537819639809
1253461337042272261
1253449353357922304
1253437562686828551
1253404955047636992
1253393970325008388
1253169006481149953
1253157798147432451
1253150422640050176
1253104072409796612
1253072687213064193
1253019247023845376
1253002687110676480
1252777545252040704
1252761792503091200
1252721408767078400
1252675888853905410
1252643342959042562
1252343770411986952
1252296069574090752
1251952200525307904
1251894925798420480
1251664450148380675
1251613030149849088
1251574648497565696
1251548649965842432
1251258103447736320
1251217931410825217
1251180218984927233
1250894449674240002
1250852407241773057
1250839178759344129
1250627527019606017
1250595876378226689
1250502835604578304
1250464292899450881
1250215840495972353
1250128259821400065
1250112823922917379
1250083043051802624
1249807174341181440
1249769759647969283
1249760093400231949
1249452512966406144
1249365209078099969
1249087422127800322
1249003459703005184
1248803181439533057
1248748098777534465
1248714798872715264
1248687484445364225
1248657032456155138
1248653582443802626
1248491369330397184
1248426237023801344
1248406030234423301
1248363363710595073
1248304342903316482
1248284500817313793
1248037839431925760
1247992897594470400
1247991834573295616
1247990519369592832
1247948699122176000
1247948019221139456
1247945277874425857
1247719875348291585
1247678778572185601
1247626239541678088
1247601207150968832
1247567853856813057
1247351648466300928
1247296228611637248
1247254924662050816
1247228302411980800
1246949311323099136
1246879403058933760
1246843254336679939
1246574386011713536
1246536130041962497
1246483197241610242
1246262758716268544
1246190377725358080
1246151257657495552
1246137168898260998
1245853601794146307
1245824275233136640
1245789426946461697
1245753921123082241
1245538736609169408
1245505703374213121
1245485272730497024
1245451167338921989
1245420601550004224
1245389767170129920
1245233116165238784
1245135260020441088
1245093026394804225
1245059809155547142
1245045752260259841
1244790708361252864
1244774451201232896
1244734465806462976
1244708964584980482
1244687870251556864
1244657757187383297
1244385769403400197
1244319442130980865
1244065106226364418
1244029623551160320
1243987030226300928
1243879026978144260
1243702186334392331
1243611978070994944
1243601383061884932
1243592966201126913
1243564510037848066
1243558140756533249
1243416787988803585
1243353831896842240
1243313469845168129
1243297011668930561
1243266560115920896
1243232365226463238
1243225036351082498
1242923551658610688
1242913087847628803
1242905325767766016
1242860719973920769
1242851296282984448
1242619704340025345
1242604707173916672
1242565367118958592
1242527955194007555
1242521961982578690
1242215013877604352
1242168062696022016
1242160461489090560
1242104645583060992
1242099420671488000
1241879580979253248
1241801641440858114
1241484059995303936
1241406689477156864
1241157091261181952
1241119033312677889
1241095684444418048
1241076415380041728
1240793039989133312
1240762067411300354
1240719817117536256
1240684298757382144
1240682345499373568
1240672451505410050
1240444015641800705
1240409763881467906
1240386889124888576
1240377375046561792
1240342992889810945
1240089376589299712
1240045565062172673
1240042704047722497
1240011651593768961
1239939825785962496
1239643260819128320
1239589969594855424
1239589461152972800
1239413044926537728
1239398584069619712
1239398582945566727
1239398581615935488
1239398580466733063
1239280537782476802
1239006494227480576
1238916114916077568
1238685293399683074
1238685292514639875
1238685291684265984
1238579861557477377
1238578678742896640
1238538043633676290
1238265826245070848
1238250918610636800
1238225438905733120
1238153947023429633
1238141867612569601
1237948365234716674
1237850971964727298
1237793272967434241
1237541330034683906
1237463633581486081
1237454446919143425
1237386582447075328
1237168813767938048
1237128543949033473
1237126910859067392
1237105750574616586
1237080177550577668
1236731430123843590
1236701992388399107
1236423095214166016
1236403991241568256
1236066092478390273
1236037621526048769
1236012753652871168
1235671242247553026
1235650620066938881
1235650618657734659
1235413879196274690
1235378178564202496
1235294994505887744
1234980749180198913
1234976628934991875
1234916307562377217
1234901850308173824
1234709674479382529
1234616401366700034
1234561991022239744
1234510794244657152
1234510793137360898
1234250538432073728
1234146777944608768
1233940063920128001
1233837738169860096
1233820885359874048
1233611206721601536
1233582888781672448
1233512503361097733
1233509058705051648
1233485691759276034
1233415693951021056
1233405679056060417
1233248637498490881
1233236095128621057
1233228532874018816
1233204088537370624
1233090312119078912
1233052533733646336
1233051122950168577
1232858652802834432
1232835914478473216
1232746033244930053
1232725307012079616
1232507908375531520
1232378049359835142
1232350324364472322
1232138548007985154
1232084718796980224
1232012540126720000
1231660464066576384
1231419006793371648
1231052221493600257
1230963868278480896
1230944696777658374
1230711521698709504
1230637206705864704
1230618575917830145
1230599741437702144
1230302296786882560
1230285131417444352
1230246464514772993
1230221950334558208
1229991244144635904
1229537263945535488
1229450799329116160
1228880287594995714
1228817577763168256
1228692842400362497
1228531286156820480
1228474203923288064
1228449744822755329
1228410637409112064
1228386222327750656
1228353239642492935
1228349866998407169
1228174238655209474
1228160310856413187
1228069423807750144
1227992895623499778
1227761028940746753
1227688129869623296
1227663925573029890
1227663809445351425
1227615275861843969
1227384495248158725
1227367714857127937
1227367713682722818
1227335303939141632
1227289028162138112
1227109638677528581
1226986650036731904
1226932696120778752
1226932695193792513
1226683210907570176
1226585145739661312
1226265196726902784
1226236150492217344
1226016598063861760
1225991200093507584
1225951467976048641
1225910332759117824
1225871870819307523
1225844482454753281
1225821795107950597
1225821794097082369
1225567257180409857
1225560804931624970
1225547901453160448
1225535389278130178
1225513955986157571
1225258643752353793
1225179754804011008
1225179753755353090
1225179752614547461
1225171159211180035
1225171089321578502
1225153006351589380
1225135089161367552
1225110434644144128
1225110359939461120
1224900382993932288
1224895564573237248
1224893288278302721
1224892347143593985
1224887768989478914
1224887539926028290
1224886583570001921
1224882861431541763
1224880722793680899
1224880211646349313
1224799873901498369
1224438750496690178
1224389489533104128
1224389488518029318
1224389487486230530
1224372837470785536
1224065991484702721
1223751985842683904
1223720483436167168
1223460247622180865
1223449496782168069
1223405240885469184
