1286059882224013320
1286058986417147907
1286056576487497730
1286056524834635776
1286020457884454913
1286012014289203200
1286008247816683521
1285974069112901633
1285966421630103552
1285965627849674752
1285958664336150534
1285958617917804544
1285957809906094083
1285664501732343814
1285660621023907844
1285625071621545986
1285623197254246400
1285621545705054210
1285616630198829058
1285616046054035460
1285603598337019904
1285578173686710272
1285566607004241921
1285566606014382085
1285566604076617730
1285325019363631104
1285307483465166854
1285297409845800961
1285256604305240064
1285256603311243268
1285256602061332482
1284955740353044480
1284920406525321217
1284899745077633024
1284899504953733120
1284893232481148928
1284877347250896897
1284566235389341697
1284508847336562689
1284358610785624064
1284346864461127680
1284345808213639168
1284345062642638849
1284344476601810944
1284343051687780352
1284252201381175297
1284221258251591682
1284207268788146178
1284207263406751747
1284207262232465414
1284207261267767296
1284187625490980864
1284154541697634310
1284148271091417088
1283863942280945668
1283857445081821185
1283850742646870017
1283848985531355137
1283848983249588224
1283522559254974466
1283522534168764416
1283511058469138440
1283482730853015553
1283430460388003841
1283425713920630784
1283425683197300737
1283412261902651393
1283174441858588673
1283174441049100294
1283174440277344268
1283174439480328200
1283172665071677448
1283172555508060164
1283171746691121153
1283142106547212291
1283128347497836544
1283122551766614017
1283121155658981376
1283121152420990979
1283119897850109953
1283054394460852244
1283031366523916294
1283020823251554306
1282822007588102149
1282780628904222720
1282761105643835392
1282723013025312771
1282718259339460613
1282705863011180544
1282078940463497216
1281954891389456384
1281726306049314818
1281664403830648835
1281647893242277888
1281643667195940865
1281619298469982208
1281613183753629697
1281569638741086208
1281427400694407168
1281269046978232327
1281267384645533698
1281254759312261122
1281232408881369088
1281211502180122624
1281037900138807301
1281036851910975488
1281029077885956097
1280986397395034121
1280985715619368963
1280945309099712512
1280877523782549504
1280635684798312452
1280572136218931200
1280544043722776577
1280474301582409729
1280257295214051332
1280246334021423104
1280240255740846082
1280240040619237378
1280221818670940162
1280218268935098368
1280217516585910273
1280209390155583489
1280207516413186048
1280156764802080768
1279380011963813889
1279139692571738113
1279111243568119808
1279098461414133767
1279097718091198465
1279086709465124864
1278799092563554312
1278761073617842176
1278756499406442496
1278756387393241088
1278748351505272843
1278748225810436097
1278727853237035009
1278716820661374978
1278487686010089473
1278486696166739968
1278486101657890816
1278431383002796036
1278425367406161921
1278418247700938753
1278417524808462338
1278417523537477633
1278417520257568769
1278413879006167041
1278409231499173889
1278362288899141633
1278347237819650053
1278342948720128000
1278146083319881728
1278089494856695812
1278083193846054920
1278048734442651650
1278035880444399616
1278035587853934593
1278024531047788547
1278009546707959809
1277957004661833730
1277934159214886912
1277784952294322176
1277693207275548675
1277690422903681027
1277686954625241090
1277681079701385216
1277658296107905028
1277658295327752192
1277658294572781569
1277658293708697612
1277392653844447232
1277392650912575490
1277317848000540673
1277242689487020034
1277238062179856385
1276920791955902465
1276649793658503170
1276649222486573061
1276607576587853824
1276595447973457921
1276595346664312833
1276594724913270788
1276592710682583041
1276590309305180161
1276588215093342209
1276569760520704001
1276568132245651461
1276546689885749248
1276532090289430534
1276356391998033920
1276321619686961152
1276317945346560001
1276267863263895557
1276260323633303554
1276203759203422210
1276203479921569792
1276202152831127557
1276178604863434755
1276172289818624006
1276154107993247750
1276153221048946693
1276142415276134402
1275891503903182848
1275890984971313152
1275889656765259777
1275888384502837251
1275858781126131713
1275810748136972288
1275783106528792578
1275584064880365571
1275553759276470273
1275516251713015809
1275514238384168961
1275501206933254144
1275500263525285890
1275499853431345154
1275186358357766151
1275186357225304071
1275148552948367360
1275134188631535617
1275076988047220736
1274789658807975938
1274693898133278726
1274381653415268352
1274381572993581056
1274120967594409990
1274026880145002497
1274026207286300674
1273999809293225985
1273981365432864769
1273754012131700736
1273752619249516551
1273740291716112385
1273730618724155394
1273727225343496193
1273709829102743565
1273623843609903104
1273621594099851264
1273620203541336065
1273619859482574849
1273381065034432513
1273380344956321792
1273337131394613253
1273333043730644992
1273328120884596736
1273323909736251393
1273268123165212675
1273013869053607943
1272996947566252039
1272965262535462912
1272740661599580160
1272618622851190787
1272560478657617922
1272559239849000960
1272541519493373952
1271865138619047938
1271864776797425665
1271596664336375810
1271596660267900929
1271595474311659521
1271585527662247936
1271545839773790208
1271543894812082184
1271523407079911424
1271513649404837889
1271499790887669761
1271498884540440576
1271491221404495873
1271490325916327939
1271479530855763968
1271449501669167109
1271422748888379392
1271224288025227265
1271224077508907017
1271150995016503298
1271129754872229889
1271120664431415296
1271076893043851265
1271076886727266306
1271068156753252352
1271068155193016320
1271066114680913922
1271057337097359363
1271057333788069890
1271057325567197184
1270831541669765122
1270830223626571777
1270802957655781379
1270797955122028544
1270796142373191688
1270795476816855042
1270794881150128128
1270776030563885059
1270766758434082816
1270765482698735619
1270764645477949442
1270756728158683142
1270733507636146178
1270723221772353536
1270723220614701056
1270723219561955335
1270713424603787270
1270713378923638786
1270513688064200712
1270470967215742976
1270451008343363592
1270430079391338498
1270419023243681802
1270418616450719746
1270395567785611264
1270374438731747329
1270374346024943616
1270367865066192900
1270367459040788480
1270367389906018305
1270098569257771013
1270084147839672321
1270084141690822656
1270063841674768386
1270058553131270146
1270056206778892288
1270034465738436608
1270027363141783552
1270023444059566081
1270022295508180993
1270016923527454721
1269721185115398147
1269719639434711043
1269719158020857856
1269342272421867520
1269335739508154370
1269333664694968331
1269270909958918144
1269048689651318784
1269045698328174593
1269006990430404609
1269002243774263296
1269000202016473089
1268992581003689984
1268992561567477761
1268992514368901124
1268992193521385472
1268991179384897541
1268983019798396928
1268955579856433152
1268955101537996803
1268936280865484801
1268921960894955520
1268906945869643779
1268698823108550661
1268697305902985217
1268696853329203205
1268632828222341122
1268631321930326017
1268620339346472960
1268618123797622786
1268617334740008960
1268617091768180738
1268600732808359937
1268598688449953800
1268598686533193728
1268565176040730627
1268553221091602436
1268552868879007747
1268353960609447936
1268338335451242497
1268338053476737024
1268311763872813057
1268272254179303430
1268269602410291201
1268268550348853249
1268268176778956800
1268267670064988166
1268267339067396101
1268266816708714502
1268256432799059974
1268230746659000325
1268228401531404289
1268189096591134720
1268181911576498176
1268179484685021184
1268176146245484544
1267973041004437509
1267972992967073792
1267972312151855110
1267971931132887040
1267940516005625857
1267932405572263939
1267893463892340742
1267890719357796353
1267888994299400194
1267863467953979392
1267831470053306374
1267613552422064128
1267609131592155136
1267605630724046850
1267602036884979713
1267589637834510338
1267557031923384330
1267556984586416128
1267551956421292039
1267547437956313089
1267524170251939840
1267497240878362625
1267243852940836866
1267210277063462912
1267209370280120321
1267136862629638146
1267136744039817218
1266770403286024192
1266769911080275968
1266541372191973376
1266519569222578240
1266515975643574272
1266514775045033985
1266514341458780160
1266510676081721345
1266497426602541057
1266488179458269184
1266487829959491585
1266463665089318917
1266463545899790340
1266461705732849665
1266460342382727168
1266447627492753410
1266447050566221829
1266386227047141376
1266378904438280193
1266330925966688256
1266114955419492354
1266105300907692034
1266102762674237440
1266093481103163395
1266090982128455681
1266089596015841280
1266088662900539392
1266082870021492738
1266081878064467968
1266039026924036097
1266004920106389506
1265781783834112001
1265735706045034497
1265711626000445441
1265707402277642240
1265704436023701506
1265702105144266753
1265701598455611394
1265691227250397191
1265400652718657543
1265341167924805643
1265338698754920449
1265338608568934400
1265325540636069888
1265306249933053952
1265272198467649537
1265056921431805953
1265001115835346946
1264900092429041665
1264893839938109441
1264696403999313933
1264689058523090945
1264687742979575810
1264600583702528012
1264600393067134977
1263988134729191426
1263985907104915460
1263966409085853697
1263963286556626944
1263960960966037506
1263959570118049792
1263941340980797443
1263938961577254914
1263906893585690624
1263881239729246211
1263849167820111877
1263839293119881217
1263837529712791558
1263793264366440451
1263793185861615616
1263647019991736320
1263584524220329985
1263582122486280194
1263582121139953665
1263582120066215937
1263570318351794177
1263563654139719682
1263528383625023490
1263515280837312518
1263511766488813568
1263232313598578688
1263194149135749123
1263193562738548736
1263180241771659264
1263157771668766721
1263081471457349633
1263081088223711232
1263080961690001408
1262918881242484744
1262854702972260352
1262853033618276353
1262836240967184387
1262807095046438912
1262796752635277312
1262480974337789954
1262477569091407874
1262474346699816961
1262471135448436738
1262448324931661825
1262429806051893249
1262419190054563841
1262407484544888833
1262407379955654658
1262407099243528192
1262406048427671552
1262200244340690946
1262193285541609479
1262188376712720396
1262126755084632064
1262068227540221958
1262067445956857862
1262067194755780613
1261496198575329281
1261492679839559681
1261422841221824512
1261421819975917573
1261421331427536898
1261408617116262401
1261397490378706945
1261397489594163200
1261374933504086024
1261372488933617665
1261372488157663232
1261354392671772673
1261343404534960128
1261334144207986690
1261327760510849027
1261300303334379521
1261298242119237632
1261297256235520001
1261033688327958537
1261009986580291587
1260995012357238784
1260986945246806021
1260964520677322754
1260951793267355648
1260772484212719619
1260765468798877706
1260765391699271681
1260733852693213186
1260733852030558212
1260690970334515200
1260689549480595457
1260667031311069184
1260659406338838528
1260635325845712903
1260626120682110978
1260613407113449473
1260598219719000074
1260596483688202240
1260563303367090181
1260376719418167296
1260332792816295941
1260332444043096068
1260310370985693184
1260309053353398272
1260308669557878786
1260304161889017859
1260296092647862273
1260291656227721216
1260289999494406144
1260257729387671552
1260250233923141634
1260231369180971014
1260203451721580545
1259882233290059776
1259868865934364672
1259867208483778561
1259611028868018184
1259454421748142085
1259207229368143873
1259162314009444354
1259158263234473985
1259155474689245184
1259150026355421184
1258954533482508289
1258952784734572544
1258896847667638276
1258892202215956481
1258888828015849473
1258886847574560769
1258884062372077568
1258863044526047239
1258816088143470594
1258814639384772609
1258804795483324416
1258802529275699203
1258779988746211331
1258773475092844544
1258579021694205953
1258519604218875904
1258437121913864198
1258400513785303041
1258396115176751105
1258381044291702784
1258380920790417409
1258200680529084419
1258185168797478912
1258154976691527683
1258154481281372162
1258128363518144513
1258121866939686912
1258117608878026754
1258105127799414785
1258104870990684173
1258104306278043648
1258103884599496711
1258100836783337474
1258093368732725249
1258075560095420418
1258049471264546816
1258041201514643465
1257820791737069569
1257820790558507008
1257809138807160833
1257782784460013582
1257773649395945480
1257761623013556233
1257736328252477440
1257710956613951495
1257709597953085440
1257670743443353602
1257668855285141504
1257438859027193857
1257390416489480198
1257389785653657602
1257383132787093506
1257378590175514625
1257351015902437383
1257344267816755200
1257341524150534145
1257303034339700737
1257301874413314048
1257301774203043840
1257282244483452928
1257106625057492997
1257105824255823872
1257092639851192321
1257011736009375744
1256996298735210496
1256730464091545604
1256676125176139776
1256675481769967616
1256674024551317506
1256674022907133957
1256620629807247364
1256414603405295618
1256412986526150656
1256412913952346113
1256360182151622670
1256349003542933505
1256344118416101377
1256343825108406273
1256322773514772481
1256286256016822279
1256270257376964608
1256261658718220288
1256255355920793602
1256248243886927872
1256247949228638209
1256247753749004288
1256230398960570376
1255996766488604673
1255996418470359041
1255996316208988160
1255994585811243008
1255963899511398401
1255932765406625793
1255914857586720770
1255914738292346886
1255905830697918464
1255905635289444352
1255904006339268608
1255903803804733441
1255902559539204103
1255879420709154828
1255878383369666561
1255611314535358464
1255601231847919616
1255546965221400577
1255545504068501504
1255534508192956417
1255534507161260032
1255533520778334210
1255532410055335940
1255506347606585346
1255174596548067328
1255168918412558338
1255146188157759490
1255141628915806217
1254902929175306243
1254902927854010376
1254861879358271496
1254838038015991808
1254777949728804871
1254774693388668936
1254507122643132416
1254466146050494465
1254138936550719491
1254137819720830977
1254132002753781760
1254100215403089920
1254099337958866953
1254094896681623552
1254093497298227200
1254021738935001093
1254021613105938433
1253826075567755265
1253824877288730624
1253818853198528513
1253816314264780802
1253815566625918977
1253814820945776643
1253813912434335751
1253813326204862470
1253812500149293058
1253811380312051713
1253810078538481666
1253806555335622656
1253798158737571843
1253773429192474625
1253764250016854017
1253742466341232642
1253738142655447041
1253729134385287168
1253726331055099905
1253512587305680897
1253512505189679104
1253512361169817600
1253472684417187843
1253472051857444867
1253472009532645379
1253435750177099776
1253423916246171651
1253423226467676161
1253412869871292417
1253412605248458752
1253410738195976193
1253408776327053312
1253383911792656384
1253371095505408002
1253362805090193411
1253362382140780548
1253357907355283459
1253357656376594432
1253351120841453568
1253350526751838208
1253143336212365312
1253140410345586691
1253055947699826696
1253055846818381824
1253055766346575876
1253055670133444625
1253055165487288320
1253054406897131520
1253008525044977665
1253006471270367233
1253004742181126150
1253004473871499265
1252998950015172610
1252996874291892226
1252993322223906816
1252993159824629764
1252969462950776832
1252969193101840384
1252961186733330433
1252739854363959296
1252738128772767749
1252738099551055878
1252718120743186432
1252717283543318528
1252710959250116611
1252709476387500034
1252705637081001985
1252689900585041922
1252685124833026055
1252682702333116416
1252642157686599681
1252641556013645827
1252628744185032709
1252628304789671936
1252540947642155014
1252429362827149312
1252383014761324553
1252382507359600640
1252356165540786176
1252351861736103936
1252342777888661504
1252330479988154368
1252330478788644867
1252330477358366721
1252327847898812417
1252297015486304259
1252297004774035457
1252279334049665026
1252275040382402562
1252233672851247104
1252040194833952769
1252039830831276037
1252017213533499393
1252017100329234432
1251912653347475458
1251912387290173445
1251250329972281347
1251250320446980096
1251250313748766727
1251228051167477761
1251218581632811013
1251217112208637952
1251216701049524225
1251215636409262081
1251214988523573249
1251214411316047878
1251213071324000257
1251212202310328322
1251211658053255173
1251211291437535232
1251209512129871873
1251209468353875969
1251209321867882498
1251205687792873473
1251204551669153792
1251203955637485568
1251198002057838598
1251196858124439552
1250998891501228037
1250913753836773376
1250899122330181632
1250899060854337538
1250896185935740929
1250894952835485697
1250894551436443648
1250894539189112833
1250894534822825987
1250881506668679168
1250871903151153153
1250805060738715648
1250804715123810307
1250609075970334720
1250608408811749381
1250580827035009025
1250531876349018114
1250531875346669569
1250530849818370049
1250510949599121411
1250510724662788097
1250504492233228288
1250504490601664520
1250487292113936385
1250487205971312643
1250475100132040704
1250474990786543616
1250474987619827714
1250473988545011712
1250472842241683456
1250454367288938496
1250439311859695617
1250438848510754817
1250437874207477771
1250391557460590599
1250238374998351872
1250216130108690434
1250187444017823751
1250184295265820673
1250184144560193537
1250134964684951553
1250121324778921991
1250120843939676164
1250120266178584579
1250109234404044805
1250100407793303552
1250100319809306624
1250095827810488320
1250073086919139329
1250069817433997315
1250060664535691268
1249845175637159943
1249840004588855296
1249825435929784322
1249807323515715584
1249801152226627586
1249779546376867841
1249752786461429761
1249740843533008903
1249708746902732800
1249330579641860096
1249095679676424198
1249062566799777792
1249007558058270720
1248995657433731073
1248729644569743360
1248728474455588867
1248698175050993664
1248686287260979202
1248685600099782657
1248685239632871424
1248681307477065729
1248679926129197063
1248674620699525123
1248643910487998464
1248630000678506499
1248623165967708163
1248616449540685827
1248369311305129984
1248257462354010114
1248250550266638336
1248250549365018627
1248250548186304515
1248056600654491656
1248023684201066496
1248009603335380993
1248009559890784256
1247985373948583936
1247939925619736587
1247939464351158272
1247937010905595908
1247883004254523392
1247651255339663360
1247650399030575115
1247650041369694215
1247629122651787265
1247628638599725058
1247627985173315590
1247594913031688192
1247587111961755648
1247250240333393926
1247235521128157187
1247225327002300416
1247225324578000898
1247210131525427206
1247187045560221698
1247185819875639296
1247177461638578176
1247157622207401985
1246939118711508994
1246857100501889031
1246813344373387264
1246808175501889537
1246516637534208004
1246511221181947904
1246502516847771648
1246494971466780675
1246248508740579332
1246245870930198535
1246245157370040320
1246180493856575490
1246169414107639809
1246169406905909249
1246168617072418818
1246168608872501249
1246166327942922242
1246164862847287297
1246162829641646082
1246157507912925194
1246131800713412608
1246127677502865414
1246097499263315968
1246097288851832832
1246064310008385536
1246064185697619970
1246063693097578496
1245900382011826178
1245880937495367680
1245880212241481734
1245842158390779904
1245841758468165639
1245822705481457664
1245822350341427201
1245822259681320961
1245811498108309505
1245781996133134337
1245778639628775425
1245773745496694785
1245534308384866304
1245464049523007488
1245457865546043394
1245451882186842114
1245432080273719298
1245431697585442817
1245431481121624067
1245407576793190407
1245116684014411777
1245064013324734472
1245061091530596357
1245060946340519936
1245060707076517888
1245045025911775235
1245025129933033472
1245024213246844931
1245012203771740162
1245006655017943040
1244996647664398339
1244994496108081152
1244993464200200199
1244775414914002945
1244746950639042561
1244741357496938502
1244707785721470978
1244669653890277377
1244646253029470208
1244644123103186945
1244296972741328897
1243994166159425538
1243906771682541569
1243638131531952131
1243588889882832902
1243588400797622272
1243586450601508867
1243586290064543747
1243546355307622401
1243546089644572672
1243524113194418177
1243301450966540288
1243297859971289089
1243296801001738241
1243296672102453248
1243272819032698881
1243257536142245889
1243244808371666944
1243243604400898057
1243241964771987456
1243241850724646912
1243237551118434305
1243236413988130816
1243188084407185410
1243182043103715329
1242995504071540737
1242995502976765952
1242995500141481990
1242994125949075459
1242918665055604740
1242780816398258176
1242774191088287744
1242773020722311169
1242768621446840326
1242568769412763648
1242554528299388929
1242549516915654657
1242549146575409152
1242548513373917191
1242548511385812992
1242543010996457472
1242521518409646081
1242517019985096704
1242475992716849152
1242471413707137029
1242465830547279872
1242459266214133762
1242288334724108293
1242233626823208960
1242226420266475531
1242220389083893761
1242220384910553088
1242183252690993154
1242179528832749580
1242177498009477122
1242174861629370369
1242167773008146437
1242162512633659394
1242153526136049664
1242147791507423235
1242127962012614656
1242110825722150917
1242110328189657090
1242089740767236097
1242066473285287942
1241863519185899524
1241863362625110016
1241862204795822082
1241797977150291968
1241796954662809600
1241796209356005376
1241796098521542656
1241790382020734979
1241734944323444738
1241734941320400900
1241536257798389761
1241518447399448577
1241518446199951363
1241512631015477249
1241414651314941953
1241146205108932610
1241144290174263296
1241098835335790598
1241098722454503425
1241057015390244865
1241054662540877824
1241046288449355780
1241043779844440064
1241039304056606721
1241021612289413121
1241016226039595009
1240837031766491136
1240804707309944833
1240742206199214080
1240737954529783809
1240737951354687489
1240735990999851009
1240666516024164353
1240659974738624513
1240427139083784193
1240411664169779200
1240405137052569601
1240381898121252867
1240302214616420352
1240030625807171584
1239961456331931653
1239956832929669120
1239935869429170178
1239919438939521027
1239915810887475200
1239650103410950147
1239618154483134466
1239608314377515009
1239608311466655745
1239608309763768328
1239608308182507521
1239608303778496512
1239603885272162304
1239509415578996736
1239508648193339394
1239508416109871104
1239366093636087809
1239302058764886016
1239296532744151047
1239273782960967680
1239265614050533376
1238989264278425601
1238933797690839040
1238931171305758720
1238820082467450881
1238592999078199296
1238574677393641472
1238566920791764994
1238532833767014401
1238528347606564865
1238528268451659778
1238277588658855943
1238262295576412163
1238262169155878915
1238193576539877377
1238181621532168195
1238176454975913985
1238175194063212544
1238175021559877632
1238167422043074560
1238124751270359040
1238122611667865600
1238120305308164096
1238118786357776384
1238115805344288770
1238112300952944643
1238112297945640961
1238112295089209344
1238112292186849280
1237837966598377472
1237837687823806465
1237469214182486016
1237465770822598658
1237421911153541122
1237418796052291590
1237395136268480514
1237179612817436673
1237179372630654976
1236798653949411332
1236796260306300928
1236795898019172353
1236787129650479106
1236754738839982082
1236751947199373312
1236728847057420294
1236700819199852546
1236691240239980544
1236675671256174593
1236660057372274689
1236657989777580032
1236443001750269963
1236359397200351235
1236298457356230658
1236076795147030529
1236052626820775939
1235966723163070467
1235722177619476480
1235722175996243968
1235701862025826304
1235701609813938176
1235402492487352320
1235398373131288577
1235300698851553282
1235296677386489856
1235281135778832385
1235279742082916352
1235278671277154311
1235013470627803138
1235013398292819969
1234962856220745730
1234935983528955904
1234925971725262849
1234925970672570370
1234925969816915968
1234925779659743232
1234598528292392961
1234598317776044033
1234580582643965958
1234575618400014338
1234497459155603456
1234497321431425027
1234497215143518209
1234496515831476225
1234495918633820160
1234495832784883712
1234307864488968197
1234302510418010112
1234275981633970176
1233819611906347008
1233476653910822912
1233470609365053440
1233470491744260096
1233442391975219200
1233426941715369986
1233416314666000385
1233400631630716932
1233122070566965248
1233115286540300288
1233114332004802562
1233114052467077120
1233107122277228545
1233092702134247427
1233090367039442945
1233090239192760322
1233090059269701644
1233075071922688000
1233062910420799488
1233061675898724352
1233059358268887040
1233058996455723008
1233058966399266824
1233041066112299030
1233026666781388800
1232799999093858304
1232799882349613056
1232784926975590401
1232770499224182784
1232766932748840960
1232766931767349249
1232766849072476161
1232766847893856256
1232766694634000384
1232766693610577921
1232766615672020992
1232766614531125249
1232765505498423299
1232732211989950469
1232731413826490369
1232724581825306624
1232721529135386624
1232680447974477826
1232623367590699010
1232345047305248769
1232008344417767425
1231982012300451841
1231981904313933824
1231974812697927680
1231749548390985729
1231416550055432192
1231416322443169794
1231392825817866240
1231388646550507520
1230821204338053121
1230604818940649488
1230572538998161411
1230507073798123520
1230457962113703943
1230457608252919809
1230339936479477760
1230228386196459521
1230228057719529474
1230204156553650183
1230203430855151618
1230160276940578821
1230146077954904064
1229950992227106816
1229948791563997184
1229913916966363137
1229912911344259075
1229845908638117890
1229792052336001024
1229788819920211968
1229595558010085376
1229391406109777926
1229175059027283970
1229152424230871042
1229131503923351552
1229130153613316096
1229099074177073154
1228759022138003456
1228757044691447817
1228755630489468928
1228406261106061319
1228401290453114881
1228399066998018049
1228333617505619968
1228038291066441730
1228038133708660739
1228037226208153600
1227691766762967042
1227617634549665793
1227615749918818304
1227352717082996737
1227333541454807041
1227324456265273344
1227291984055996416
1227270494581411840
1227037059883425792
1226980607957356545
1226961375613902848
1226960816106278916
1226960638745989120
1226953981504741376
1226953504058675200
1226950692537032705
1226950691593342978
1226904873830158337
1226891381475594242
1226888022089773057
1226211916760125440
1226203597114925057
1226203595084881921
1226203592429899778
1226155369006796801
1225955481446993920
1225866350905774080
1225865990921183238
1225863393598431232
1225861993342656514
1225859768713187328
1225839112495693825
1225573527652306944
1225570586396700673
1225549484534398977
1225548469701660673
1225543546318544896
1225542384127266816
1225536408691060738
1225535168041148417
1225534933826928645
1225534841556545536
1225534815916744707
1225534763806666752
1225534731305078785
1225534704285372418
1225534669678108672
1225534652376584193
1225534637507858432
1225534615135379457
1225522599637258241
1225522532972933156
1225522510382424075
1225522485690535943
1225522435606360070
1225522333500215297
1225522301384482817
1225522265124679681
1225522010551398410
1225521032947228672
1225514646079180800
1225506258410668035
1225506149396557826
1225505364113870848
1225503163802890240
1225500230482845697
1225499487944216577
1225498412298227712
1225498351602479108
1225497236974505986
1225495804217118731
1225495733140443141
1225494848217718787
1225492322193944583
1225492222868627460
1225492106753474560
1225491305972760576
1225489592679313408
1225487925711966210
1225487230334046208
1225487169596329986
1225486378990997507
1225486226104430593
1225486198854049793
1225486099075739649
1225484422524407808
1225473418985975808
1225468600280023042
1225466853046222848
1225466821698031616
1225466712285466624
1225440284080734210
1225381108591800320
1225168245696663552
1225160849851023365
1225150145907646466
1225135493186232321
1225133911979765761
1225111717585346561
1225093547105439744
1225070657924423687
1224896341903659008
1224894921829756928
1224894602504757249
1224892926741880832
1224892833703911424
1224892213827600390
1224891715728945153
1224891033617563649
1224890670072193024
1224890361102983168
1224890007548256256
1224889552260694016
1224889339097821185
1224889201315012608
1224887974560706561
1224887255170502656
1224886955655254016
1224886790965858306
1224886633763364865
1224886448240971777
1224886276064731136
1224885951975043076
1224885249089380354
1224884954284380161
1224884583243681792
1224882875650183172
1224881840412119043
1224881231608852483
1224880849914605568
1224880205501739011
1224879986592624640
1224879456008966145
1224879122318610434
1224878823205982208
1224878534054858752
1224877767981961217
1224877338686607360
1224876012623880194
1224873705819516929
1224812956514430976
1224800301091360768
1224796262903549952
1224788548022427648
1224788287333814274
1224787793928474625
1224787680887758848
1224787560678948864
1224787438247260161
1224787237738549253
1224786788918734849
1224728132948766721
1224727943810818048
1224727801280040961
1224724276546281474
1224723542207537157
1224448586819072002
1224413716919345153
1224394439721922560
1223804699733786624
1223804698005733377
1223804697015918593
1223804693463302145
1223709849147658242
1223658666861236226
1223658490369138691
1223657836175077376
