1285963486703435777
1285330947311796230
1284515722631286784
1283823670641725441
1283481082072047616
1281999175387938822
1281777375580172289
1281634408873820160
1281613844327141383
1281298354694168585
1281295663582633984
1280913908056895489
1280912352406274049
1280629142476685313
1280608471348580353
1280229421555888129
1279406884177563648
1278761059390717953
1277671811904409602
1276622116562112512
1276584569232396288
1276228756730978307
1275907389955485697
1275408977690574853
1275204675751555072
1275204163358597120
1275202594047250434
1275202094648250371
1275114968027889667
1274703881138823169
1274077724278165507
1274020933360136193
1274002095281143808
1274002092970164224
1273631107913854981
1273385510044602368
1273384214365339649
1273384038326247426
1273322232375398407
1272875844676042753
1272615367404331014
1272526135167979524
1272204121567887363
1271543497359835137
1271543496667811840
1271543495669493760
1271516812816113665
1271496428272173062
1271483156646985729
1271453078798184450
1271186540392255488
1271186537024237572
1271141980043698176
1271141975023116288
1271141971873222656
1271141956282994689
1271095454508503044
1270760763465125888
1270502659229917184
1270060244459294722
1269671595355897857
1269361338930823169
1268954421007966209
1268934444469104647
1268675177182826498
1268640943361740806
1268388497204940801
1267842393283452929
1267647261217116161
1267647258062970880
1267517419687378947
1267483254938054657
1266917109080129538
1266871119841288197
1266757368282599424
1266440855721820167
1266420991372201984
1266420990537601025
1266395104383774726
1266386453778530308
1266359823718899713
1266062764264562689
1266008424518729731
1265744907735650304
1265717788473163776
1265710687034236934
1265678871401238529
1265658519396716549
1265403871800762381
1265337235999776769
1265331467011461123
1265268071599673346
1264953079276941314
1264359583805472768
1264339412416167937
1264196138573467649
1263998450968014850
1263918402340601856
1263877441614987264
1263876368653340672
1263553724863127553
1263525652298375169
1263515047374000128
1263514798400159746
1263489946440142851
1263284158203400193
1263242261917286400
1263241523744903168
1263234837483261953
1262811728057901059
1262506997905317888
1262495024572489730
1262424072316751873
1262161159668600834
1262056049097543680
1262034092327084034
1262024498120925186
1261830753886842891
1261731595037356033
1261730985567272961
1261622648540327936
1261622551203233792
1261370528796991490
1261370527953928192
1261370526687166466
1261334941671006209
1261105598705385473
1261105597904273408
1261088874387906562
1261078340972285955
1261041303523143682
1261022106235609093
1260958188356218880
1260952040622174218
1260624500921700353
1260622551027499010
1260591283430711296
1260533673570586624
1260326825785516033
1260257112057425920
1260255240600903687
1259997202333806593
1259902450871554051
1259884511984259072
1259575529948229639
1259507026037702657
1259218362045018112
1258899829335494664
1258856535003971585
1258810315107598336
1258793845413810176
1258759254623870977
1258752649438138368
1258546361240154114
1258521675768848385
1258441500612079616
1258403728085987329
1258398470043504640
1258396772411625475
1258396184777043969
1258090594473304064
1258032348102344708
1258031992618303488
1257836958417633280
1257832696635670533
1257766809236836357
1257756188667711490
1257694560085557248
1257674206378106885
1257424150387478535
1257423260066762752
1257370302553763840
1257359613189595136
1257304848107626496
1257099499610222593
1257059384435367937
1256995501070786562
1256362855408062468
1256249618926575617
1256245749945335808
1256240654109245440
1255981869843255299
1255909816217853960
1255596955541143553
1255252457422237698
1255222819241287687
1255145612619575296
1255139770377748482
1254872647952973824
1254807173303017481
1254793774653415432
1254787271716294657
1254231980880904192
1254231972572016641
1253849725486469127
1253786626079293440
1253772613240918018
1253767364061138944
1253703104891158529
1253479923869777920
1253397612201467904
1253395035317506049
1253392523680235520
1253371698834898944
1253089179313070081
1253082763084824583
1253003984106917888
1252989394312663040
1252989389858385920
1252765200748548108
1252738308083519492
1252668935956238337
1252636721872863237
1252612510445944832
1252609592019898369
1252436599817699329
1252401726306398208
1252344844501975040
1252344842266374144
1252303845448957953
1251938350682066944
1251176778867097603
1251176543524655106
1250873777942126598
1250807688675708928
1250531793876529153
1250227711932497935
1250197109359468547
1250089621775618049
1250089159760412673
1250089147395686402
1249809501387177986
1249768678155071493
1249521536685559809
1249481017515298816
1249481016470835208
1249364541324091396
1249322725186908162
1249093051261300737
1248984021771726848
1248721307144986624
1248702162714144770
1248702154686320642
1248651129665261569
1248650868129480896
1248611732269846528
1248344074232442880
1248336715682635776
1248294490273730566
1248252960607436802
1248252959009488902
1247971160454844417
1247966785455996928
1247952518497423363
1247943504703172614
1247934996616302592
1247914230608773122
1247650932684476418
1247623601081200640
1247621262731550723
1247572062572609538
1247561813971144706
1247374981484482560
1247253358337044481
1246948589957459968
1246520504229466115
1246494012678250501
1246493766111965185
1246493239022141441
1246492662330535936
1246205126446063622
1246205125452054535
1246197570134736899
1246165006611369984
1246142413095276550
1246136953524891651
1246099146081255426
1246090806575992834
1245866443159162883
1245825181978890275
1245818542173413377
1245771793371140098
1245738424163860482
1245723233749524480
1245383041150865408
1245169644719267840
1245098913180377088
1245097747524530177
1245069681867862019
1245066136187809792
1245054397534687237
1245054312985829378
1245016307600424961
1245011208643772417
1244746527584800770
1244743128910827520
1244716325508911107
1244682905886040065
1244674140117876742
1244429700904243202
1244379731895648257
1244315160124297217
1243947865178857474
1243646943512989696
1243560468280639490
1243543582574870530
1243526633530765313
1243526433038893057
1243281106541203458
1243239190109790210
1243172495047434240
1242872344131121160
1242841173217157125
1242539763355262982
1242531161060106245
1242504053030092805
1242504052275130369
1242477383275483137
1242474643992305664
1242238678828711938
1242211859190644741
1242152373897887745
1242150234320449537
1242091179757514752
1242090962475769856
1242088936861831170
1241870995755020293
1241741203789545479
1241496572246007808
1241066584095014919
1241051891385204738
1241027339263397891
1241018993672163330
1241008068349038593
1240782644012560384
1240760368810639361
1240730330799243264
1240705080111673347
1240702583204769794
1240669851393363974
1240669849929560072
1240669848524541955
1240669846880337922
1240669845676527617
1240669843893993479
1240669842824466440
1240669841671028736
1240669840639172615
1240669839481585666
1240669836616884226
1240396589132386305
1240345202889576450
1240326834421739520
1240277602654355456
1240270427307606019
1240268036394889217
1240013891016556548
1239972316630511616
1239968440955232256
1239964335817904131
1239931843450986496
1239925960545316867
1239749061827276802
1239561519408582658
1239560166837833734
1239554425695481859
1239554424869130245
1239314334070845443
1239288256275124224
1239259472012480513
1239241406746701829
1238847039808684032
1238626069550379008
1238529402482364419
1238487736543334400
1238486851163508738
1238478698971627521
1238471742881964032
1238145115832692736
1238119498290511873
1237826664173895683
1237781029013925890
1237781026207936514
1237778571596349441
1237757396992303104
1237521238748057601
1237495277122134018
1237468864495190017
1237118198065045505
1237046022213439489
1237036592738578432
1236833020679720962
1236801551068528640
1236647627502030849
1236039737254850562
1235968556170465285
1235748722425774080
1235641535879839744
1235283956565782531
1235264987649773569
1235263966756122625
1235234344085729284
1234968349588807680
1234953343178596352
1234936323582066688
1234628798185951232
1234555857888739329
1233910734213521409
1233890278328631304
1233857137518022661
1233831147248943104
1233813471390785538
1233483562088882176
1233480463722983424
1233480461030170626
1233136200577429511
1233123491475607552
1233086904624648193
1232802393324167171
1232782315895562240
1232746844452773889
1232746843391565826
1232681972570492928
1232678455361359874
1232440631567323138
1232377009847885825
1232346188193714176
1231996198871064576
1231000147850661893
1230944209932296197
1230921088332423169
1230911362957815820
1230536732711510018
1230279092450230273
1230215963133562880
1229569038940090368
1229119312373452800
1228824272703049729
1228798234719551488
1228406600991420417
1228379303257219072
1228070054698377232
1228053118509867015
1228023225139040258
1227739258674450432
1227730539228037120
1227727131389677568
1227717632780095489
1227676161955827712
1227628233987850246
1227601904764686337
1227601901547671552
1227342013378506753
1226910052319203329
1226872416485433345
1226500029164277760
1226185839279038465
1226136930196303873
1226135127937470470
1225902276356837377
1225871019640008705
1225548984502145025
1225544492222238722
1225525121043046400
1225451612602281984
1225444819192905728
1225436714593923072
1225221856329916416
1225194402773073924
1225194401288290304
1225194400042700800
1225194398927015939
1225194397647736832
1225194395198279681
1225100305509113858
1225097145541414914
1225075768973307904
1225075754054168576
1225055346609266688
1224921424818733056
1224919698267103234
1224817684577165312
1224786395421650944
1224786212302524417
1224454995631755276
1224433445318742018
1224433440910495745
1224330816752365568
1224064099312709635
1223991732221640707
1223641487042383872
