1286056678031601665
1286027979714437120
1285947691349020672
1285730535613104128
1285693190234931208
1285677924595752961
1285597495364648960
1285577722056638466
1285305503250354176
1285264251146436609
1285213944571985922
1284980324536115200
1284853833974386688
1284577487004073984
1284577486089719809
1284243233015582720
1284185786766823424
1284164455446843392
1284129548548870149
1283897339787321350
1283822373372911622
1283773428588306432
1283751047111073795
1283466394999414786
1283409399793541121
1283166340803710980
1283139617672310784
1283097789547909120
1283054845952512001
1282824328988459014
1282806508707893249
1282773163919773698
1282700367231438848
1282445219993182214
1282332110083235840
1282063371999875074
1281968966576082944
1281677131777560579
1281598883982913538
1281289745621008385
1281242325402992640
1280931251386560512
1280913786510159872
1280878520051404802
1280607389331402753
1280576774913605637
1280511753802088451
1280268337302450176
1280217177451364353
1280149804115464195
1279910046030270464
1279790302019170306
1279426658810974208
1279163130585796618
1279041770547011584
1278739344761774080
1278498641624346624
1278418836719575041
1278418834827943937
1278377943169929217
1278369005456297984
1278349021506088967
1278339539992526849
1278339537857642505
1278080282814550020
1278028894973632522
1277976243862859787
1277717927656148992
1277662456161144832
1277662455020355585
1277588568601395207
1277343354104266757
1277245833373724672
1276893407739338753
1276637720752906241
1276580148301701120
1276506093590544384
1276260526511792129
1276241947628371968
1276150303704956933
1275910606936301570
1275867123546566657
1275840533617872896
1275781154386386944
1275547094095409153
1275487601290620930
1275454254086414337
1275425708454674432
1275171610929115139
1275140853028265987
1275119156011155464
1275091837854892032
1275049136920895490
1274744993865961474
1274462508288532480
1274361330498252801
1274033981751734273
1273985281637732354
1273677976543125506
1273614937135427584
1273373153729937409
1273324809972264965
1273322824904646656
1273299775409074176
1273256140005048321
1273246288214134784
1273009597066948613
1272950624179675136
1272950622271287297
1272941563920998401
1272917487852687361
1272886466637631493
1272632995766247425
1272567422986354694
1272526270698487810
1272255968060063751
1272175470319210496
1271911383345610753
1271844725675495424
1271826063786639360
1271561828129214467
1271532311960576004
1271471753479454726
1271448206841430020
1271126113717309445
1271104195022684161
1270837096081690625
1270801483093729281
1270725134605672451
1270416175785283587
1270405458197729285
1270365387251683328
1270109738538237956
1270065733712719873
1270016732741197824
1269762098411732992
1269729863705001987
1269664520080850947
1269353999813218307
1269283137747595267
1268998265892229120
1268975413511979008
1268937480130215937
1268655141143621634
1268628659058999298
1268556766792634372
1268308121648316425
1268287124048142336
1268242694981193728
1268193820732203009
1267933727482667009
1267907688811442176
1267878912434077697
1267839781750398979
1267546337547030534
1267481109220282369
1267461461456179201
1267211632792535040
1267145381122650115
1267127804690419712
1267109957218025475
1266897310614786048
1266763627857616898
1266476536779153409
1266472101130764288
1266434344580780047
1266397167092105223
1266367681675931648
1266350222403407873
1266118936560578560
1266118930768310272
1266065885279784965
1266041986479468544
1266041982893338624
1266025525249814529
1265786448134967302
1265762344682041344
1265751557460709376
1265708484252905472
1265658098674434048
1265406294631972864
1265350283326033920
1265341675985043456
1265288017704620032
1265079344608706560
1265019072338702344
1264937409936068609
1264693904340910081
1264665666336014336
1264579944908275719
1264261315561996290
1264205389668790274
1263945691740753920
1263890908468084737
1263855824352526339
1263821391863971840
1263562876339523584
1263516356110102541
1263485640991281154
1263228248005185541
1263194692642115584
1263165651411181570
1263109784825454593
1262804374352465920
1262773024635473920
1262752826721054724
1262508139557027841
1262484829234507776
1262483521341394944
1262450829359005698
1262441660434264064
1262382010292723719
1262167164099977216
1262062548968448001
1261761083171274753
1261664000229675008
1261663999080480768
1261408676105027588
1261355348964884480
1261295625146163200
1261055249634254848
1261027938570559488
1260946477758767105
1260666099743567874
1260654671363862529
1260631777149927429
1260619869210456067
1260619866505203713
1260341505023250432
1260263721735204865
1260231033800331269
1260212354664607746
1260190883003195392
1259953593517572097
1259930285501800448
1259904154333478912
1259885632731656194
1259842932041027591
1259636137850789891
1259570563057582080
1259504880865161217
1259178407918735363
1259142569478545408
1258876923930972167
1258808869523947520
1258797070573621249
1258755504379215872
1258508054040993792
1258453721157111808
1258394376180576256
1258060703467999234
1257708863677218816
1257668042739404801
1257369018366902272
1257336885283782656
1257306841911971843
1257006589585895426
1256968155035045888
1256631385357529088
1256582691820122114
1256295568323870720
1256279668346564608
1256223869876174850
1255975961721528327
1255947216541417475
1255886911769645059
1255863632132558848
1255600188523261957
1255588469604261889
1255556113866665984
1255514105995235328
1255262042480672768
1255229274770071552
1255178702029275138
1255146265815343108
1254882656258580482
1254863680153333762
1254831930488610816
1254797755308036096
1254765585315115008
1254536196853727233
1254414783970975746
1254094155199938560
1254043237976887297
1253781491454263301
1253744487127552002
1253711599552118789
1253670445448155138
1253491184128925696
1253441857243303936
1253414224170061832
1253398179388829697
1253374439783378945
1253332356817055750
1253064738008903680
1253047875627552768
1253006746651627521
1253006745615634432
1253006744747458562
1253006743430455297
1253005549161119744
1253000817990414336
1252952936717656064
1252718971087917062
1252697226306031616
1252664931121393664
1252620967077126144
1252595423757381639
1252355764133392384
1252342984747577345
1252312367221833728
1252295646431924237
1252284391059009536
1252237214144237568
1251950199351775232
1251891395373273088
1251650346268712960
1251627079650738176
1251530264918065153
1251264119405268993
1251218914941505537
1251207679571300352
1251190489312890884
1251190487513522176
1251167709825568771
1250902306083811330
1250838434358444033
1250825013810380806
1250787379838935040
1250553808381448192
1250502636765356034
1250483092688642055
1250432590135222275
1250180298060554241
1250165401226481667
1250119502341246978
1250060905045516290
1249816328694910976
1249798398607228933
1249758133645381635
1249713071196639233
1249400885601603584
1249337293392969730
1249065203628683264
1249002657966145536
1248707987826446337
1248672607601385474
1248634830230872064
1248604100293517313
1248390191200391169
1248337077189644290
1248274563357716480
1248250518708744197
1248025582702649345
1247976953795293185
1247957389984313344
1247947810365943809
1247937341873930242
1247906048029188096
1247879479537655809
1247681397541744643
1247648980932145152
1247620363435073543
1247586845791334400
1247548526315409412
1247539716666228736
1247341683936763909
1247331582626709505
1247279983640313856
1247248170675056642
1247223091513696256
1247193510580826112
1247148291927793664
1246903504733683718
1246867092537827329
1246552499340955653
1246509590050725888
1246443491829452801
1246202889435037696
1246176138566778881
1246145613357596673
1246110245245661184
1246063817869623297
1245866494879096834
1245866463258275842
1245836474794328066
1245836473317933056
1245829376970809344
1245808040965701642
1245797188279599106
1245484286846873600
1245463136536268807
1245453598676451328
1245410724408692738
1245389681270886400
1245376448631799808
1245104007552675848
1245057478112563200
1245030755027353601
1244994980722233347
1244742541372768257
1244716652081688586
1244716650118684672
1244716648575258627
1244673952846360577
1244633462763651072
1244352590860730370
1244267161255923712
1243960801632956416
1243945914198360064
1243916133201297415
1243718263944761345
1243596269551063043
1243565629589856258
1243251574417350663
1243251572731248652
1243233569797025792
1243177068940144647
1242898004597559296
1242874129310760965
1242831836155392000
1242559246899843073
1242524695364337667
1242512717430378496
1242502645681717249
1242451828727570435
1242255304223571973
1242202074256990210
1242159979844579329
1242100511714787329
1241854384146972672
1241756220274475009
1241489848457990145
1241406229253181445
1241088599443099649
1241011098729488386
1241010289065234435
1240737157603643393
1240723343504019456
1240702859697508352
1240648092766089216
1240412395002085385
1240370393833189377
1240344328641404929
1240330317451403268
1240287199884648449
1240026044570238979
1239995733933199360
1239978287163756544
1239952082616160256
1239917689403068416
1239904328942530562
1239690536824590341
1239611415461343233
1239586365647597568
1239242750727524352
1239218797053186048
1238964987676233734
1238950259885322246
1238820308271988737
1238550769051275280
1238536123393159168
1238500081504059393
1238463945318547456
1238235460398391299
1238130957309394951
1238117522966183936
1237925762403049473
1237826495248203777
1237742199745503232
1237491248480616449
1237456223445880832
1237428656642887680
1237359171084980229
1237081134242115585
1237033684794048518
1236782506571071499
1236734036606926850
1236639231356948483
1236446530309107712
1236368147298635776
1236292927745294336
1235999144046669826
1235952164968837122
1235733536545615873
1235711245409533953
1235594258503151617
1235354979306790913
1235236462393782273
1234907227015798785
1234860133638983685
1234611784658669575
1234580425072414721
1234539125010771970
1234235776705101826
1234163094164770816
1233901480199032835
1233801744938868736
1233469408846262274
1233167181879353352
1233091795271245829
1233046385127251970
1232804434721329152
1232726334901714944
1232686942606778370
1232325040810725377
1232016362547163136
1231726536014880768
1231635594150805506
1231328315862065153
1231231747809038336
1231008978445963264
1230975133579431938
1230933128660815874
1230640870732500992
1230532076337803267
1230288929154359296
1230151331488419842
1229936877962223621
1229895121799385089
1229812538377986048
1229562996613173250
1229526602901532675
1229509878588289025
1229435392019042304
1229201716685484032
1229099144909905920
1229040226762444801
1228799716902735872
1228711895470952451
1228391206905876480
1228335627348869122
1228080601284202496
1228061600713760790
1228039555745492995
1227992939130957826
1227989867608580096
1227952498318696448
1227724636806361095
1227702799305265152
1227702797250023426
1227663394041466881
1227616075350716416
1227369130854158337
1227307656823615489
1227258392315617281
1226956710335713281
1226891465516777473
1226634085214380033
1226626882684276737
1226545325135015938
1226234861935087616
1226180694147321857
1225907703656206341
1225842553175625729
1225569047770750978
1225539526841511937
1225442506889924608
1225223713995579393
1225152731285020677
1225152729535909888
1225093498090684417
1224800063651811335
1224780150128218113
1224719629760827393
1224508549637820416
1224471458384154626
1224440355174531073
1224440347213778950
1224362072596795393
1224097214538178560
1224027593168629763
1223983498169585664
1223743261719789570
1223674180778045440
1223635255674003456
