1286068703956803584
1286043477759930376
1286042487887409153
1285990460171878402
1285978591092772865
1285949257388785672
1285937648914309120
1285751220154650626
1285751218497818624
1285718700406915072
1285691606700523521
1285685935154266117
1285673333401497606
1285669931804237826
1285593473937297408
1285381555691704320
1285366981483474945
1285263264792956930
1285235517131558913
1284993925338423296
1284938060577280005
1284892731354091521
1284873129999966208
1284623989671788545
1284586238222102529
1284525839950868480
1284518297753378816
1284502446379880454
1284493194604969984
1284482264823365632
1284299347832733697
1284284248065822720
1284254049403940864
1284235876424388609
1284224911066750977
1284209783483113473
1284197391588106241
1284197390086537217
1284177430568108035
1284156240160002050
1284151646512185345
1283929411385831424
1283907246372659207
1283907173458882562
1283906887398895618
1283895846141145093
1283869430712344577
1283850331290505221
1283850022203920385
1283831755103928321
1283790148526837765
1283574572151738368
1283560736258744325
1283506624049688576
1283483974799589376
1283469293640982528
1283469292542009344
1283468875862925312
1283462523086352385
1283447880943116296
1283439313670344707
1283205427845648385
1283204635784892416
1283167439430324224
1283166886222426113
1283136719617916928
1283129297306296321
1283114525819121671
1283110627691466752
1283067553171099653
1283043288589762564
1282865636872527872
1282853570853797888
1282849796181635073
1282834696787746816
1282819597758955520
1282794825583034368
1282746279395831811
1282714662249869314
1282713844805242887
1282411910630006784
1282404363672055808
1282343964130054144
1282321613082578947
1282079722323623936
1282072172656091139
1282041974401363970
1282012299587473408
1282012028257939456
1281994217204654080
1281993916326113281
1281759261811507204
1281743400757342209
1281735670654959622
1281720764702642177
1281720763607916546
1281655265645883394
1281633682302935040
1281604089885990912
1281599419465502720
1281590397563596802
1281396469782556672
1281391164105646080
1281377596241051649
1281359004917215232
1281359003759587328
1281359001888882689
1281351789401563136
1281349094724837376
1281348833885278209
1281342998014500864
1281287002445537281
1281259015729819649
1281252046453309441
1281234465575120897
1281076875910135809
1281053114418843648
1281039614854279174
1281022758319685638
1281015210875277312
1281008514396295168
1280987841233854470
1280958708047130628
1280954812360732673
1280935935157235712
1280920674673049600
1280917062374785024
1280909850055229442
1280908023494594560
1280884066854764544
1280879312497979393
1280860628047945728
1280675469680148481
1280653794070626305
1280649044906455046
1280643528205492226
1280643221018869761
1280637720818262023
1280637627444744194
1280623042406817792
1280616667949694982
1280606188447686656
1280606186828713986
1280594839667724289
1280581196242714626
1280561701415456770
1280540206547025921
1280272122963734528
1280243003034963968
1280213606701940737
1280213385355972610
1280206194448138242
1280203609624375296
1280164604023312384
1280162086778048515
1280112843887607810
1279867646901510144
1279822349462724608
1279817647966900231
1279807251671384065
1279429763392733184
1279429095412117508
1279189038029836288
1279188964671475712
1279142874966364166
1279099964359090176
1279097905228513286
1279090348766244865
1279087914392203265
1279075812403294209
1278875003644231681
1278875002755067908
1278875000448192512
1278838150517923846
1278805162602070017
1278803343922454528
1278797755780149253
1278788122881515529
1278776435029622784
1278747152328646662
1278707255970615296
1278682336771506177
1278516241980948481
1278506902511669249
1278500176144019458
1278472876392419334
1278464245190066176
1278464244254683136
1278464240937046016
1278459472814497798
1278452354334015489
1278423294476238854
1278378446326988802
1278359975878934528
1278343262290485248
1278316411631403008
1278309960976420872
1278133283910496263
1278131207406891008
1278123655147315200
1278123554077380608
1278109785724981248
1278108555745415168
1278087127713144832
1278074465843400705
1278056203621478402
1278040567642050561
1278035576890023938
1278029282506428417
1278025731273109505
1278015143511719937
1278000704871956481
1277981389288345600
1277957886669455360
1277753791337713667
1277753784073170944
1277750006477402114
1277744356649246722
1277728569473581056
1277687703186833408
1277687224063209472
1277686976649531392
1277678222667382784
1277663123030380546
1277660448591163399
1277628053976428551
1277618808442716162
1277599044337119232
1277376233295081472
1277315832075485191
1277262984637640709
1277234777058410496
1277222876324810752
1277006291597172736
1276998743250874380
1276953444708839424
1276928028849864704
1276924733448228865
1276924598181912582
1276910226646728705
1276893051298947073
1276885497009147904
1276883589284745216
1276855963459432449
1276855232488669190
1276654624603324416
1276640630370906114
1276628804601954304
1276609003624321024
1276606157050658816
1276601193448574979
1276596075571412992
1276592895911493632
1276576361700827136
1276576271347200006
1276564631813787648
1276563855934722048
1276558648228052993
1276554071990849536
1276554069528715266
1276533036105031683
1276530472621875200
1276515806671712257
1276515804893327361
1276342786766274565
1276335409862189062
1276335408549421056
1276322122068119553
1276316555895341057
1276315575300558850
1276309803493732354
1276304283655442433
1276299128998371331
1276285291033026560
1276277741151756292
1276266559091113986
1276239828816990208
1276232135771373568
1276221149635137539
1276210716861751297
1276180095674220546
1276176211107033088
1276175491381280770
1276168275471278081
1276160829633835012
1276154483362455553
1275979525952647168
1275960651723288582
1275952118520786944
1275949328163463170
1275946973087047680
1275941779758612480
1275929211098849280
1275851012969029632
1275847874933391360
1275847873138241536
1275837360979181571
1275824673301975042
1275815948231081986
1275810269256712192
1275808301809315840
1275807218789646336
1275765584521760768
1275609590550327296
1275594274915172355
1275593903379566592
1275512820248051713
1275505112824401920
1275504989969014786
1275469292276940800
1275468614422818817
1275236004056772611
1275235867729240066
1275217003641520133
1275171703669358594
1275158338599292929
1275150435721129985
1275132258949701633
1275112197065191424
1275112168950829059
1275104013999013890
1274839517057421312
1274764020176871427
1274738620927217664
1274724597535997955
1274573287624978432
1274462028648726528
1274454477932650496
1274422675939758081
1274372964574732288
1274197504226099200
1274196715877347328
1274196514076835840
1274114739677720578
1274069443925012481
1274031692307562496
1274024147929071616
1274022636247560194
1273993945014349824
1273807868974825473
1273790010161008640
1273787598109052933
1273771589109243904
1273755896036941824
1273755741552357376
1273681958850134022
1273617685994242053
1273441464069042176
1273439036112158720
1273424375614771201
1273420397267075076
1273403863828254720
1273403030516400131
1273397512460660738
1273385948890296321
1273366383271784449
1273365687440998409
1273356896662142976
1273343167434240002
1273330260784885760
1273330258398392323
1273317062719528962
1273258519798657025
1273249052763848706
1273100387097161728
1273057776445476865
1273042674480807936
1273033571788300288
1273027578605957120
1273021980816662529
1273020026635911171
1273015318143627264
1272997923081596928
1272997919357100032
1272966034287452160
1272957263259602944
1272935384570368001
1272891683747889152
1272884280843284481
1272710487864737792
1272682731999199232
1272680948467974152
1272680942298189827
1272678471647576075
1272667422470922240
1272650821352775681
1272650818114801668
1272643288441466893
1272606454927831040
1272606210743730180
1272597240004009984
1272580780536008704
1272574728427970561
1272559495110107140
1272300333411135489
1272287701174071296
1272257502793457664
1272205324859191299
1272182003190902789
1271925313837162499
1271895113418096640
1271864914546536448
1271827568212054025
1271824334773014528
1271819615434190848
1271593124792602626
1271585574563065856
1271574532588015616
1271558794405912579
1271540275366813698
1271532728555470849
1271517629283328000
1271513851037732865
1271489342930894849
1271479877787664387
1271478370656636929
1271462777119313920
1271238285407539202
1271219410548568066
1271217041886806016
1271200700618420228
1271177887635378180
1271163666050809856
1271162235990282240
1271147658237927424
1271134469475442690
1271123536585920512
1271102390633066496
1271100465091088386
1271096190407512066
1271087535851220992
1270882241103659008
1270877445420470272
1270860798890405889
1270843210269691922
1270836405149863942
1270819562871816192
1270815688421257218
1270799333055700998
1270773999690186752
1270758853890760708
1270751449916596226
1270748984253059074
1270740181340106753
1270737060568195072
1270730385077534720
1270717767436517379
1270717738223235074
1270522030836850691
1270522029935136768
1270503802261692417
1270475763884503041
1270473371235516416
1270472373104508928
1270469685574844417
1270458524473180162
1270450912478322690
1270413968750923778
1270408943446175744
1270396192971788289
1270392713460936704
1270371223063728131
1270147756796116992
1270145882051293186
1270114960400662528
1270096341188960256
1270082859072729093
1270041800745639939
1270019000962027520
1269804416233807873
1269781186768846851
1269677091655749632
1269660392768376833
1269358400384557061
1269329457300422657
1269328200540106754
1269301433167478785
1269267805679038464
1269075282247352320
1269066535647223808
1269047599895654401
1269046341444923392
1269033995074846720
1269012032222789632
1269004411763916801
1269002748864978944
1268993731404992517
1268964344743768064
1268928064123273216
1268920517815238656
1268682695451840514
1268679514063863812
1268678923958845440
1268657192380567552
1268648722742706177
1268647204383850497
1268641286678089729
1268630830169145347
1268604993587855360
1268593022389944320
1268589511749128193
1268584067362181120
1268346172600651778
1268342573053161472
1268286969089384448
1268282438725353478
1268261778829520896
1268259513079037954
1268249013545025536
1268193018600919040
1268192498997813248
1268178998842068993
1267831769899794432
1267690391437860864
1267632605731536896
1267630050834145281
1267619261637226496
1267608035440066560
1267590824138690562
1267590169399422976
1267580511171432449
1267579883829559299
1267510977676763137
1267510974543618048
1267449622198353926
1267280934484635649
1267164441285705728
1267105607087087617
1266902059128770561
1266850300523974656
1266778694321725441
1266777650036568066
1266759504903000065
1266738635799269376
1266535905650712581
1266508368304156672
1266507069852655616
1266504595905249281
1266493455762628608
1266493454701531136
1266484265241284608
1266479395369353216
1266418995248467968
1266192585220997120
1266174197077852167
1266158076601815040
1266150120200048640
1266141934810251265
1266134082888572928
1266114643879178245
1266047458888617984
1265810017225039873
1265797950288076800
1265797948409024512
1265785339484012546
1265771336900714496
1265767786380496897
1265722153909063682
1265696770358571014
1265686532209467393
1265429374582562818
1265425029807984642
1265411915137929216
1265397792203247622
1265394908480880641
1265390651597885440
1265348240280621056
1265318452853641217
1265315642489659393
1265014027576631296
1264934128178409482
1264632057696849921
1264605273613717505
1264597161897070594
1264568115368570880
1264366651518091266
1264328411113193483
1264233581590839297
1264214315873304578
1264201546125852672
1263998700914950144
1263998363479015430
1263952779443232773
1263935511644831744
1263907483245932547
1263878223789785089
1263855321266696192
1263855319970648064
1263708559818100738
1263636374932127745
1263629507015081985
1263626007313108993
1263615413302317056
1263615412538953729
1263584426656591874
1263580092531236865
1263549451379015680
1263544286303227904
1263541507014918147
1263527317881729025
1263523732754255873
1263521479846760449
1263473609420541953
1263266533075308544
1263249178836205568
1263248118000300039
1263242769994321926
1263242767821570056
1263233790660546560
1263225427222503430
1263209300115275776
1263195519817527303
1263140156749549568
1263108670038179840
1263108669224497152
1262929131467149313
1262889503821266944
1262884407091830784
1262878685495021571
1262878683402043393
1262873066838921221
1262872360706879488
1262833203288645633
1262805217206247425
1262767470210805761
1262762161593409541
1262752370292711424
1262538472428048384
1262533426206261248
1262522149232955392
1262498364366753798
1262488127815311360
1262487268050305031
1262465478552956929
1262450379683438596
1262435279589085193
1262429449137594372
1262420551357825027
1262417121163857921
1262414372615401473
1262413581439709192
1262157739867938819
1262131589787639809
1262112574004506624
1261848106196484096
1261735092810141700
1261678064628613124
1261644284081721345
1261604496276414465
1261487361533317123
1261487360778395650
1261487359960535041
1261487358307901441
1261427229663195136
1261427227960340480
1261427226915954688
1261427225678749697
1261427223044612096
1261360340798894087
1261339223099166722
1261122747603845122
1261119423269789701
1261098634491412486
1261098433496186890
1261094213711732736
1261089490204008456
1261032479370158083
1261029898564644866
1261009456185454592
1260975558373998592
1260944344204349440
1260944343109697537
1260801293431390208
1260748882247651328
1260715854867693568
1260713937139642369
1260703352578596868
1260701119879221248
1260686942003507200
1260683427185115139
1260676188944531457
1260661090804994048
1260655540679569408
1260645993990643712
1260638555249967108
1260634742661275654
1260634595084636163
1260631543707549696
1260628617215848456
1260618856281899008
1260610640265216004
1260606726497337345
1260604466367209473
1260597198741475328
1260590677806723075
1260589399068356614
1260386938286112768
1260367978098548737
1260315001002262534
1260263768732381185
1260263587861409798
1260262000627789830
1260205041236897792
1260196326374993926
1260051680567201792
1260026986740645891
1259996638510227456
1259988285268656130
1259988129265717248
1259984958522785793
1259984956551561217
1259964529456418817
1259953203833077760
1259951246649241602
1259940094397616136
1259910307222294529
1259903407772651521
1259902286899351553
1259895989135118336
1259674906578608137
1259597327632908293
1259584716774215684
1259580085616685061
1259544781245603847
1259534951394967554
1259292954100973568
1259166242516004865
1259128859724677120
1258935333036703745
1258934524999802880
1258888060302917634
1258879566506004482
1258870692344406022
1258870420159238144
1258836716145827840
1258823822368821250
1258803856751964160
1258784352617598977
1258775148766932992
1258775147168911361
1258582184207749120
1258545082325581824
1258544106235523072
1258517828988092416
1258512251847208960
1258494408414158849
1258488030450548739
1258481678915379201
1258479213306245120
1258471194308694018
1258458642900230147
1258446894721884160
1258423229452095488
1258408597521862656
1258400477974323201
1258388889938669576
1258232067734847496
1258179533892661248
1258179145084829702
1258172920825864196
1258164575129808896
1258162877292306432
1258156576432586758
1258144119471460352
1258128327551987712
1258116006347706369
1258115593636646913
1258111770419478535
1258095250561777664
1258084729468981248
1258042948509458437
1258042659060568064
1257854327840018432
1257826074177736707
1257826071510233091
1257815192999690240
1257803509614829569
1257799644312190979
1257787779175628802
1257750661502054401
1257728207475953664
1257724413543419906
1257719642983890944
1257719373470580736
1257718722443259909
1257700841227718666
1257679920031023104
1257481717323087875
1257477856038457344
1257477030775525376
1257442145637728257
1257418242433441792
1257413917590069248
1257406867250180096
1257389560557944832
1257382538491944962
1257380732999262209
1257374989566738433
1257351845397356545
1257346675703758848
1257294163692802048
1257128174300913671
1257029342246457346
1256712571790319617
1256608821990088706
1256592526959673345
1256583187322421254
1256391707035201536
1256372833829126144
1256350183899533312
1256319984311005184
1256315827068063749
1256307141209718784
1256276352229048321
1256276351121854464
1256276350052286465
1256276348022251524
1256240936654340097
1256236937138094081
1256050433317113856
1256004499149291527
1256003741368672256
1256003739510505474
1255988985438093313
1255982418533789699
1255960026478411797
1255919850871898112
1255880448758165512
1255878951320399874
1255876769913192450
1255859452487458817
1255664135460786182
1255643607278727171
1255643504354693124
1255636497270784001
1255617861097107457
1255617162703708160
1255602896307183616
1255602760818573313
1255587970276622336
1255580109110722560
1255565009733578754
1255555221201342469
1255549164047544324
1255547575408766978
1255542365420388356
1255506749232119816
1255488799594905601
1255317948920717313
1255308444304838656
1255293451941351424
1255289655861424128
1255275903560679425
1255270697510862848
1255248377610227714
1255238439735382025
1255234774320451585
1255231896474259459
1255213843980128259
1255213841836843011
1255168459392061441
1255167389655879681
1255152835102224384
1254975524662915075
1254953509293826048
1254943874272899073
1254943153167183873
1254875109636136961
1254862883860742144
1254832685026914304
1254808578453655553
1254787388779487232
1254782128128028675
1254572401683243008
1254523145303625728
1254503213228634112
1254450839487381504
1254440099065937920
1254183406470000640
1254164916296134659
1254150517732921344
1254077712500756482
1254062996592242690
1254062995648413696
1253795881121349635
1253775723204161536
1253771905884184576
1253771824099450880
1253753070846164992
1253738754310881290
1253735270601687041
1253719518653960193
1253719516527419393
1253704109959663617
1253692672440705026
1253499857974824961
1253499005344124930
1253497255191089152
1253497254360596481
1253497252234084352
1253487825007370242
1253458661160226825
1253458658777878530
1253434974830825472
1253425171483918344
1253418253239480323
1253409682653196288
1253404492558749696
1253339475830136833
1253169660549378049
1253169658624184321
1253118945147715584
1253116710799978499
1253107343216332800
1253102269148672001
1253071906779127812
1253045866543427589
1253037257252012032
1253028295421001728
1253024663149690888
1253020740959469573
1252988549898649606
1252969613572308992
1252770394366521350
1252763814573080581
1252763564571594753
1252763498775547904
1252753251579158529
1252752743552421889
1252748956733505536
1252732226200092672
1252728675939815426
1252728646382391297
1252707086179409925
1252693336068182016
1252648045990367239
1252646125607292930
1252602299022794755
1252398656474382340
1252379302353465344
1252372301431009280
1252360820618493954
1252360818533883907
1252343962938925057
1252330366351880194
1252288421176852488
1252280869689135106
1252279155766562816
1252275333715374083
1252270550346616834
1252269347839582209
1252269333851574272
1252265562119561216
1252258220342575104
1252017488323379201
1251970878218186752
1251963782282334211
1251933583448686594
1251664451201368064
1251656361814953985
1251650996507480065
1251634092011028480
1251569273337765896
1251556097116127238
1251547562391359488
1251541417899548672
1251513100567744512
1251321015281553408
1251312108966477825
1251283545101864962
1251283543675682816
1251278798206746624
1251277937334157313
1251271261231165440
1251254106448003072
1251244418797092865
1251223907920642048
1251223784687841281
1251221637657174017
1251214336086900739
1251208805884411905
1251202707207176192
1251186157041270786
1251168721739137033
1251159575178342400
1250946969964609541
1250941044608446471
1250936909133746178
1250936633580572678
1250933597835595776
1250931772705161218
1250923901821030401
1250897006542888960
1250872438319169536
1250868451243110406
1250855962212208640
1250796399798689793
1250752161920815104
1250749342807470080
1250745961124638723
1250637415661912071
1250601672130416641
1250592491298000896
1250582176824823808
1250572180913610752
1250565184281817088
1250559528992518144
1250556455117258766
1250554600798793728
1250551978389716995
1250536877884682241
1250535356900016130
1250529329806635008
1250521912377315330
1250516590480756736
1250508357213073414
1250494429233807366
1250488921848459266
1250463667579244550
1250429130849443845
1250260912658944000
1250246129012412416
1250234888529285122
1250188350713147392
1250174490388168704
1250159390709043201
1250156933274796032
1250154188761432067
1250146337678639105
1250106546962313216
1250095358337843200
1250088019320856576
1250072461955272705
1250052959012106240
1249887600095031296
1249872500370137088
1249854884402335745
1249847978300489730
1249834754196885504
1249834141430034436
1249825440274866176
1249822766670524421
1249821418533138434
1249819652047269889
1249817712269963264
1249804559939178499
1249804552506871810
1249779949176860675
1249723214206586889
1249701391154712576
1249700634862944256
1249563447144185856
1249359118999023623
1249079777379733505
1249025304695357442
1249025007365349376
1249004280415170560
1248770237073416192
1248741712396255235
1248732489142677505
1248727144483651590
1248727143296745472
1248723200701272066
1248717420702978049
1248717417943007232
1248708921315012614
1248707963310804998
1248683383586263042
1248679641188974592
1248668391889612801
1248660803592564737
1248656317113393152
1248655224954290179
1248637325837467648
1248404666611724290
1248388586908442626
1248388585532751875
1248386050453434371
1248351248362979329
1248348198218813443
1248325307452592128
1248324739690573826
1248312012561625088
1248270207665266688
1248076667144351745
1248058170100113409
1248052004544528385
1248045150040973313
1248037912127520768
1248022813107040256
1248007713008660480
1247994674310254598
1247952979703017478
1247935930314481674
1247894143684071425
1247700397927665664
1247670617815633920
1247653900510994432
1247640438082867201
1247639006231355392
1247628355245166594
1247610473895407617
1247600775934738435
1247569125595103233
1247535894308851713
1247313969817288712
1247260084515885057
1247256513216905217
1247237639884791819
1247223629798158336
1247211710982873089
1246938483027054603
1246889282171789315
1246873770041671680
1246873768221233152
1246590860646547456
1246544446482796544
1246491695304388609
1246473709281513472
1246470871079927808
1246252244569374721
1246250695537364997
1246218526962192385
1246210936991612929
1246131934117400577
1246108958160490501
1246086340397223939
1245878705559408641
1245878704439529472
1245871134261698560
1245863456697225218
1245859809858969603
1245857074585583616
1245855466749489153
1245835727415508993
1245835725653839875
1245829913736810496
1245827590922919936
1245818401475497984
1245742777041850368
1245533188245643265
1245502833375444992
1245495901986029568
1245478209598128128
1245478206913863681
1245463449032769536
1245448349383196672
1245446882643587073
1245433250329153536
1245426173632548864
1245415163370647556
1245143770666020865
1245139733342191617
1245116271764688898
1245110933363535872
1245099704481972225
1245079705570758662
1245078412743622658
1245066807804911618
1245061136615079941
1245057578431729664
1245051362116804610
1245051359495434240
1245019475730223105
1245019473343655939
1245007593254289408
1245007591538937859
1244990544687833088
1244990345508786176
1244990044764594177
1244799010956853249
1244787575442812931
1244775320680529921
1244771090695684097
1244764182702161921
1244763910638579713
1244730490973716480
1244730488528478208
1244711534699384842
1244708474501468160
1244693373748830209
1244689431644307459
1244685680548118528
1244683134446288902
1244683132412010497
1244677082673799169
1244656897728352257
1244412350490443778
1244408926420041735
1243958944244142081
1243930919704186883
1243926438086090752
1243912632039550979
1243686085533872129
1243677574586400770
1243671781485010946
1243669817707638786
1243645801882140674
1243645043052814336
1243645042033655811
1243645040934748169
1243642408811859969
1243642118092009474
1243579343869263875
1243562386935742464
1243514514269769728
1243514511895728128
1243332264664207360
1243315063324381186
1243305125030105088
1243296672790138880
1243288084730560513
1243279280588623872
1243269583944986626
1243263334167777280
1243263331760308226
1243258641043554305
1243257583944830977
1243256666390515714
1243253307247902727
1243251618096783362
1243228721202507777
1243228187397586956
1243221649329139714
1243214859342315522
1242983435146321920
1242983432151539712
1242983431228751872
1242983429098086401
1242980007376551937
1242954070169726984
1242926641510309890
1242921824461238275
1242912151318040577
1242912123895681024
1242904083499044873
1242888983996174336
1242881435234480128
1242876962047250434
1242866338525147136
1242864816659877888
1242858787356078087
1242843689455693827
1242826684564373505
1242622695168266241
1242610015606898690
1242607416145035265
1242607413427126274
1242597996241567745
1242571896169865216
1242544652315656197
1242535708927148036
1242522781205422080
1242512311295700993
1242498420474085376
1242477875934224384
1242477748599140352
1242476050291888134
1242462310121328641
1242281590547525634
1242254145698050048
1242252978897260545
1242252978100338689
1242252975365591040
1242229794907009029
1242229558268624896
1242216837762424833
1242214654899707904
1242200020637700098
1242166968788140034
1242134689646854145
1241879513266622464
1241878321169936384
1241876631741964289
1241789211679715328
1241744003256717317
1241736147346194433
1241584487923740675
1241517772577951744
1241517576628441088
1241494144247357440
1241436146154065920
1241423735372034049
1241422557535846400
1241411225143181315
1241385905446846471
1241375423218552833
1241370635059822593
1241169557378588672
1241133466898567170
1241130304355565569
1241130292213166081
1241084594700640258
1241078283967569929
1241073270104915968
1241072331591692288
1241070116479160321
1241069495306711040
1241057685732237312
1241057684595642369
1241057683626745860
1240818066361069568
1240798189017534465
1240774037523087361
1240754215296868352
1240754214336372736
1240754213321351169
1240754211647893504
1240750060809457664
1240738562728960000
1240678653392019457
1240676346818367491
1240666906706825218
1240451730820694016
1240402966563237889
1240400961643917317
1240384739569217538
1240384341143846912
1240373851285901312
1240344253215191040
1240336301490044928
1240330675309477892
1240330672008544263
1240309549438992386
1240309547220287488
1240307667731656707
1240300913430016001
1240299904448290817
1240291874541318145
1240135236987629569
1240132496056037379
1240081199839797249
1240075726268882947
1240059451513737219
1240053950323347457
1240050120823058445
1240035044997070848
1240024803748257794
1240002296827785219
1239976184957501440
1239972792453328899
1239926513337798660
1239918328879230977
1239915431462387712
1239739259239772162
1239680341515710465
1239678930698846216
1239675013571231750
1239671236801822729
1239669419703443463
1239666699307278339
1239593456479207426
1239584505863823360
1239540860834009089
1239268020683452419
1239267836142465026
1239259091106705412
1239246053842485249
1239234571717074944
1239174595317501952
1239056848017412096
1238955961852837888
1238907339815759872
1238896054982057990
1238858359312351232
1238847939272941568
1238847937272299522
1238844907722244101
1238844905193177088
1238653393461272577
1238649604805136385
1238599314148130821
1238577799272824835
1238569015494291463
1238555958109966336
1238499353439977472
1238429200681512960
1238230790573420545
1238222613358563329
1238213174073032704
1238208141826895872
1238196816312754176
1238184561940496385
1238145192521355264
1238118249637740547
1238060997732171776
1237951215109124096
1237923063599169536
1237883502672175105
1237868403395891200
1237858564988751874
1237835053486522368
1237833981468577793
1237826863973707776
1237752377169645569
1237740409553551360
1237546981167206401
1237537323195092992
1237530425280659456
1237517338938925057
1237509789544075264
1237502239570194432
1237494689843953664
1237486319854669824
1237379791101313024
1237364376476233728
1237131576779116546
1237118529440223233
1237030381909504002
1236764465519046662
1236686845666361344
1236362981694492674
1236309644156559360
1236128005900177411
1236073223957164033
1236073222493409283
1235936692042903552
1235906327022628864
1235658950760165376
1235644122331058177
1235643399845359621
1235577469547065345
1235543246585171969
1235543244940939264
1235380760577744899
1235369437517074433
1235360365971718145
1235360361597087745
1235357695022112770
1235273509502365697
1235251295956672512
1234937242717741056
1234933221336453120
1234898182653595649
1234888328115314694
1234880764799483904
1234667717480734721
1234542786772426752
1234533324032479233
1234490889323634689
1234225903938527233
1234197246541017089
1233825814149464065
1233769845570842624
1233545670826582018
1233519288817987584
1233519287849115649
1233519286959951878
1233421602840203266
1233398220925079552
1233180009579401218
1233164910785388550
1233161827695108098
1233160234732072961
1233155704275587074
1233139744290353160
1233134714933927936
1233134409458561025
1233127569496715264
1233106973836619776
1233064281513582593
1233043020632797185
1232864670832308225
1232819863644725253
1232791197376184321
1232778647339139074
1232769326727487490
1232762208511283200
1232742124426153989
1232731409485324288
1232721980538916865
1232680817719226373
1232671646089125890
1232458058875338761
1232458057550041088
1232440135893094401
1232379739446239232
1232355061008936961
1232340917576704000
1232317367847411713
1232123609985896448
1232111483665997824
1232103357805928450
1232100395570384896
1232080311598637057
1231972051419901954
1231811402630909952
1231594497823387649
1231312405906558976
1231301924646834176
1230981080695492609
1230670233096114177
1230610837217435656
1230598873456009230
1230571263510405121
1230521833017008131
1230514936041877504
1230305303306162176
1230178294500294657
1229973553027702785
1229866279064014852
1229866276614438914
1229819196025995265
1229477856910200832
1229334196935675910
1229096538867150860
1228805188166746112
1228792347799900160
1228710560931438592
1228574710474190848
1228423670042750976
1228412343958241285
1228405284726542339
1228400272961044486
1228377861737893888
1228353695517151238
1228086730005372930
1228086337674399748
1228072482093006849
1228046026285703168
1228042272450785287
1228022308792684544
1227975877780221958
1227793809272188928
1227746508285579269
1227695537429843969
1227693877919932422
1227674828087398403
1227630945727066123
1227619709232832512
1227616220557520896
1227615846320619521
1227591834249154565
1227414730639323136
1227394985647054848
1227370073049968644
1227348224685617152
1227331847664914432
1227280096945418251
1227262315977945094
1227245908850438144
1227042065521029121
1227016038484717573
1226943944505819136
1226942802078175233
1226898619476766720
1226603789861425152
1226602857446756354
1226602201382035456
1226581530102857729
1226275469986844672
1226249343348477954
1226241841382621184
1226184630291832833
1226166133742559233
1226165813142528000
1226164614150356997
1225977550343634945
1225939802870165504
1225921273257250828
1225902808106442753
1225902807183773697
1225901389626400768
1225832400434946048
1225826557643689985
1225820699916427265
1225642724717547521
1225630588373127168
1225628412171165696
1225565529487876096
1225558771495251970
1225528299998326785
1225496433698230272
1225489388752248835
1225484179867041792
1225455810559561729
1225283054555582464
1225217322165645312
1225191501845716993
1225191234672656385
1225086328343187457
1224934871908454400
1224931005376544768
1224925781651935232
1224923220119293952
1224905907915476993
1224904099994320899
1224904097788096514
1224897445487771649
1224896117118103552
1224893898046099456
1224888517920051201
1224888312227221504
1224879120598716416
1224861595341213696
1224857993268748288
1224833757556944899
1224807912591118336
1224807142844055552
1224687129210437632
1224552154808979457
1224428030665191424
1224395781550919681
1224351325560791046
1224043767759626241
1223731189283840001
1223710703028183040
1223667434533588993
1223419543923712002
