1286053563085529088
1285993290727395328
1285993289351671809
1285344147185053696
1285326566822682624
1284959700623036417
1284342378644467712
1284242603785871360
1284242602523422720
1284189740795752448
1283571595970150400
1283571595156439040
1283474190167875586
1283474189253476352
1283466136768647168
1283188193353846785
1283166747915251712
1283135695398113280
1282824410861391874
1282822735190798337
1282822733630517254
1282791523978031104
1282791523126566913
1281691605422845953
1281688190714368002
1281667520446050311
1281667518587863046
1281363400539254784
1281363399817850881
1281292859069681665
1281262942852440064
1281262882215337987
1281031296811065345
1281031296005726208
1280965276457205769
1280965275559563266
1280899199157092352
1280554271017177091
1280288161898299392
1280242214271139841
1280242213239259139
1279492114951233537
1279492109825789952
1278871425344892930
1278724298841231362
1278724297754886153
1278450650641305602
1278450649445928963
1278136318921306113
1278047679252180994
1278047678291640325
1278015940756754432
1278015939976540166
1276647850537967617
1276647849363554305
1276590838416433152
1276323202600366081
1276323201589456896
1276281999548772352
1276262634606620672
1276262633197338624
1276243036163325952
1276243034741469184
1276014807615803392
1275985873528446976
1275985872538578946
1275966903039606789
1275639384927338500
1275625300307570688
1275625299389018113
1275611196024975361
1275611194712186880
1275195711638798336
1275195710095253505
1274502204112556032
1274412232214843392
1274412230189056000
1274156970719637504
1274072196852269056
1274072194612514816
1273835335646973952
1273760976714653696
1273729035965624320
1273392940946124800
1273100294524678147
1273022030246326272
1272740192508502017
1272740190180663297
1272702244173971457
1272702232807403520
1272698442314182656
1272677648636932096
1272677647571509249
1272665090114744320
1272665088827158528
1271655553870118912
1271655547918413825
1271640396464971778
1271637096147476480
1271637095405113345
1271637094536843264
1271227512584986624
1271198371085082625
1270885338290913281
1270885336457961472
1270533322649694208
1270533321605275650
1270478477859274752
1270449166599290882
1270449162216185859
1270134896690782208
1270134895625437186
1268682638115692544
1268401240762966016
1268346050852651008
1267956675216125953
1267956620111286274
1267913994423189504
1267913992556752896
1267542263892193280
1267542262579449856
1267317677078401025
1266880045848711168
1266880044124774400
1266137705773240320
1266137704301047809
1266055270540738560
1266055269789970432
1266055268833595392
1266036335049129985
1265666081663979523
1264994255518367744
1264647582229258240
1264282377758494722
1263981151913476097
1263981150294478851
1263954626161696769
1263600450625925131
1263591077522493441
1263193030837895168
1263192926907256832
1262919102710124550
1262902143402508290
1262889543465865223
1262889541800792065
1262817278661464066
1262817276690157568
1262529149165621251
1262506182708609024
1262490498138136576
1261469147004899333
1261469145453015047
1261438285047631874
1261423236501422087
1261423235356213249
1261349662755139584
1261108546739015682
1261108545132597249
1261079446078943233
1260718419164434434
1260718417503551488
1260377042945822722
1260360446701375488
1260360444818132993
1260287545436508168
1260072321370513413
1260011939582758912
1260007418815107074
1259966958809821184
1259226020281909248
1258871915235684352
1258871913763540999
1258852018774573056
1258458991744581633
1258231656646934529
1258231655128596481
1258170751271698432
1258101579711987718
1258101577333735424
1257806770724102144
1257806768996077568
1257806767355985921
1257773594534309888
1257481396848922624
1257146944784195585
1257146942615764993
1256696519392022529
1256428252161118209
1256428250663796736
1256410379539841028
1256410377975484416
1256402923036110848
1256402921383530496
1256014368476717061
1256014366845124610
1255997451485536256
1255967589924311040
1255967587080581121
1255683521974321153
1255683519113814022
1255683516668526592
1255667223345213441
1255654662146945024
1255628146298064896
1255618675899461633
1255576992847716353
1255260089671434241
1255260088023027712
1255243466055069697
1255243464587071494
1254992360586518528
1254986384928055297
1254986383510450176
1254956073800413184
1254956071971667969
1254529195281125376
1254529191187529736
1254513008774197249
1253798037643821057
1253798033545924611
1253796165453299720
1253481431726198786
1253481429922611201
1253481427418722304
1253388228738068482
1253356416150233096
1253114361910046724
1253110584716996609
1253093956046467075
1252734132024512512
1252367595535130628
1252367593274396673
1252343042649976840
1252343039386771460
1251298092483256322
1251298090474225680
1251240141307379712
1251220713702395905
1251220712037257216
1250978086276853761
1250978084779511809
1250904898285252608
1250904896850845697
1250523016498380800
1250484574154420224
1250250575381499914
1250181469185564673
1250181467029659648
1249888505834192896
1249888504357814273
1249865970375680001
1249865968962228228
1249816783030288387
1249816781465759756
1248779807955058693
1248779806642180097
1248452165305135104
1248452163371556866
1248423553315164162
1248101366783815687
1248101364514750464
1248032500292685825
1247998908699226114
1247998907428286467
1247739639894429696
1247727855930183681
1247366907868655618
1247341522783272960
1246920924936327168
1246920921241145344
1246214814839472128
1245903204081995776
1245883505646522368
1245883503343833089
1245826221910315010
1245795641109831680
1245562746831175681
1245408716838465536
1245226965562425345
1245185898045681668
1245115242025189376
1244826970057310209
1244491666259673088
1244491664527368192
1244396334154682370
1244396332216877058
1244046880452956160
1243710316128555008
1243635872903213056
1243404639942266881
1243356199166201857
1243298578073677824
1243298574739243010
1243011008198782981
1243010269493612547
1242918395592372226
1242918393377779712
1242872056124968968
1242872055156092929
1242692631538393088
1242570927625375746
1242570925863849989
1242570923842076673
1242547510599536640
1242547508921786369
1242317976025452544
1242279215157968896
1242279213790617600
1242279212511346689
1241920789319798784
1241454923365023745
1241199509155151872
1241176074840461313
1241157025452527617
1240847821911310336
1240847820493656064
1240753211280986113
1240424192329142272
1240075383397134337
1240075381769732103
1240075379655741440
1240057902200754177
1239762509675954176
1239707977260490753
1238933687296643072
1238682134916648962
1237881803391688705
1237881801747488768
1237806076743073792
1237491788425891840
1237409211170111489
1237395063275048963
1236812228742885376
1235973927970705410
1235667993654374400
1235331462750253057
1235331461928161280
1235315158244896770
1235272208974516224
1235272206566866944
1234960524816850955
1234900979369304066
1234900978404593664
1234566464767758343
1234521299990568960
1233523204045639681
1233523201545822214
1233499217777262592
1233397857274728449
1233397855764832256
1233129341858521089
1233102903281422343
1232808178850512896
1232780559438565376
1232445002162163712
1232444999112904705
1232130994641129472
1232013449263116288
1231297862295642112
1231026951961202688
1230949229679370241
1230666381152014336
1230645556122243072
1230260983488102400
1230192888455159808
1230192887515598850
1229929934514077696
1229543129956536321
1229543127595114498
1228391109971279876
1227996005888602113
1227993173139578880
1227783048244056064
1227729497132347393
1227375990780899329
1227375988704784384
1227329612117692416
1227329611203272707
1227288501101760512
1226971633832910849
1226971632910176261
1226971631949619211
1226930253848875008
1226187817140793344
1225821450516471810
1225821447928631297
1225562206324035588
1225438564449759232
1225183488644698112
1225183486350385153
1225183484236500993
1224908892288585729
1224829621247582216
1224453842252660737
1224147455584788481
1224147452619476992
1224129485831671808
1223783861877739521
1223783859646414849
