1285656782178836485
1285647993748824065
1285294716251242502
1284504774843478018
1284498034987085825
1284493214775484416
1284491237412790272
1284152589265797123
1283855720950177808
1283835877203087361
1282812029217189888
1282007465471750151
1281640375556464640
1281363212697505792
1281296795767902210
1280629473268957184
1280626786628440065
1280613695496826880
1279463129211158528
1278791880248041475
1278762089293758464
1278441466428370950
1278413383046479874
1278043562681171976
1277998123936296969
1277722260766437377
1276685018774089730
1276657872043225088
1276563896925597697
1276268804172124165
1276245718752165888
1276222176627220481
1276219279839543297
1276214602334945280
1276205912840167424
1276199789701615616
1276191882205442051
1275870439512911872
1275818924811128834
1275818846725816322
1275816144256086018
1275473621511811073
1275471758381010948
1275184879618134024
1274769419076542465
1274030930781507587
1273991142749724672
1273708886596485120
1273708766056386562
1273641667967496193
1273326936270520324
1273326225377898500
1273317582196609025
1273312338226151424
1273060806188466183
1272940688972316672
1272934183078432768
1272645948469121027
1271485093790519305
1271456423600435205
1270411616853594114
1270405320620343296
1268942981832327169
1268894866660118530
1268612510061490176
1267595218884464643
1267500049971515396
1267497611516235776
1265658691954642945
1264934293341646852
1264897587955617792
1263892425451462660
1263148245599035393
1262547255694888963
1262411673568251910
1262410635674939393
1261435149067022337
1261336845285285898
1260996884996460545
1260737120970342400
1260311746847350785
1260311435302895622
1260285225604710403
1260265971425718275
1260210098200330240
1259884121498755076
1259861149945905152
1259507623629598721
1258846835721957376
1258820584735203329
1258506006100709378
1258395496294514688
1258066650169032705
1257715296468520962
1257690440318562306
1257426058263121923
1257415587715833856
1257368973001326592
1257319913036767233
1255908539106832384
1255192988189368329
1254100260374433792
1253773913622032386
1253712743540109314
1253453421371363329
1253007757286027264
1252989272090644485
1252984164485345281
1252659673184055297
1252653228749185026
1252272813018427392
1252254901880664069
1251257354433236994
1250953887063977985
1250770922170089472
1250545377440411648
1250448541375496192
1250147743412236288
1250147341065162754
1249825265720664065
1249705868096081921
1249328359395524608
1249322654705876993
1248685038734106624
1248684228612698113
1248668070261993474
1248666904480415744
1248652088961368064
1248411822429888512
1248335877400596483
1248313326691651585
1248305540192763907
1248291520731582466
1247998561033256960
1247944702051188736
1247675335073837056
1247633528239636482
1247625107444510723
1247571619423432705
1247313933200953344
1247231187233525763
1245742748575182851
1245424152846241795
1245362160764702720
1245110179550629888
1245083119176364032
1245058684922798081
1245052482402869250
1245031608886931458
1244688172350681089
1244684733507870727
1244624208677740544
1244295720892542979
1244020541591257092
1243634450090557445
1243216759710257153
1242943036977565698
1242901698122846211
1242839880109043713
1242495853564178437
1242491690306469888
1242478010051301376
1242191504325648385
1241859838013059076
1241181717433585664
1241110458309980160
1240664891322662915
1240416288847126529
1240341354665951234
1240329425331331072
1240293282019708928
1240293036745281537
1239966281203249154
1239958156219949058
1239954605636759552
1239951875325247489
1239919460070436866
1239575137546010625
1238552187610988544
1238108594517786625
1237506881133764609
1237461158686339075
1237457994197196801
1236711080707137536
1236307016500613121
1236064871629889536
1235962411863195648
1235957368866947075
1235642902740688899
1235615001198702592
1235251441859801093
1234865903495454721
1234522030130814977
1234506758602838016
1233630137645772801
1233452380210860033
1233175373057314818
1233126976749285392
1233057428541001734
1232747561120927750
1232045110063456256
1232017615884824576
1231965562076618752
1230975829309579264
1230972080633544710
1230960971771936768
1230912086672396288
1230619010057875456
1230529987754840066
1230529841562365953
1229918482424385537
1229911072636899331
1229911008459808769
1229908367059161089
1229908154374402048
1228494371483537410
1228477307414818817
1228086747180994560
1227987094318002177
1227743936120225793
1227687998499803138
1226190845566693377
1225792070297759746
1225508986100887554
1225507631932067842
1225499101678227456
1225096902414389252
1224914705149579264
1224914607640391680
1224914449427050498
1224360879958917126
1223686199753281541
