1286074747281973248
1285724096752504833
1285325161823121414
1284910878089977868
1284910625307729920
1284582462937415681
1284537889448230913
1284537888584146945
1283865237632937984
1283856428998864896
1283849098123255817
1283849095749271552
1283571259209650178
1283205571047567360
1283110675406102530
1283070203690135552
1282789399558647808
1282761695061041153
1282487931605835782
1282391441772294144
1282069866967715840
1281705457070100482
1281669504582463488
1281393337480679424
1281348404623355904
1280981370752434177
1280924611471908866
1280862392851869696
1280633693493747712
1280619097382776832
1280572289013121027
1280555300131606528
1280555298835619843
1280541489211244544
1280240097162600449
1280237082699395074
1279795338866561032
1279470064945766406
1279142870797123586
1279097579054043136
1279069361039388672
1278765386440167425
1278716708119891968
1278433198385426432
1278417354435833856
1278408544992342017
1278023585664241664
1277678222231117832
1277663120081645574
1277627546318888962
1277355698842730498
1277319857831178240
1277319606194122752
1276953446999097345
1276877949233291265
1276659003800653830
1276653655698092033
1276610555869003776
1276561116966146048
1276243771613536256
1276214091057594369
1276198474657169409
1276182389656555522
1275904030187892736
1275866283163058176
1275846755314253832
1275541640875249671
1275530316485140483
1275515216722300928
1275488933418336257
1275227510918262790
1275156808290701312
1275125161247887360
1274786666448859136
1274733819912847360
1274524634692673536
1274371429874597888
1274069441215631361
1274039247205359616
1274017632715526145
1273996082645733378
1273995172901257218
1273771640481099776
1273756125566025731
1273737255304093696
1273728419080085509
1273728418220257281
1273674338508701701
1273384377611890688
1273384376634662925
1273347153675550725
1273314468563423236
1273269172047355904
1273004926202007552
1272953336099209224
1272907560300019714
1272657637851578368
1272646312551346177
1272631408914321410
1272246175970844672
1272200877550505990
1271853589149782017
1271578024031350784
1271556632829472768
1271548003208347651
1271544294546030592
1271208086326464513
1271164201520844802
1271125943353040900
1271125764868620290
1271092161291968514
1270852630462545921
1270779813679124480
1270779705298468873
1270735238193438720
1270498794807988225
1270422143499735046
1270393794731683840
1270130879323672577
1270121360111669249
1270117062816550913
1270050699909439489
1269007344115093505
1268647713865940993
1268620427179384840
1268294557717925892
1268288674644537348
1268220794523521024
1267843729336893445
1267839225510182913
1266116434725306368
1266073150875488256
1266058980184461312
1266022343765352455
1265751693876252672
1265722781779582976
1265693689805971467
1265430726935228422
1265394946653241347
1265333188253175810
1264924024796262401
1263972194641743873
1263955609143128072
1263944746474647552
1263602865760763904
1263602516476022784
1263269007458787329
1263261703472644102
1263241232031068164
1263188803524624384
1263155147246653442
1262901085544611840
1262842586705940480
1262543743514824704
1262445784366227458
1261429916903641090
1261429085307375616
1261359599871037442
1261330413420675073
1261059155244257281
1260697627215245312
1260695239741800449
1260581530319142920
1260380158248263680
1260340280286478337
1260314410469466112
1260280103612932096
1259846506066124800
1259492891287859202
1259230044389597185
1259222200420192256
1259160981919465478
1258843448838361088
1258843447429140488
1258804562544205826
1258759099799474177
1258547260301774849
1258527849746579456
1258446061728915464
1258439337278136321
1258410831571759105
1258402322381770752
1258103748926353409
1258031906958049281
1257760050485043202
1257723809731313666
1257657566064185346
1257353138736070660
1256421971992219659
1256320386008047633
1256282827567570949
1256225128788234241
1255968833925513218
1255629035016765441
1255622009268174857
1255622008236388353
1255622007326195713
1255562818843217920
1255518262428938241
1255212868724760577
1255192510391111684
1255187886355492865
1255156374104879105
1255145522098089985
1254794633118388225
1253807784111542280
1253773672457912321
1253737661669560322
1253684474992361472
1253684470529605634
1253657839190540288
1253442100169003008
1253078332612247552
1253062986601824257
1253062985481928704
1253041678908342275
1253041677683523584
1253024524414660609
1253001759871688706
1252972417565196289
1252664973450510336
1252663135611375617
1252645962557906947
1252428317468225538
1252381660932304899
1252381535845494790
1252344704840069123
1252342092526809091
1252321470119804928
1252270802633986050
1251918338168627202
1251274774833254400
1251252626156589059
1251247101398351872
1251226362754617347
1251210838846984195
1251210838133915649
1251210837404123136
1251169705701912584
1250900183107489795
1250780409731915776
1250551686864744448
1250551685942042624
1250551685166047233
1250509924989374465
1250461609715212290
1250446578193661952
1250396427030798341
1250167721792360449
1250122885332639744
1249800217588912128
1249766439126470658
1248678062868348931
1248351037674721283
1248332605432434697
1248303627296477185
1248276139606507520
1248240892256886785
1247953118731657217
1247953117439819784
1247237481348714497
1247231028198023172
1246904002241052680
1246494321819484166
1246194265698566148
1246149965988102144
1246088455060422661
1245839475986423808
1245813808951627777
1245779480980918273
1245418977964277760
1245094663876476928
1245066604066607104
1245056891060961280
1244998691712311301
1244735702203588610
1244731319424372738
1243641011043291136
1243604323147317248
1243295119962509312
1243281282366398465
1243255328973688836
1243204930002976771
1242898524070711299
1242549634129702914
1242193250997469186
1242191225505144833
1242168049505107973
1242116794183290884
1242097036012539904
1241397096068141058
1241101966484389889
1241067078699880449
1241040466914594817
1241036505365327874
1240756012577173504
1240712157781688322
1240682413782634496
1240384722104180740
1240370539488858124
1240370538205282304
1240370536980635652
1240370534891872257
1240338448126443522
1240289858091995138
1240036936460447745
1239961875506323456
1239931031928614913
1239931030494158852
1239297747909517314
1238475445085057027
1238475308325654529
1238475109553311745
1238168923431940096
1238126699897851905
1238126035335614464
1237861247334244360
1237848837424680961
1237833095828701185
1237475537347543042
1237445080530763776
1237160966552457216
1236049335185543169
1235641050544377859
1235616174781730817
1235616174064521216
1235616173322010625
1235209754169004039
1234929152513466368
1234928617043435521
1234902810304696320
1234889295556759552
1234596484143861769
1234559996857327621
1234534480041385989
1233514206168862721
1233477895001169920
1233476673242386433
1233457514571796480
1233442315735379969
1233430753574367244
1233409724764368896
1233113248733499392
1233036503208595456
1232793623575584773
1232788135425257472
1232764142467063813
1232745938172698625
1232690584936161282
1232679693419270144
1232080619179532288
1232063730831196161
1232034311727173632
1230612157273956355
1230235111372791809
1228439457176653825
1228406313929060352
1228332512117694464
1228329478943858688
1228053209735979016
1228007935801991170
1227965341697036294
1227729594243002371
1227727063781707781
1227716964493275136
1227702176312709120
1227696960682983425
1227666289533079552
1227627368291950592
1227323262562074636
1227289960564371456
1227289958672740352
1227289955489271808
1227265879840362496
1226886565848395782
1226875060440399873
1225914354182348801
1225843299572953089
1225807859587436545
1225555776288231430
1225549970566193152
1225535398442676224
1225535397016543233
1225433634968080384
1225190961921261571
1225153712253022212
1225102246142185472
1225085520059019271
1225085241049731072
1224825373055160321
1224796587270033409
1224774026205241346
1224756187511631878
1224467548814610432
1224446925090373633
1224417974838317058
1224371365089873925
1223730733556162572
