1285977162516967424
1285663010678349824
1285641609682587649
1285358498411433986
1285358497136353280
1285351810169999362
1284472169196597248
1284472168248745984
1284472167313399810
1284169343031541761
1283921860707659776
1283865247170928641
1283853353655599112
1283797682071511040
1283797681031258114
1283797679974354944
1283797678976110593
1283785391753986048
1283481513192050695
1283136686994493440
1283103719228411906
1283060685648171008
1283040492830302211
1282817472652095490
1281697390785966083
1281682763968544769
1281620311998332928
1281589240598429696
1281339315818303488
1281324243733508098
1281308526892253186
1281229117292077056
1280916402698936320
1280882835226636290
1280502831653564424
1280276777814851584
1280276776707637249
1280276775671603209
1280276774828552192
1280276773775777792
1280276772748132353
1280276771557040134
1280276770256814082
1280276769183010818
1280139940609708032
1279802718035599361
1279470529188106240
1279426199689793536
1279092790320746496
1279038180847575040
1278790800172699648
1278740224533815296
1278735939079229443
1278496753638146050
1278457115024207872
1278457113820270593
1278427521885835266
1278410013070032897
1278365246382419975
1278086195554254848
1277995812392284160
1277950513762484224
1277760763008921601
1277749429941010432
1277715652174807042
1277596178725683201
1277273049545478144
1277263234899140609
1277243857126776838
1276900595903991809
1276880211188092929
1276609448795045893
1276555320307978245
1276522604485062664
1276513583501893639
1276513582503604225
1276176826465792000
1276144613841985539
1275909565092003840
1275865021545758720
1275850091614568461
1275809908584140800
1275787259313377282
1275536355934851072
1275518140563193857
1275469184521117701
1275469182990200833
1275230007971938306
1275133960671178753
1275133955814182912
1275116266618060802
1274745205141516292
1274712483773788163
1274362641407004675
1274348948413648900
1274023053702332418
1273984993031839744
1273984992260096001
1273631766553731072
1273631765278720000
1273631764053987336
1273616812832362497
1273387142740414469
1273333972945252353
1273333971401822209
1273318065116188678
1273291586953261059
1273041371876728832
1272636916710756352
1272240526801145862
1271477121278529536
1271163276638982149
1271125863086645256
1271072065920077824
1270893349105553415
1270871101443317761
1270759444952072193
1270455829012111363
1270455825199480839
1270396582534549507
1270085384341422085
1270060904588214275
1269793484615155717
1269065639961989120
1269065638879858689
1269065637193809920
1269034685524557825
1268677031182688259
1268558497450508294
1268232446597836803
1268166183355891714
1267905365808680968
1267818812721618948
1267550683462537217
1266482399086600195
1266482397660487680
1266367738848505857
1266367737145683969
1266118549564784640
1266094185947553795
1266081658794582023
1265755816306659328
1265755814398214144
1265739929780396034
1265739928652189696
1265739076088578049
1264927914220498949
1263971516829569024
1263512483718971392
1263185801191591937
1263108275224096774
1262905886898622464
1262886013497720835
1262836428838445057
1262496091557244928
1260371231729123330
1260357186255040515
1260309779798544391
1260285610893418499
1258809181735436289
1258401520267202567
1258401518253940737
1258208385327079428
1258115879092588544
1258080217027031042
1258028158068162566
1257729474793287690
1257729472918413313
1257340136695705600
1257340135710117893
1257340134351089666
1257005316891443200
1255857650660761600
1255232174418202624
1255206377536004096
1255206376604827648
1255206375568936961
1255206374587469824
1255206373530443776
1255206372309901320
1255206371290763265
1255206370355417089
1255206369051004932
1255206367834537985
1254830566542839808
1254830564659642369
1254830563187462145
1254830562159792129
1254830560553435137
1253736423565471744
1253466298786426884
1253448064251113473
1253405170827960320
1252703772809342978
1252652333558910978
1252326900300689410
1252287801208512513
1251242044527382531
1251242043613032458
1251242042505793537
1250818684328849414
1250454656091860993
1250431065392443395
1250054674541154305
1249837552523268099
1249817195963658245
1249738596279615491
1248398402213171202
1248398400732590081
1248398397448392704
1248312847014207488
1247921092712415234
1247633999507357701
1245779478367920131
1245509352145985538
1243610544759848960
1243593802931154946
1243289542720983043
1242636988454486017
1240762779168133125
1240755807760900096
1240454537011433473
1240454533513445376
1240004338791133187
1239659035458183168
1239324893554057217
1239313881341865986
1238699730718392321
1238541998488985601
1238540768555433988
1238540681787969536
1237824558020857858
1237817980655939585
1237507404738236419
1237149128909565954
1236281853256097792
1235989682913259521
1235989655092449280
1235989480919662592
1235989405103423488
1235989139478241281
1235960216975478790
1235624879615078400
1235623447763529729
1235335020962885633
1234919822745653251
1234911827626250241
1233495695056949253
1232820139327938560
1231378911017218048
1230576927393615879
1230240292017770496
1227377171200663553
1227363532297117699
1227026892886302723
1225565469438021632
1224872324509454342
