1285985138682167297
1285977821962137600
1284882668782366721
1284509850123120640
1284508337485176833
1284508335698407424
1283832558011035648
1283805700259364864
1283656155034611712
1283522791438835712
1283451257147887616
1283425266161709056
1283076579459919872
1283076029012037632
1282786968057917443
1282773753164820480
1281992646131503104
1281807548148969472
1281345631571726336
1281309412062228480
1280632113755115520
1280225797916160000
1280201649483509760
1280150984333774848
1279165675831881728
1278769582732275714
1278605695462465537
1278605680950210560
1278548453765742592
1278507146468945921
1278487446225731584
1278416637754896385
1278407372482871296
1278155165011304448
1278043900700229633
1278043900180135937
1278016686331883520
1277787774117011457
1277783836194029569
1277712550063292416
1277695198252810242
1277680775425429504
1277675140751306752
1277663446100656128
1277427340562165760
1277426874646315009
1277334718606913547
1277320236388118528
1276954917991616517
1276633644602281984
1276627382959403008
1276608713252417536
1276573939339194368
1276269636586106880
1276239292835094528
1276234545382080517
1275942674168606720
1275873673207877632
1275856098453585922
1275667057078566913
1275589582168317954
1275495205790117888
1274787336765624320
1274787335024992256
1274398685435068416
1274398169711783936
1274148477010767872
1273986243248959489
1273657051923677185
1273304947518590976
1273304946864242688
1272992336193089537
1272990100129902593
1270042249066246151
1269695978640076801
1269502064117178368
1268545742370738179
1268243353537306627
1268243352832618500
1268053235337584643
1267654911484760064
1267625778012844033
1267625776972656640
1267625776058257408
1266411660505317377
1263468035723182080
1263184050006581249
1261689958932324357
1261422648036192256
1261422647188918273
1261017734734925828
1260631553685819392
1259186200046419968
1258753172690145280
1258753171704479744
1258753170832068610
1258753169275924480
1258063931798704128
1257401892608651266
1257372170994569216
1257372170201767936
1256240341298094080
1255942785401786376
1255942784651087872
1255539019473129475
1255539017879293953
1255510404815630336
1255510403267858434
1255364584283746304
1255225133628874753
1255225132941037576
1255225132257247234
1255225131489734665
1254861536591396865
1254065308589056000
1253826337778929673
1253826336608661505
1253826330422120448
1253771763466502152
1253771760966737926
1253524116885458957
1253500868621733888
1253309571181023234
1252682600881274885
1252681993244020738
1252681992505888768
1252681991654383623
1252681990782038016
1252681990018662402
1252681989255245824
1252655207676248064
1252655206959112194
1252302262371835905
1252302143844954112
1252292794061815808
1250853958802968576
1250853958144405504
1250820560965308418
1250794439267803137
1250794438286245893
1250174314097324033
1250086672043311107
1250086671275765765
1249806732563537923
1249747846519238658
1249715222769778689
1249715219984769024
1248362629862752263
1248362629220970497
1248271613549740032
1248248122251210752
1248248062645907456
1247947701607596034
1247702417388470272
1247702416541339648
1247702415857639426
1247594399841869824
1247543866980524032
1247543865315414018
1247266527625326592
1247262910948298754
1247262909740339205
1246478196213723136
1246138101497462784
1246138100629241857
1245459403517689857
1245426752115167238
1245426750756204546
1244722721885429767
1244722719591104514
1244645527234494464
1244276554710081537
1243650511535996931
1243573389534560256
1243243784592330754
1243187207537668097
1242905851494633472
1242892343948304389
1242892343172313099
1242595131137708039
1242595050292379648
1242532617049837570
1242532614675800066
1242259830196310023
1242188109196001280
1242188092288708609
1242188070188994561
1242153481022181382
1242150510532202496
1242150509433311241
1242150506887348232
1242105356777656320
1242105356127477762
1241541043612499970
1241168009286352901
1241168008313257984
1241123645910593537
1241008275925204992
1240847045222694912
1240659471510179845
1240038654896111616
1240038653117837318
1239641762643218432
1239641761737314309
1239316862489559047
1239205549465624580
1239201727590645761
1239201671009492993
1238585754453979137
1238486787313545218
1238481495372771328
1238481380897628161
1238304718436347904
1238221599742005248
1238128868873179139
1238086110728896518
1237942245858435073
1237845247813496832
1237845037100068867
1237836080826724352
1237836059519705089
1237824579458027520
1237824578619088898
1237824577859915776
1237824577138561025
1237807338968547329
1237743009317470220
1237712971129860097
1237584263236599809
1237499438823804928
1237489634860576770
1237478784774922241
1237474602739208192
1237452440171053057
1237097374151032834
1237097373479907330
1236729346196418560
1236009642645434368
1235952931251290112
1235948876005244928
1235934812168433664
1235676088313016326
1235676084731080710
1235668808867737620
1235619118700728320
1235589958209015811
1235585541720203266
1235422954478919681
1235323174201577472
1235319427991777282
1235297163577565185
1235251000761610240
1235239707925192704
1235229026438000640
1235206219939315713
1235191745266229248
1234958442613346307
1234949968122851335
1234949621513904130
1234937289593237506
1234909521321000960
1234900789493215232
1234883412365914118
1234632362136395776
1234631657631735808
1234593065060438016
1234586449896497153
1234491528040591360
1234191612919582720
1234184273420324867
1234171990107467778
1233909966618189825
1233898711513694209
1233895997266415616
1233895948193075200
1233711400842911745
1233630110558965761
1233593320917655552
1233492381439229953
1233492380390653954
1233492378981412864
1233470877037158402
1233469826594676739
1233437652390752256
1233436749805826050
1233431155220910085
1233403967532605445
1233402099607756800
1233383862618722307
1233264117093470208
1233254381497323528
1233253410499158016
1233249019339661313
1233245766862413824
1233245449559138305
1233214811959439362
1233197259728269313
1233189754608476160
1233189164297879552
1233174557223268352
1233173892837072896
1233124837905879040
1233102695650729984
1233102694786699266
1233069389764841472
1233069349956653056
1233053179459391489
1232900668442071040
1232898134646366208
1232894957855309824
1232881631066718209
1232877593105485825
1232877592115585024
1232875493927596032
1232854063345258496
1232791097144958976
1232791094867484677
1232789000886329350
1232776190244663296
1232757718185922561
1232756714803519500
1232703782800306176
1232350733112086533
1232057211242893312
1232057210404032512
1232057209518985216
1231311706133082114
1230948911050784773
1229805118754869250
1228499166612951042
1228417166913024002
1228417157807169536
1228417157001814017
1228417156213346304
1228404901945991169
1228354493617758208
1228350121232019459
1228157808761282560
1228157712053276672
1228144287566704645
1228091021961125889
1227993996317937665
1227993995541962752
1227687839359520769
1227681400394002432
1227592574657007618
1227323489943785473
1227304744219238402
1227095373140971520
1227001625363046401
1227001624524181510
1227001623689465857
1227001622913527809
1227001621932134401
1227001621076467713
1227001620283740161
1227001618975072260
1227001618283008000
1227001617570025472
1227001616554975236
1227001615707770880
1227001614822780934
1227001614025863169
1227001613203709958
1227001612406751233
1227001611672858626
1227001610796224512
1227001609911140358
1227001609152012288
1227001608304762880
1227001607411425280
1227001606539038720
1227001605276434432
1226279598628974592
1225568362119487488
1225522948418744338
1225518919244533761
1225187778268487682
1225144102699835397
1225132449010737152
1224757314059751424
1224532218892210176
1224380924630052864
1224109633851265024
1223995804609863685
1223625603120816128
1223625602223235076
1223625601409585152
1223625598578438145
