1286005451583303682
1285784522584399872
1285685912848994306
1285612818780356608
1285589537004105734
1285585385100369925
1285585185111789571
1285584004520054784
1285292540061798400
1285286317987966976
1285047247164641280
1284915583872569346
1284518700196990978
1284517340927995904
1284517290407591937
1284511584920928258
1284510605945319424
1284225683229757442
1284225509514186752
1284134447420518403
1283881846699446272
1283855010648948737
1283852224767184897
1283852167204548610
1283846823791263745
1283489990895382530
1283248822441906176
1283244157448978438
1283139187567398913
1282747158018625537
1282743576825417731
1281989100388716546
1281288970329034752
1281245689457135617
1281237237523456002
1281222543781879809
1281032806181863426
1280909159790231552
1280892175451131905
1280891283427471360
1280873761982603270
1280626862767685632
1280581685285982213
1280578607690199040
1280222660241358849
1280221263810768898
1280218587823775745
1280209596087492610
1280188489175388160
1280175962324447237
1279463858135019521
1279148506314412033
1279148324252258304
1279148174398160903
1278793852409851910
1278748718993477634
1278725551428120577
1278692501101129730
1278682388877410306
1278419687760637954
1278415471927328770
1278335962825793538
1278334539501383680
1278069333672054789
1278022636304564224
1277969575250780160
1277807003289747456
1277632949505134592
1277632866512515073
1277632852407058434
1277042107178455040
1277003630932119553
1277002874392895492
1276912428790448130
1276911712936038404
1276728958210498560
1276728943148662791
1276728872239857671
1276518855062499332
1276518650695073793
1276201406811209731
1276178484851888130
1276158917249286148
1276158711082487813
1275794138076766208
1275598549401710592
1275553393214447619
1275545641587015680
1275545296198492161
1275457723346362368
1275457211570040834
1275438685882707972
1275093313826295815
1275079295807795200
1275049214402269184
1275048904766025729
1274901833077657603
1274901806921977862
1274868010369548291
1274848932884090882
1274848891670859777
1274840115618222087
1274821369402986496
1274725673484136451
1274432422050967552
1274118750695030784
1274028223148539906
1274023002338975751
1273992229250641923
1273992183041925120
1273666486046003202
1273628967023583234
1273439783520534529
1273380096997556225
1273380054815387659
1273331624957087744
1273300965723168769
1273270449401667586
1273270411657195521
1272557920174170113
1272535159099793408
1272534321048498176
1271921278333657089
1271469537318375424
1271442867190448131
1271216436921450497
1271178998727544832
1270804015060848642
1270801654611394563
1270801653621567490
1270801652774207488
1270801651704659968
1270760569042284551
1270721233785483270
1270435989937442816
1270067350893744128
1270065898179702787
1270007718238138369
1270007056486014976
1270006421166448640
1269699995369975814
1268989135865462786
1268776113888735239
1268760444979892225
1268726924936970242
1268703866972930048
1268703811713085442
1268604462068912128
1268551894244483072
1268229282708537344
1268215938421268483
1268184641707692036
1267988158228070400
1267834604448288775
1267823960810389509
1267666942309122049
1267602293337264129
1267598811347681280
1267596837101371394
1267596491696332801
1267593824299294720
1267593695852978177
1267593622343557122
1267593564004978689
1267590240807596032
1267589156491931651
1267565664618807298
1267518774707658755
1267505897716285440
1267444038506024960
1267113599367106560
1266533396211273732
1266497303516495873
1266468063328833536
1266468005309022209
1266447287976439809
1266412690060333056
1266397687156543493
1266394819611541505
1266192283407470592
1266109753572425728
1266036402996871168
1265764537397059585
1265753210767265793
1265692347842658304
1265675423247151104
1265674073406922754
1265658842408509440
1265371676994306050
1265369076588843009
1265302491903799296
1264969742336606210
1264886366762082310
1264690699406016513
1264627741770596352
1263942664862474251
1263909394024194049
1263832875704758273
1263587623999684608
1263569559606476816
1263565886880985100
1263503568893591555
1263245053268570112
1263138146188963840
1263116683205644288
1263111402513993728
1263106192064212992
1263106061139161088
1263104947392057345
1262873049046663168
1262872961180205057
1262753634946670593
1262500097339858944
1262413060607705090
1262347194281144320
1261741334907543553
1261741247665967105
1261479788994273282
1261419310053912576
1261376173507936257
1261376075201798144
1261374296473120768
1261335510875877376
1261025289687236610
1260965374436216833
1260949480762998786
1260943965727199235
1260942136649940997
1260637063579402240
1260602912990003200
1260600163523067905
1260598201930964992
1260593951901454336
1260593817264193537
1260581076499652611
1260566171469873153
1260562635453616128
1260562499973324806
1259955476839706624
1259953060295716864
1259952963004628993
1259906716038283265
1259901111777050624
1259862310576947201
1259853509152907271
1259852975150903296
1258808734450700288
1258445883185733633
1258423516317331457
1258417506177466370
1258147258907885569
1258143529794244610
1258046174893924352
1257769066497859584
1257768615660707840
1257720973886963712
1257432825164378112
1257347250918952960
1256339581072359425
1256332455318966272
1256262938773598208
1256262866392547328
1256048129088147456
1255974608085319682
1255972380100505601
1255925841101496320
1255919756449890304
1255919110388621323
1255917518918729730
1255912435988475905
1255912312545972224
1255500507768074243
1255235166332649475
1255232313862098944
1255230225090297862
1255228645758681089
1255228467723096065
1254740304017719301
1254488136446550016
1254101532716470272
1253817597684056066
1253422060723777538
1253418512472657920
1253394610065412102
1253375298252541953
1253372791010873345
1253356655238135815
1253353005799411719
1253090671235383299
1253089867556425730
1253089220526321667
1253061021423546369
1252657881578647552
1252656341589594113
1252650170149470210
1252650022040207361
1252394060196614146
1252277267687931904
1252272878751567880
1252270066298732548
1252269992902623234
1251666661616336898
1251194320721510401
1250895467002695682
1250874070696177667
1250865327434539010
1250476003811614729
1250192439765319681
1250191148125171712
1250191117641027587
1249787492678750209
1249782086757744640
1249751231075057672
1249369673541595136
1249096269500465152
1249014139122524161
1249013972440940544
1249013805369241602
1248728664004591617
1248706047122059270
1248703058231599106
1247933932013867017
1247928919858307072
1247660495445856257
1247631489401044994
1247582734148657152
1247577922334011398
1247576421024874498
1247567469893607424
1247566320465580032
1247489639918829568
1247264834128936967
1247231423330877440
1246958057864691718
1246927836721623041
1246243035396046848
1246176091095666699
1246147992282976257
1246120812786180096
1246110363688603648
1245768044573601794
1245707673154334721
1245702372892061697
1245431058855755785
1245409453953908736
1245354537419968512
1245213275417120769
1244650422377353217
1244621056821932033
1244325606856232961
1244100671978291203
1244068820605640705
1243921166865174528
1243920976284463107
1243623705974054915
1243590885838925827
1243585084642537473
1243297598305374212
1243254586124767235
1243233273658171393
1243228373280792576
1243024995204452353
1243009817205256193
1242999790956396545
1242985885211209730
1242985537964855297
1242985346171887619
1242981263532797952
1242844236258607107
1242817050319425538
1242543780709924864
1242509840892780547
1242487859703054337
1242484788214280193
1242450975362875393
1242127120744230913
1242125125337722881
1242122520196759553
1241902239377129474
1241868240164446209
1241867367740735488
1241864922570674176
1241863398733893632
1241862970310889473
1241862617028755456
1241858949651017728
1241857437705162752
1241856538119155712
1241782497962348547
1241748953873481733
1241722104485158912
1241717318989864962
1241716366492807169
1241394632900128770
1241076685749051392
1241052973532356608
1241052643499401216
1241048642867339265
1241044134703628288
1241043855325224963
1241040727565651968
1241040078950092808
1241037290845151233
1241036069178683395
1241035478905827329
1241034721641074693
1240689855102742528
1240683293336653829
1240683241968893955
1240674708917452809
1240666787898851328
1240628047520436224
1240372452422811657
1240317707096031233
1240317633884491777
1240259659359010818
1240259568736878592
1240031601775517697
1239974937508511758
1239769613002571782
1239669829491138560
1239620050086133763
1239614452879720450
1239614090336710657
1239559648149221376
1239557623227301889
1239548230020542464
1239546994814783490
1239343135769100294
1239316331499003913
1239316217187512323
1239302195595665414
1239302118596542464
1239250715966611458
1239058388081946634
1239024680146743298
1239024082525569025
1239023409817882625
1238956326736232448
1238943000270602241
1238942962463186944
1238942799334191109
1238900465464676352
1238692726532685826
1238621747768934400
1238604996532461568
1238532322372268035
1238247327556567042
1238237260363030528
1238236478708297728
1238234638713266183
1238232481750491136
1238231667325775873
1238231549042180096
1238229496467197952
1238228636400058370
1238225790141181954
1238225683819696129
1238225542895284227
1238220023602298885
1238214837601214464
1238108482097864704
1238103974571659264
1237778839033520128
1237737347405557760
1237474724617302017
1237460643969630208
1237370246136201217
1237084637488394240
1237084486925520898
1237045932509839360
1237045715316113409
1237045672085458946
1237042706435788802
1237040874342821888
1237040263828299778
1236344074443067392
1235975789021184000
1235975401937293313
1235974359023587328
1235970965726691328
1235968876288118786
1235965466683858944
1235957165610934273
1235941976639500288
1235673436560781321
1235672171940208642
1235246374217756674
1234994978364903424
1234994806063063042
1234990141871017984
1234935196539138054
1234935083141861377
1234568361151016960
1234506571834646529
1234304796720496640
1234157326111772673
1233887559509561346
1233467274511749121
1233443908551659520
1233421372598243331
1233419981783797760
1233166121181892608
1233152377793982467
1233149741841756160
1233146259336302592
1233135134951583750
1233101586634809347
1233096518820859904
1233069134168154118
1233056082668466176
1232791314279915528
1232788249002860546
1232754405713334279
1232388071041228800
1232387489572278273
1232386255939391491
1232363547071537153
1231969426280505347
1231968891045400581
1231957277915086849
1231955754640400389
1231955684087992321
1230932830320054277
1230889077232357376
1230884814661857280
1230876712839368705
1230630548978257928
1230611471182258177
1230573574433525762
1230546529506799616
1230221693509042182
1230219234262888454
1230217875438391297
1229804510438154246
1229804134364262401
1229803486625353731
1228444021653151744
1228403121614917633
1228400700733960192
1228379437579874305
1228354842487410690
1228340290404130817
1227619783660756993
1227614768342732800
1227612440663293952
1227611014444855299
1227347005934051328
1227297466816630790
1227294703395201028
1227278801761185793
1227278772535267329
1227276405894995970
1227274956419092486
1227273795880259584
1227215761451646976
1227210107609657349
1226973195212861440
1226961259481980929
1226958499759955973
1226943770194841600
1226943516057776129
1226935516978913281
1226113087054516224
1225962918459645952
1225933270740803584
1225933219247411202
1225549196243148800
1225497553623449609
1225492974903209985
1225473342808952833
1225422425980112897
1225246349525995521
1224914252844060672
1224914132723433472
1224912019213750273
1224904474193469440
1224894904096129025
1224894686327910400
1224893177393532930
1224888003207876613
1224887979673620481
1224887918306758657
1224886117129998337
1224885003751956486
1224884749300387840
1224880539469074433
1224879565035753473
1224854300645646336
1224853797220102150
1224838092214894592
1224763522183258115
1224702597623357440
1224701573810573315
1224654597328904194
1224524819192078336
1224454675816013824
1224436967384829958
1224348189597347844
1223777725661491200
