1286048723601104896
1286009750380064768
1286009749243334660
1285948544399138816
1285680576247336966
1285680575278469123
1285625101094989825
1285624077626023936
1285622732361805824
1285621909078433792
1285620879813218305
1285618239104593922
1285391002275127298
1285391001088122880
1285333662788009984
1285309849962676231
1285238446991253504
1284871012786540545
1284591862720987137
1284500277010276355
1284353601222119424
1284226247376207872
1284162459901861889
1283495310518636547
1283495309344215041
1283424301497094144
1283131988128550917
1283036703628963841
1282670004832534530
1282362244475629570
1282297978888364037
1281940896653746178
1281652110107373570
1281576485292249089
1281254982210195456
1280969711245758465
1280916126118088709
1280658783384096768
1280572375835254785
1280274563977412614
1280166168909709322
1279825184652963841
1279431121810468865
1278755314024800256
1278755312825139202
1278007109599232002
1277953347249737729
1277799542440841216
1277682473934237697
1277620353590853633
1277593188119842816
1277301412775550978
1277245325045116932
1276967303209529347
1276591302742872067
1276561331638976513
1276518476568498177
1276340781595398146
1276246950359314432
1276246946362122251
1276190443726942213
1276138461356007424
1275875389148184578
1275467975546613761
1275140501939859462
1275087164720676864
1274724335224270848
1274689462904205316
1274483848294866944
1274396668096585734
1274061790834569217
1274012018010468353
1273780396719824896
1273759926280761345
1273692740925218818
1273645712060882945
1273327201392492545
1273252994423894016
1273049073944231936
1272954409236955142
1272878759469817856
1272655268032196609
1272608883257868288
1272568252871344130
1272568251734786048
1272509501070024704
1272281956055756800
1272221457179914240
1271556816191750144
1271492973583360000
1271449641486344192
1271162726409273345
1271095422656929794
1270816454808670208
1270716381848195079
1270399254318678016
1270108037081071622
1270108036091252738
1270108035093082115
1270108033977384965
1270067716100161543
1270011246193127426
1269700632455385089
1269631109782024193
1269306948912103424
1269062196664942593
1269062193728966656
1268684857166770178
1268597180698427395
1268597178089582594
1268357931361341440
1268286335250391040
1268210836268597250
1267954144729542657
1267878899226013697
1267654856346685444
1267594935580098561
1267185254902763523
1266890946316316672
1266043635000397824
1265994376301416448
1265791772325789708
1265747585492549632
1265709353266565126
1265637615979474945
1265409257949798407
1265360085347438592
1265318736548057088
1265268662631575556
1265041008053583881
1265041006610841602
1264980582414647297
1264585882205634560
1264585881199009795
1264329380911816705
1264270815291465728
1264206285978959873
1263929028404264960
1263869326970535936
1263818140829593607
1263674892773449728
1263605493278420995
1263567944849686529
1263567942924582919
1263528842913816577
1263462052665966592
1263233665196347395
1263148352344121347
1263139338768003072
1262856044683943941
1262768866553409536
1262554948501471232
1262484088885297157
1262040724528418816
1261489600188559362
1261462807003848705
1261384189506543616
1261384187895926784
1261384186545541121
1261384185291444227
1261384183751950337
1261384182795767809
1261328392575729667
1261063349086887938
1261063348063555586
1261063347119755265
1261063346054406145
1261063344523554818
1261063343357538306
1261063342271221760
1261063341155520512
1261063339863674880
1261003600425291778
1260961212071915521
1260718100141481984
1260670919325945856
1260565793076543488
1260415116945866753
1260279693363814400
1260230313311121409
1259946575717117953
1259860061935017985
1259481892832849921
1259481891243253760
1259175779860197377
1258918060381089792
1258833143919980549
1258787532734640131
1258540837274660866
1258451699053867009
1258399214880595968
1258184830669422595
1258141398244691972
1258069213803094016
1258033909515915269
1257788133648805891
1257757516374708224
1257700837046071296
1257455427132043264
1257375175764594696
1257327822777040896
1257076830303125505
1257004860261699584
1256705269846999042
1256636668658008064
1256332417394040832
1256278604008296448
1256214826373783552
1255916383713595396
1255867855725355011
1255602412594790401
1255566556895023106
1255506048942776326
1255214338991947778
1255143196666937346
1254870741956415488
1254824081876230144
1254532546379026438
1254465913828622336
1254399485901451265
1254138596858224643
1254084897045721090
1254032410892570624
1253806940460912641
1253717739107241987
1253687212086112256
1253485593562054656
1253439159638781952
1253426031341350914
1253426029982445571
1253350687020331011
1253128795395063808
1253097423372681217
1253053347390787585
1252967690668556290
1252707774003322880
1252687444132147207
1252597140246999040
1252407628178702337
1252374532947505153
1252316095035445248
1252284766054948868
1252254386023260161
1252032008664109062
1251996948065923073
1251875260833632260
1251661212900888576
1251661211600588800
1251561127986765825
1251244667942981635
1251201383266684933
1251170621360398341
1251131842612379649
1250909718496849920
1250867120763744258
1250831700906688513
1250777466815361024
1250565477434359811
1250529061891387393
1250529060943527938
1250478748610240512
1250446459843104770
1250205294505930754
1250136835520634884
1250103565177303041
1250053066096861187
1249829116817350656
1249739395277697024
1249701634088808450
1249446831312027648
1249355083747336193
1249334836243939334
1249101665753391106
1249062077823619073
1249024614728118277
1248982464468525058
1248727173621571584
1248681969828970502
1248645287385731072
1248604486878334976
1248403292108931079
1248377591720902659
1248343189657997312
1248302847197937664
1248271953787576320
1248245962985766912
1247990068142374914
1247921700865478662
1247886975022981123
1247655959310278661
1247635856837480454
1247587165061763076
1247564178115702786
1247307729800179713
1247251013427507201
1247201006171164674
1247162922784174081
1246955233152040961
1246881242144014337
1246841592192925700
1246563129825398785
1246445696582062080
1246238165364588544
1246204141363486721
1246146921552580613
1246127218193031171
1246094500163981312
1246064391243644936
1245897680431218690
1245875053985660928
1245817532172419074
1245784312441491456
1245761189923168258
1245725404264005633
1245709840623730688
1245479939807358976
1245395500905435138
1245363427251544064
1245337572131385344
1245153734914650116
1245127531860295680
1245094437165961219
1245000651085619200
1244819505093771265
1244669903430471682
1244643302231748613
1244599638683942913
1244435830745284608
1244350542484246529
1244294595246252039
1244266207743823873
1244062389227618305
1244001451682168834
1243949886191648772
1243920397352996865
1243671869745700866
1243653525466472448
1243642562189148161
1243615370013028352
1243602598160203782
1243591262357381124
1243576143174864908
1243562641878114309
1243552765013561347
1243358121940025346
1243306080073142272
1243280389906497543
1242934734558236673
1242881841138409478
1242847940760276992
1242811417650253824
1242512253091545088
1242244655191920640
1242226823934750720
1242190871111651330
1242153203271184384
1242122574412251137
1242100440726147072
1241886521524916225
1241831897447256065
1241760687107518464
1241720392714240000
1241437892301533184
1241391517698269184
1241179604695556097
1241137442926845954
1241112062014734341
1241080849723949057
1241080848780267526
1241070035982000129
1241043613712355328
1241019765092745217
1240790721726160897
1240790720711143430
1240790719599697920
1240702995752460288
1240702993793552384
1240671669154385920
1240617639568957441
1240435176985018370
1240406435575599106
1240307217137532932
1240307216089055232
1240288115614498817
1240039983840481282
1240008824108572674
1240004784410832897
1239946279645560839
1239946278370447360
1239714988639629313
1239666789090549760
1239626853960343552
1239608548339920896
1239564158330441729
1239532306920099842
1239385003697614848
1239278970987782144
1238922801135976452
1238817269012148225
1238817265719693313
1238622330219356160
1238566071797452801
1238480639277576192
1238449769405714440
1238212237413830658
1238175266855424001
1238175266045865985
1238144571403575300
1238112757834227712
1238112757024727040
1237510494942085130
1237450510749372419
1237166417423872001
1237131701769375744
1236816317124050946
1236816315953958917
1236761216678268929
1236377646159798278
1236377645396496390
1235958175687495681
1235958174919909380
1235927610946998272
1235927610292670464
1235745328516775939
1235674309282213888
1235674308095115267
1235624038132846594
1235326051632525313
1235295887049576448
1234994852158300160
1234962638926483456
1234892825403252737
1234632505082499072
1234632501290831874
1234558067561451524
1234558064981938176
1234183331056619521
1233475175062130690
1233134711985319939
1233095103230750720
1233074349357359104
1232854892131291136
1232811562370523138
1231942878559113216
1231279684345892865
1228885709911732224
1228885708733124610
1228509196347478016
1228464336210927616
1228433828357836801
1227989548740861956
1227641648353554434
1227352863078219782
1227000273379438594
1226956104560758784
1226667236129148929
1226541047968403458
1225923502877892608
1225858914652237826
1225476449467019265
1225426419704123392
1225245918498344960
1225149713919414274
1225149581790515200
1224874931399413761
1224863982441451526
1224775585756524544
1224775413576163328
1224694301256491008
1224472895214231552
1224450770050748416
1223420677681827840
