1286050815468351491
1286032525090000896
1285994359742136320
1285973601460588547
1285760123298873349
1285707019106816000
1285663356419026946
1285651514418233349
1285631878259589121
1285601916840443907
1285344250943733760
1285301166528757766
1285266876948512770
1285235989720563712
1285018870919712768
1284947569936871428
1284865580378525698
1284591140772159489
1284544622195286016
1284334910149468161
1284280401830334466
1284254820883484675
1284188737145057282
1284156707170639876
1283925823951708165
1283877272366219264
1283846893722898433
1283816679240327170
1283786270678843397
1283561180276162561
1283552519952760832
1283494169323937793
1283472839379648512
1283430165071245312
1283163595916873730
1283122061108445185
1283091387924336640
1283061316475904003
1282794966922792961
1282733671645151232
1282702875181961218
1282419464164667392
1282374434393817088
1282331309684264965
1282084565167886336
1282011775098146816
1281966478372339713
1281760105470529539
1281709786854088704
1281679319610294274
1281649442693607425
1281622887909281792
1281423926686613507
1281362515713306624
1281333175030099968
1281302102011269122
1281271899474051075
1281247397272829955
1281008123751419904
1281008122618875904
1280981310236962828
1280953186761793541
1280922084911317000
1280886442961575936
1280664144103059458
1280642489217683462
1280596135355338752
1280558447738499072
1280529888924119040
1280280310144552960
1280241358372917248
1280211229538205697
1280181021275754497
1280163963125334016
1280132668227833857
1279880481144819714
1279822351916507136
1279792152223059969
1279552227196186627
1279435320908447759
1279188171998314498
1279156122134499334
1279097573068791809
1279069570419040257
1278842179096543233
1278810686915780611
1278780748145864705
1278780746166140928
1278754058258374656
1278723314475810817
1278723312328343553
1278538028424794118
1278481272487186432
1278470954105085953
1278440744714412032
1278414396637790214
1278380808202588166
1278357379952906241
1278142800773746688
1278142796889759744
1278142793538551812
1278142790854225920
1278072132262670336
1278043156945215488
1278017961270349825
1277991572349620229
1277759756585836545
1277731068083240961
1277723316405534720
1277700874584887303
1277677826523758592
1277637870438752260
1277347479411920898
1277300854157164548
1277271974230794240
1277021507856871426
1276991959941492738
1276960568369385474
1276923229035286530
1276906660968235010
1276666556878028801
1276636358409404416
1276609508098412545
1276589821537013760
1276575329591742465
1276542825581154305
1276320891878748160
1276294362419396614
1276257390434947072
1276225145544245248
1276192866050719745
1276177591486107651
1275909821179592706
1275879875111460865
1275847886954205187
1275818108154982400
1275583498301181957
1275534605689458688
1275498502462812165
1275498501120630785
1275474011594657792
1275455047468412934
1275179253512966145
1275141504605061121
1275112287444099072
1275089306701438976
1274796970914308097
1274743706155921409
1274401631317250051
1274368259136073728
1274124841516482563
1274102109525377026
1274069769570914307
1274037868621684736
1274006815219605504
1273797652124037120
1273740541029756931
1273703997254270976
1273673265966469121
1273645407441235968
1273633804821966848
1273620199787429891
1273389963762036736
1273359765993713664
1273330941025488898
1273303180655374336
1273279351803568136
1273057774998441985
1273020025754902529
1272990158707703809
1272967177268756480
1272941066870816772
1272941065998405633
1272912619247190027
1272912618420867077
1272912617208717313
1272682980222341125
1272647043589246978
1272630640626880512
1272605068081143810
1272578602224308224
1272534531099295748
1272296337053286401
1272223888278200331
1272196639382528000
1271912406910930948
1271865634889105408
1271823863048003589
1271593122888179712
1271557078809743360
1271533205125058560
1271502807967969280
1271474608273752066
1271245251936731141
1271202836383227904
1271170204794597379
1271149116362547200
1271118929696563200
1270846131770208262
1270819263608225792
1270809535347900416
1270789896253460484
1270747598249394177
1270732617504165890
1270524946201149440
1270462564955230208
1270418334673186817
1270378127143944192
1270132613265731589
1270083310564204544
1270033298950144000
1270019084797857803
1269441074809966592
1269375583999361026
1269347245448744961
1269294527233359874
1268998526463209479
1268988460095995906
1268968327516508161
1268955744663031808
1268927509653065735
1268688859145080834
1268663004305985538
1268623734623088641
1268575101999624193
1268256414176292864
1268227595608428552
1267986178814414850
1267861715850592256
1267647113556606984
1267605968617123842
1267605939621896195
1267557384962138113
1267525861617565710
1267486060151541762
1267189201537241095
1267189200685801477
1267189199821778944
1267189198982909952
1267189198085332995
1267189197250707465
1267189195707084801
1267116232978898945
1267116232060424192
1266827870283931653
1266780419443298306
1266534272019693571
1266484937026416642
1266445793654902784
1266445792618991616
1266436676366327814
1266403307171577860
1266397984528498688
1266140351225573376
1266105860843081733
1266074398789959688
1266074393291210754
1266037845350899714
1265782098906013696
1265732017033039883
1265704323390099456
1265677281344790529
1265460429205143553
1265424689335283720
1265424491640950790
1265380260016766979
1265349483015008256
1265319756825067521
1265306984829591555
1264956789495336960
1264668631092396032
1264608730387226626
1264367347558686721
1264248956764262401
1264220839890817025
1263991434069397510
1263990108786753536
1263948504352862208
1263931258394103809
1263907801270759425
1263907489764069377
1263899893116141568
1263862717720539136
1263596022019657728
1263564375669067781
1263552906151723009
1263533065663643661
1263522443466952704
1263492337004658690
1263295513874649090
1263272547006775297
1263235779435868160
1263197974634672129
1263187164155777029
1263180495552237570
1263175662031994887
1263142740524703746
1263131573534195719
1262918712723738629
1262828224884756480
1262801794889125890
1262771740406452229
1262575862546866176
1262555704503697408
1262499599182372873
1262452666388680704
1262424098526892033
1262415730668175362
1262145115646279680
1262104279977988099
1262056750481539072
1261792529361616905
1261723912699863046
1261723911722545152
1261693013497131008
1261674135421440000
1261501996445696000
1261484186621411333
1261484185585422337
1261484184348082176
1261426512286318595
1261401850953101313
1261356971929763841
1261311311323041794
1261138478059925506
1261138477279858688
1261138474062819329
1261100833447579648
1261054221056696320
1261023660275531785
1260995249536729091
1260966074612436992
1260743654123229189
1260695730852966405
1260695729229705216
1260668638874537992
1260645358364839939
1260626688209231879
1260591305060687874
1260389299708624904
1260371216688451586
1260336273065197568
1260336272154996737
1260336271379103744
1260318658091417609
1260308895756673028
1260268763322220545
1260238308342403073
1260011490746105856
1259966718534918151
1259946004478144512
1259906314475581446
1259877490828460034
1259615120197632006
1259572448137281537
1259526554536771584
1259256836303314945
1259219691677114368
1259188889622904833
1259160179335102464
1258933111993270273
1258879350100897797
1258867535606353923
1258849150805970944
1258819343346999309
1258789572516941827
1258572936304381953
1258501867560198146
1258483100323123200
1258464113207832576
1258441983728726016
1258426561369382918
1258186684174405633
1258154222073319426
1258149772634062849
1258109776988377088
1258086747239583744
1258061985805209600
1257819251219607555
1257772439385313282
1257754994972987402
1257725710904496129
1257710559287554048
1257710525213007873
1257519719290109952
1257470296925274113
1257437473262755840
1257422373319593984
1257407353667846144
1257392049441079297
1257369527349907466
1257338770849964032
1256988207511732224
1256679680444436480
1256637127036731392
1256607101528485888
1256390328556412930
1256332970245320705
1256332967128920066
1256328916903399424
1256289785666297856
1256274770607452163
1256256267171049475
1256256266353152006
1256256265577205761
1256256264235094021
1256245009990500352
1256011588726853637
1256011587942600705
1256011584650063873
1255971608038178824
1255954027281612801
1255938472738684928
1255922153150611459
1255889787787120645
1255877372466905091
1255633403187204096
1255587660459986944
1255560260431106049
1255543032805539840
1255542911049097224
1255533148819070979
1255309459993362433
1255263222099324929
1255255975159894020
1255233463785054210
1255217941517422592
1255195369476173824
1255162908453019655
1255162907329003520
1254955442079436800
1254955440749805571
1254868251051544576
1254843088406749185
1254806469133901825
1254787996085186561
1254515767007154179
1254500619651624960
1254478611287027712
1254455292844269569
1254439321224065024
1254145225041285122
1254116230690152451
1254075348737720321
1253831148972711936
1253798602062925826
1253782469972819968
1253782468404142081
1253750167653711873
1253730423982743552
1253711813876858886
1253515999531450375
1253488710768877569
1253488708705226752
1253466179978567682
1253447917119176711
1253447915558916102
1253411563429441541
1253391736803598337
1253369336498212872
1253351118425423874
1253109284776402944
1253079264611704832
1253058800828940290
1253043394252849154
1253034696088453121
1253020745459920897
1252997451084107777
1252985980849655808
1252742783426854912
1252742782264971264
1252702859403112448
1252686598589816834
1252659847440543745
1252628417134067717
1252611350318252039
1252386303271817219
1252345258777559049
1252337241797599233
1252309149737725958
1252309148722769921
1252309147615363072
1252281686215348226
1252266763305267200
1252047901943005187
1251941826631696391
1251941825746817024
1251907727930073091
1251661045275463680
1251661043044098048
1251619027857936384
1251619027010666501
1251619025760792584
1251549980906729472
1251271060265320449
1251239078462394371
1251220434856693761
1251193710831943680
1251170761924018176
1250955522368512001
1250931941047775232
1250911702587228161
1250876958977732608
1250852788000698370
1250852676881059842
1250831250509705217
1250801137592217600
1250642400340594689
1250618427083042816
1250615956616949765
1250614882879365123
1250614257378607105
1250613828716580865
1250613827923783681
1250612718580662273
1250611495752421376
1250610481116712960
1250610480449814529
1250610479552233473
1250609474840276998
1250609474156597249
1250609473443508224
1250608429904859136
1250608428868829186
1250607875199766528
1250607874075697158
1250606966378049536
1250606965526593536
1250604491960967168
1250603152912584705
1250602300441341952
1250602070413017089
1250598486380359681
1250590373656879106
1250546041214001155
1250521778914381824
1250499130121740288
1250471833964601346
1250439425521147912
1250237378557607939
1250184271656030210
1250154282005016579
1250140701435793412
1250100978575179782
1250078478722052098
1249801516069896195
1249762581285347328
1249715117723443200
1249357484566945794
1249050537120739329
1249004509319303174
1248718095553830920
1248705689813422080
1248704905814183936
1248683645256294402
1248666105486458880
1248665988788256769
1248665864590811139
1248626436102950921
1248432037792342016
1248345403663290375
1248316824195907588
1248295439499223040
1248285639151321089
1248272327240007680
1248036799592706052
1248007011024769024
1247978256655093763
1247978133485236224
1247962789873881089
1247931684294664199
1247906601010421760
1247688344374558725
1247641738489061378
1247632769708146689
1247594028423667712
1247566045184917504
1247566044039962626
1247563037936140288
1247544941074669568
1247302311724146696
1247267183429853184
1247243809177640961
1247230643756466178
1247208605985779713
1247184010121564160
1246838721854521344
1246569904385536002
1246488046331101185
1246466723701719043
1246228331076427776
1246196497676292096
1246167793265004544
1246165463333253124
1246138055897071617
1246137948460011520
1246137792780013570
1246106364444893187
1245830426138226688
1245808722259083265
1245790640811773959
1245778102401335304
1245741098573746176
1245494746598051841
1245489043292504066
1245475751585107969
1245450772948627457
1245434748350205955
1245434428316409856
1245434051139440640
1245415134786465792
1245376984273879051
1245185308003635200
1245146567365070856
1245137237718818816
1245105533629222915
1245092600220192769
1245060870989905922
1245038032929075201
1245014424148213760
1244796970356613121
1244782226237243392
1244749796562423817
1244722739442827270
1244685384682016768
1244663775699107844
1244420224125997056
1244323966291976196
1244051486369361926
1243949854612762626
1243658328888180749
1243658327483133953
1243632451546681349
1243632005088260100
1243612542750130176
1243588610185744387
1243554624017248256
1243396438593122312
1243310673846771713
1243257500847259649
1243245092556726274
1243221009601200128
1243191529017049089
1242993395024494592
1242993394026233857
1242993392923086848
1242930154755817472
1242913265388335111
1242895316959010817
1242874686675050502
1242842748895531008
1242671941586227200
1242643038138220545
1242611937797701635
1242560953046175748
1242531063165050880
1242506095169544194
1242477635957067776
1242477492235128832
1242250266013040644
1242250265102823428
1242250262917591040
1242219256445575170
1242192617489776640
1242160185847812097
1242160183922524160
1242120988084535297
1242106427159638016
1241843472447016961
1241791856414990342
1241755564922810371
1241511076749082625
1241483529864851464
1241420275251634176
1241385317707415552
1241192058632704000
1241141709410533377
1241095104192004096
1241095102497468417
1241056969370238978
1241038692271169542
1241016901385543680
1240827454866030592
1240804302207229953
1240758022512795651
1240720244303376385
1240694563259314176
1240686520299704320
1240649955926331393
1240443276743843841
1240402105959165954
1240396315487600641
1240374838549712899
1240353442092253184
1240348290480312320
1240329730387316747
1240314032856469508
1240271947885350918
1240131851114725377
1240120413008642048
1240054168888528896
1240028495914434560
1240002783270580224
1239958104076419073
1239938100719165440
1239922465696092162
1239678989515571200
1239649206320627715
1239606557182230534
1239564447611584512
1239542828285472768
1239368173767536641
1239206535550717957
1239019483739688960
1238924705937186817
1238924133280485377
1238850219099467776
1238694980987883523
1238654851850141696
1238621645071400961
1238602079373012992
1238541929303998465
1238501200049385472
1238450542759862272
1238244616987652097
1238242693207244800
1238241427898982401
1238227235850641409
1238213472929886209
1238185726472314880
1238185725339803651
1238132469267865601
1238084014331887617
1237918819928158209
1237868560308776960
1237849871735902214
1237826030737534979
1237783332513034240
1237764313596801025
1237513246657085446
1237481690005745669
1237453275584176134
1237418097470058497
1237370118671384576
1237159229586313216
1237133449749762050
1237087724080967680
1237075566580334592
1237033755975602176
1236761174940831745
1236706173606338560
1236387350177071105
1236387345152315392
1236314830048501761
1236129666605502464
1236062136847282176
1236011484620165121
1235998372240207872
1235968824463237121
1235715853326446595
1235715851552059392
1235669140511154176
1235639295781765120
1235623455166365697
1235593414667833345
1235577765442748416
1235398443046178816
1235331654320873472
1235272975445786624
1235264756115820546
1235241581730508800
1235221532797997056
1234997071674925056
1234953759064760322
1234906471156064257
1234891588813324289
1234595972136808450
1234551388430045186
1234512979183493123
1234163043929595905
1234163043115945984
1234163041744424961
1233903211548901376
1233813113948057607
1233549050181541890
1233481994253864961
1233443650501332993
1233443649515597824
1233425587315892230
1233186824350314497
1233149604276981766
1233121140790394883
1233098727306518529
1233077947508183041
1233075805850394625
1233075540883623936
1233051347630600194
1233041924715622400
1232860907124002816
1232860904355696645
1232831028458332160
1232831027443372032
1232778697364705281
1232736594559471617
1232701593885085698
1232678727290626050
1232457005685624832
1232413660515119106
1232370297942237184
1232354391077904384
1232337133190471680
1232095454374043661
1232065790268104711
1232017343582285826
1232011313309679619
1231968821868711937
1231701244235993089
1231652200604196864
1231373806503108608
1231334789728407553
1231320757311090689
1231312628888240130
1231274873386946560
1231253150008565770
1231024235876884480
1230985559788728321
1230960660139433986
1230960659212521473
1230960657857753088
1230903766037204992
1230887302165139457
1230887297886965760
1230624255055933447
1230593051497836544
1230557186675245057
1230532183154143232
1230532182243979264
1230532178590806144
1230532174845181954
1230237671651512323
1230213752873680902
1230169857112625152
1229984107666575362
1229898312192593920
1229872648315920391
1229840273217331201
1229808266068320257
1229517326506131457
1229492531622273024
1229451811389673472
1229260793667051520
1229110875136589825
1228759066291384327
1228719011078328323
1228479785476804609
1228430792294117381
1228395684803600395
1228354572676190209
1228338170460282880
1228076252575256577
1228042943627513859
1228042701834199041
1228013542063976450
1227996930418016257
1227731982630649858
1227717955091337217
1227685990183112705
1227644957483315202
1227628926740115457
1227622696089006087
1227355568643432449
1227331354389614592
1227311860032196608
1227302957114417152
1227281841708830726
1227265623866191872
1227239842888790018
1227013645634285568
1226975761749495815
1226951733848481801
1226930806230220800
1226899631466041344
1226732800197328896
1226554527115096066
1226554521184325633
1226300246818533376
1226182841337290754
1225872776969543681
1225850745834082306
1225836690696232960
1225808861824765952
1225621241895247874
1225605680444444672
1225572682856574977
1225558286776356864
1225558261207896064
1225550213533896704
1225533081542647808
1225505691076444160
1225498192747388930
1225494367755960320
1225449443463397376
1225192389918195717
1225126908263792641
1225090015761518594
1225073308753977344
1225071584836276226
1224908793403904000
1224907962831069184
1224907961870491648
1224845588677758978
1224801295304884225
1224769541747724288
1224738540808036353
1224528151897919488
1224489205251878912
1224429898808295426
1224404587920220160
1224363845646475266
1224103022017613826
1224045287884361728
1223792190687760385
1223667568227033089
1223644305601986561
