1286064213669163008
1286036845654970368
1286001888090095616
1285960054575902722
1285959985864867840
1285959896324866050
1285744503299747840
1285744501810778112
1285744500493758464
1285741857285251072
1285741856291266560
1285683577678700545
1285671802149244929
1285285482428014595
1285285470910459904
1285285445052530690
1284854566337617925
1284488091135291392
1284459824311304193
1284233053209067520
1284183403533828096
1284152257592926209
1284113120558895105
1283835682503393280
1283833730260447234
1283814936725131264
1283813861100072961
1283571081236885505
1283431421739241472
1283406032711094277
1281666811008897025
1281317901287424000
1281309832025423874
1281244011982917632
1281074081895497728
1281073902790348801
1281007072914608131
1280888758137651202
1280542181208608768
1280542170882232321
1280542160157388800
1280542152959897603
1280539047140765696
1280495370473177090
1279521309106593792
1279399813365166080
1279061006442999808
1278723859772895233
1278702197405081603
1278698957770764295
1278698955946315777
1278697181038489607
1278697179138359296
1278683470122942465
1278485173655547904
1278432679999004673
1278372070385221632
1278372069563142145
1278370453762052102
1278370451497066496
1278342255460352000
1278023580475887616
1278000195981193221
1277980429136523266
1277974183985594369
1277974117816266754
1277769170701164544
1277676754526748672
1276694741640503297
1276659536603033600
1276618031767183363
1276617813675966464
1276614331657007104
1276567857309143040
1276276971035668481
1276276233572167683
1276247478678011904
1276235452786368512
1276229896080162822
1276206151483437064
1276198469636460544
1276162710703616002
1276162684178894848
1275937072877092866
1275863506076733442
1275824683116617729
1275813482043191298
1275243915877195776
1275161738481147905
1275161389385101312
1275094786484113408
1274392596874395653
1274392016911306752
1274386671958724614
1274386671027585024
1274386669601525761
1274380391059804161
1274081015997267968
1274080389993299970
1274044840460914688
1274031634489229312
1274002853611307009
1273774821562777608
1273754399823757314
1273705500820090881
1273656802895433728
1273317713637670913
1273301386026012675
1272946066724392967
1272596684992909312
1272591128269934593
1272591122372665347
1272585818981441537
1272566438176358400
1272556121279148033
1272556108071276545
1272556081458356224
1271884739830571009
1271525657500139525
1271487654656434188
1271429776402776065
1271166578579648519
1271165137400070144
1271158888633643008
1271157638533992448
1271136914100367362
1271130314497232899
1271112881921196035
1271112853756481542
1271112566421557248
1271111017410461698
1271086596243283968
1270924040396517376
1270924023099162624
1270848013460594688
1270776539542695938
1270760994021801984
1270760919233171456
1270722545222733826
1270453313012740098
1270453040735232008
1270450277448142848
1270448031075352578
1270448029502496768
1270416621035806727
1270400608688881664
1270351091327209472
1270350987073552385
1270350909533556738
1270350404677783553
1270349102195277825
1270143573099458563
1270122571267223559
1270016774780719107
1269252702107832321
1269066821170323457
1268982693209006081
1268982683868237831
1268982576552738817
1268982551596740611
1268929478509633536
1268928066878943235
1268699881868230659
1268656443517009922
1268601986997460994
1268585019649462272
1268585004898148353
1268584996266299392
1268578105590980608
1268578104777363458
1268576545968394240
1268576205999144964
1268354091408908288
1268353955865772033
1268303446593220611
1268303427744026631
1268258326439231490
1268258325835235330
1268258322953748481
1268258322173616130
1268245099215020033
1268244965697761280
1268244907183034369
1268244866728935427
1268244429955043329
1268244383171776512
1268240752225779713
1268218778615242753
1268210866320740352
1267933575200079872
1267918170599370752
1267847953793892353
1267834175656083456
1267819487543230464
1267797167554650112
1267544507299573768
1267525088208990210
1267504605824499713
1267500677300920327
1267489054616096771
1267471213204570113
1267440764939886600
1267317357778698241
1267317295661166592
1267259177472348161
1267169760955039748
1267169515223252994
1267145654758969344
1267145649977466881
1267145574601699329
1266816341677412352
1266480150503399425
1266480090902388737
1266480065669447686
1266395714436898818
1266395606400020482
1266395606244896768
1266395606244823040
1266395606236397573
1266193899963416582
1266136169785540609
1266104764699377665
1266013674680041473
1266013656892035072
1266012268925509633
1265808868929609728
1265777423095865344
1265665500501196801
1265665499196727296
1265665497980379136
1265430168119717891
1265427318488608768
1265274062701461504
1265274045848858624
1264904298770694146
1264626677923090432
1264041079344685069
1263970542660485122
1263965446954536966
1263880304260984832
1263873466056482817
1263873248586018818
1263835276306255872
1263659796810682369
1263605980723589123
1263600984439304205
1263592214157918210
1263516885309669376
1263160069350469639
1263159198319366145
1263158345168551936
1263156526384021505
1263155453363728386
1263115130654593024
1263093114752860168
1262888534526083079
1262883139191521281
1262852226298580993
1262848708691079169
1262843222663053313
1262818696554307585
1262744077826527235
1262456668798976000
1261490777865293824
1261436671083655168
1261414730847023104
1261382758405935105
1261310601210605569
1261310370397839361
1261306650893389824
1261110206458736647
1260938199620374535
1260749840528662529
1260749832093929477
1260749830730776581
1260616545870344192
1260606464290361345
1260606462373609472
1260315725983633408
1260302016183762946
1260288077395890178
1260287759794802688
1260260029711736836
1260215116244692992
1260214959230685184
1260214761079398400
1260208631842320391
1260203972570361861
1259976798802231296
1259974681693761538
1259974639582838784
1259971567385300993
1259908735646019590
1259893306034720769
1259886675687288833
1259884625150738433
1259884616250544128
1259882436693045249
1259880914244567040
1259872449103106050
1259872444363440129
1259559070161395712
1259516939745071104
1259516901128114176
1259116640404492289
1259116572549013506
1259091748787122176
1258904044753629186
1258902032737611776
1258877263921197056
1258877262805504005
1258866125665861633
1258843954402988033
1258819454202286082
1258792663035326466
1258792645704499204
1258792634686062594
1258769933682511872
1258535302664093696
1258449225182044161
1258434358828040195
1258200184644829184
1258199330395168771
1258071415858790402
1258028621018664963
1257840229672763397
1257838046566899712
1257830600033087493
1257830491669123072
1257770594390728709
1257704484333137921
1257657548586377216
1257649349514989569
1257496920286691329
1257496903652200450
1257399777375006721
1257393731495440385
1257372194440712194
1257369779897274368
1257342066264346624
1257306508166967296
1257306219582074880
1256636315313090560
1256621765570244616
1256609360920350720
1256414685668216836
1256352786008231941
1256322607126736896
1256315032448745473
1256314702046597127
1256311530506858496
1256307654709960704
1256306660634578944
1256273499628408832
1256225979615363076
1256053761585405952
1256053466906218499
1256053441668972544
1255878104591056897
1255868390109057025
1255609288862707713
1255607344974659592
1255607329501962242
1255601036020142080
1255601026012413956
1255579786094809096
1255285707955933186
1255281934936297473
1255272898530611203
1255253526508376064
1255253317531418626
1255253271566004228
1255253185587023872
1255250645306802179
1255250591850336257
1255250463001362440
1255243709274259460
1255143718992007170
1254928793434820613
1254928775143477248
1254928730578976770
1254916755715211266
1254817708597747720
1254816072722767872
1254816039839432707
1254790248069951488
1254763006593912833
1254762622559412224
1254727619901259776
1254724441256460288
1254721267086888961
1254641312600555520
1253846592291049472
1253842715214741509
1253837129874059265
1253782540923609092
1253768597995950085
1253753874348990464
1253737356190011397
1253728521236680705
1253725331632132097
1253718732800745473
1253717858368073731
1253715252119769090
1253713666488315908
1253711950808264705
1253707761940156418
1253677170880372737
1253471960090267653
1253419681760735233
1253111769674977280
1253111768269885441
1253085757948002305
1253085426207862784
1253072544711786497
1253063162162745358
1253046986871386112
1253005554362068992
1252999293310566402
1252700786414452736
1252700659507433475
1252653462241849344
1252595958686388224
1252373790174048257
1252355120009842697
1252341227338584064
1252341212599615488
1252331452949245953
1252316892825559040
1252315806584766465
1252313150076194818
1252265659091877888
1252254090165465090
1251937612065116162
1251661515435978752
1251322555069235204
1251299730824495106
1251299729629216768
1251299154854400008
1251280937536503808
1251248731766349829
1251246676444098564
1251207363287269378
1251201833441337344
1251145056167186432
1251125815313600516
1251125809710092289
1250982544113233920
1250982537217871873
1250982530737676290
1250877033804152832
1250557074125336577
1250553487471063042
1250541886001025029
1250523620813746176
1250512596811251716
1250483221873254400
1250479805025435653
1250445526174257152
1250439939642101761
1250439319040348162
1250236617824100352
1250236455915569153
1250236439129964545
1250225520220024832
1250224719619600390
1250224587318624257
1250194280209055746
1250178386238083079
1250021918486540288
1250021916968128513
1250020918522523648
1249809139674624001
1249775831360167941
1249773679984214018
1249771887179300864
1249753257964158976
1249721954673790978
1249702430087970817
1249471875220148227
1249386144854421505
1249385635376508929
1249339944012783616
1249339936890912768
1249079345500565504
1249056384227966979
1249003731527643141
1248982913611423744
1248982874038173704
1248982822414671874
1248824431683809280
1248793339320840192
1248788803294199808
1248788578932572160
1248763145365204994
1248719301504352258
1248697453022511105
1248674970164748288
1248654091464642561
1248646675251564551
1248646563595005952
1248430301837025281
1248430030222266375
1248337975123087360
1248332465460203528
1248310206225760256
1248310200660111360
1248310192472829958
1248274047538003969
1248248762624954368
1248241698037211137
1248224382113255429
1248224313347584001
1248222675975180291
1248103297992581120
1248102468485033989
1248088990013587457
1248088839970869248
1248077761383727110
1248077607888998401
1248077555246272512
1248077496798646279
1248076289656979456
1247978186014687233
1247970823908085765
1247895085858975759
1247894274953248769
1247894256611495941
1247893293528014852
1247635960868802565
1247619775758512138
1247571012910227456
1247563077786230785
1247553090590584833
1247552926383562754
1247552847522205696
1247552805419855877
1247552033386827776
1247551318677471233
1247550305073496064
1247536535777366018
1247532754327056393
1247532661943328769
1247528541027053570
1247314659100839937
1247290872665948164
1247265041205821440
1247264503764566017
1247264465994874881
1247264416858607618
1247224106656940032
1247222737950650368
1247205702071975936
1247205627144921094
1246985549904257026
1246981056902967296
1246909715495477249
1246888482766807041
1246529399312318464
1246495318813933570
1246221873047842830
1246220586310918146
1246212276228587521
1246168124514283526
1246164315301969920
1246164149585022977
1246157156346466307
1246148413164576774
1246148245576921091
1246113166205038593
1245865071915315200
1245863991068393474
1245862169226301442
1245852473912262656
1245826738074071041
1245823164376133633
1245810710183059457
1245807358086983683
1245774190235582464
1245748239225282562
1245731716322471936
1245731615952822274
1245731441146765312
1245726586629996544
1245726565528371202
1245726534545084422
1245726462625353730
1245531536755232768
1245505177966297088
1245441568963809289
1245441550307426305
1245441542317375489
1245410851508674562
1245396752338993153
1245390609931788289
1245388533298233344
1245366245232381952
1245366232389468162
1245350371112947712
1245349993923383296
1245349943621099520
1244767081398181890
1244761413161279488
1244761352700297219
1244701628516761607
1244701534937628672
1244701471679090690
1244693066377805824
1244654725489930241
1244654427480502274
1244654325345005569
1244652558637039617
1244652549543772161
1244652171351724033
1244643655702495236
1244600660366147585
1244600390244544512
1244600303552528385
1244600234052853762
1244415078243479562
1244384884405215237
1244311524803477504
1244062861678333954
1243998497319391236
1243643218287304705
1243608542340427778
1243603785446051840
1243582500561129477
1243558273925754881
1243558252933197830
1243557868403646465
1243557673863438341
1243515734531223552
1243515684748959745
1243302061980168194
1243289065048473601
1243268790135197696
1243268741783326726
1243241755580993538
1243235490754633731
1243235309099384832
1243235246952329218
1243231201747402754
1243224944856707073
1243216803725299712
1243216780694355968
1243216762449154049
1243216745965518849
1243216728689164288
1243216720602505217
1243216682597875714
1242852600371974145
1242603914496749577
1242603890052345857
1242603874839605251
1242603858389536769
1242588345143828481
1242496645520031745
1242496617946718211
1242493082811187202
1242490250255110145
1242490248090865670
1242461816841744387
1242461475366633473
1242456922814648320
1242259646406164480
1242163776528560128
1242157719483801605
1242157496883699712
1242157462708523011
1242157437517541385
1242157348975718406
1242157329774247937
1242157310442643462
1242128949355917316
1242102835078213632
1242102275465711622
1242102118674313217
1241905318466064392
1241883280175136768
1241852073978847233
1241847714897448961
1241847496353165314
1241442319196467208
1241442209993494532
1241403278929334272
1241403206279802884
1241403191956209673
1241403147471511553
1241403085404209152
1241403050364895232
1241403010695204864
1241402950200823810
1241402932601503745
1241402916675690496
1241401841629487105
1241401488016105473
1241401339533504513
1241389511218794498
1241389398878543872
1241334521586487301
1241334484991127553
1241148487829520384
1241025069658374146
1241021548644966401
1241021250035757057
1240870307935682561
1240870294555897858
1240870272045133825
1240870183641796608
1240870166914912256
1240870141295984640
1240870081044889600
1240869985729339394
1240869972513079296
1240869686650310656
1240869304947683329
1240869271569391619
1240868879540408321
1240868803669635072
1240839967309475840
1240645746577285122
1240645709914931200
1240644865467219969
1240361862094413824
1240341144334106629
1240336909584433152
1240319937450848259
1240319719598669826
1240303127561150467
1240303100558278656
1240303063904194560
1240288239258304513
1240288201056694273
1240288101307748358
1240288062967595008
1240287978804727808
1240007460238307334
1239982671708721152
1239665642455928835
1239363715302076417
1239363647526383618
1239357239594541056
1239356315929063424
1239352290483593216
1239352246749495296
1239351155945353221
1239342236053225472
1239342155187064832
1238127097153032195
1238124715346190336
1238107340852858880
1238104802128732160
1238097904482619394
1238097858911449090
1238094013086994433
1238093991150784513
1237927477999271937
1237493416986058752
1237490162126532610
1237489864028893190
1237451605395505152
1237451594041561088
1237451578975584257
1237451418036027398
1237075556618960897
1237060858653573128
1237060703380529153
1237060656278446081
1236870161937858560
1236421328657317890
1235946373364748288
1235945960301346820
1235354909006061568
1235354850969387008
1235017033110216704
1235016629811105793
1235015414243094537
1234915013481111555
1234914986432114688
1234587195773739012
1234565588074291205
1234565507950530561
1234536028352008193
1234535974333550605
1233829290329772032
1233806639028822016
1233776439574638592
1233759337018990592
1233759336037568515
1233604581390725120
1233505759389986823
1233491093238566913
1233445431683829760
1233394955508502531
1233394954015248384
1233217900523159554
1233164014303285251
1233147216593854465
1233144382976643077
1233135305072554000
1233134107124805632
1233130412068786176
1232731054764691460
1232731053850230786
1232718601154633728
1232685223143510018
1232446635591909377
1232446634555953152
1232429699940352000
1232428357142405122
1232427738063085569
1232427182804361228
1232427121181630465
1232427093742497793
1232095679285223425
1232056327377170432
1231992561088258048
1231978472945397761
1230920618343849985
1230885863011364864
1230885414996713473
1230854368817242112
1230854296595521536
1230578400378675204
1230164378936389632
1230143898359664640
1228363239660101643
1228337452219281408
1228033160845414406
1227982651178586113
1227684177560162306
1227684045120655360
1227611073811013634
1227610840960000011
1227249742301794306
1227066554258460672
1225985975010185216
1225794171019112449
1225503709406355462
1225503521442799642
1225503371605483520
1225500516173668356
1225500504505057280
1225500488453500929
1225196966205968391
1225149995927703557
1225123527411617792
1224919154106490880
1224803843545927686
1224798426157719554
1224689625534431232
1224477737236168705
1224396835781038085
1224396722480340992
1224396594805706753
1224079809539727360
1223398822744920064
