1286069193671155713
1286047295520362497
1286043010883616768
1286039235716423682
1286000724078481408
1285719098694008838
1285702732419039234
1285668449931399170
1285585143655260166
1285368071704674310
1285302299582136326
1285216334398345216
1285003981262147584
1284906742346907650
1284627881784676352
1284627880178319366
1284359336618336256
1284277695933710338
1284213564413222922
1284153220399542272
1283901199058636801
1283868715294105600
1283847410716991490
1283847409018245120
1283781949920874497
1283566849163239424
1283508374294929408
1283471194705006593
1283470236935696385
1283449864077160450
1283421679440605189
1283174786479398912
1283146961537900544
1283121691548364801
1283121690093002752
1283084913378496512
1282699384963174402
1282388511769923585
1282092068991643649
1282031383054102528
1281620569256087552
1281331161093025793
1281316626198077440
1281288045560561675
1281241609569546246
1281237967294607363
1281015207612035073
1280992576980561921
1280965062182817792
1280867207468236800
1280614807037718536
1280601364058554373
1280572296961363969
1280511159955849220
1279844513167618049
1279462607477506048
1279174390735929351
1278815340198313985
1278447062351306753
1278442077525815297
1278409866441363456
1278355841196929025
1278116485995663360
1278043627281952771
1278040698588143617
1278039314648227840
1278020445942493184
1278008979533303808
1277987325281218560
1277966570984099844
1277956324198887430
1277955104482775041
1277757893987700738
1277703891463933953
1277703424008740864
1277675249971191809
1277628788109606913
1277367951121932289
1277031134262632448
1276954517662306304
1276645823783321601
1276598831434563585
1276562956730290177
1276524034566520833
1276201899553939458
1276151974661062659
1276151890926022658
1275919868735492096
1275916107430445057
1275900163299643396
1275845353514950661
1275845352361537537
1275844879311155201
1275594474878615552
1275548574273716225
1275496837634457600
1275184207422263297
1275105710221791232
1274855136054202368
1274482914630270976
1274374052975652865
1274161826092273664
1274100146222096385
1274073128432476160
1274057752441171969
1274017006795345921
1273990204576202752
1273752696525291520
1273708524225409025
1273668802740457472
1273644251956510720
1273621703625715713
1273364536146493442
1273344315306192901
1273329357851893763
1273328949830004740
1273315556440059905
1273309116618899456
1273309114546958339
1273286564282589187
1273283734339452930
1273042061483261954
1273008345545347072
1273008343049809920
1272906596381753347
1272649744242937856
1272649742875492355
1272575093881831425
1272546232007884800
1272534862155657219
1272342093868957697
1272279350755373057
1271943934550425601
1271831888769028098
1271831887456190464
1271616363874975745
1271481551021359107
1271253358737842176
1271201810448072705
1271143080209547267
1271096224880513027
1270901565956796419
1270848077058973696
1270819801766793218
1270531642134876162
1270472578625388546
1270372360613515266
1270365800541667328
1270149108041314306
1270120298696847360
1269809117696163841
1269739408485502983
1269685322654367746
1269459061164183553
1269374000762744832
1269317880828526592
1269282449529409537
1269281909831589888
1269004415589105665
1268991818177413121
1268949250228051969
1268552515307671554
1268326328085995520
1268298467740393474
1268290126771339266
1268286667108102144
1268261732784525312
1268241790475407360
1268227434366808065
1268211039004495875
1267987412157857793
1267946289343410180
1267829944479973376
1267609583503237124
1267557556123308032
1267205012339425282
1266847015167811585
1266422240071094273
1266379192419192833
1266109467109834755
1266056729395068940
1266010391181746180
1265733855878754305
1265663350253531137
1265457173905256449
1265426334760787968
1265350495415173120
1265084269409558528
1265003393476673537
1264662761335857154
1264618781411770368
1264345538310344705
1264318438530527232
1264256498915594240
1263959777677279232
1263880542107426816
1263834163809005568
1263618046498914305
1263539552586694658
1263485386136879105
1263244383924649984
1263193001561595910
1262805153922629632
1262763021937586176
1262523652731518978
1262523651871715330
1262505411078479876
1262426480044318721
1262101077320544257
1262064827041808387
1261815182231306241
1261729297494151169
1261464578237460482
1261408318058348546
1261378629767839744
1261340969682776069
1261050580241387521
1261018999581814787
1260948847783817217
1260743892053434368
1260641953638764544
1260613144822628354
1260381712271519746
1260314353900847109
1260291724255133698
1259963965095981058
1259891319985635329
1259549543399636995
1259273159632699397
1259198459015462912
1258882687898726400
1258841286620176388
1258774628379635712
1258517343635832835
1258505271040602113
1258457758791282691
1258403151331426305
1258206917840769025
1258169916244537347
1258155575487205376
1258131861085270017
1258085912694702080
1258029587025596418
1257830167378046977
1257784133243281414
1257714890099298311
1257681557902577666
1257483148830498816
1257448510762385411
1257418444967940098
1257365807476150272
1257358977689681920
1257002346653106177
1256723590449442816
1256658980023275526
1256335786380648448
1256298402884788225
1256275428416860163
1256252480217808896
1256011868100939776
1255966404714651650
1255935008138821634
1255887135187623937
1255593731853516800
1255584543354093570
1255515789974802432
1255310095312982016
1255286248295608322
1255204504783462406
1255159504523743234
1254929217743212547
1254888065555980289
1254809129186734081
1254544032103104512
1254510883088347138
1254202028839952384
1254134835918114818
1254064874847641607
1253859773549809664
1253821521782550531
1253800994925948929
1253764416434307073
1253742831639896065
1253721412914810882
1253497693617500161
1253475629862924289
1253451721298317314
1253433240506925058
1253367425451646976
1253362479125745667
1253337596987498496
1253129406454935552
1253062116015247361
1253052699823800320
1253032286091698176
1252985175191019528
1252752588094791681
1252733504418459648
1252644523907391489
1252620045718441986
1252388518162124801
1252355856928174080
1252292895387893761
1252243276440240130
1252032607803629570
1251995776810614784
1251941179773669377
1251712691946901504
1251692058521337858
1251575386892271617
1251183540945014785
1250865080100683778
1250806901358673923
1250610301122338817
1250457922359963652
1250222045268451329
1250137981341614082
1250086014640685056
1249823360562991105
1249794053362892806
1249754718672433153
1249719507930828801
1249719506890625024
1249436591208173578
1249388580331491332
1249024269964771329
1248655224262270976
1248438869617455104
1248337744058707968
1248311913261469696
1248311912510652423
1248076012505698304
1248015061785825282
1247985903156551683
1247932972180832256
1247637833667563521
1247587285257850881
1247544638342381568
1247329706992701440
1247299103484186624
1247222540126355456
1247214870052962306
1247191521612488709
1247191518601007104
1246859423018102789
1246527440916295682
1246250783978459136
1246215655684177921
1246166698857771011
1246084275100884992
1245884534278762497
1245791915947298818
1245773903399706624
1245725440901251074
1245452023253917698
1245397711215607809
1245389245612724225
1245362228964048896
1245362227365974020
1245111726242136064
1245040279335428101
1245006079366443015
1244776758064406531
1244726524865110019
1244654192540692483
1244398205279887365
1244335557184049153
1244096436653998090
1243993901830193152
1243648087559671810
1243601428955856896
1243576768231063561
1243316874676502528
1243309437332459527
1243286550517026817
1243236417658138625
1243187219835293703
1242977511463620608
1242941952796082177
1242913362540990471
1242877963470856192
1242864494264627201
1242841163813597184
1242819713044033537
1242626202050932737
1242626201199542274
1242598111257792512
1242572613727260679
1242549325898678274
1242516990729863169
1242492094461153281
1242467761068138501
1242266790308257793
1242243595991748612
1242190356806057991
1242181459353403397
1242178529166602245
1242166145345630209
1242114671798300672
1242107884214910984
1242084777404047360
1241907858725371905
1241871446453956610
1241852988215476224
1241798658686963712
1241749878444822533
1241745576775073793
1241563064392208384
1241494408538832897
1241411481096392705
1241406169211645954
1241363635768832000
1241180977709359105
1241140576738775043
1241136996963278849
1241111713883324419
1241102554240557061
1241084154294554627
1241067238712578050
1241047530668019712
1241042897262317571
1241027772509835265
1241015718025494529
1241002871946166274
1240816537482792961
1240750792044404743
1240699635435372544
1240667134486855684
1240656593693356032
1240444827743014915
1240398100319145990
1240324679862226950
1240261758922653700
1240060227384422401
1240039890127065089
1239974929623216130
1239962603524255746
1239948268957839361
1239910124304678912
1239678270804762624
1239677178901663745
1239593260567363586
1239585425410404354
1238949406176673799
1238691043173904384
1238576183375269888
1238521732144775168
1238219508889812992
1238219253800722432
1238195747931242505
1238189266544611328
1238146689858506753
1238117415122284544
1238116031069073410
1238092288431095808
1237899607776153600
1237865885693382659
1237853309349670912
1237827828344926209
1237810403314466818
1237794941566431234
1237785632866480129
1237769257318002690
1237733189650714624
1237488227784830978
1237481038823280641
1237478150956822528
1237449281721765891
1237438652776615943
1237376630697463809
1237144717378322437
1237126360335818755
1237085996765696001
1237068588806221824
1236684403818008576
1236483202954473473
1236342422579412993
1236060167697031169
1236023453909688325
1235975796889657344
1235679880920133635
1235645084059799552
1235629398830641152
1235602591024697345
1235342056962363392
1235302819302866949
1235282937123426306
1235232954730897408
1235029111740846081
1234985784194695168
1234981603798962177
1234938302832238592
1234909237689626624
1234850808694530057
1234600121020698624
1234198469901864960
1233786254027657217
1233467055661355008
1233449602650648581
1233411032758018049
1233211214840262656
1233169942880518144
1233169942876430341
1233154816475529219
1233134260162375685
1233121819835748353
1233085361615704065
1233046204424036353
1232797432007843840
1232796462041456640
1232754659456094214
1232740070098116608
1232700705267384321
1232699791240499208
1232410892052127744
1232021010095972354
1231969684062429185
1231738259086217218
1231700270301765632
1231653086910963718
1231353479622516744
1230985922348490753
1230912655352832000
1230871765213229057
1230702503076909057
1230662168468586496
1230636247703384064
1230597933667667970
1230577257703526401
1230541561735393280
1230504947281690624
1230227926945292288
1230177628654620677
1230148477696593920
1230139199388635137
1229544805933273088
1229415453673611264
1229169080214654977
1229086284641185797
1228846706189578240
1228775235077451777
1228734408284348417
1228703512810356737
1228480794777260032
1228412130472361984
1228401654581600258
1228381783366000642
1228356733216710657
1228330293137940486
1228108592374591489
1228067320477536257
1228064832181633030
1228064122371289089
1228040222274990082
1228024707322085380
1228003846120726529
1227977088893931522
1227969185126506496
1227800344291422208
1227715747914317825
1227693297239498753
1227610014321381377
1227604291323596801
1227600424494084101
1227397909542387712
1227379035069485058
1227364786465366017
1227343133924626432
1227343118598594561
1227312746154336257
1227293059563606018
1227282287089389568
1227228650338181122
1227021177199067136
1226996157257310211
1226982817659281408
1226936977611788290
1226888327317594112
1226664739100614659
1226548092251627520
1226290731695951872
1226165881446727684
1225955366195941377
1225905866832072706
1225865557066514438
1225841906980134912
1225815757713440769
1225801616101646337
1225562208328994816
1225544949975764992
1225526835875807233
1225509056196096001
1225509054900002816
1225494618403303424
1225494367223205889
1225449571754676225
1225427501448560646
1225225092403167237
1225201256572039168
1225186588583284737
1225173899484237825
1225165773078966272
1225152830580953090
1225110193429786624
1225088190366863361
1225067410656501761
1224857823177256963
1224715963100270592
1224523972303302656
1224498820928720899
1224463482290089990
1224359006468300801
1224099206010372097
1223658678907211776
1223404344915218432
