1286055074184269824
1286007628674588683
1285990728934596611
1285987572414648321
1285956360014888964
1285940820407918595
1285680844959551491
1285664587950559233
1285646755313463296
1285613901456068609
1285612083489525763
1285601885819371520
1285600692254769152
1285591189832564736
1285576129475219456
1285306318161575938
1285281989126434829
1285263849759879170
1285232554824671233
1285229966486114304
1284862417747533824
1284440317975035904
1284207287951917058
1284171738629181440
1284150283778613248
1284125958166007808
1284108370102964224
1284108366957236224
1283877996907188226
1283811104532160513
1283787285855690755
1283763664579899392
1283466530513203202
1283450739424202755
1283431123968811008
1283392952438525952
1283196447014498308
1283087328769122304
1283050447385907200
1282768799528292360
1282750468222070784
1282679657880588289
1282669333936844807
1282328865558282246
1282291114796560385
1281966478477144071
1281928729178935297
1281611071678226435
1281587623715319808
1281566339639975937
1281334572001775616
1281262857301241856
1281244156971626497
1281225027095052291
1281225025035677696
1280953521135812608
1280931226744954881
1280905657760337926
1280878026176241665
1280865646079770624
1280865466722942976
1280617730522169347
1280617728118792192
1280597984137433089
1280553653976412160
1280519106228338690
1280501083106955268
1280246022502060039
1280229403331616768
1280212870450614273
1280192829076144128
1280190575082430466
1279885815020224512
1279412117083471873
1279121316629614592
1279081698182008832
1278770040700100611
1278747041406111744
1278735491068821504
1278713501310234625
1278449345923334151
1278406923369492480
1278391124957302790
1278381875552190464
1278364662833299457
1278054550138687490
1278054548557438980
1277719739306070023
1277656604608008200
1277623712552976384
1277315361118044160
1277249809087442946
1276868658736873472
1276861057177456641
1276612167941468161
1276561736892628993
1276543852862672896
1276523759822934016
1276312104425963522
1276203264191717385
1276199562009608193
1276178506809049091
1276167769969606657
1276144265010262019
1275878408996753410
1275876665764315139
1275857626610446338
1275799179164561408
1275799177772126209
1275799175993659392
1275500759443017728
1275489021716824065
1275489019061813250
1275474548746526723
1275474546653564929
1275420759654006784
1275198415668994051
1275198406915510272
1275186805755670529
1275171615979028481
1275156557907537921
1275125842155311105
1275075027549872128
1274814696248442880
1274714710559150080
1274444239104073728
1274342327163727873
1274054346267713536
1274039565423194112
1274039560775839744
1274024255869595649
1274024251943763975
1274009050238210051
1273993948415942657
1273976211274903553
1273685095715614726
1273657088112300032
1273624980694188032
1273351574761414656
1273351570307063808
1273330687551180801
1273300294840004610
1273300293158141953
1273282471149305856
1273256899505467393
1273220596130811905
1273040057834909696
1273038686293241859
1273008769182687232
1273004973035606018
1272992909458014211
1272958756528304129
1272926765720240136
1272922580933120001
1272922579398012928
1272619784618770437
1272585797246599169
1272585794956525574
1272580170046676993
1272543916332548097
1272543779430555649
1272533647292317696
1272183568727490560
1272157628362342400
1271878588913127426
1271850289100984321
1271818646210428930
1271530492119171079
1271477663690088449
1271443483312771080
1271148633891713027
1271132164344762371
1271080939536424964
1270767156448440322
1270747660312592384
1270734829185835012
1270734718259138564
1270729282214662144
1270434796997656577
1270434794002841601
1270379254811942914
1270379253356539904
1270366730876002306
1270063243139088387
1270063240643567629
1270058794526093312
1270018359367798785
1269663308526825474
1269406126786969600
1269377044976209921
1269377043919241225
1268972437993132038
1268927773625679874
1268903052360257536
1268653927391735809
1268628202135699456
1268564133261303809
1268556573825261569
1268334334316077056
1268278261102055425
1268265119261351936
1268233465016745984
1268202779673350146
1268178190096379906
1267860481940824076
1267842443799670785
1267825395547566094
1267633686121455617
1267543306420006914
1267531167437389825
1267501638014717952
1267494255100145667
1267255926584639489
1267175118981169156
1267113261511606273
1266780846809325571
1266482437535784963
1266482435451215874
1266451822945976322
1266434219443736577
1266419751229759492
1266393571533492235
1266374988098985985
1266115776173559809
1266019762343215104
1266002440454840320
1266002220782419971
1265997806650753024
1265993932749619201
1265979542654652419
1265725093465993223
1265724991401844742
1265710754826608640
1265683939794051072
1265669527553085440
1265661154669592578
1265347319362392065
1265347317571477506
1265331595793387520
1265317229412921350
1265304456759062528
1265290746468409344
1264901366700482564
1264901363659661315
1264901360975216640
1264626108307300354
1264260477955211266
1264249868077469696
1263890199010041858
1263890196141158401
1263574569752965122
1263563613006159872
1263545810689708032
1263544287427547137
1263543814603657216
1263535067449737217
1263535065809784832
1263535062211006464
1263513125724336129
1263494495611617280
1263475871517638662
1263170544402403329
1263147145122758656
1263128418377510924
1263101705769504773
1263085911170076673
1262851122882019329
1262803855772995584
1262774155415617536
1262757571288424448
1262554138732310528
1262475181852962819
1262461040220086273
1262460203628474381
1262448968828686337
1262432033504219137
1262196533044396033
1262071025107447808
1262046960573468672
1262040987666386945
1261452331423596548
1261434927255519232
1261338638320885760
1261310680101195778
1261266590487719936
1260996339879620608
1260981872911421441
1260981871422377985
1260951481248866306
1260683228618375174
1260668625196908544
1260660522229182465
1260636880888123399
1260636878581227520
1260636876949590016
1260636875414536194
1260636872348499969
1260636870209396736
1260636867797684224
1260624890106912768
1260608114216374273
1260319057070489607
1260311926044852224
1260308145756418049
1260302217749434370
1260297878884495361
1260269734240583686
1260243463536357382
1260229834778738688
1259965501180194816
1259930255394996224
1259916967013744642
1259894332661944320
1259880522379124739
1259489507101081602
1259479200303583232
1259212491118215168
1258835609570902017
1258811458642751489
1258795058846982145
1258773772372520968
1258773770887626752
1258501414726361088
1258489925093273601
1258452149199142918
1258452147252887559
1258452145524760577
1258431308801478656
1258154895053635586
1258137620464504832
1258123453833654277
1258123448775258114
1258107110765797378
1258068428042178560
1258035354873090049
1257794359057166338
1257773836763881480
1257722297592446978
1257708407827640322
1257688523576168449
1257688521734852608
1257445833064185856
1257428654751199232
1257411344283906048
1257395165695815680
1257383936524718083
1257373853480869896
1257028345071636480
1256342853170724872
1256340297883115522
1256340296692109316
1256340295177785344
1256340290954133504
1256312684397694981
1256303926623768577
1256274728777547778
1256257509800718337
1256247670580142080
1256239749473370117
1256239747804135426
1256239745132310528
1256239742301229056
1256239740199845888
1256239738241060867
1256221729443196929
1256221727664807937
1255959037180608513
1255914569819701252
1255886588652986370
1255870832976564225
1255857493898559488
1255857449921392640
1255595588147646473
1255550756754722818
1255550542341976066
1255534900628918273
1255514246848397312
1255514245107777542
1255229468437884929
1255217103025692676
1255205262648127489
1255205260001513476
1255193661777870848
1255148925180239872
1254874468016685064
1254851321259311105
1254845062309195776
1254832747383861249
1254818330529144834
1254785643084824577
1254407512255877122
1254192943239495680
1254135061387120640
1253796355514011649
1253778109905670145
1253778105434542086
1253755154047930368
1253711944235786240
1253449028353875970
1253449025153634305
1253417960586113026
1253393747276161026
1253350556862763010
1253345138052562945
1253333084906217481
1253299633641717760
1253051980903329794
1253034064229138435
1253018408389685250
1253005475983101959
1252995170804609024
1252972540588371970
1252688668957052928
1252677247296831489
1252661522754670597
1252635651931090945
1252608914031509504
1252354990317776899
1252353919579115520
1252340479103914000
1252329686459461637
1252308871403667456
1252297721299566592
1252008629521301508
1251598657666891778
1251574423334858756
1251187849191477248
1251154530726604800
1250873678570688515
1250859884679176192
1250842223287115777
1250799522130919426
1250783157365944320
1250503596417921029
1250478759175733249
1250457236733919234
1250440397685264385
1250160596454121473
1250143380291584001
1250113528872292356
1250098154877394944
1250080894762786816
1249808483534372865
1249796293259649024
1249781280478310400
1249749531425746948
1249707488469008384
1249306272954015744
1249087618605817863
1249052346027347968
1249030039376625667
1248976597086097408
1248968792526532609
1248968791096262658
1248715714128740352
1248679267526942726
1248654152105934849
1248634065923817472
1248363592770039817
1248329201536696320
1248317420982472704
1248300929419526144
1247992923414835200
1247972982330449920
1247961774638469121
1247950219767164928
1247920921458941958
1247902162727792642
1247637383161565184
1247630459799994368
1247613729413517312
1247613727907762182
1247584356954243080
1247569833404911616
1247552932733739009
1247538299549306886
1247251254516109314
1247222338669682689
1247201749452173314
1246842129000824834
1246803057184301063
1246799551077535745
1246444743472615424
1246135848782958593
1246103300648439808
1246075185696038912
1245835398774951937
1245820416632877062
1245771065600675842
1245758404615966720
1245739032505716736
1245731863936864262
1245422845779415041
1245376528738852865
1245356977510850566
1245351476169527298
1245181902660743175
1245087227245461504
1245075294425317379
1245059937375531015
1245032002040082435
1245022624570314754
1244997921109573645
1244725127562039298
1244676173839335425
1244655033511264258
1244650161197830144
1244644274400120832
1244592422488805376
1244359553711509504
1244341505042636800
1244037007120183297
1244037003404095490
1243999670520754178
1243615723429208066
1243510490296352770
1243234485572907011
1243220418057498626
1243205318840061960
1243190081214730241
1243024523257094149
1243024162140164101
1243021618152120324
1243021615178420224
1242920057090473985
1242875331293388800
1242828515654995970
1242544525240864771
1242533202910158849
1242531760207994881
1242476435371065346
1242445737071386626
1242218069067468800
1242215307806195712
1242206307102441478
1242201535960023044
1242187371740790787
1242185309196103680
1242181554312486914
1242181552701833220
1242181550957113351
1242181549912666119
1242181548763492353
1242181546934775810
1242177263023652870
1242081184735264769
1242056212163760128
1242052507196686336
1241834179773575171
1241491619863543814
1241141161277915136
1241116056984436736
1241116053524172801
1241116051112448001
1241116048285487105
1241116045840207872
1241116042451091456
1241116039162802177
1241116034901434368
1241116031390793732
1241116029192933386
1241116024042409990
1241116021735542785
1241116019223035918
1241014602705653762
1240982861689303041
1240965135470080001
1240800883119620097
1240764153184256000
1240707097110577153
1240692659758362626
1240675158458843137
1240662726864756739
1240650287729213442
1240638136507662337
1240392079148277762
1240386999271534595
1240350479395233797
1240344354759344128
1240333658684260352
1240322977868242945
1240109230763499521
1240023055839174657
1239988082117693441
1239929375790903299
1239904125250306060
1239618783465136130
1239618781594497028
1239618777496662018
1239618775479209987
1239618773369454600
1239569139657834496
1239544766309810179
1239254032637624320
1239220903872999424
1238888515062190081
1238888513220808709
1238871819773509632
1238823165222096896
1238564926161063943
1238532780973273088
1238505669692657665
1238473871499689985
1238473868798459906
1238473866558799873
1238473864163799041
1238460611492749312
1238435099592589312
1238318797511147520
1238305766177636353
1238275025276473345
1238268429611732993
1238166526420750339
1238166523816087554
1238124940081139713
1238124938403422214
1238124936415371265
1237861909983940608
1237855627881222150
1237801070602194944
1237754432785395712
1237465580669714433
1237432369906421761
1237384441980387328
1237122266577743875
1237108302082957313
1237071458691661824
1237070334865661953
1237048427911004166
1237001451341336577
1236659630710960129
1236409428557074432
1236332169594834945
1236045879003541506
1235984811438809092
1235965419208482818
1235684055632556033
1235666817932120064
1235662454815850502
1235635243945779200
1235617768499625984
1235617767170113536
1235611736633487360
1235590128787009537
1235297768564043777
1235280625554411523
1235252544194195457
1234965923045478403
1234913112245047310
1234895895294087169
1234867222352449538
1234867220829831169
1234849771225042945
1234598243285307393
1234567039584493571
1234567037088866309
1234566289672278016
1234536965695037440
1234534823055810561
1234241339677650946
1233811847633084418
1233493324096573441
1233471590001774592
1233428638269308928
1233405947093114880
1233390718992945154
1233132748283502592
1233083795215208449
1233066348361736192
1232820580254179328
1232762717179727873
1232734110910681088
1232715707965681666
1232686536182968324
1232675943594024967
1232437114178068487
1232418562549129218
1232400385547083776
1232357147314393089
1232357144915271680
1232351186407305217
1232326790380687365
1232058897629880321
1232047453140115459
1232000765641797632
1231942811915882497
1231633914185342976
1231283613892780035
1231217757775187974
1230948105589227524
1230937382335209474
1230914777750347777
1230573877140623360
1230564200008675338
1230547934653112321
1230519322747047936
1230245920328966144
1230211934915567616
1230181700661075974
1230164144973864965
1229963990891143168
1229873804639424514
1229818469958463488
1229818465160224769
1229775969118031875
1229504792273309698
1229413692254539776
1229223183112425472
1229096099425783809
1228718360419946496
1228688161603190785
1228465424754466816
1228465423680708612
1228465422510493696
1228465421323505664
1228465417104084992
1228421711080697862
1228363046202019840
1228345854026711040
1228035998350790658
1228021432065630208
1228011368764387328
1227991770178473984
1227984107398889472
1227718838147567616
1227705793262313472
1227673890014580736
1227655054884265984
1227629652899962881
1227333467102498816
1227292550115069952
1227268370589941762
1227258357788049408
1227254153283588104
1227247713202429952
1227237605923840001
1227045470205288448
1226969261651976193
1226969257638080513
1226956097958940673
1226899751796400128
1226624186921234435
1226286841135013889
1226221897194536960
1225909603747147777
1225901079579308032
1225901075657523208
1225887573589012480
1225876187844468737
1225846513533947904
1225539185500655617
1225530131164344339
1225502633936465926
1225483571416240129
1225459464121221120
1225446770097999874
1225433643004248066
1225161908979937282
1225144807032532995
1225138181336707072
1225136547789447170
1225133178429542401
1225120891165605888
1225120888426848257
1225120885159419905
1225089065726435328
1225089062291279872
1224869495879229442
1224859726866939906
1224859725793243138
1224859723947814915
1224761292889739266
1224750081494208513
1224750077371211780
1224734159706427396
1224721521463234565
1224709491603791878
1224702358120169477
1224444053602746372
1224422862183903244
1224405510440484865
1224401609893064704
1224396780667920391
1224396749541867521
1224396087152332801
1224049423870779394
1223668612768108545
