1285986271995797506
1285957616343146499
1285643555239845888
1285566704924459008
1285345394776510466
1285315482086789120
1285263030331244544
1285193912039153665
1285026159068094465
1284937659975110660
1284626218239832066
1284625186172657664
1284599866879074304
1284337313078796288
1284316068304093184
1284315309915209728
1284313694667767811
1284234842922577920
1284225098870861826
1284205191475212296
1284200089377034240
1284167148412243970
1283862108342493201
1283822641615376384
1283820352217526275
1283613614306480129
1283602076191330320
1283594955878006784
1283142124641366018
1283113781405548544
1283113780071796738
1283113779170074624
1283113778331230219
1283113777542692865
1283113775789481985
1283113775034507264
1283113774241714176
1283113772962451458
1283113770181689348
1283113769313415170
1283113766167642112
1283039943812579329
1281675165525512192
1281675163986272260
1281675162828636168
1281675161629085696
1281675160169385986
1281675159007625219
1281675157854138370
1281675156721737733
1281675155140300800
1281675153521479680
1281675150895849473
1281660239750803458
1281642346216448001
1281616568665944064
1281612453109993472
1281352616325382145
1281310943771799552
1281217529650843648
1281215055665729541
1281036819543601152
1280979419578974209
1280979411798458375
1280979410724753411
1280979409172926468
1280979408183005184
1280979405544853511
1280979399408574466
1280979397265313794
1280979392211148806
1280979390806065158
1280979388620853248
1280979379963691009
1280979374167162887
1280979373022216193
1280979371310944257
1280936261168050177
1280858402793668608
1280654040897073152
1280606489133096960
1280581089518661633
1280578423891660800
1280194097001758721
1280138214045618177
1280138212372086786
1280136997764575232
1279399439929683971
1279044229822545922
1278828389718245376
1278784664686256130
1278756074699534338
1278742670429622272
1278739606763077633
1278461305771483140
1278456520116666371
1278433698564767744
1278374153502982145
1278046225850421248
1278016147120685059
1278010555098435584
1277999190296100865
1277981887659638784
1277974754218016768
1277970014566375426
1277959525564321795
1277746352613703681
1277712518312574978
1277676681466126342
1276585567954837504
1276577989724176390
1276547085895192576
1276539785751003137
1276532007565242368
1276497843046449152
1276492406628720640
1276343516151545857
1276292857909907467
1276290343177261057
1276252657901068306
1276216806068359169
1276133732676784129
1275969510936317953
1275955569896108032
1275954833623834629
1275909236313206786
1275889179684212743
1275851781172584455
1275823104107974663
1275782277063233536
1275539808119635970
1275472130143109121
1275436591524134915
1275426205441970177
1275418037177499652
1275415599548698626
1275093939553538048
1275072114597363714
1274863071014592512
1274705847126499329
1274530772792287232
1274452647291035648
1274437655871324166
1274383353777655810
1274346829912649728
1274343832918859781
1274028660870316032
1274009635486339072
1273984437429166082
1273744999478366208
1273721610416070657
1273711665096392707
1273684199296434178
1273667332334895105
1273665160629141507
1273620310865203207
1273608229000548354
1273446460038750210
1273426953220116480
1273383608934416391
1273298796240343041
1273292587210870784
1273276020154683392
1273267442479960065
1273267211008905231
1273254607607693312
1273003460787613697
1272953012252786688
1272947805708001280
1272935840415703040
1272899909402976257
1272885109339947008
1272881613731442688
1272647481327747074
1272640034898935810
1272638615680692224
1272635026405052418
1272627069415981056
1272580148857094144
1272576941724491782
1272575153701036035
1272560333505400832
1272550065106755584
1272523611455270915
1272174454488121345
1272157141596606464
1271949596852457473
1271874253047115787
1271865854192496641
1271559118705373186
1271438794298974212
1271438453448880130
1271106520713920517
1271091922585694208
1271086689373622273
1270812342683566085
1270772145237475328
1270769633877012486
1270432832364707843
1270398922834444289
1270380599233183746
1270377539358339074
1270360798066597890
1270062263811047425
1270055216281501696
1269763896400908288
1269376780663750656
1269353285867233285
1269313487504900098
1269014548390072326
1269008732446392327
1268961352896450561
1268653649657552899
1268635698858528772
1268587937148686336
1268376734727987200
1268265887964028928
1268253815968579585
1268247339405398021
1268208762386558976
1267949124365815810
1267947916221702145
1267873320109735939
1267807381343404035
1267642703954579456
1267567365832814594
1267552838210772993
1267543408379297792
1267488194137935874
1267458930160041989
1267445638641463297
1267303761195786241
1267101023279218688
1266758919944392704
1266441952679124992
1266126412886532096
1266092332937621504
1266065708741525504
1265801106610929664
1265630226475778049
1265372716179349505
1265270577302065153
1265087345705062409
1264894118003695618
1264561906301296640
1263541643661238280
1263452242042068993
1263243087666708480
1263187861886701568
1263122890750394368
1262890893167779845
1262822196436746240
1262799258706739201
1262762260172206088
1262749000525942791
1262735840767291397
1262398388227670020
1262389818698448897
1262381545844809729
1262359411055636483
1262357092972859402
1262343534289567745
1262029655655186433
1261464541008818176
1261345421215043585
1261331550618234882
1261312303472967680
1261289000293273604
1261018794685870081
1260694325463322624
1260602961908183042
1260585933512093698
1259964745647624194
1259944581589798918
1259927157570252800
1259837065962938370
1259477109715673088
1259476470881288193
1258870061982453770
1258846809570586624
1258834210531553281
1258827260783661062
1258777486848151552
1258766675916267520
1258753603579371520
1258395927037054976
1258393875099631618
1258195063341035522
1258184917357416449
1258151733282439168
1258127811413512196
1258117183348944897
1258088424663322625
1258067663961624577
1258064794013388807
1258060286667431937
1258027975116759040
1257745592144592906
1257696577654841344
1257682390522134528
1257386458375127043
1257346548989648903
1257342421555384322
1257341264132964359
1257326864760258562
1257326324324196352
1256959861792935940
1256623112956915713
1256580889057865728
1256327634067185664
1256266717883510790
1256196869362941952
1255954790296715271
1255868650994753538
1255583714312105984
1255583177646772232
1255566895945846786
1255562792557518861
1255558393567289345
1255554340904939523
1255264138416267264
1255225593525874690
1255177438868451330
1254896954443792395
1254830494019182594
1254823415157948417
1254815110801039362
1254768506345648139
1254504213851373568
1253776125978914816
1253354031340310528
1253340593444577280
1253081984726962176
1253073069268242432
1253065335328161793
1253053011594788869
1253011568134144001
1252974504269230081
1252962644404973568
1252632881656193031
1252609669689942017
1252607309005627392
1252598111077351426
1252317900540690448
1252265223685373952
1252235571667189766
1251236731887783936
1250822499153182720
1250808023918010368
1250789017265856513
1250781116224737282
1250507506624925699
1250442652912439296
1250436183240241152
1250431298792873992
1250169182014054403
1250148924733689856
1250121684218241029
1250107197285175296
1250067563482165257
1249826673626886144
1249704217293586434
1249392913915797504
1248662389643513861
1248352415063179264
1248324790978568195
1248287833024012288
1247956566856404992
1247873748184829957
1247525260099866625
1247243726499590146
1247177493368451074
1246804278896885761
1246803828814610434
1246139479104118784
1246135981721505798
1246099337417052160
1245427300260352000
1245409981551333376
1245394166504456192
1245371420844138498
1245369444890742789
1245340917986402306
1245115086693335041
1244727514414661638
1244683250859233280
1244374582473232392
1243889317908566017
1243595586110185472
1243281528282648586
1243268230506053633
1242884787955806209
1242876836348080131
1242430578718375938
1242175607456378882
1241447649913589760
1241446539362537472
1241022062052945921
1240358187896836096
1240334304028360704
1240291793490661377
1240274587482456065
1239957767667892224
1239680975770193921
1238509454594904067
1238499983810273284
1238471860142178305
1238134555770585091
1237817218299318275
1237484450910527488
1237440851531517959
1237423431211200513
1237130788568805384
1236722396133982208
1236390213657800704
1235988699562889217
1235969279423627265
1235700217044824064
1235660260053942272
1235660179800305664
1235638599896436737
1235620276416573440
1235291163256647688
1235001057433964544
1234984046754586625
1234983581065322497
1234540473886400512
1234510763114532864
1232752972930670594
1232714550870528001
1232712477013610496
1232678841497346048
1232414521983143938
1232396618789421057
1232327326341509120
1232324795842297857
1232308202798288899
1232019754401046529
1231615219597750273
1230610139708874765
1230609685247647750
1230609612098985991
1230598316095922189
1230564134795661315
1230549714527014912
1230508119316475904
1230484600545251329
1230458477316902912
1230199837154521088
1230180614650753024
1230174567404068865
1230145726186954752
1229817228222173186
1229783041016463361
1229474764147785729
1229438379642806273
1228443877155201027
1228388768241127431
1228386448719699971
1228385967297396737
1228342790230335488
1228055827816251392
1228025017771995137
1227996942946402304
1227984006676959232
1227964462470254593
1227956223632379906
1227700975814823939
1227687866555387904
1227646846362882048
1227646283021766656
1227586339803144197
1227295859567661058
1227295033348513795
1227261059410644993
1226979789485101057
1226958821446365184
1226958734808711169
1225856900748759042
1225847877920067584
1225794077481996291
1225525749102325760
1225503888981348356
1225156884828762114
1225144514718945281
1225141142259408897
1225121870191702018
1224829735739576328
1224789095324553217
1224381889152212995
1224358425045368834
1224004421299949568
1223961404153245696
1223961106043101184
1223960831324577792
