1286075751012474881
1286048789086777347
1286046524615675904
1286019932631769088
1285993010073939969
1285975159476715525
1285966116188299264
1285960353868849154
1285688432837173248
1285660853577154561
1285602346056261633
1285347720069251077
1285329795639894017
1285261509363404801
1285228771927371777
1284678462159097856
1284507430165118976
1284493090737225728
1284337590511034368
1284242502573330437
1284185251221307392
1283851282638413825
1283844057647677443
1283826452991967235
1283809221516169226
1283800934435434496
1283775076480016384
1283491755116109826
1283441540212367360
1283441539067318273
1283426868843163661
1283408752088158208
1283165135876632577
1283164520035295232
1283162906033561603
1283037397991731201
1282778617710247936
1282694944747069446
1281998152875364352
1281998152309133317
1281758636784705543
1281657551222976512
1281657550400892933
1281606989232189446
1281579509326774272
1281336837592756224
1281287099954728962
1281251755955814401
1281235529590353921
1281225526519255041
1281215536878272513
1280955115004923906
1280947679544119297
1280906775273836545
1280595943612723200
1280595942488649729
1280580020747075587
1280580019971072003
1280254884454039552
1280217548194304000
1280171010428370952
1280147384148692992
1278754324504551431
1278750422371643392
1278729570301214720
1278467802576285696
1278467801741766658
1278450029989113860
1278450029288722432
1278450027166404608
1278416063328329735
1278361710009683972
1278347465377361920
1278073583370145792
1278067340693905408
1278010187765383168
1277993732365828096
1277963126701305857
1277714966380974082
1277662746369241090
1277637055623974915
1277625337862553603
1277625337069867009
1277625013991071744
1277267388568940548
1277245488295796738
1276666329244803072
1276662952075108357
1276659278070284296
1276589164583104514
1276540567250505728
1276528944070692869
1276528942783045633
1276289171708133377
1276271397933920258
1276246791432921097
1276218833150361603
1276203087347232779
1276202009394384896
1276153975381929986
1276126222754381824
1275943044848721920
1275942768062410753
1275897883599003649
1275889253633921026
1275886062573883397
1275883647057395717
1275881026280177675
1275834893692526593
1275832239104892931
1275452581293068293
1275104754771902464
1274750562442063876
1274499231521345537
1274498958581272576
1274185092110454785
1274030645157691392
1273994365510320129
1273975420304666625
1273722250538160129
1273703460832231424
1273691510723227653
1273669716859670529
1273644063762382848
1273639570169573376
1273637300803710977
1273631743422205954
1273614766448218112
1273294636405215232
1273270482528350208
1273268377209966592
1273267747691118596
1273253798014836745
1273250104925962245
1272966689647362055
1272919133022236683
1272918826628395009
1272918182953697280
1272890522110230528
1272671117665239044
1272642118977302528
1272618494895558657
1272589679532093440
1272577602146971650
1272570327638454275
1272537445867945984
1272293001025421313
1272026860940136448
1271856831921520640
1271567907265355779
1271567091854970881
1271542698579767298
1271529870707875841
1271496304762503173
1271493118727196674
1271476067040202754
1271466735208718336
1271457205598982144
1271207604597993472
1271196627383050241
1271179880089214978
1271175640222498816
1271125556025790467
1271117406765821952
1271073858855018496
1270916278178512896
1270860951466708993
1270860893824454656
1270823419794411521
1270799874632617985
1270781610917531648
1270764034611195905
1270745201884254210
1270714861903732736
1270479204434489346
1270470466420068360
1270454036257521664
1270444135938473985
1270426193704169472
1270412695708282883
1270366088556154881
1270350451528130566
1270114352713129986
1270090203378659331
1270071942444351488
1270047276132634624
1270044004932112384
1270018026021236736
1270015590502146048
1270015267884732416
1270000855073402880
1269836426281132032
1269340464127377414
1269323646356643845
1269042887683125248
1268999673219616770
1268978514742710273
1268974394770100227
1268973146574663683
1268938426344144896
1268922429092564992
1268663096610078725
1268637544192884737
1268620307624951810
1268597077208190976
1268569580475162627
1268554487263870977
1268544793350680587
1268374574330269699
1268374080836771840
1268335559417741312
1268335385194741766
1268309563297746946
1268309497606479872
1268224083713560582
1268201705625313284
1268190816918556673
1268184979340738561
1268181828348915713
1267970477055754240
1267935786353283073
1267923804178788354
1267900993787871240
1267889727417593861
1267669132398469125
1267634109184163841
1267581528399323137
1267534084546482181
1267506052104413193
1266913319832543232
1266732423426998273
1266565927262445575
1266549435942735879
1266528224508555267
1266493659165478915
1266490831290187776
1266479018578259973
1266467540278132737
1266459252719333376
1266454617627537411
1266449721603903493
1266430806047838221
1266406632449363968
1266385266522103808
1266381411143110656
1266381136621637633
1266178843141865472
1266171305713438720
1266115716475953152
1266111352453636097
1266101051771572229
1266085910338310145
1266063163834933249
1266055415047094273
1265813144770936833
1265812470817579009
1265787377030696966
1265754059899834371
1265728220797730816
1265716240305328128
1265701478439714816
1265647409801105408
1265645453854547970
1265644837048651776
1265399271462969351
1265378310848217088
1265376093734948869
1265325427243077632
1264970247448277003
1264962212935929862
1264603560886575104
1263959692822315008
1263957826738757632
1263952841565179905
1263933955339935744
1263908498255097856
1263908497395154944
1263891947065933825
1263881379433062402
1263835916755501056
1263632690890276865
1263632520404512769
1263632241101606914
1263631875152793600
1263573133887524865
1263552047284133890
1263527298873114624
1263501658933342209
1263475931479449601
1263261006312194048
1263209072108732417
1263207504999256064
1263207504194011137
1263183148835373056
1263168649646551040
1263168648937684992
1263150210932498434
1263134201425117192
1263122503620231176
1263100950933315584
1262862776256602115
1262852402530615297
1262841659890503681
1262805651325177857
1262762245831954432
1262482387436527616
1262461991765061633
1262058453356470276
1261800880216702982
1261738441039065091
1261677009236828160
1261670883204235265
1261652590137409536
1261651353753042944
1261643589580394496
1261629008330006529
1261408128936992771
1261395001965047808
1261383157946781696
1261381642297344001
1261378037649555456
1261376406572765184
1261359714677526533
1261359046432567296
1261338163332575233
1261338162288226304
1261337054207791104
1261318643306168321
1261306279848443904
1261303304597966848
1261126121636192260
1261057180188491778
1261042514456383489
1261040489878507520
1261003104117559297
1260986982995562497
1260984805803655168
1260976437844205573
1260964687316992001
1260961291625209861
1260943563262738432
1260688117297827846
1260673360389955591
1260673341502959616
1260673325493374976
1260673308237987843
1260673272187957248
1260641923657805836
1260617312148873227
1260601435009486854
1260586697370337281
1260564056236326912
1260560760469667857
1260376213396258817
1260376212637179904
1260376211924058112
1260376211219525636
1260376210477064192
1260234893461766144
1260234789073944585
1259110688938737664
1258929751089176576
1258802308172963841
1258758451460747264
1258515890489835521
1258475225009831936
1258473309030752256
1258168273201397763
1258117559452401671
1258054019756539906
1258040360711999488
1257782709902065664
1257782708425678850
1257782583456391168
1257781975001300995
1257717039772446723
1257708102264205313
1257705659132452864
1257502094803812353
1257422186991755266
1257378420432011265
1257374399440838661
1257371868492902401
1257310850160881673
1257310694115958786
1256699167734464512
1256325161017503745
1256325021531664386
1256321241910140928
1256306017253687298
1256305233476517889
1256283205264605185
1256283180736352256
1256257617183363072
1256256289459535872
1256254597506752514
1256252489789313024
1256215413811286018
1255949585916272646
1255938328827961345
1255891944296910849
1255887020121042944
1255886906275004416
1255570895382421504
1255564398221045764
1255496982346510336
1255194935806046217
1255194888393707521
1255194799621255168
1255176439974039553
1255156309680443392
1254255035149701120
1253712828172840961
1253712781045649411
1253712734367158277
1253413951192227842
1253407038308302848
1253407037670797313
1253407036857090049
1253395037448216576
1253386832966025218
1253365118727004165
1253363506331648002
1253048625594339330
1253026153641672704
1253025982937739264
1253020795913281536
1252925918936530944
1252635829853392896
1252604831023464449
1252593850767618048
1252577518894415874
1252577141042171904
1252577095999422465
1252436644717670413
1252434848687329280
1252366178984452096
1252355690749816842
1252322780818923522
1252280399151149056
1251633750707974158
1251608185795944448
1251225167998652416
1251223914379915265
1251221789671403520
1251184617668952066
1251179579194200067
1251130341810733057
1250925745175748609
1250841929992019968
1250803324196212737
1250764047257083905
1250626182162395137
1250544626131439618
1250513715910361089
1250505836260216834
1250505434848546818
1250504387446923271
1250479735550939137
1250185476348301313
1250185475660398592
1250185474746068994
1249799597016391681
1249769871417769993
1249768429088890880
1249755149024854017
1249754174419582979
1249449234501382146
1248998130194034690
1248751478216503297
1248712796944183298
1248664419200049152
1248664248483528709
1248437804629098498
1248374586061631490
1248372051204661255
1248320396459474944
1247992885347303426
1247959735942471681
1247937409767092224
1247667927865856002
1247588817835614209
1247588816694763520
1247553707832676353
1246496353137631232
1246487349737009154
1246486132042465285
1246229603036921856
1246183138629496835
1246133027782131718
1246093844376170497
1246093843503755267
1246093842669019137
1245832938736025603
1245832937737719808
1245819055111634944
1245818677653639175
1245789624099844096
1245515259370233857
1245515258216820737
1245419867097968648
1245401879523340288
1245401625109422080
1245117335649898496
1245061299047993346
1245059425439629312
1245054224226017282
1245054222305026048
1245050577396129793
1244738229963837443
1244725089532350464
1244719138112712705
1244719135998836744
1244708716034875392
1244706042979762185
1244705999287656452
1244642601300459520
1244632300664623107
1244051732453261312
1243989379237978112
1243989137818112002
1243694428667154434
1243635175986286593
1243583376927404035
1243544319123951617
1243346212524302337
1243217868986212357
1243189684785885185
1243159715439312897
1242950576779993090
1242949924855132161
1242943001787236352
1242890629119709186
1242580963454070784
1242574991876644867
1242574497586315267
1242538824057655297
1242536555216060417
1242531923156746240
1242502131619225602
1242211608270602240
1242185010544852992
1242157079344939011
1242155397001158658
1242141248519053318
1241793208138502144
1241741266821447680
1241540055593824262
1241539972517281793
1241499819945984002
1241499144663060481
1241499101117714442
1241411592727781378
1241385190116728833
1241384588569649158
1241125412211654656
1241089380749639680
1241075268091105281
1241016826944987137
1241010541696552964
1241009995287867392
1241008741924909057
1240966720996638720
1240809273325752320
1240808548772319232
1240808118273048580
1240784988330696704
1240782596973506560
1240762737795440640
1240729923687497731
1240722359990001665
1240703994713997314
1240688536946266113
1240688535843168256
1240661195570515970
1240480884912001025
1240392843593687050
1240381701488021508
1240349939890348034
1240349938673909761
1240349937650544642
1240349936761405440
1240349935683481601
1240349934039240706
1240266648059338752
1240075196939341824
1240064265794568192
1240059289542238210
1240059164250058759
1240058998080049152
1240015372746661890
1240015371534508032
1239580473627729920
1239576511629471745
1239552255801593857
1239389227596554245
1239388769410834435
1239313449039126529
1239308812202508296
1239308284017983488
1239301736034111488
1239267156879081474
1239266802787651586
1239240555848138754
1239240056822431746
1238925825275240456
1238831448414707713
1238815352261312512
1238658432904937472
1238657930704105472
1238528181688303616
1238526687853318147
1238501530761940993
1238270677716815873
1238270147720331264
1238269605535236096
1238220124743704581
1238152661670772737
1237462415358472194
1237462414246977548
1237462413559111680
1237462412485427200
1237420929958981632
1237420929057243138
1237420928059015171
1236105559109181440
1236033993121894403
1235695779211145216
1235329578001981448
1235329577083449350
1235329576047382530
1235329575263121410
1235329574474481666
1235329573614686208
1235329572557787137
1235329571790213127
1235329570972327948
1235329570024325121
1235329569068113921
1235329568254328833
1235301458771353600
1235301457634656264
1235225163706359809
1235225162951335938
1235225161772797952
1234980534079483904
1234964289900994560
1234930156348878848
1234880328067682304
1234880201483603968
1234879697068138503
1234846784456921089
1234846089272086529
1234845627743383553
1234677042513186816
1234600259977957384
1234594693469671424
1233752271877525512
1233485530748325889
1233450135893561346
1233147436048224256
1233118520558465024
1233099908586053633
1232852668953042944
1232852528695517184
1232800947958665218
1232785603781103617
1232776164638326784
1232776163581464578
1232441108086444032
1232387690852732929
1232370976421183490
1232345539326496769
1231290196987084802
1231014040723509249
1230871917265117184
1230556454903537664
1230523780591648769
1229888970328334342
1229874105576566784
1229446165051191298
1228089314090852352
1228089312425791489
1228089311616258049
1228052545882513413
1228040600232103937
1228027035630612481
1228006940489502720
1227975254200528896
1227693579029663745
1227693538730749952
1227693458325897216
1227619739796676608
1227388317148286976
1227331613224292352
1227331491539169280
1227241920809725957
1227240382901227521
1227008106929979392
1226925761195540480
1226924745763016704
1226924499058204673
1225924737546752005
1225917807961001986
1225836960469733376
1225818854233968641
1225604726353485824
1225582673533587461
1225579024031928321
1225569506908606464
1225538573195206661
1225469189718147073
1225433388577968128
1225433189533048833
1225252077653372928
1225202263536304128
1225195204279521280
1225194866591834113
1225173911199002625
1224841233199136769
1224841232498688001
1224841231479517184
1224822229743042560
1224801567481782273
1224766226167148545
1223724573834797063
