1286059276872683525
1285942225944403968
1285930174958239745
1285716290330648576
1285635211729010688
1285629571044442113
1285586141756952577
1285380156652163072
1285305575082012675
1285276489366351873
1285250069747441665
1284881222418784256
1284835807593996288
1284348148790497285
1284267877634314240
1284178017628172288
1284125851529949184
1283807781796159488
1283748754382901249
1283483130490388483
1283483124354166785
1283401630667472897
1283098765201674240
1283054007309795330
1283023454766276608
1282787807107391495
1282744363202813957
1282481431575494656
1282303324671356928
1282047103058022402
1281936651737092096
1281773359764824066
1281316433327202312
1280952126131363842
1280899588317229057
1280896283218186240
1280852332654321666
1280621038972403713
1280579439747903488
1280205997500399616
1280175463705522179
1279792522349477888
1279780723570937856
1279384555326242816
1279112593035210752
1279112585737011200
1279082696543817728
1279037583155175425
1279005581572014081
1278987352094969856
1278811137149190144
1278766275427209216
1278705743286452224
1278690712255639552
1278684397596704768
1278684396015489026
1278449713184997377
1278401675632488449
1278388687504539649
1278317480579158018
1278056365492244480
1278015417815109632
1278007760886673410
1277775668755992576
1277736835452735488
1277681458547699712
1277666883894939653
1277613211613827074
1277333974281486338
1277292916159983621
1277256239316115461
1277225324082839554
1276978156314992648
1276945908664598534
1276938790444007425
1276863033676124160
1276648212921757704
1276634124753797121
1276633669613035521
1276633435805814784
1276632017476694023
1276622712069394433
1276594700141703179
1276586601792012288
1276546344233074690
1276500557948227584
1276318495467282433
1276294859058536448
1276250909211799552
1275898396864327680
1275775878153285634
1275459220171886592
1275413159394906114
1275127671383568389
1275035831955316737
1274693987438333953
1274372789307420672
1274347211657302016
1274314869349576705
1274092951229157378
1274082222971240448
1274024629749907462
1273949177681248258
1273692022994546688
1273677006870327296
1273677005247131649
1273662388588380162
1273647067928432643
1273647066821152769
1273633386486280197
1273633384707874825
1273632964463689728
1273616093530251268
1273300897158873089
1273270065257996289
1273254555728347139
1273239178856235009
1273015862258208768
1272995884851175437
1272952808803893250
1272909353205608450
1272692513032331266
1272589440003776512
1272553169223065601
1272212354080616448
1272166905864949765
1271804518355910662
1271513965860921344
1271442237910548487
1271234076645773313
1271233932198055937
1271200693831991302
1271185265617403907
1270820378848477187
1270817716438552576
1270736724302405632
1270660082800431104
1270660081869377536
1270660080837570561
1270660079977746432
1270660077742104577
1270430315807420416
1270417276777398277
1270085098369699841
1270021894289469444
1270002515833237510
1269634975416176641
1269609575180840962
1269609470084210688
1269609350999482368
1269609161932800002
1269609014389809152
1269608872580349952
1269608763125911552
1269607549420146688
1269448069474660358
1269343300764332033
1269313101049937920
1269311702480363520
1269271179447025671
1269260247232741376
1269007898291527681
1268954731994509312
1268936958731907074
1268929371508785153
1268903389682794496
1268888021170094080
1268707794062061569
1268701545396404224
1268701511451901954
1268678996109246474
1268278827496738816
1268275603578511360
1268250281797713926
1268214409563791360
1267636579901808640
1267621335037075456
1267576902102867968
1267541818079494144
1267537642297495553
1267447970808528898
1267164899236614150
1266887996739072005
1266844460270473218
1266761688403136512
1266538783979298816
1266538782079270920
1266443634288836608
1266443631935795200
1266397822661857282
1266108792145575937
1266081845214674947
1266081721293955074
1266007688238051331
1265747652072878081
1265733760286363654
1265724864960368640
1265723725762134017
1265722728188915714
1265721849373229057
1265721600328044546
1265721261944176645
1265718219169583105
1265673209476722694
1265664695442251782
1265641375967711232
1265599091356119040
1265358179501776897
1265326778182180866
1265039906348376064
1264927518731251712
1264927517116375041
1264927515119845377
1264927512393592834
1264885470338723841
1264553216827670533
1264334330001862663
1263958604811571200
1263923991443628035
1263922468156329986
1263901977500663808
1263887405507121152
1263829229717925889
1263584500581163008
1263577503303634946
1263561170277019651
1263543374772142081
1263528213294264325
1263514615176146946
1263514417788006401
1263514152057929729
1263513807906918401
1263512959483076608
1263508854555500546
1263440305803743232
1263240141998604288
1263190873422118912
1263184762203766790
1263163472298336258
1263138826102472704
1263137016524476416
1263127770743390209
1263123532101431297
1263123312605093891
1263122328009007105
1263118068521328641
1263116159014092800
1263114189595389954
1263113169905635330
1263111147714215936
1263098612466225153
1263077238137913345
1262870902330609665
1262814631460048897
1262790765559898113
1262776571158573056
1262764082341560323
1262709905175326725
1262536366090485761
1262483055018729473
1262461406642950148
1262459361613549568
1262407576819466242
1262169951986683911
1261825467516149761
1261659018449358848
1261493096124121090
1261387350455668736
1261368379513978882
1260961800234962945
1260945838785867778
1260693637626843136
1260692123105595392
1260566690452078598
1260566658634125312
1260321235772342273
1260298062989348865
1259931258794258434
1259891059364159491
1259489014052257797
1258457585532968961
1258168588680257538
1258164706814111749
1258025836357332992
1257733721538641935
1257691452236353539
1257688100593115138
1257397415600107521
1257393356344344580
1257361641160814594
1256386227424690176
1256383085689688070
1256270280877637632
1256269718958346246
1256233446147530752
1255993827158036485
1255834533183787008
1255625193466269698
1255625190899359751
1255625178324795394
1255560114234368001
1255559228724518912
1255548673955696646
1255537312966103040
1255485027351134212
1255267903252955136
1255250290116263942
1255241011602874374
1255241009048555522
1255235811592765442
1255198714664271873
1255112431791222784
1254798640708595712
1254797585602228225
1254774666360614912
1254171421997256704
1253808472153612288
1253808470027112449
1253482952828293122
1253383174211731468
1253376203257413632
1253373261540470790
1253102105482706949
1253055136106188801
1253033747047419905
1253013967569661953
1252962079109189632
1252944575615979522
1252703395980414977
1252692859758796806
1252659005299863568
1252629006396067849
1252586239301226497
1252364111263850497
1252317687444799494
1252313619620147200
1252274917019734016
1252274549686755329
1252260398667104257
1251977049201311744
1251528751629897728
1251521861512462340
1251173123929538561
1250947678994866177
1250872314155106305
1250872311818977280
1250506824962498560
1250499878029066242
1249772099339792386
1249317994133676033
1249011547688632322
1248797769491460096
1248706618767933440
1248307367235801095
1248277379480420352
1248031283839631360
1247986620151758848
1247941931927252992
1247876755685355520
1247647210478669826
1247571468877168641
1247542223228375041
1247194154008002560
1246128562035359744
1246083953003499527
1245780269614927875
1245738661792174081
1245345966053605381
1245100296646377476
1245100294058409984
1245030733766430726
1244696812159672321
1244287832866328577
1242571783452196873
1242549656598581248
1242514426168856576
1242198395399352330
1242194431828254725
1242185697580154882
1242128389319856163
1241912452696154120
1241880510462337026
1241762815083458561
1241397971339673602
1241377697495998466
1241094866156822529
1241094864193957888
1241088838124163073
1241067816092123137
1241057994428895238
1241054714336288770
1240784154880610304
1240755622473273344
1240721764310802433
1240689686722408455
1240667512053862406
1240649548978159616
1240434842883457026
1240416607463235585
1240399285054836737
1240393198939385857
1240389132930686979
1240376939636051968
1240370414792183814
1240353878786392064
1240343632424689670
1240273764966858753
1240261684641570819
1240082430817640450
1240041698585186306
1239992303651086336
1239976247439929345
1239970055607087112
1239952373860175874
1239918818006368263
1239639570540564481
1239605679851286528
1239574198474940416
1238690303302930434
1238685772322148354
1238483921177845761
1238248982549315585
1238248092325089280
1238240919545155586
1238220588252041220
1238220583055343616
1238194521214791682
1238194519788736514
1238159076380610561
1237912938645729280
1237912462734831616
1237871061904973825
1237857788765732866
1237853021943431170
1237819971000053761
1237819969666195456
1237738255572926464
1237487184577429505
1237483903105093632
1237483901989380096
1237436216779382785
1237110033479016451
1237045817959231488
1237043098066305025
1236723551018921986
1236706246956367872
1236706039501934592
1236705295973453824
1236646158640074754
1236423812465524736
1236421660636598273
1236420823734419456
1235982721853394944
1235725726088925184
1235667477713113088
1235625750117707776
1235339290927865856
1235281165059264512
1235266453458374661
1235266019498876929
1235265955342798849
1235242807322906627
1235233545125273600
1235215462256046080
1235215460360167429
1234908110835286016
1234562979250819074
1234541131272261633
1234540503577788422
1233845137220030465
1233731141343072262
1233471592748978180
1233469196597702656
1233465927620079618
1233465926902743040
1233465926210723840
1233455642301599745
1233455638639976448
1233455635284578304
1233433893421932544
1233372416610578432
1233372413464862720
1233157709626855424
1233108541298348038
1233108540144918528
1233080746023292928
1233074316536729600
1233006216940597248
1232778336885264384
1232778335727558657
1232742872761470978
1232742871633186818
1232644734872674305
1232644732209201152
1232322264529612800
1232307678032146432
1232281589268135939
1232000703293534208
1232000702496624642
1231922121074495490
1231556814182977536
1231269923378229248
1231194427105796096
1231058604893130754
1230934816570343438
1230832037784903681
1230672339341389824
1230657597935624192
1230562390191640581
1230469649868955648
1230256370852691969
1230245147335626753
1230238211609387009
1230108478846447618
1230108476225052672
1229858880278204416
1229745942162702338
1229457984339808262
1229380683182854146
1229102612462669825
1229018233396760577
1229018229953245184
1228691176225726464
1228452838516445184
1228409137928777728
1228370820818329600
1228353280713089024
1228295322847338496
1228070780136837121
1228016014056730624
1227991683448569857
1227977103037075456
1227974691215880193
1227974689554911233
1227932294389927938
1227730253616943109
1227649597096550401
1227647095181586437
1227341538016944128
1227333988383166464
1227326438459592704
1227318889027117064
1227311332564914176
1227303776949874690
1227296611514146816
1227209383689510917
1227209380384444416
1226975656132653056
1226975653704224770
1226851309237735424
1226851306070999040
1226646645024096258
1226556698728554497
1226120995557085189
1225883925970595840
1225875452595752960
1225875450280497153
1225838743636107264
1225838742558171136
1225838741492817920
1225838740519690240
1225838739349524480
1225838738137321472
1225838736975552514
1225838735201316864
1225759681194463233
1225759679038590976
1225588418433945602
1225580679045566464
1225580677678149632
1225480059596787714
1225435416385458177
1225398220416835586
1225398218797834241
1225166687886106626
1225090330770526210
1225033455135870976
1225033452988313602
1224866846790254594
1224866845716631552
1224866844290486273
1224810926790127616
1224771717966585863
1224771716397793280
1224701643729645568
1224671444908437504
1224484450819547136
1224409028157149191
1224298734458228736
1224298731799044102
1223943878853742594
1223943877582905344
1223943876005826561
1223682440448880640
1223682439253495810
1223682437294673920
1223627913477738496
1223613779235287040
