1286060583381610496
1285676159884234752
1285676159133462529
1285396918030553090
1284466497264418817
1283422866416062464
1283422486370099200
1283161332318179328
1283161331579990022
1283160947750838273
1283126413529423874
1283041917777915906
1281340968898375682
1280979822538301443
1280860551460028416
1280849337669636098
1280646487936991232
1280518612466503686
1280508904942829570
1280508904213041152
1280508903378292742
1280508902480773120
1280508901516021764
1280508900165464068
1280323363513274377
1279546816028184578
1277724887797436416
1277671439290830849
1277671438493900800
1277397133893697537
1277341587903844353
1276546409949466625
1275825723182395393
1275561562233847810
1275560602497191936
1275560046831771648
1275559511336595459
1275507562885103617
1275492029527719936
1275445185325875203
1275431580706787333
1274066113949839363
1274057891067187207
1273982373819027457
1273687984953536517
1272985632101588992
1272985631392772098
1272985630700703746
1272985630105108481
1272982827055841283
1272982826305150976
1272982825533181952
1272982824526794752
1272954895256207361
1272644692979658753
1272639552063234052
1272639551069130752
1272618509151997955
1272215396788121602
1270116975298203651
1267893662102564864
1267893661427269632
1267893660651335680
1266396056352362496
1266133151698558978
1266132758298071040
1266104311303548929
1266104310586318848
1264767939019976704
1263961953061519366
1263876348348686338
1263876347564302345
1263876346884820997
1263876346222174208
1263876344066248707
1263845654977220609
1263508826533347328
1261345142205751296
1261344962995576832
1261344747370754049
1260989445941198848
1260641785203896325
1260271794596036608
1258868185547386880
1258805077734838275
1258803759842570241
1258774106385846272
1258470114250362880
1258136437813370880
1258113387571142656
1256289948522733574
1256289947683885056
1255983375883567109
1255981629148987393
1255208572968984576
1255208572121726976
1255206598512914433
1255163881464500225
1253700062607269890
1253476589133860867
1252680691701211139
1252680689855717376
1252678186099490817
1252673548969218049
1252608321493831680
1252329049407578113
1252329048505831426
1252329047528538113
1250899931046580225
1250899929851138057
1250438070324744194
1250422128110788618
1250162405172293634
1248331756631195651
1247997257263337472
1247925759127302147
1247925758447833091
1247925757646721024
1247603217418145799
1246337334196473857
1246150182435270656
1245461894871371776
1245381786701611009
1245378407694766082
1244710643799916547
1243645119183695882
1243610421996580864
1243610421032103938
1243610420302295040
1243610419442397190
1243610418561667073
1243603765112057858
1243603764197670914
1243182774514790400
1243182773784973312
1243182514245644290
1243182513423626240
1242921107126181888
1241027169419231232
1240767109807955968
1240766921110425609
1240669456801636353
1240375561609977857
1240375292767633408
1240032681980825600
1239998896899854338
1239944671410950151
1239944670249132032
1239941801798242307
1239916626314760194
1239916586313621506
1238539798819848192
1238536363542282241
1238495588850847744
1238471528246841345
1238197794717999104
1237511269172813824
1237391407221891074
1237380665391316992
1235639731133837312
1235639520143564806
1235589568662884352
1235588798035054597
1235275175760932867
1234976822002995200
1234968840104222722
1234968839227572224
1234960079692214272
1234922537169178624
1234622086955573255
1233429315993374721
1233428320672501760
1233137790298345473
1233133119391379466
1233060749754470402
1232796175423676421
1232790402857603072
1232771785818595331
1232771376446087168
1232737185062780929
1232734364695453700
1232439126428811265
1232436730763964416
1227733269027999751
1227622097712766977
1227322295921889283
1227322291958304770
1227322290725117955
1227064847667515392
1226601294711881728
1225882896239648768
1225834803108470787
1225801275054358534
1225634029799477248
1225533300330110980
1225081248453988357
1225070021161947136
1225056532875960320
1224823013272686593
1223788642071646209
