1286053193907134474
1286009347953373184
1285947515313872899
1285723095060434946
1285691564572934146
1285641064049790976
1285588874098606080
1285572105413828608
1285333732317069314
1285293540835299330
1285258932651515905
1285232645144797186
1284899052958744577
1284549247807959042
1284512287949312000
1284512286250618880
1284203280466432001
1284191133124497409
1284122344760508419
1283843852848238592
1283829659973582849
1283762328224366599
1283475272176668674
1283432451080171525
1283398363262615552
1283139275769479171
1283123808757481472
1283090032832774145
1283090031276687361
1283038113372213255
1282790521333784577
1282757617790615552
1282726096912494597
1282686286445391872
1282377903733235713
1282316063271723015
1281954453512507392
1281918069019938817
1281696964736946178
1281656984190812163
1281592560507596802
1281303190739263488
1281258415139012609
1281226920072482816
1280971542084624385
1280933294687870979
1280889111012876289
1280889108005519365
1280856739676635136
1280596978074861571
1280583628976730114
1280538447384588288
1280493024292806660
1280266274178768896
1280230904024137728
1280174303586193410
1280145728548016133
1280145726958436352
1279747859122999296
1279396077406507013
1279136607120089090
1279092733760733192
1279092731768381442
1279037440964116480
1278818252479758342
1278784767308292104
1278757191684632584
1278706275967172609
1278685001647783939
1278479615330263043
1278479614214627329
1278440827140923396
1278440826432114693
1278440825710686209
1278440825027002376
1278416555680894978
1278366705954295809
1278330202532257793
1278080532442644487
1278053563487473674
1278010829279985664
1277965902806347777
1277693969791623179
1277671251461447682
1277641699628589057
1277610143409156097
1277325188665872389
1277325173868331010
1277244120252264448
1276957230974341121
1276881734613831680
1276605286577573888
1276605285390581762
1276568431354052609
1276525496478707713
1276270196836237312
1276199816977092609
1276145655048802304
1275890561996775424
1275807725864259584
1275527779027759106
1275176020769980416
1275099901702090754
1275084316436058116
1274689618684850178
1274371582371168258
1273965278649634818
1273965266528022530
1273965261683638273
1273633099163799553
1273335066098311174
1273298487162155009
1272973468590657537
1272926962240151553
1272644251554381825
1272559328772456451
1271836707911086081
1271525621689188358
1271445459429621761
1271111607377113088
1270429723412357122
1270080682883244032
1269717516772925441
1269684564206718976
1269262044450238464
1268999806527119368
1268936405503356931
1268582650324926465
1268582647040823296
1268548924157108227
1268327454520852483
1268278686823972869
1268278684940730370
1268215878660902912
1268163559726473217
1267901866840555521
1267635157277736962
1267146963188879365
1267146962392027137
1266791903594524673
1266731195246796801
1266442509955276801
1266402133445955591
1266373292228657165
1266190431488020480
1266122428343869442
1266075921997598727
1266035164712521728
1266016757967454208
1265772458147287041
1265714266444832770
1265683944240033792
1265646586408943616
1265386792074838016
1265359871127494658
1265317784633970690
1265284199415713793
1264890466295783432
1264587216443117568
1264546444578623489
1264200162429276160
1263882573941551104
1263829229915045888
1263601936089133056
1263559491506896902
1263524680004251648
1263491054327738370
1263473185330270210
1263225747159887872
1263194461854740481
1263140683172511745
1263107461076127744
1262881212017905665
1262858806360489986
1262833713018220544
1262794652253650946
1262755500153647105
1262499711166095374
1262477966166167553
1262463719742877698
1262425758968004609
1262389785198460930
1262084732545912832
1262007969035759616
1261719063841124353
1261657758799147009
1261474595196088320
1261361077436080135
1261331305079373825
1261306339164393474
1261025491160612864
1261011882497974272
1260970551759306755
1260936688056111106
1260677942776037376
1260635889904103424
1260614247790391296
1260565969585479681
1260311744834146304
1260290654770429958
1260257011276615686
1260212333353340928
1259979352747520001
1259948149352865792
1259906420260122626
1259855727142801408
1259569397934501888
1259456161260146688
1259191668588371971
1259113144712138752
1258827036652638214
1258789761843593216
1258789758899281920
1258750182029774848
1258497811366252548
1258455883203465217
1258428440384081920
1258386881462575105
1258168549383835650
1258140817031659520
1258095165127958531
1258063033366183939
1258034691145379840
1257795043672444932
1257795042485428226
1257767904965206016
1257728154380185601
1257684802238627841
1257447424152436736
1257417678849015811
1257402826847911938
1257344331255513089
1257320767928233986
1256994183853887488
1256944113628393473
1256639973043904515
1256607884722479111
1256351695698890754
1256309189821059079
1256273121289666561
1256227572804976642
1255979929705033733
1255937080372453380
1255937077205700610
1255937074215215106
1255937071782539264
1255903602679439361
1255862754969354240
1255638078703747074
1255638076845699072
1255605562609471494
1255576369024634880
1255542584480587776
1255509118518951939
1255270599859097601
1255251676023468033
1255236351219433477
1255202127653322756
1255131201209131008
1254895097612775425
1254851665473257473
1254801362031980546
1254801360983396354
1254801201981534208
1254774527902380034
1254480814634655747
1254480811207909379
1254480808880070656
1254480806787063809
1254449339272921093
1254086258638413824
1254086154971906048
1254042600329314305
1254042230911795200
1253798875669954568
1253765066106773506
1253731306732691457
1253702520502923266
1253702501892861953
1253702490274529285
1253702459282862080
1253450761775861768
1253442686473900033
1253365113500958721
1253354373129949187
1253331895439376387
1253086989466898440
1253051331801219073
1252997880723447810
1252969006253912064
1252969005494816769
1252969004244905986
1252736027862749185
1252668662059798530
1252631626573586433
1252604393154904065
1252367150804643845
1252367148967579649
1252367146501287936
1252367144433487872
1252322783037620225
1252286386021052418
1252286384578211841
1252248285932220416
1251988665938608128
1251878722048856065
1251591334554677252
1251553363973615617
1251508502079692803
1251281879950598145
1251250552501125120
1251218861891956736
1251181610889818112
1251154113670164483
1250906895596093443
1250873495111819271
1250854302589083651
1250822502206648320
1250788641665941506
1250788639749087232
1250570230650331137
1250567849891987457
1250563992067727367
1250542984170541056
1250491658745110534
1250458225767591937
1250427732422344709
1250196053011431426
1250196051342102533
1250196049337233410
1250196047303004160
1250139749731401729
1250099630509096961
1250065477935730692
1249837696849260544
1249780492012052480
1249741212959080459
1249698225700864008
1249340744818712576
1249078677448658944
1249042493724856322
1248998323085889541
1248968213490208768
1248708286838444034
1248658665869115395
1248658665013477389
1248658664187219968
1248658642309709824
1248658641043030017
1248620767731798018
1248589118583508994
1248365749997051905
1248323184467861504
1248290129006993410
1248250447107784706
1248016637208354817
1247965703120072712
1247946382767521792
1247929386399129600
1247908284788551685
1247631909330415616
1247574645785665539
1247557587136057350
1247525335756750848
1247305491014979590
1247254182807076867
1247232752556138500
1247203719860686849
1247185060396249098
1246850913031028736
1246808241281142787
1246520791463792646
1246465239136247814
1246465238142255106
1246465237106200576
1246465235470487558
1246428884293345280
1246201119300366337
1246185413032718347
1246151737142099968
1246121326143823872
1245870956276375553
1245867722962956288
1245862106060091393
1245861855232311297
1245855728213962752
1245854671933042693
1245853458693001217
1245853456520241152
1245851082317676546
1245752552500736002
1245709576416251905
1245497008858767367
1245467950049644545
1245438910060208131
1245408796647841793
1245357840472117248
1245137770064076802
1245135508755427336
1245135506393968641
1245132313840824322
1245132311777198088
1245130459136364545
1245127380638797825
1245124959917223943
1245124948903055361
1245048405828800513
1245000858875637763
1244765370793299969
1244722655196057602
1244722654319345665
1244657161608794112
1244616634985328640
1244614188384862208
1244401708484235274
1244311858204553217
1244282055896293381
1243999878117761026
1243936052492021760
1243891544580653057
1243602439502204928
1243576858517610498
1243541407723335681
1243304220251602946
1243271459470028801
1243227030583476224
1243185017817378818
1242923674795114498
1242886238476124163
1242862677896179718
1242828097809940481
1242595664523071488
1242507821201195008
1242497628342026240
1242466455456751616
1242453371019132931
1242238119077974017
1242225268825128961
1242225266463776769
1242185270386208773
1242155539691384837
1242113951518818305
1242106273925079040
1241889951781961728
1241829145304338432
1241758154884612098
1241745813698740224
1241479270515593219
1241415441735655430
1241358241851944960
1241170794459299840
1241165561045934080
1241124112354992128
1241111466222194688
1241081017861115904
1241048983121903618
1240989421958311936
1240787572307230721
1240764597562474496
1240732285105774592
1240694533035143169
1240637540937404417
1240404033883553794
1240375651322015747
1240356527241822208
1240332828446986242
1240294447075729409
1240072232363319296
1240018585747107840
1239977595011100673
1239972807007547393
1239947168804454400
1239901523414593536
1239704567689945089
1239682337249640449
1239633320998297600
1239633319328911371
1239592852755267587
1239558735900614656
1239292335973949440
1239225626097324037
1239225625208119302
1239225624276938754
1239225622385299462
1239202152561758208
1239189673035137024
1238938751361003523
1238875295039533056
1238823230942646273
1238823229822812160
1238544941950910466
1238508173004324864
1238463415422726144
1238234065779798016
1238207799861096448
1238167760275935232
1238117472223612928
1237853578384928770
1237826705131278343
1237816665095667714
1237777858967339010
1237743458242236416
1237743457072013312
1237506859927572480
1237473585540861958
1237436962614714368
1237423729493323778
1237381979991085057
1237179363453546496
1237107314039103488
1237061879756972032
1237061780662292480
1237027886172864515
1236783368907493376
1236702484833406976
1236661051464323074
1236467364780216320
1236383020338286593
1236305857522139137
1236305855613669376
1236084150949621760
1236060991064023040
1235975874111029248
1235937093328736257
1235693575326838785
1235658266723495941
1235623087120490501
1235590522401677318
1235328008862535687
1235297194535723009
1235265369385947138
1235229642459578373
1234958000206614537
1234932669135409153
1234899658599735296
1234855485687443459
1234601842157510659
1234554321729183744
1234505600475766786
1234200842569441281
1234199301540261889
1234150361193164805
1234118877828800512
1234118875928813569
1233814293772107780
1233774389994360832
1233528902720598016
1233499011094654976
1233448049558638596
1233414741789462534
1233168624120160257
1233118117947232257
1233055807526375424
1233055806029017091
1232821071012823040
1232821069616119809
1232774406646239233
1232736458764623878
1232683451243016192
1232460663693434880
1232460661210267648
1232398813324873729
1232355937878519813
1232316037523263488
1232316036621459456
1232034977073827844
1232004533339000835
1231972233561755649
1231956524672659457
1231956217523666945
1231956216391372801
1231645388911890433
1231579438078447617
1231579437159849985
1231579436056752128
1231579432852258816
1231293643379572741
1231221611589701635
1230984642599276545
1230943548855459840
1230908319684026368
1230878462979772422
1230641179492069376
1230580935869026304
1230537764405481475
1230504131569364992
1230240815307464706
1230188961286512642
1230143552656678912
1229909308617502720
1229873996008763393
1229822010295017473
1229822007543504902
1229787787374796801
1229478761164410880
1229428640519270401
1229133941958987777
1229074791640051713
1229074789815476225
1229074788636860416
1229074786933968896
1228748710961647616
1228682377519603713
1228431563542728706
1228394214096097280
1228362780157390851
1228341765679218689
1228110104916111361
1228076082617835520
1228075498296741888
1228075497323712513
1228046463596363777
1228046461901955072
1228022285052805121
1227992061783179271
1227992051247128576
1227732882745184256
1227703218274263041
1227688826514087936
1227647818476683264
1227636785263661057
1227612717600641024
1227391554794541061
1227358421676122113
1227284099347472384
1227284098441498626
1227254140717477888
1227011114791247877
1226967060737142791
1226929086632792064
1226905112783749120
1226670816093491203
1226621943039787013
1226511194460217346
1226511193592008704
1226511192690188289
1226511191352250370
1226511189242503169
1226217747564158978
1226217745395732481
1226199072748589057
1226179586951610369
1226142202637754368
1225808790177681409
1225766676190371840
1225544956414222338
1225517775281623043
1225481796638445570
1225444798745763840
1225162352926117888
1225124481615699968
1225098067218763778
1225070030192349184
1224923703202414592
1224867666168631297
1224854700849319937
1224850845818331137
1224770002949234688
1224716572968849408
1224716572004098052
1224716570880069636
1224697900590096388
1224442979617632258
1224407454986928128
1224348229627777024
1224174239340777472
1224089898900168705
1224015106453004293
1223698547935252483
1223659749939580928
1223659748895207424
1223659747959812102
1223659744973524992
