1286071838213275649
1286065988278996992
1286054362024992768
1286051300317237253
1286041732971401216
1286041732199723015
1286041728261271557
1286036378199916545
1286036346293936133
1286035081518288897
1286034034766864384
1286032444601376768
1286024465038663681
1286023988855046144
1286010623764111362
1285984380310216704
1285981111827476481
1285973954499403776
1285973353141014528
1285967902194184192
1285967734770225152
1285967474794651649
1285958959770279937
1285955480305770500
1285953141939277826
1285952728888496129
1285950406040920064
1285946498597949441
1285930230754967554
1285923540450123778
1285923469226647555
1285773938249928704
1285773518773379072
1285773299298050089
1285772977313808384
1285772684186587136
1285748898846224385
1285747043160526848
1285746985195249664
1285743858941407233
1285733444262264833
1285725611911258118
1285710953779167236
1285695956009324545
1285668368343867393
1285649920733650945
1285629631694069760
1285604522061172736
1285556813585354752
1285411082144755712
1285378961334132736
1285373015849685001
1285358786480406528
1285345059869728773
1285329888086392832
1285326754786279424
1285311256493207555
1285311076805029888
1285310959557447681
1285301934010884099
1285284589565440000
1285280381000966144
1285258299575861251
1285253817022521344
1285233041862995973
1285025698869055488
1285024124000034816
1284986776331915265
1284943621024776199
1284665640398262273
1284592750600556545
1284564847145840641
1284524369260224512
1284336343527628803
1284312199310319616
1284288279337144321
1284255307506438144
1284234639134138370
1284223850696278018
1284214776193863680
1284214458978623490
1284204248000090116
1284199296863285248
1284187397211783169
1284174201457434626
1284148550901825539
1283975737540829184
1283955839515209729
1283950981307301888
1283942727877636107
1283923683849973762
1283911435228188673
1283884113817210886
1283871113643200513
1283859526102380544
1283853914484412416
1283846055025672197
1283835080754987009
1283815211405905921
1283801511034867717
1283786125866340354
1283596075379625984
1283560874523930626
1283554645751848967
1283518128866103298
1283514175050993667
1283499074927431680
1283487158146404352
1283476424993587203
1283473241307316226
1283462597262671872
1283457551170801665
1283438677306175489
1283423578545954816
1283405394111606792
1283259656714907650
1283259584577036288
1283259130480738304
1283230727656607744
1283223584962301953
1283199073969897472
1283183648011956225
1283163989288136708
1283126944645644290
1283124423604740099
1283114040059768835
1283107441807368192
1283098943266656260
1283083842702565377
1283050140077629445
1282865760977784834
1282859387913220096
1282848988069126144
1282848948823236608
1282829550666362883
1282829411683905543
1282809764087574539
1282793172918247424
1282789495285391361
1282774299674390530
1282754241879257090
1282745381118509058
1282729045856333824
1282708936731373568
1282698802252701697
1282681234573815810
1282498899786321920
1282379716088008704
1282063320393175041
1282015548914536448
1281982833708249088
1281973206740619264
1281972878393708545
1281793118816407552
1281778566343069696
1281751017898627078
1281685965581451264
1281674807604436994
1281674773370564608
1281674552054095872
1281643094832644102
1281625478709772289
1281611638764965891
1281604730926637057
1281428147540459521
1281405340559577092
1281400244463443970
1281376382715605003
1281331230932443136
1281302102262771713
1281299631398248448
1281287001485053953
1281270079557111808
1281235763271794688
1281049020543229952
1281016466154946561
1280994527482970112
1280952505866891267
1280940188517060608
1280934307410989056
1280916149119713287
1280912746004066304
1280902582974722049
1280893446333648900
1280886464339943425
1280885360088801281
1280639161549180930
1280621131083505664
1280620643952857093
1280617929743241216
1280598886814486530
1280591899435438081
1280591536359645186
1280591097606086659
1280584872264957953
1280569773869330432
1280561486541156352
1280552900742152192
1280552754725875712
1280535785759014913
1280523369616678912
1280517076415905795
1280506328931319809
1280499707299717125
1280342718183546880
1280331038569488389
1280322730118778880
1280322462442491905
1280301866967072770
1280301683348852739
1280301474648637442
1280301277214359553
1280301122834571266
1280292637363384325
1280270886747156482
1280243331629568002
1280231277879275527
1280211299679567872
1280205040775426049
1280197424355717120
1280181276381777920
1280171184198307840
1279951452832661512
1279931171229630464
1279929673523376129
1279903769539592193
1279811407597404163
1279522217777381376
1279498280087535622
1279497688850083842
1279439057156743171
1279438827040509956
1279438631850127370
1279280165458083841
1279280053264633857
1279149647534137344
1279139949456089090
1279113081562583047
1279082472936882181
1278878704492580867
1278864076987392000
1278817082759577600
1278811306519388160
1278803133309878276
1278788358802739205
1278780485959929856
1278765385504813056
1278750285075107842
1278722101734752258
1278486225779855361
1278469687614099460
1278450027657080844
1278437044272926721
1278400900428705793
1278385378894831616
1278372405707264003
1278372359154667522
1278369162692308994
1278359030570921987
1278349064845869057
1278278343234859008
1278276741170159616
1278153854295478273
1278141702105161729
1278135656540184576
1278133417264234496
1278127627614724098
1278092190976282624
1278082796393836544
1278069731367571460
1278063440066752512
1278049256553828359
1278048731640848384
1278048281772396549
1278025507783622657
1277995312527925249
1277987789108391937
1277783917337206791
1277772591093043200
1277755618074464258
1277742598103408640
1277740881517391881
1277738618765918212
1277715919209406470
1277700868662374400
1277683418638188545
1277677154160070656
1277675225170272259
1277653088661385223
1277640959099092992
1277632344401330178
1277632136594538496
1277628986235990016
1277619140241641472
1277619139453091845
1277619138681241603
1277414507111997442
1277400165150863360
1277354565705351170
1277300734891978753
1277270351689453569
1277236637697806347
1277001074742833152
1276957671254622208
1276940173478187010
1276925111271120898
1276909465300881410
1276716366721175553
1276713789082284039
1276686560415580160
1276637612762152960
1276622513234161664
1276612876346830850
1276594927472869376
1276590249976659970
1276585222369193984
1276567805450752002
1276547015971934208
1276538265399709697
1276530658806919169
1276361413523578885
1276347750838415362
1276327952523894785
1276306408200441859
1276282629827018753
1276263900149776389
1276243162286129153
1276240040943894533
1276227526399012864
1276221117884248069
1276204815232782340
1276191170272661505
1276179594819833858
1276168274426781696
1276158284223954946
1276148862185541633
1275992324607221760
1275960237267341325
1275931352173510660
1275931122359296000
1275911667432525826
1275884259656585216
1275883905887932419
1275883829769785344
1275875581079552000
1275870851150352385
1275859217342181377
1275853298898264068
1275851489131577345
1275845290772377600
1275830241244692481
1275828236539310080
1275819084240900096
1275809656976244737
1275790597689835522
1275638632993427456
1275594490271555584
1275578161166790657
1275560956102430720
1275555831002660865
1275553157553233930
1275534090939387912
1275502633755836419
1275479984606457856
1275462408916647936
1275443497340792832
1275243096889069569
1275212219974811648
1275157697130835970
1275132733581295617
1275123836284030982
1275088934574456835
1274885893401325568
1274862177573363715
1274744741775773700
1274502217035374592
1274401633305165828
1274383516600619011
1274203890033057798
1274140368527921153
1274092091828604928
1274054345449811969
1274031792979415040
1274009809805881344
1273986307656646656
1273980407726440448
1273817479924666368
1273802055442890753
1273786060988977153
1273779354506575872
1273769489029640193
1273752354093858816
1273722151993032706
1273707054776098818
1273691955055128577
1273678198707032064
1273665529111293952
1273657128855707648
1273643974683754496
1273640551481475072
1273639951683518464
1273639105918689283
1273624273618374656
1273622595242545152
1273485391895527425
1273448042855792640
1273445911776108548
1273445774802681856
1273445570271752193
1273445456627056640
1273445312905056256
1273445208232013824
1273445084906823681
1273444976295378946
1273444839045111809
1273436184329551873
1273430731474087936
1273404734326611969
1273391221248008194
1273389753673498629
1273383794280726529
1273376429183508480
1273356098473537538
1273343424633221120
1273336669811273733
1273331603880710156
1273322350587580416
1273307054334238722
1273303582280908801
1273284269314658312
1273279918516981760
1273276916129300480
1273274200434765824
1273263552988676096
1273088557201215492
1273072876564832256
1273050224148140032
1273043177855782912
1273031349763371009
1273012478507724806
1272981575077158918
1272956538186063873
1272952077371576323
1272925653814464512
1272914330682568705
1272903056603131907
1272726843779461120
1272716777076797442
1272706738672807936
1272693245341044736
1272687836614012928
1272676511749771265
1272665189553324033
1272653862445309952
1272639823241756680
1272623562122289152
1272594754446995456
1272567286919057414
1272539859840892929
1272533232878321666
1272531913673244674
1272531589331931136
1272531434176208896
1272304057697185792
1272265050468859904
1272227302869471243
1272212214708084737
1271974521336201217
1271953568245747712
1271937343818170368
1271900421947363328
1271880326252503040
1271851103462854658
1271809350936326144
1271579281966206976
1271570013632311296
1271569728239218688
1271562925380038657
1271547825113821184
1271534121081282562
1271517669108396032
1271507795700056068
1271491352375721986
1271473423584317441
1271468458300133376
1271460055033024512
1271460036905140225
1271268483733622788
1271258726910046208
1271257159444107265
1271245837172080642
1271235690601349121
1271231993578061824
1271223735899639808
1271206997870993409
1271199255491944448
1271172883012878339
1271147688721920000
1271132589068300289
1271127216273993728
1271109945606443015
1270926854371901441
1270920591210614789
1270907977051013122
1270884689159639040
1270879949168279552
1270868380325761026
1270860798638735360
1270853933205008385
1270834373219307520
1270819274135760896
1270797025790046215
1270793181781733376
1270777881560580098
1270753660511936512
1270733368569876483
1270732620935106560
1270728680214532096
1270561709028245506
1270547482976477185
1270537416764346368
1270521061512114176
1270507434898001920
1270490859738402818
1270460722728796161
1270447015982444545
1270430467775279104
1270415366498418688
1270400266483859456
1270383838020145154
1270367239187976193
1270193143426711554
1270191190223224833
1270179492091310083
1270147346567921670
1270131440827748358
1270094032522354692
1270050457931710464
1270031666065670144
1270031164091269124
1270030915926982658
1270030597302427649
1270030337326772224
1270030092618600449
1270029907779817474
1270029715647184896
1270029539142520833
1270029313774157829
1270017797922394114
1270013663290802180
1270007516584390657
1270005602937442307
1270005552018587650
1270005434653511682
1269811885987098625
1269799200029630464
1269782442094858248
1269777313106984965
1269762309175435264
1269745535096967175
1269734899084333057
1269422570626899968
1269391616596299776
1269359656276647937
1269339523328008193
1269328411744501760
1269298101266919425
1269072766025826304
1269051450321141760
1269041235345526792
1269038403133341696
1269036492460036101
1269033012647395330
1269019917510033408
1269010918576402433
1268999784691466240
1268982923685838848
1268967069695070216
1268950713972948992
1268940281036050435
1268918088654872588
1268911792165707779
1268754270758637573
1268752054001917953
1268730110506655744
1268722844168531968
1268716053955252226
1268668792370008067
1268653667466588163
1268653250858844162
1268646349395943424
1268611761881702401
1268592098724286464
1268580901304381442
1268572277823680512
1268557577979416578
1268549662954467329
1268380148828602368
1268373873877225473
1268363108554354689
1268335008965672960
1268331768228253696
1268329626541199360
1268286137778479107
1268241035445985280
1268220944901906434
1268204458326077440
1268003557887881218
1267912915539148802
1267883935591280641
1267867323299332097
1267863427575361538
1267848750078230528
1267833530433896449
1267667137029713927
1267622347651125251
1267591795669708800
1267562484283478016
1267540252639539200
1267504948301963264
1267496265274851330
1267487578435043334
1267245727031296001
1267238620483723264
1267157131502944256
1267147791761104899
1267132658544521218
1267132620007243779
1266928546007715846
1266903633951686656
1266898577445531655
1266871368643235842
1266871324540129283
1266864011565400065
1266863985321742337
1266838577788452865
1266825271795122177
1266821683803033607
1266807966931525635
1266552264275177472
1266552090408759296
1266521818757763074
1266474969824976898
1266449419261685760
1266445801246601216
1266432025642352640
1266429098668236803
1266411095570481153
1266390233874141185
1266381354700288007
1266195054269329409
1266187505457524736
1266157306888114178
1266142207947530240
1266134655591313408
1266104456652787713
1266098165746470918
1266089357183770624
1266078032873377796
1266066712148930560
1266051612482682884
1266039601841520641
1266028959155642368
1266026045192486915
1265996269526437888
1265825115993972739
1265817566271819777
1265810017380270081
1265802561698836482
1265794919362203648
1265787368382095360
1265779864633819137
1265762751013625857
1265750877068984320
1265734522508701696
1265719423563739136
1265715507908554755
1265712250716897280
1265704323603763201
1265689224130387969
1265674124384333827
1265659025317752833
1265480545431162880
1265470870073552898
1265418688192102400
1265412592526397441
1265388489266409473
1265373389897846787
1265360827261091845
1265357035153100801
1265341937462083584
1265326833698058242
1265311738402082821
1265115172735266817
1265093309002891264
1264988556210114561
1264753053141524480
1264693912440053761
1264662455818518533
1264632258641539072
1264617157670965251
1264602061498232833
1264423515597402117
1264422804444729345
1264390666097958912
1264375565500313605
1264356612229210112
1264300067831205889
1264269870717374464
1264254771940163584
1264239670319132673
1264226016114941952
1264029534858309633
1264020727033933824
1264013689096679431
1263998079310544901
1263987805979435008
1263975428466847744
1263937683207798785
1263921363192033283
1263907482667085825
1263897747431849986
1263887922018889737
1263869733641674752
1263854633153253376
1263839534057390081
1263665889460789249
1263651911414296577
1263629872041205760
1263605491386601472
1263598003731828739
1263593455135031298
1263592620544061448
1263587874588385282
1263574909327781888
1263571516463202305
1263563967076556801
1263556417073688586
1263550125953003520
1263537542646755328
1263529999014879232
1263502517184405505
1263496320653889538
1263488808890368003
1263465601181327363
1263459584477409280
1263303979590656000
1263293420954701824
1263283826974998529
1263265752553005057
1263250653695979521
1263237522760634368
1263228003770871811
1263227264004526080
1263212904251158528
1263202159908343808
1263198303640006658
1263194029094653952
1263186565452488710
1263167606711672833
1263162238380244992
1263161451646238723
1263157631981621249
1263148730573709321
1263143673518227457
1263137441713729537
1263123162297851906
1263121055834689537
1263108206965882881
1263107959053094912
1263107213440290817
1263103232324362240
1262946159590608896
1262926014642114563
1262885979913891840
1262873165744635905
1262848059177873409
1262825350003855363
1262812767179935745
1262797995981959168
1262797994967158785
1262797993713053697
1262797992727371779
1262797991502643205
1262797990059806721
1262794289244860416
1262779418059169792
1262767470730833920
1262754888900997120
1262586787626696706
1262578817081544704
1262578374746279936
1262566949990604802
1262548527672111105
1262535099121311745
1262518328330866688
1262499452604092418
1262489416079114243
1262465480092086273
1262446604390289408
1262435281120067584
1262416405929930758
1262409390591705090
1262401306490109955
1262389981915549697
1262218500418002944
1262192576427425792
1262175781423386624
1262163921391116288
1262159686788399104
1262143604069367808
1262122909805555713
1262095541015478275
1262069184990756865
1262035143692357633
1261838850940264448
1261763353241845761
1261734127323287552
1261718055132049408
1261702955880726528
1261691860235497473
1261672757802106882
1261479002142883841
1261478648990793731
1261478400251908099
1261477835761504257
1261477662628986887
1261477430721753089
1261477184344141827
1261476775680491520
1261476630238765056
1261384403449638912
1261372023865069569
1261360699093053440
1261344521553510401
1261325468093026304
1261310454850338819
1261154803507441670
1261137465714376712
1261114074215010305
1261061938727059456
1261054550934532114
1261054549323919362
1261042482114068486
1261032316601851906
1261014964824944645
1261007140489134080
1260993281502015488
1260981953269907458
1260974575141228545
1260959362803273728
1260947984159817729
1260926806435168256
1260798438314135557
1260797025131454464
1260757669486440448
1260727712416706561
1260718205078831104
1260717712071933954
1260699269343911942
1260687513133481986
1260683738444435457
1260668639080038400
1260658588109860864
1260653540155944965
1260641013821059084
1260630891832852486
1260608241978863618
1260596916716367872
1260585593303490560
1260570495314915328
1260556531881381895
1260555920431624193
1260399087779790850
1260392542761299969
1260392363383353345
1260391065825112065
1260390111604289537
1260389298173620224
1260361601909166083
1260361325538148355
1260360955239768064
1260360749806948353
1260360582286450694
1260360395044290560
1260345459090116609
1260333465750376449
1260327096632500225
1260325839918575619
1260306513966641152
1260306511982743555
1260291152269332480
1260284338899496963
1260269760907862017
1260255951380234243
1260255949337563136
1260232955932311554
1260232760666587136
1260223322496937984
1260223321108631552
1260208105687842821
1260195234811654144
1260183782197530624
1260046666121371651
1260038207376207878
1260035020426600449
1260020525398552579
1259972858509324288
1259970669997064193
1259963327553458184
1259960851374592000
1259926469289148417
1259921987209584640
1259917439325765634
1259898565071187968
1259891014782775296
1259884074925207552
1259872324872011777
1259864604819193856
1259835445036355591
1259703813042135043
1259690624523042822
1259678960943656960
1259676532412309504
1259650689300602880
1259631169760571396
1259604124858896386
1259589027486785536
1259573927103299584
1259543726495535105
1259536833903550465
1259526110250852352
1259498911493951490
1259498430763802624
1259494147649650690
1259491837561143298
1259481922025271299
1259331352882790401
1259315768048713728
1259282262547406849
1259241736620122112
1259213814857416714
1259213387956924418
1259213174093549574
1259212915074371586
1259212653303562243
1259210763811655682
1259181341729452033
1259166641407119360
1259166640350138369
1259138374960656388
1259130219861913600
1259121471483412481
1258971121254191104
1258923427571826690
1258901057297580033
1258893259683663872
1258847478847324160
1258834052166987777
1258816107076562944
1258816106158084100
1258808416966975493
1258799668865138688
1258790190707081216
1258776389538336768
1258772773293391873
1258761487562051586
1258750125054156800
1258746476819296257
1258742153108287488
1258741760974602245
1258596801881522176
1258509618155712512
1258482986921521152
1258467887775272963
1258456797289078786
1258456796492181504
1258456795305164800
1258437688492949507
1258426369110933504
1258417604055760896
1258407141578125312
1258392298427043841
1258378186183839744
1258209540505509894
1258186574199754752
1258182357242314755
1258169675550093312
1258134654349185025
1258129407169884161
1258116824186728449
1258109277438242817
1258094523235946498
1258090400251666433
1258082850777083904
1258063980620365830
1258059476323708928
1258053866123223041
1258049776987394048
1258045101839958016
1257838498675068928
1257773310659694594
1257765761168310273
1257754437570883584
1257744455941017600
1257719551547985921
1257710354131378177
1257682864222552072
1257465040191528965
1257416399728885760
1257415728162115585
1257415318831542275
1257414725232668674
1257414700264050690
1257413695178600448
1257413051399024640
1257404813052084229
1257369402263175175
1257346875868565509
1257324103658160130
1257082508996313089
1257066189777502213
1257037212744482817
1257034542386307072
1257007011306168320
1256991914110246913
1256984362932998152
1256946616277188608
1256760611385470976
1256705023406456834
1256674826531426304
1256659724944228354
1256644626821394433
1256629527507202049
1256599327721394176
1256402089271386112
1256394366542733314
1256394307226923014
1256394211089244163
1256382781174751240
1256346473752596482
1256346471475163147
1256346469222830081
1256342635330994177
1256317468072706048
1256307472924422145
1256307415215009792
1256306521337507840
1256305225234649088
1256304966228160512
1256289785326567426
1256282239735742465
1256274820976836610
1256274687320944640
1256260421817905154
1256259633196474375
1256256729404366854
1256251299454160898
1256251298610995200
1256251297671634945
1256249764649328640
1256249278927945730
1256249271948623872
1256249216709640192
1256244487350861827
1256069360407334912
1255953822200946689
1255949556711391232
1255941238814957569
1255919891338723331
1255919888171962369
1255916072974323713
1255904748890279937
1255885585778008064
1255860742533918721
1255681422888591361
1255681343201013762
1255681266994704385
1255648689961517057
1255644282217775106
1255614082964578307
1255612824623046656
1255606058489389057
1255604016920182784
1255591254529839104
1255566348110962699
1255558514954637314
1255558356141572096
1255551432968847360
1255546135487397888
1255538585530281985
1255527266932494336
1255512864586170370
1255313548433076226
1255279921544540163
1255277101126737921
1255276388917088256
1255267029201883136
1255252404473409540
1255249178583801863
1255215204951969792
1255200222701072385
1255161098740752385
1255144767068889088
1255122580446433282
1254970569784610817
1254913943077822464
1254897432825139207
1254885532301168648
1254874140898713601
1254855334289498112
1254840233797050368
1254830415505797120
1254827095361859589
1254825134743080964
1254813809845440520
1254775950929129475
1254770856145719296
1254515595090878465
1254492945501175809
1254470300315422720
1254447647349518348
1254424998728462337
1254183407489298435
1254164845663928321
1254153209611878400
1254130558063566848
1254107908389965825
1254100359229800450
1254077709690400770
1253910046703935490
1253881418154942482
1253879678999261184
1253835656322781185
1253752921294061585
1253752755509964807
1253752658420211714
1253751383989288961
1253751130930151424
1253730575636193281
1253730421524717568
1253689861019766785
1253686186419380225
1253672120170754048
1253666357184532482
1253650428694331392
1253524662627307521
1253471246458720257
1253471245586309126
1253471244281958403
1253471242767732737
1253471241958285317
1253471240934887431
1253439756035190784
1253424656348000256
1253421029377990657
1253416382684819458
1253416156318203905
1253409725909102593
1253409556819963905
1253379358095523843
1253371808935555073
1253345385176686598
1253315845599776769
1253148172723027969
1253147976194838534
1253096246685757447
1253083659336404998
1253064828991791107
1253047169315201031
1253035847101734912
1253016970112520192
1253001951828197377
1253001950800609280
1252971833072193540
1252971831822336001
1252735052183633921
1252727439760994309
1252727139306287104
1252707703836815363
1252707430460461061
1252694847808512000
1252663283582152705
1252647032600227843
1252629081058873346
1252628161503858695
1252616834161008641
1252605509988782080
1252438027177086977
1252375030060642305
1252366823758000129
1252366786655170560
1252353022794936320
1252352798315823105
1252349532739735558
1252346879687290880
1252346877153959943
1252346874964525057
1252346872775102466
1252346870640173063
1252346868459114513
1252346866231984133
1252346863778279427
1252346861383323648
1252346859160391680
1252346856987783168
1252346855406493702
1252323651556442115
1252313585310560256
1252309715155124231
1252285277625880576
1252285134218412032
1252284929918066688
1252284928835948545
1252283362422767620
1252272834677637125
1252272782148165632
1252268949384937475
1252268867663155207
1252268029934698496
1252267505118334980
1252258593283248128
1252250672042573831
1252242978632093702
1252242955617947650
1252069477077757952
1252041024358113280
1252039502480019456
1252038153902292993
1252037511980826624
1252034268525506561
1251963780671643648
1251933585264672768
1251918482414768128
1251903382391910400
1251718860643815426
1251625299881496576
1251619179125370880
1251616493395042304
1251571197151764481
1251556096562659328
1251525894814027776
1251330434970955776
1251330369032294401
1251317488110800896
1251300121096196096
1251295398880251904
1251274315670212610
1251274297408196611
1251274134493057027
1251244157034803201
1251223907740205056
1251212580493897728
1251200905770405893
1251200865819676673
1251184551612858369
1251182381584670720
1251152182549897216
1251138520162467840
1251138466760572936
1250908623884234757
1250907121769742337
1250907074420187138
1250903086735994887
1250887979595423745
1250876618383343616
1250869068170620929
1250857742748848135
1250846421097512961
1250814951926702083
1250809021927473152
1250807814144036871
1250782009846312965
1250640870967111681
1250640506985476097
1250590447522676737
1250535791052427265
1250530046714040323
1250507272050130944
1250495354312593408
1250493984830566402
1250484085560090626
1250481673927626754
1250472705259909121
1250465155894444036
1250457606210170881
1250450056357892097
1250446421167349760
1250442506220822529
1250435262313725952
1250435261114155010
1250423818012614667
1250189590503116801
1250175748507222016
1250169568753926145
1250151844116156425
1250149198114091008
1250145760080850944
1250130667414999041
1250130421591019525
1250091443068137473
1250073119521472514
1250067661771472906
1250067425204342791
1249904599810453504
1249854843524493312
1249838526251712512
1249827203098882048
1249812102828535808
1249804552569847808
1249801710626717696
1249800959561093121
1249800638453567488
1249799912260136960
1249792199023374338
1249792198197030914
1249792197412687874
1249792196297011201
1249792195261071363
1249792191259697154
1249784112824627200
1249714940883042305
1249551770243575808
1249411967099559940
1249406569365655555
1249396868309610496
1249396180854771712
1249395558902456322
1249366667785715712
1249357293545762821
1249300735696617472
1249118189683970050
1249114601125380096
1249113865817751552
1249094876500652032
1249079779397111808
1249052754133180417
1249049580248784902
1249034481651990529
1248808797814099969
1248787380552658944
1248786996727705600
1248786845623672832
1248786286699098112
1248786098450354183
1248745899867676681
1248745756628004865
1248687192806850560
1248679641356754944
1248678461478252544
1248661263653142528
1248657763716214784
1248657091222536193
1248657053708673024
1248656994497691648
1248645666630295558
1248630567182036994
1248624080409903105
1248618820454871044
1248614377130872833
1248466613122129922
1248415875465531392
1248412247635816448
1248339903093456896
1248313477497647104
1248296567314022400
1248296565057433605
1248011083090022401
1248007715621949440
1248003592675422209
1248002107606740992
1247978835766915073
1247969965329833987
1247942332730806272
1247942331766116354
1247942330042236928
1247899715565322240
1247877825996218368
1247754422651781120
1247663945093197828
1247663943864197120
1247581448686747650
1247581245036539909
1247575938709233665
1247573602217664513
1247558502874112000
1247545770246639617
1247528748800327692
1247518512429633536
1247293012314591233
1247253834671558657
1247238392032768005
1247170361038233600
1246997076518436865
1246995760501030917
1246965848188821505
1246928099104579584
1246905451201081345
1246904932789186560
1246882800310964224
1246860151220363264
1246837502834606080
1246535512644599809
1246497766613741570
1246494350407659520
1246493833254199296
1246490213368631296
1246475734836588550
1246473611684139009
1246468020911792135
1246466587973939201
1246286370626306048
1246286370571681793
1246206915794948097
1246163072810659841
1246163071317540864
1246160765867954182
1246135375380336640
1246127827407081473
1246107236688105475
1245876204504092673
1245868524448301056
1245867571158470657
1245835933729067010
1245793190130716674
1245784312072376325
1245772990773673984
1245772989955592196
1245765438790946817
1245746492217921538
1245744135631503361
1245722169189052417
1245721760265207808
1245720649256984577
1245720448224186368
1245719932798529542
1245569272656457728
1245567724119416832
1245535151628537856
1245527323207774208
1245527298230693892
1245527193884729346
1245524513753792513
1245523859773837312
1245475271165145088
1245452513559617536
1245430636535578629
1245425666247610370
1245418150335660032
1245410600374550528
1245404199078240264
1245403050996633600
1245402972852371462
1245385721881538568
1245374255489056770
1245371967869509632
1245363145452834823
1245362804883767304
1245357339764576257
1245179923213553674
1245179708796473345
1245179239357452288
1245178930128211969
1245176055423471620
1245134863780302848
1245131258994274307
1245074702592245760
1245050728546062338
1245049470217146369
1245048215398838272
1245042595820167169
1245040663529287680
1245040396238979072
1245025562986307591
1245018015265062915
1244833544704102400
1244780772646502400
1244764186623774721
1244763500892872707
1244762985077395461
1244762622727262208
1244761040564486145
1244737021261819905
1244685826669383687
1244678275965898754
1244658569645080578
1244655625977520128
1244645092264157185
1244421582799298563
1244362520271499265
1244361185870229504
1244361026709204992
1244315886892322820
1244300788387713024
1244044932584574978
1244023889782587393
1244011029698396160
1244008440449708032
1244005201520050177
1244002089023557633
1243998914090545153
1243998797446828033
1243998797442641920
1243953499551019008
1243938399570059265
1243720324044161030
1243704358417633282
1243667310063292417
1243659061574459395
1243646780769632257
1243646247358959616
1243644167940476928
1243638167468683265
1243638154109825024
1243638089337188357
1243638072169967622
1243638029354520576
1243592969120342027
1243592710705106944
1243536939745189888
1243536259395567617
1243372169658159105
1243366321263239175
1243353470922563586
1243347260794179584
1243318563865268224
1243296671888359424
1243279920010268683
1243275687986892806
1243262960203476992
1243241149004943374
1243240163276398593
1243238096377974785
1243229989266489344
1243215369382367234
1243013328038813696
1243012467627704320
1242967116799791107
1242960706691047432
1242912790257565702
1242904084929286144
1242882809427111938
1242881950085517316
1242851007278743553
1242848806833537025
1242845556596228096
1242821036996988933
1242818590132383744
1242609644406595585
1242579444914503680
1242559075730284550
1242526766360641537
1242526600165502977
1242513951704977410
1242513765012307968
1242493687176859648
1242493685863985159
1242480554806820864
1242478203463237633
1242462761621295104
1242462759629066243
1242458678197915649
1242458676386050059
1242451101007384577
1242444807701778432
1242292554294534144
1242254394453868544
1242250017861013504
1242249907395690497
1242225981143818251
1242225979881402369
1242225976777596928
1242218679623917568
1242218461553733636
1242208919403012098
1242185661937057793
1242178276266737666
1242156658555486208
1242138591293321217
1242126460837658624
1242104261607149568
1242093352285171713
1241868523938271232
1241846604488998913
1241842139165863943
1241839309939851264
1241826195605540864
1241816992916459521
1241786720993107972
1241767337516126208
1241759140600414210
1241752914592325633
1241604762232967168
1241545087466663936
1241527356419977218
1241527355472056322
1241527352439582723
1241527351344869377
1241527350384365575
1241527349461598211
1241527348639551489
1241527346928046081
1241509234686083072
1241477181881978880
1241471132437364736
1241464546071478275
1241408152874123265
1241394135229030401
1241381517248495618
1241379038196793344
1241165861492117504
1241117254441369602
1241113462417305600
1241105395566948357
1241097041985646594
1241085660703993856
1241074142297931778
1241031747195854849
1241029035796230145
1241016651342020609
1240909782950637569
1240866411209093120
1240837742298202112
1240828459003318274
1240826289466028037
1240815357901836290
1240815341686722561
1240815331330985984
1240787877488984065
1240786936203292672
1240785889241870336
1240767505825660930
1240760554060500992
1240760418051686400
1240754686803628032
1240745062524506114
1240741345888780291
1240736994747207681
1240732595056529408
1240730625860083713
1240730016352284672
1240691698419683328
1240669359124537345
1240654259399647239
1240447839085432832
1240440860510224384
1240431187459477505
1240423992122429442
1240386711231881222
1240386673877430278
1240386658564018176
1240377837414211585
1240372796523524096
1240358745856552961
1240352971738750983
1240333460356526081
1240325845060849664
1240314588027146248
1240314555642916869
1240314447098458112
1240306976065757184
1240291874423721985
1240291871785660416
1240136483362803713
1240115990094057472
1240114220626087936
1240074030486618118
1240072896858521602
1240037525500166147
1240035180418674689
1240026754149949442
1240024906718461952
1239995059992432643
1239952133832626182
1239940536259293184
1239924314163445760
1239710642925338631
1239696891530694662
1239696702086557699
1239694111269101568
1239687891153903616
1239685691824635904
1239667033354223623
1239667032376979457
1239656130198081536
1239648005608943616
1239647958439690241
1239630723151249409
1239626017087643648
1239623551268933632
1239592610651680769
1239582348078911488
1239582197566148608
1239556581483823104
1239548251243786241
1239386553081790464
1239380642783211520
1239368409608941568
1239359768818409472
1239359096035266560
1239358827335565312
1239358004144640005
1239318850664984577
1239317521213218816
1239316976528322560
1239316314767814657
1239315917772750849
1239315249120960513
1239314401661878273
1239312944564854784
1239312300214910979
1239309869317931008
1239287406110691329
1239241197908090882
1239229081943552000
1238945242696560646
1238859471201472512
1238828971279683587
1238797649802932225
1238696838674382848
1238696624920170496
1238696383877701632
1238694488006111232
1238680907780960256
1238671616650903553
1238654039308619777
1238642501076094976
1238632186842091520
1238630067317735425
1238629807489003521
1238616039094718465
1238615927895347205
1238553770675580931
1238553336888123398
1238537026158329858
1238502583108546560
1238495033386508293
1238483940299735041
1238469434332905474
1238219262096891904
1238217925858930690
1238217897727705088
1238204837692653575
1238168365107154945
1238168201499992065
1238167818304131077
1238167810662109185
1238167272637771776
1238166960376070145
1238128354093654021
1238109714426322945
1238109331649855488
1238098783772315650
1237925783064240128
1237921252418805765
1237906226962468866
1237902258135797767
1237868307920777221
1237867698723291137
1237856435699986434
1237856266782793734
1237852615540486145
1237850508280250381
1237848762996801538
1237834626653192193
1237812655106273282
1237805480065609730
1237804730283429890
1237804409335283712
1237803800469147650
1237799080769785857
1237784302194221062
1237740904577937409
1237506595300339715
1237506447682023424
1237478634375520257
1237475815438376964
1237474929081307146
1237446230147575808
1237445226479960064
1237439753508794368
1237437963107262464
1237421439210455042
1237389196626550785
1237389015474671616
1237385655321272320
1237375726422298625
1237186123824234497
1237183895830921217
1237170923104604160
1237168198690242561
1237166832848637953
1237130024878309376
1237121443739185158
1237071557933047808
1237070953563242499
1237070234017726464
1237069848359862272
1237063584926109697
1237047788384501760
1237043232166551552
1237037931346440192
1237030816070410241
1236845660487340033
1236683098613354496
1236683094255718402
1236683092255014912
1236675544281825280
1236355181152960512
1236355062231957504
1236355055831453696
1236354598031503360
1236335806236819456
1236328254731980802
1236300106258767873
1236161562248871937
1236115646842200066
1236033233189564416
1236026428468211713
1235973421776769024
1235973418664763393
1235925554530004992
1235778031622512640
1235764965233041410
1235748637285720064
1235748442770677765
1235748404233461760
1235696343445843971
1235689258721202176
1235688858118795265
1235688787126206466
1235688664593817602
1235685778048479232
1235684864915132417
1235670953490894849
1235631701654716416
1235631489980612608
1235631274158624770
1235617114066759680
1235616974962454528
1235615898599227392
1235615530838421506
1235614575711719435
1235603478606561281
1235354823308034049
1235354064210321410
1235345566818881541
1235343095841116160
1235343095132295169
1235338617351962624
1235337509489586177
1235337312868933633
1235337297392029698
1235337284448399363
1235337276651196417
1235337268254167042
1235337256686231554
1235337192559562752
1235337184015773696
1235337178370183169
1235337156631187459
1235336984907874309
1235322240792694784
1235306927850127360
1235241090082435073
1235224188216119298
1235224137821540354
1235224049619435520
1235061636408455168
1235060916607021057
1234965184285986824
1234964952009629702
1234910270998372355
1234909835260379137
1234899922488635392
1234895007330467840
1234894835850629126
1234894768024563713
1234894750827843584
1234894738609799168
1234894728895827971
1234894718489759744
1234894706326331393
1234894695295258625
1234894673816227840
1234894483604541440
1234894469159411714
1234894453401411584
1234894411739299840
1234870243811627008
1234856853743570955
1234691762519781376
1234662000015245312
1234625905651277826
1234607821733449732
1234607737683705857
1234605754600083458
1234604430244352014
1234508768911806464
1234493665730596865
1234306121592078338
1234306024917655552
1234305554270638080
1234305463312887809
1234303157766893569
1234302972227616768
1234302856074874881
1234302707495817221
1234255729688817664
1234206776024760321
1234169027167125511
1234161479617675264
1234116179628871684
1233881527508967425
1233861239060738051
1233860665623924743
1233860579686854656
1233852721612099587
1233842243720667136
1233842197214179328
1233841489970704387
1233830682188795904
1233830379959787520
1233825310111604737
1233799090183401472
1233783991322411009
1233768227886522370
1233764702595014656
1233713623450738689
1233557497283256321
1233512197915136001
1233498892932612096
1233498846963081221
1233471537774284801
1233461422480396290
1233444250651516929
1233426849688170496
1233417601071636481
1233406501777223681
1233255507797790723
1233210208022880258
1233173239435866112
1233166158049796096
1233149813329362945
1233136102221000712
1233133020514803712
1233117375446310913
1233106369064194049
1233106286197268480
1233106166609334273
1233106129875619847
1233105943275167755
1233094826415050757
1233094672869994496
1233091480459390976
1233063763445714944
1233058633757401091
1233058429125697538
1233053253547569152
1233045033663844357
1233045019801636864
1233041874732146688
1233035084099444736
1233035014171918336
1233033569024577536
1233033342217531392
1233032925219901441
1233032714544123905
1233032433450262528
1233032110862225408
1233032005530595332
1233031982415785984
1233031272303296513
1233031042656854016
1233030906811731972
1233029980570951680
1233029389052469248
1233029216700108801
1233027672764297218
1233005122021707776
1232810071404335104
1232796284614008836
1232793966963195904
1232792336087867394
1232788762222120966
1232786054257704965
1232773280764964864
1232768658067349505
1232734835229315076
1232734700894138370
1232734639640457217
1232734615812681730
1232734545339965441
1232734530991206401
1232730706670956545
1232730664434356229
1232730618104107009
1232730514580279301
1232730501988966401
1232730467297890304
1232728572252520456
1232727932977786881
1232688543337721857
1232621008097566720
1232486276223209472
1232486217192632321
1232457976637558789
1232419023025057793
1232418320554565632
1232409935511785485
1232383710005202944
1232350453398229005
1232033686566178819
1232028739195822080
1231983286903300097
1231932140364992512
1231917345771311106
1231457932711088128
1231383232639193090
1231377493321404417
1231374207943991296
1231373769173716994
1231092767079579648
1230950335281344512
1230947098805362688
1230925831737946119
1230925780269617153
1230907909208281088
1230615668879437830
1230613344920506373
1230570716849983492
1230545148775366657
1230537600433369095
1230523317506805760
1230521478589796353
1230519929494888448
1230497028112818176
1230356727205257216
1230264109238669313
1230259965408923649
1230230574570229760
1230228059892191234
1230226478249521153
1230225541845934081
1230223025112539137
1230222407392251905
1230220510358835203
1230220036821921792
1230196069721616384
1230188798107095041
1229861746950787072
1229564474371145728
1229521971458826241
1229491249016528896
1229490706864992256
1229490312474591232
1229463963861078017
1229463937319489537
1229463936459624448
1229462570114797571
1229462568999145472
1229462084972236800
1229462080232681472
1229460357711679488
1229256062743674886
1229091600573157379
1229090220504580098
1229088656679268353
1228738562792648704
1228400683864379392
1228379491707187200
1228350272071589888
1228344243476807683
1228340827933429761
1228325709447172102
1228136971408637952
1228125585647579136
1228125530282745862
1228113870654464000
1228054834085060611
1228052983298088963
1228052345436721152
1228035218004684801
1228022785856954369
1228022202332798977
1228017378140807168
1228002574810460162
1228000940160167938
1227974598299389953
1227972300550688772
1227762982974902274
1227761959598161923
1227737883001413632
1227725721960931329
1227719801839243266
1227715306564526081
1227702430969860098
1227702322840686592
1227701846539673600
1227700020536893440
1227699125522718721
1227698521509421056
1227697959371968517
1227697799275466753
1227697686624849930
1227696592116908032
1227695935561621506
1227695670963965952
1227695427623018497
1227694865795944449
1227694373774790658
1227694034417790978
1227691786795130881
1227688085439250434
1227688059531079683
1227678611026665479
1227678410224345088
1227674608326922241
1227640541942288395
1227640243442110467
1227639108375371784
1227638792263274499
1227638653226188803
1227638386573430785
1227637697096933377
1227637441227632640
1227637153380868096
1227636968038727685
1227636613246787585
1227635650779926528
1227635595578662917
1227635576498683905
1227635525219168258
1227633779042406400
1227633575475994625
1227611760535969797
1227611697852112896
1227611219890253824
1227609099250081792
1227390022778748928
1227384419444502528
1227366374806298624
1227363555873370114
1227360876577148928
1227360855085453319
1227347924457267205
1227315373575417856
1227315323432579072
1227315165709979654
1227314915901419525
1227314506763771912
1227305834465628160
1227305683026141185
1227305668220248069
1227305619356618753
1227305226023120901
1227300613240885251
1227299209784778754
1227289328927289349
1227276110880108545
1227267374375723009
1227266069045354496
1227265588323651586
1227248136709689344
1227069015941697537
1227067848822075393
1227061576693354497
1227060274777206784
1227059068449296384
1226989571239444480
1226989412774486017
1226889944586584064
1226665853770334209
1226513046882766850
1226351964004519937
1226235546994765824
1226215116640665600
1226188944972238848
1226157776654651392
1225968814938087424
1225907641546919936
1225907522378371082
1225907488593195013
1225903154354688000
1225902539436105728
1225878325060603905
1225849488293711872
1225819172275412992
1225798154261598208
1225798117800448000
1225638021728362498
1225637621721788416
1225578304784281600
1225561070754025473
1225553614502072321
1225530253445148673
1225529464991428619
1225529076762411008
1225528557428002817
1225513467320377344
1225511438837526529
1225511405543141384
1225503944354430977
1225493219141705732
1225493183385210880
1225488947079471107
1225483359700254728
1225477525477961732
1225458554460626950
1225443168411377666
1225440124437254144
1225438601414135808
1225434911043129344
1225433758733651969
1225265514605314048
1225262174760820738
1225260795547865089
1225260389350412288
1225260334476406785
1225260210253684736
1225259651559763969
1225259557171146753
1225259377529118720
1225259013048324098
1225258524315398147
1225245414317862912
1225232356572790784
1225232276923068416
1225191887457398789
1225191718695424001
1225191547605483520
1225191180780089344
1225190668118740993
1225190425578921989
1225189425841418241
1225174867034755074
1225170901165072394
1225167921669910528
1225167918150967297
1225167915789488128
1225167913792999424
1225167911154855937
1225167907661012993
1225167904519356420
1225167902342598663
1225167895585591303
1225150584224931841
1225129160022134785
1225127223914528768
1225126500963405825
1225125473409171456
1225107176210956288
1225097069809012736
1225092126448521217
1225080167573475335
1225071058325331969
1225070225026056192
1225069366137540611
1225064193436585984
1224928128268668928
1224928105451737088
1224927860806377473
1224926247266004992
1224923439590531073
1224905422097829888
1224849914196385795
1224849603356504064
1224804400914477057
1224772588104228864
1224759771435278338
1224718353069010949
1224718321251045376
1224533068582662144
1224528869820182528
1224526497358254081
1224526134899085312
1224526065948938240
1224526042284658689
1224525937418625025
1224525610984316928
1224524953921511432
1224524595551789058
1224523296840060928
1224523245677879297
1224522708957962240
1224522445132042240
1224521296186429445
1224520537466163200
1224520103179493376
1224519676753039362
1224519018607992832
1224518939197218816
1224518484471812097
1224518326656872450
1224517466635874304
1224517149605187584
1224516995586174976
1224516742539554816
1224516230918430720
1224516043080634370
1224514736798294016
1224513577828212737
1224512206013960192
1224512153308336129
1224382407312150528
1224331708796895232
1224014617975775234
1223764635695951872
1223731752654589952
1223652230525521922
