1286018777507913728
1285932130447568896
1285678478499733510
1285667769430704128
1285279915613528064
1285256301103194115
1284334474168340482
1284151873855987713
1284150124923564034
1284150054249467909
1284149907264241665
1283864247479435264
1283859677290340355
1283490481889071105
1283131634770939904
1283097617807925248
1283076961707991040
1283047675374587904
1281757592948285445
1281325494806421507
1280236138184216577
1280236136481333250
1280236134350626816
1279526967893729286
1279077208578052097
1278804946301980672
1278782862855151623
1278773851468574722
1278557258520109056
1278507366930165761
1278491940368142337
1278448936286552065
1278354139941163008
1278333293080072192
1278122544990695424
1278039912198148097
1278039807806103552
1278039768677392386
1277784061990371329
1277716844133191692
1277703859851481088
1276295963787886599
1276270997977665538
1275808063920930819
1275808062562095105
1275561667770888193
1275135869561769991
1274507136266113024
1274088661416652802
1274044519936385026
1273736224352677888
1273619945889431552
1273374767735808000
1273352209959391234
1273011486944907270
1272542312099467264
1272307145980198914
1271567825229021193
1271566415863177217
1271534880615211008
1271482294088368130
1271198179908882437
1270834284723687436
1270829250715815937
1270442065558732802
1270079419764400129
1268663841426210824
1268663839408762880
1267630992388489224
1267630991721533442
1267630991042129922
1267630990345863170
1267630989662134277
1267515403108003842
1266876424109142018
1266808252467236864
1266507093567299589
1266455495830888448
1266455495067435016
1266455494325125121
1266152848863178752
1266121261593366528
1266121259613597697
1266113801386147844
1266098070019850246
1266093126579601408
1266092453976780806
1266092432736899074
1266070930800984068
1265765746967285762
1265408167766372352
1265342281042796548
1264973361865732096
1264973356618702851
1264973350260150276
1264694103901700105
1264572261694091264
1264362298665246721
1264348836652298241
1263963818192973825
1263899537552429063
1263837953958318082
1263597664047788032
1263515898838687748
1263504294050959362
1263198278730100737
1263198277761150977
1263198276658040832
1262846134692823046
1262844902053904390
1262843403357822978
1262843324895019013
1262843203826470917
1262843135660613633
1262842808450375681
1262842726569123850
1262842641634545667
1262466198932992001
1262179530405543936
1262146367482466308
1261472906581807104
1261459798664544256
1261384971442421761
1261358685881864193
1261333980403716096
1261060027357499393
1261048652698726400
1260964184835096577
1260936153680752641
1260712944209399810
1260686510984216576
1260640664254943233
1260391801401356291
1260339053343498240
1260297940968636417
1260243047960522754
1259976086974324736
1259669143256784896
1259618454417612801
1258898474583588866
1258863269600780289
1258863268539629568
1258860554921422848
1258860554132828160
1258851880819658752
1258432039445037057
1258432037867999232
1258432037251358721
1258432036257357826
1258162156278894599
1258154948757532672
1257834304748630017
1257798099042537475
1257763131729870849
1257732253590970369
1257689598718889984
1257426488506421248
1257408398628392966
1257390903347548161
1257142707618828289
1257032474665930752
1257032400095379460
1256671819282755586
1256355072583360518
1256257855683989504
1255986544176959496
1255933220400570368
1255912339326545922
1255535285422755841
1255533388674596869
1255524574109798406
1255524197863997440
1255517625100238850
1255302627707019267
1254855240454516737
1254567794550726656
1254150432957640707
1253800004474601472
1253786893478768644
1253786807151591424
1253786384755802119
1253745095330971648
1253513719184855041
1253502166993637378
1253492816564457474
1253490182399148032
1253418696556462081
1253335355186483203
1253086250493448194
1253073743548686338
1253053896513257474
1253046472637140993
1253026109517713414
1252724425033744387
1252647505466200064
1252611818809417728
1252370654583648260
1252369688434102281
1252299077385162754
1252274015399555073
1251576498936578049
1250973934394191872
1250934462734569472
1250811622609821697
1250607882267242496
1250561557186166786
1250503036927193094
1250471373891350530
1250446446870048773
1250228972568416256
1250182489542459394
1250065300718043145
1249766196175659008
1249741364876713986
1249510067206004741
1249398170116907008
1248703971054714882
1248360160952713218
1248355186973827075
1248017024003051526
1248003809374285829
1247955375892152323
1247903468699828227
1247702209124610048
1247669211645784070
1247659267840188420
1247619204129447938
1247607493263589382
1247583260248596480
1247583226459275270
1247563410348408833
1247525017216114688
1247345989863845890
1247232880281075713
1247195291813646336
1246840893996503040
1246561057075757057
1246464222495727622
1246204351309365250
1246146970206515202
1246124718484344832
1245854195804037120
1245842184525545473
1245805601835409410
1245774936037351425
1245738414340743168
1245536810748514304
1245462619944890371
1245442587043004417
1245164337666424833
1245148678660198401
1245126082195578885
1245096879991459840
1245057816328654849
1245056748425293840
1245019629879255044
1245015428528775168
1245013007299743747
1245008413886685185
1244809411136237570
1244765310743429120
1244752406715523074
1244683058953031683
1244657660219310083
1244372433219522560
1244348661473120261
1244015100564066304
1243726725193904128
1243709302424158209
1243652191056998401
1243633979007385600
1243577533532168192
1243305737201295360
1243238520765976577
1243238327765143553
1243227066126012416
1243227046228213762
1243211122246914048
1243210941594034179
1243210123604037632
1242946655344906240
1242884180129845255
1242884178120761352
1242855995929497600
1242571322259095554
1242548003950530560
1242528188288380929
1242502345306648576
1242206594546503682
1242185773476126725
1241896887977947136
1241749376416075777
1241402433923883015
1241179139706687488
1241124250871902213
1241101971559456775
1241069438805385216
1241043152003313666
1241025523343638529
1240769963155128320
1240765184022654976
1240440806030356482
1240439297230200833
1240326434553507843
1240091874859376642
1240045525019353088
1240030836910624771
1240003173475065858
1239953664669777922
1239740816849076225
1239715339245621248
1239715274103947265
1239715105358708736
1239663020919468033
1239600416947605504
1239596003927392257
1239345087508873227
1239300353012703233
1239259972598468610
1238936670180868096
1238239067030118412
1238157943075418112
1238108238765268992
1237861644287348745
1237860506251046912
1237770663890497536
1237501781434929154
1237464117520338944
1237459781650186241
1237142690778800129
1236811849972224001
1236787956742008832
1236746917184524288
1236682911388221447
1236440406772068353
1236375559430705153
1236051762622205953
1236023565583110144
1235969120430157826
1235969119771660291
1235969118978916357
1235727721881382915
1235689101111762944
1235343286635765765
1234953072629178368
1234712450701889543
1234599134134403074
1234581684458225666
1234514829504864256
1234241416102137856
1233850023051513856
1233508602524160002
1233503032836534273
1233430029163487234
1233125277078892548
1233119157966835712
1233100613405335552
1233051962725273602
1233051925425332225
1232786020699123717
1232729586158505984
1232723815513370624
1232392307896455174
1232083115880873984
1231748239755489280
1231360050066788352
1230972506967769088
1230654759352307712
1230249520447066112
1230206256922742784
1230186933436981248
1229890446324834305
1228739002360045570
1228457267072241664
1228430107120934912
1228380645212262401
1228076885822857217
1228067633343455234
1227661495535886336
1227370155526819841
1227365303010635776
1227364031905878022
1227331807085023233
1227265742770450432
1226652271599128576
1226275860384272385
1226249972070395904
1225874952664027136
1225860765791522816
1225812220921208834
1225531167694303239
1225481329598517250
1224854508330725376
1224740462726144002
1224725575627169792
1224424694100701185
1224358667094495237
1224108320157569024
1223761769073709056
1223667606839840769
