1286068157468336130
1286064803895824391
1286040538391744518
1286017706362363905
1286008477358469120
1285958357027872770
1285957150968168448
1285721770515996672
1285658982158348291
1285642225330913280
1285625979008880640
1285622417587613697
1285609206960267265
1285286557621129216
1284458449355657218
1284458448109936640
1284458446889324544
1284458445584965635
1284458444070760448
1284458442502090752
1284216576594644993
1284205002337263618
1284181953877508098
1284168737621512193
1284138315286028288
1283884980016480257
1283876468074983424
1283831612787101696
1283792628652400640
1283766624135372800
1283580390058467329
1283513009848057857
1283491757012013057
1283459008440008704
1283449284789141506
1283209034594766848
1283190581326381058
1283162275541647361
1283154392020115462
1283115055245135872
1283078224323411981
1283042669846036484
1282810924706025472
1282810923867152389
1282742586416009218
1282725343892328453
1282695053027225600
1282683527730008066
1282340326267658242
1282112259356057603
1282052679548784641
1281950722746179591
1281748027343085574
1281316955824234497
1281034289216356369
1280959020283695107
1280942158594412544
1280922543189381126
1280657732127928321
1280632647841177608
1280524231365853184
1280506969237921798
1280205539864121345
1279479077024530433
1279141026410749952
1279070713866059778
1279070713035587586
1278513872257892353
1278459958057730048
1278428787185778690
1278424056535158787
1278395896909246464
1278373591004962817
1278348061270519809
1278084201397526529
1278031140864040962
1277744759147282435
1277711013744447489
1277642865724841986
1277629024320270338
1277616640012816386
1277407901905301517
1277270816565100544
1276618432780341248
1276607977550753792
1276593193837043712
1276312489630806016
1276240250839486465
1275907842944483329
1275849172290240521
1275832464049680384
1275592182389526529
1275526441875234819
1275494039446577153
1275479882164830209
1275442987032391685
1275167399462014976
1275136725510172672
1274351689760419842
1274027756494426113
1273998835807911942
1273989084541857792
1273724642025488387
1273677433821171713
1273664496226140160
1273376443892932610
1273359748704935936
1273354411495034882
1273296903904669696
1272699439434682369
1272554995158786048
1272535233095782401
1272342317639372808
1272342291374620672
1272231660097077250
1271559973403799552
1271556875390255107
1271523540932706305
1271523540123222016
1271509353133232129
1271466851718045696
1271224872618860544
1271195862983741441
1271150804993478656
1271136175261188098
1271106476635979778
1271052166510370817
1270856865056989184
1270767922558963718
1270748533096878080
1270732550802202626
1270519822154153987
1270477709781729286
1270446923519057926
1270397760634851329
1270052159585910790
1269791570867490822
1269087694740733952
1268928758372761600
1268906376031600644
1268892261238145024
1268654081062641665
1268609393064468480
1268256773795962885
1268208157991591937
1267923003947593728
1267888213726806018
1267615220157100036
1267611672623095808
1267542025081102341
1267527553138524163
1267080293141352455
1266513672567951360
1266447652843139074
1266433778223681537
1266408388096929792
1266356542313566210
1266339822635028481
1266148569817518080
1266018617205891076
1266015172528922624
1265827067746291715
1265786089752715264
1265754156163371008
1265726695006515200
1265710088884498432
1265668201276465156
1265634354019086336
1265013026404655104
1264631587712512006
1264581077198397440
1263876184733081600
1263578606006984704
1263522638263132165
1263517111076491265
1263491089954193410
1263459685304274944
1263247016416739330
1263220352584486912
1263141745463709696
1263107376598654976
1262917349772013568
1262481348759031809
1262455964663455744
1262434927749894149
1262406824298524675
1262389181390753803
1261717532182003712
1261401665338437632
1261336972154585091
1260994437469089793
1260987814445023233
1260980692701372421
1260971755612577794
1260948794792951813
1260682747204505600
1260655289767882752
1260655236890284032
1260655186516652033
1260331491273383936
1260309835024924672
1260295621883375621
1260295616246288385
1260279575294234627
1260244885178908674
1260232643083460608
1260230964686569473
1260219323643199489
1259981146248658944
1259905853362143238
1259881779919499266
1259881758352433154
1259857334748221440
1259654260335226882
1259518537405812736
1259513114145538054
1259512595461156864
1259512593527562248
1259512592290254849
1259512343144337408
1259512342343233540
1259512341344989184
1259512027376205824
1259512026369527811
1259511711108935684
1259511709930307586
1259511104600002568
1259511103517835270
1259511102133633024
1259510592060248066
1259510589195419648
1259510587840770049
1259510334261526528
1259510144519602178
1259510087799930881
1259509749059649537
1259509747797065729
1259509557195419650
1259266116297396225
1259209056578875398
1259180948031234048
1259180430257008640
1259146799480221701
1258901235278786566
1258900004623835136
1258898869133475840
1258897918372859906
1258896375166775297
1258842033424343045
1258825263267414019
1258824641218519042
1258791753404092416
1258788735572983809
1258766695239385088
1258764168666255364
1258763244669411328
1258760707769802752
1258754929243688960
1258476512862486530
1258460389110697986
1258390674510090242
1258165013686124551
1258164796802977798
1258150869838843910
1258117204538769414
1258112353222131713
1258093211052134401
1258089894787854336
1258085435215142912
1258085432518205443
1258062642066972673
1258034583267946500
1257698170177572865
1257394329175416834
1257340477013135361
1257305576046047232
1257065457024208899
1257007061784760320
1256961158990499840
1256941004453744641
1256609555192131585
1256597913544916993
1256590168225722369
1256406940202217474
1256292825878204418
1256292823575511041
1256277771925499904
1256266354035961858
1256254122703101953
1256252326945447938
1256241412166877186
1256237156844146688
1256004244051759105
1255951930003767299
1255899956478644225
1255894809585364994
1255879272448897028
1255879220074549248
1255879118282989571
1255879068064591872
1255853314593480704
1255852588106502146
1255648466358992897
1255648224704114695
1255605627247898626
1255592927902011392
1255592136797499394
1255514356848230402
1255305661648338953
1255242140118114312
1255220337970753537
1255213858093924358
1255193270503833600
1255191753159856128
1255178703757246464
1255153607864975360
1254877767293980674
1254858187309592581
1254837518580809730
1254829729330475008
1254823124136333313
1254784933647675396
1253835776657424388
1253784659550486528
1253784658522918914
1253722519925817346
1253710759579746306
1253461750789345281
1253439306133372930
1253397532216102913
1253395095598125058
1253375923044270086
1253353597837901824
1253067779827261444
1253059924311134208
1253052977553838089
1253052683948351489
1253050306285486080
1253032232438169601
1253027797150371848
1253019368180588544
1253003126761816065
1252722520089919490
1252688995630419974
1252675434363465734
1252663302901174272
1252658631985827841
1252643849429831681
1252643848553205764
1252623626756673538
1252607628938817540
1252361337616732161
1252359648310472707
1252347132029186048
1252303342673551360
1252298151979110402
1252291004796940288
1252027824657117185
1251839479469531138
1251622063330209794
1251613532875034627
1251598250450333696
1251237264086257672
1251228871464189952
1251183658016350210
1251166877486809088
1251166876836728832
1251145631856422925
1250931483105263617
1250908688186998784
1250906856941289472
1250870433743867904
1250816412119154688
1250575844977905665
1250574816245166084
1250546399118340097
1250526508185276419
1250522990300803073
1250499621266305026
1250499533152362498
1250481690432212997
1250469653236908033
1250457911559675904
1250440530493767684
1250432831408373761
1250402228940259330
1250214618640846848
1250176605072302087
1250176008000622593
1250175950010056705
1250159732695994372
1250159675204603907
1250159622230609920
1250124078838689793
1250124077924220929
1250105887383003138
1250084201363316737
1250084176839221249
1250078756976447489
1250068114856914948
1249825268023406598
1249825267301974018
1249797423536488448
1249794249941549058
1249735522735382529
1249734080981340163
1249705249084002310
1249480181796003840
1249086853422219265
1249075076407988224
1249059808570945536
1249043562223874051
1249005473946370048
1248974043904184323
1248729755081474054
1248721197128351744
1248709932704321536
1248676714558955521
1248664413583925248
1248655456861552651
1248289155190308870
1248279962970439681
1248265538662469641
1248265537660112897
1248007036333260800
1248001731079753729
1248001287175667715
1247966588994834432
1247874085482385413
1247874084559618048
1247874083544616960
1247874082617638912
1247874081518768128
1247874080570773506
1247862853756948483
1247617533349429250
1247616093247725569
1247585066747920388
1247575942693863427
1247548212866691073
1247539799008788481
1247539797515616257
1247252894333775884
1247227200216223744
1246405608468873216
1245777897404727298
1245771735233896451
1245755606801305603
1245400816112087040
1245378124403167233
1245378123593592833
1245372585841287168
1245306905708412935
1245150844263284737
1245127423630376964
1245057994901073923
1245006652224479233
1244749966633025538
1244704153672339464
1244648566309695495
1244644414892511237
1244632546509492228
1243734893693145093
1243679045881126913
1243679044882874369
1243679043863678978
1243679042483695617
1243679041397428232
1243679040491438083
1243679039388295168
1243679038041964558
1243679037156929537
1243679036209008642
1243679035286261762
1243679034191601667
1243644807194517504
1243637180360273920
1243612372352237569
1243605108002258949
1243595058693185536
1243585425379393536
1243583379238522880
1243578480228536322
1243575451966111749
1243546362144309256
1243316207341711363
1243255842880831490
1243216563429310469
1243203242449920000
1243164849938542592
1242946591750795267
1242875405717114884
1242852181000302596
1242852180090126339
1242818708965396481
1242556038701875202
1242555958481518594
1242555788285149185
1242543818840342530
1242519035029475329
1242488394904670208
1242450231905652737
1242239425943388161
1242160024492879885
1242157618115817477
1241876534274768896
1241807615933534211
1241745016671911939
1241499707278581761
1241172274104930305
1241171838203559936
1241071134453444609
1241063038825922568
1241052154871328770
1241050350318235648
1241048026858340352
1241039233814417408
1240764766311927809
1240746099943636993
1240743335167438849
1240743333644902401
1240715349223497728
1240640193734029312
1240469861983191042
1240447722232184832
1240377319115587585
1240355487859773445
1240351817374064640
1240351714257047552
1240344567557300224
1240328623799795712
1240322831277268998
1240029129409511424
1240028277772820485
1240028037476990976
1239924248392728576
1239920721792565250
1239916194099892224
1239711195680198656
1239641399001255938
1239641398229504000
1239224664871878661
1239219995940356097
1238997917559672833
1238983678375723011
1238577843589853190
1238553652639543302
1238537063668072455
1238529275252391938
1238514370755297280
1238505691809267712
1238503910916177921
1238482267590311936
1238478587054952453
1238476093667016704
1238448748633694208
1238445803678695424
1238260381136695297
1238222639216431104
1238196380633612290
1238142654631772160
1238119671381012485
1238118197603315713
1238118151608569856
1238117801589641216
1238104038111150083
1238095304760705024
1238083567017701376
1237836417608421378
1237829582742605824
1237728988275126272
1237488581582692353
1237479646545022976
1237469676466290699
1237462918955962368
1237429368168816646
1237426295853715457
1236712748001656837
1235636639843733510
1235598018130427905
1235578405334249475
1235341990335782913
1235292910008102919
1235223685633626112
1235217771774042119
1235208613448339456
1234889326678466566
1234867758564810755
1234844655214350337
1234595578945953792
1234585941920096258
1234579853552291841
1233512783280590851
1233477002054770688
1233459006125068288
1233444806849892352
1233425533851066370
1233411025124364288
1233410578653339650
1233156010992447489
1233155938233802752
1233153227882778624
1233146790783934464
1233127588241059846
1233127585925804043
1233061007347634176
1233048825746657280
1233044201547452421
1233044182014492673
1233042512874528768
1232833288353521665
1232789195967619072
1232788665694375938
1232766258019536896
1232715139931090945
1232706697531183104
1232671931519905798
1232427344876523520
1232318911770775552
1232314383746961410
1232314250468696064
1230860054678691841
1230537611279839233
1230226853333544961
1230205366400626689
1228744757230407680
1228444682964828162
1228395557598748674
1228055921407991809
1228002624114434048
1227992544094695424
1227964287844585472
1227727688749789187
1227671598464995331
1227337202201485313
1227321835773136896
1227289168469995523
1227274703888429058
1226958370223030274
1225968359096946694
1225917720069386241
1225915266468585473
1225850320699478017
1225811465313148928
1225797388872404992
1225785174656475136
1225604472275075078
1225555011058491393
1225525002671468546
1225478506844430336
1225478447906140160
1225478391316516870
1225478285905321984
1225172734583476224
1225172733790687237
1225172733115469824
1225172732469489664
1225172731731357697
1225164903306219521
1225160655860314112
1225104505890594818
1225089524155453442
1224900196846444545
1224900196045348864
1224900195126861824
1224900194229157888
1224900193411325954
1223401080148635649
