1286039184499761158
1286022102970183682
1286003910830895106
1285998320310276096
1285994081521487872
1285985028749615105
1285985027789131776
1285959026468061185
1285956579884498949
1285946442033631233
1285944487072718848
1285944486259032064
1285931943318687744
1285931708605399040
1285675785668317184
1285654558581161985
1285654557889122308
1285651229243211776
1285621707596861440
1285608274356842499
1285571641276325889
1285571525618393088
1285337545551884289
1285317199322927105
1285267422254071808
1285250157647364096
1284854198459342849
1284539403713617920
1284492931022426112
1284492611764596736
1284336593134854146
1284336585081839617
1284244515478544391
1284223412488019968
1284214711844851713
1283840927321280518
1283805334230970368
1283801970256621569
1283777934176780289
1283777931542695936
1283774474416984065
1283754424297455616
1283504531125477384
1283189791434190850
1283174540701503499
1283145690806464512
1283065614001733632
1283052135433801729
1283052134041346048
1282744752568512513
1282717101925584897
1282707067376107523
1282702299786354688
1282096653600792577
1281768713386000384
1281714290865713153
1281678364038881281
1281604480086224897
1281604479146745861
1281601170121854977
1281358388308389888
1281337291395530752
1281334386445520896
1281305706801627137
1281299978695004162
1281292814056402944
1281291520054886400
1281289473129668610
1281284721499045888
1281259683093843969
1280973135928537090
1280943386321661953
1280865296342007808
1280634712604774400
1280551681500028928
1280528172216397830
1280498867709136896
1280259502860914688
1280227268854452231
1280144757671505921
1280136514647834625
1280133703868583945
1280132942547890178
1279835449046052865
1279545996016582656
1279539887683887105
1279538146833809408
1279534766522544135
1279534541875658758
1279476217515737088
1278723228626714625
1278688743772348417
1278479859803721728
1278479855215140866
1278479852711051264
1278479847124283393
1278393318909624320
1278376961061130242
1278341870008119296
1278081360360546304
1278081358527639559
1278076198308982784
1278073867152560134
1278053261107441667
1278031434461196293
1278027672845778951
1278016607244165122
1278003684962598913
1277996019570167808
1277992874387349506
1277990532384468992
1277728002399494144
1277714711753170950
1277706037789896706
1277694084837265408
1277659526855036929
1277642179540811776
1277632639034425345
1277616120258859011
1277602625320558592
1277242774438531073
1276950353993519108
1276905506800635911
1276654887594528773
1276637412496740354
1276627654544932865
1276620547191967753
1276612424288874497
1276583170092216326
1276571040836091904
1276551462538051585
1276537252970147841
1276508027500343297
1276179849435103235
1276155288601722883
1275881212683452423
1275867508109705216
1275446953212407809
1275148044703432704
1275125538819125248
1275093866442625024
1274107912634449920
1274076319962333190
1274030980291059715
1274030979317972994
1274030978537840644
1273714366676963328
1273642798089150466
1273363950546096139
1273345090111635457
1273025298754416643
1272976947124023298
1272955158016778240
1272913554182717442
1272620292947443712
1272549984538447873
1271561235465752577
1271555360726364165
1271548461549334528
1271534565740490752
1271450289401409537
1271213115582091264
1271201499717275650
1271191040767205377
1271177197580177411
1271152471998636039
1271137943093227521
1271122169204965376
1270760080393277443
1270760079361486849
1270745699920084992
1270447412046430216
1270103787701755905
1270098090071130114
1270044947375407105
1268916788248674310
1268909942796402694
1268906425650163716
1268690814923833344
1268685953096396811
1268683863850696706
1268683679666225153
1268683345526960136
1268682852725596166
1268558769002369028
1268306938099531776
1268306236195340289
1268306235247546370
1268306234358353921
1267943411212062723
1267943409521754112
1267822531798462464
1267590399511588864
1267492501155389441
1266913365445787655
1266466162029801473
1266466161161654273
1266463291884388360
1266410705462464512
1266404067775053825
1266370248837492741
1266076794727342080
1266057917440106497
1266057916420968449
1266025584297213952
1265678760554233859
1265631678334197763
1265295052764516355
1265292413553250304
1264931741942325248
1264205877919309825
1264202866077708290
1263899584490807309
1263894493058785281
1263894492278665217
1263890823541854213
1263841318691917824
1263606012927332353
1263580690353922048
1263552785615814658
1263535748378177538
1263512000312860672
1263174941131902981
1263102396554776576
1262796853713797120
1262760515232763904
1262743243143278594
1262720509944479745
1262707799420698625
1262476604334395394
1262360118114553856
1261667861816320000
1261467977104457735
1261467975984590848
1261467974831157249
1261467973858009089
1261386681497858050
1261386680449339393
1261386679375429632
1261386678230372352
1261354869190832129
1261335952527679491
1261309757488607233
1261289961632006144
1261048919422877696
1261028048545230848
1260980139439128578
1260976600969027584
1260957704295796739
1260690352702402560
1260580623703511040
1260244270696615937
1260240765822947329
1259966408617865219
1259912531667189760
1259889125123141632
1259615327228436481
1259178653809868801
1258896622202900481
1258886285005148161
1258862865538330628
1258805146080948224
1258789156567887872
1258750173058138112
1258482038627319814
1258474484924809217
1258446838191001601
1258167684321198080
1258166556607070221
1258132930918002694
1258112745112821763
1258086685260349440
1258078614383464450
1258071360217190403
1258051819646914560
1257818816064688128
1257777895981953026
1257771559252627456
1257763514783092738
1257739772749139968
1257661892635566084
1257453956223172608
1257421054470959107
1257336701309136897
1257315678081544196
1257286410270375936
1256668842211848194
1256299084534743041
1256276560920940544
1256275761918590978
1256267457175699456
1256267438762659845
1256257885316792320
1256255178698903552
1256208715524472836
1256206469810270214
1255974006848700421
1255965429266288642
1255962220577652737
1255926457685196802
1255585622724665345
1255579547661225984
1255529045451825156
1255263862288498692
1255263858119368706
1255196264993566720
1255165121409753088
1254847025285300225
1254835014862352388
1254832785036136451
1254818727645917184
1254816127257128964
1253752166889795587
1253750695486001155
1253723719303913473
1253713857404702720
1253706155161006082
1253695658671968260
1253693567387795456
1253478532543655937
1253464889449951233
1253451560761397249
1253447945053253632
1253445226695462912
1253413220716437510
1253408526136774657
1253398061260423170
1253390147753857026
1253367093120155649
1253363300450160641
1253337143293784066
1253337127443550210
1253026211376349185
1253025707153817610
1253001900519239681
1252964125757620226
1252954156798803968
1252693958351818753
1252682238984142851
1252663474674634753
1252647878104944640
1252314213546184722
1252266141327777792
1252242489244880896
1251540025201889280
1251218265780731904
1251202625883844609
1251180459398234112
1251153864289431563
1251153834426023948
1250906519820021765
1250861837068972032
1250828750180233222
1250794101932470276
1250544658024980485
1250510955873787909
1250483677525614594
1250436649583927304
1250411195577892864
1250396349658431488
1250153937229033475
1250136890776473600
1249807684838326274
1249724942163345410
1249016799871619074
1248742320779988992
1248732425305415680
1248731944034197504
1248670616678543367
1248663456515010560
1248621202131705866
1248618123294461955
1248374923099324416
1248368813504172034
1248333908816642049
1248306052577341441
1247899340523229184
1247898960372490240
1247882602528124934
1247660062098763779
1247616675337441280
1247608703345405952
1247592023915401216
1247506733171433474
1247172659533754368
1247170810525212672
1246884733147140097
1246184630883102720
1246072206855200768
1246046730157776898
1246046716056518659
1245830667298123776
1245809652211822594
1245809651293327361
1245786677513240577
1245728364482224138
1245486864817102852
1245441371231715329
1245425264118697987
1245388905844793345
1245377899315769345
1245095827028283393
1245095809445748742
1245087793434542081
1245036373851156486
1245019610828636162
1245019365617082368
1244755663152177152
1244734327574933505
1244725470022811654
1244705477147181056
1244686539889823752
1244650143946878979
1244633496875827206
1244314782557241345
1244282190504083457
1243690208119459840
1243690207192498176
1243674045020766212
1243668549794779138
1243668548825894912
1243654955556392962
1243640079823839232
1243584287087177728
1243555631077916672
1243277898246754305
1243246166432722945
1243226323935473664
1243222706075643906
1242914235203624960
1242860781982662658
1242844461178249224
1242844445306912773
1242825243988811778
1242821545019478027
1242547435995648004
1242534947589677056
1242534933882638345
1242502674089750528
1242498306707783682
1242432343853457409
1242426609077977089
1242425126232174592
1242274471874105344
1242272266286743552
1242237885664944132
1242197798591901699
1242184761499664391
1242173171232583686
1242164208877350917
1242131632494120969
1242097662515609600
1241843214992228364
1241842989145690112
1241797047352770562
1241779110885588992
1241758282198519808
1241758268592140289
1241758255774404608
1241517325981007881
1241517322487189504
1241465854908338183
1241380133870751745
1241115475171557379
1241095500176203778
1241055140024659968
1241054760893120513
1241044134556848132
1241044119302082560
1241018948558172163
1241017114779140099
1240784259176116224
1240752912713895941
1240705176710897672
1240685832861650950
1240681426347048961
1240678045117222915
1240678044139950083
1240668786631544833
1240655781856501761
1240643222688477186
1240432571063943175
1240432566123053056
1240394660142632960
1240355979700637696
1240349397440962564
1240349396513980416
1239998677734866945
1239981348749803522
1239934606402555910
1239708474797424640
1239670502043660289
1239655536704053248
1239653631101722624
1239613158656016394
1239609006974472192
1239563921599664131
1239563243565219846
1239345932870782978
1239205285027287041
1238589495752220672
1238505523525361664
1238231154790223875
1238217545074839552
1238136829343342592
1238129155428007936
1238129030441897986
1237867508910059523
1237867497883197449
1237792877771661313
1237792876672712706
1237792875540348929
1237792874554707972
1237775386701856774
1237733716547551234
1237446340109570052
1237446040116232193
1237444421613842432
1237439958874554369
1237432659594424321
1237398599438340096
1237385096442916865
1237189458161799170
1237118436511186948
1237059280454459393
1237059279418523649
1237055019872026625
1237044271385100289
1237009676111413248
1236791900297924609
1236773305476173824
1236771682083385344
1236755359060185091
1236708591450624005
1236705110140616705
1236663301398036481
1236484116859760642
1236481554265837574
1236476191839748096
1236470256186654720
1236452846108901376
1236431348430188544
1236421707981824000
1236390045290029058
1236389382980079622
1236383094749437953
1236359472861380608
1236353899231162371
1236324268792832002
1236324066426073093
1236317306042683393
1236315767567761408
1236307437008887813
1236291477975764994
1236279074848419841
1236278921269829637
1236278456498913280
1236277534930632704
1236135612740141057
1236128540812328961
1236121730315358208
1236097885202272256
1236078159398875136
1236068021682270209
1236059244828520452
1236016104083988481
1236012082157453313
1235995435917086721
1235992790670159873
1235992789596418053
1235988736439173120
1235943895776800768
1235943768504905728
1235914020256915456
1235773213713498120
1235773131454902274
1235749247011696640
1235749157052219392
1235735801817751552
1235735590127251457
1235735075817426944
1235734247383732224
1235732253931499520
1235707312813363200
1235703551013289985
1235645312280096768
1235640377006108672
1235635681340403712
1235618275402399744
1235615336055083008
1235614933062242306
1235611459553505281
1235604759517814784
1235604722251436032
1235604408479682569
1235604139633238016
1235602410313220096
1235602124072980480
1235601750406705152
1235557010298593281
1235553205922263041
1235553180269805568
1235333436484784130
1235332469790035968
1235280079325978624
1235275817913126914
1235271999695527937
1235270935646818307
1235269336073412609
1235266705720520705
1235264217533607939
1235262321028739073
1235232455424176128
1235197121403523072
1235189333327581184
1234982451467808768
1234977240917536771
1234975341430493184
1234965697387802624
1234949116221939717
1234933402354274312
1234906499790655490
1234872519351504898
1234857498047373314
1234857179477422080
1234856829441757185
1234854626584821763
1234836499998429185
1234811378436919297
1234778375413211136
1234777145605599233
1234616452046639105
1234586793162498050
1233515545720479747
1233501588595134464
1233140360643325952
1233140352758009856
1232816988424167424
1232816971265314819
1232816970342465536
1232816969352728577
1232816968283099136
1232703417094737920
1232363609361125380
1232012035531120641
1230991113491746816
1230990645122273284
1230969482149011456
1230622655319023616
1230613880336011264
1230573092906373120
1230529349436219393
1230205208371908611
1230175678219325440
1229063654752104450
1228450956934885376
1228436008666042369
1228407572991967233
1228048708530507783
1228048707519754245
1228029194711568385
1227719115374198793
1227697896839172096
1227655634537058304
1227319103859445761
1227273764859240452
1225918267174391808
1225861264737472512
1225832179739000833
1225543907645251585
1225492623630258179
1225190271253696517
1225154703627051008
1225154702670794753
1225101761230274561
1225090523687522310
1225090364010323970
1225085774414131201
1224901632774807552
1224901632074428421
1224846483238899712
1224816826514923526
1224776395320107008
1224746526922235906
1224712589172789248
1224420809206370305
1224053136937181186
1223650826150993922
