1286068363471597569
1285970965520932867
1285580370923094018
1285203562298060801
1284861383738351617
1284340524929998849
1284156114939121664
1283758926757081094
1283386320753131526
1283193989773041664
1283036176459472896
1282672112256327680
1282326087503097857
1282023860645302272
1282006258246135808
1281741437340712963
1281623756058898433
1281268630064332802
1281235496266579973
1281046475427008512
1280897380112576512
1280511906130866179
1280170280355315713
1279764648779227139
1279427217789980673
1279050151861026817
1278686912719527936
1278319153246547968
1278000215874772994
1277572289853304833
1277337481206267904
1277242837516595203
1276938624295190529
1276695730779029504
1276636120017592320
1276315762135896066
1276302661785092097
1276271724544360449
1276229457737588738
1276169861195063298
1275888119410233346
1275846461989818369
1275429376918773760
1275064719389323273
1274847805220233218
1274742950036213760
1274336000022589440
1274018385601404931
1273637988334030848
1273433372036128768
1273313160007729158
1273236703034163201
1272915362795978753
1272624230480388096
1272515866568069121
1272145420370706432
1271840781591076866
1271428495185522691
1271121850018529280
1270800518676459521
1270706714871021568
1270337945053073408
1270061915893530624
1269648099351433216
1269263422455152641
1269045893015224320
1268889358314147841
1268724383461376001
1268633482072403968
1268550077376802822
1268285566879248385
1268168930339815425
1267953028558196739
1267807649279737856
1267617374871662594
1267597301196795904
1267516193298137088
1267095340320202752
1266726197209305088
1266359287300972545
1266106648436903937
1265984289016963073
1265739653262573576
1265683011959431169
1265273284788137988
1264971661528510465
1264587388501794817
1264201553524805633
1263882555717271559
1263493646499950592
1263191369818025985
1262743841800466432
1262458445170704385
1262024381796167682
1261666652728389633
1261299468806356993
1260999836553314310
1260908223747502080
1260605986781487105
1260217912901742592
1259850874530267142
1259485401372405761
1259169745825345536
1258755012504805379
1258376508034424837
1258049575648190465
1257672745715990528
1257450103155154949
1257339096571281411
1256976766129897476
1256675290295742465
1256611061626802176
1256281863452332034
1255897659338117121
1255554517795573760
1255245702130814976
1254777493518643201
1254476843861848069
1254026940501164032
1253688025307058177
1253497399454171137
1253368481296330754
1252953426272481280
1252598775647997955
1252438759296995329
1252339786615943180
1251882287584677889
1251644084906754049
1251573029236326411
1251547492229033985
1251146645640753152
1250850484006649857
1250417483695128576
1250191295236145152
1250054762701209602
1249787786804289538
1249683314992128000
1249359906899197952
1249034971467132940
1248619117482930177
1248232388678868997
1248081499166998531
1248043340085395458
1247909817714442244
1247689800771125251
1247533016705937410
1247226453504262145
1246864211067756545
1246476610192244736
1246425213631422465
1246058879898849280
1245723989869289474
1245378407392780288
1245002520583430145
1244612886514798607
1244457756452585480
1244103769396334592
1244035973735948296
1243934275457748992
1243662808748830721
1243592897414471684
1243520657121513473
1243137523129421826
1242936634674499584
1242498172531990536
1242139623960252417
1241858476516814849
1241741968830496773
1241513428960923648
1241423711707828224
1241367988864983041
1240973048146255872
1240764118421946368
1240644963710513154
1240312067413942272
1239953832873988096
1239564490368339969
1239327942070677504
1239297532804706311
1239277185007050755
1239166550118146051
1238983889928048641
1238836216855961602
1238471564322095106
1238188088435884033
1238107668176306177
1237893016703995906
1237759762449739777
1237730849480757250
1237447838948302849
1237397967436480512
1237099218931716098
1236995368992346112
1236757766896791553
1236675185274753025
1236288278627848202
1235915176228073472
1235637836319162368
1235211927439183875
1235049607593226240
1234858577002684417
1234538595152809986
1234152130627371009
1233808761984372736
1233519638966947840
1233383325806579712
1233171833895227394
1233049471057092609
1233023769574346759
1232865433251872773
1232639524062351360
1232435608867364868
1232382435918217218
1232026877428150272
1231598182431326209
1231360267872849921
1231322249950638080
1230932768592449536
1230845612964360193
1230623951413501953
1230596204993667087
1230164103441866754
1229819413756547073
1229593432101998593
1229371916642856962
1229072991482413056
1228802661698416640
1228718366178848769
1228416872137228289
1228338252098220033
1228099444471738369
1228076500282421249
1227957274322362369
1227717651713183744
1227595962950078464
1227356560919232512
1227304743783063552
1227068709455437825
1226937290108362754
1226562118432034817
1226153968998416385
1225968877999460352
1225817296402182144
1225523779251712000
1225466799669555201
1225439267599585285
1225402618601668609
1225180986952036352
1225141870034063362
1225044429456789504
1224925119228923911
1224901594468290561
1224845829455982592
1224723962208440333
1224684968967856128
1224563733982326785
1224460780436885505
1224434554116562947
1224392860365217793
1224392827372818438
1224392813313437696
1224134065139396608
1224013408816836614
1223784393979977728
1223660933114929152
1223433384208236545
