1286065805592072192
1286065764546621442
1285761194616188929
1285760839874564098
1285665228982755328
1285345051409813504
1284561323775242241
1284525281269743616
1284525231823101952
1284525139552546816
1284525023886225408
1284524700203458565
1284524377468542976
1284251784329011203
1284250242498662400
1283893926005477379
1283803077577969674
1283801165017251843
1283561329438142465
1283561280742268929
1283500813151883274
1283138248961855494
1283070798039846915
1282826180828237830
1282795807641440256
1282780695304089601
1282769866617847808
1282754147167563776
1282154347812421632
1281729467052744704
1281698403060264960
1281644198333218816
1281641296965308416
1281366832792969216
1281292681562533890
1280992451176562693
1280953574009139201
1280658992583397376
1280243805560717314
1280227453609357314
1279481872712495104
1278840145874042880
1278462666982526976
1278462557968359426
1276605371671445505
1276315803529478145
1276315533961564163
1275503950763102209
1274099401162661889
1273629904773529602
1273629813132181504
1273310241241862144
1272969877603659779
1272969506021834752
1272967590311153664
1272966350634278912
1272910539786682368
1271476813055660032
1271182582114385920
1270478319243259904
1270143156122603520
1270117736689983488
1269045282647478282
1268967979057680384
1268896889946157059
1268609949380284416
1268609773844541442
1268560992402837505
1268560812916051975
1268334521352466432
1268334417224716288
1267913486346174464
1267573458550116353
1267573304875012104
1266869376898269186
1266869165735976960
1266121600811905024
1266121547619721216
1265830637304332288
1265323937124233216
1265149402076737536
1263928056915394561
1263556942309572609
1263222928751112192
1262512194777907200
1261713131841024001
1261470888383385602
1261470671411933184
1261352192600088579
1261043249512415233
1260668217271386119
1260668189077393410
1260037650066661376
1260037618617597954
1258908701664194560
1258860001038401537
1258848370296328192
1258848343557656576
1258575605563441153
1258575517600477184
1258107652145590272
1257452915293290497
1256364276240904192
1255988880588681216
1255543827424837632
1255543736173461504
1255277338453061633
1254842739331682313
1253808691448475648
1253114322588442624
1253035316056915969
1252316183786905604
1251284717774745606
1251283039868661760
1250920612429729792
1250577615548792834
1250492394199568384
1250492335206653955
1250492051990421505
1250158977641562113
1248365449525571593
1248332343808528386
1248331557984710656
1248331044916539392
1247970332369211392
1247954865806028800
1247951090005323776
1247928920231620608
1247651262985834496
1247635006819692544
1247614151985451008
1247574296987394048
1247288416259190784
1247237563720577036
1246188603547549701
1246178063697752064
1246160174303383553
1246159955725606912
1246159897923850241
1245858862466347008
1245810042768678912
1245786020324442112
1245782265902358532
1245760984721080327
1245470887165509634
1245470804453793799
1245457198626594818
1245449462744522752
1245436698848190466
1245133703350751233
1245120412255748097
1245075894172962816
1245014481509416960
1244768646683144194
1243691391949176833
1243685304118267908
1243659737671127041
1243625231979290624
1243611729520713730
1243611687141486592
1243611536494657536
1243583652694499331
1243248363287367680
1242971210927026176
1242515721512419339
1242174369876639746
1242159690781425665
1241094756043821061
1241094704009220096
1241094589525700609
1241063678557990918
1240780113547079680
1240733094342275077
1240706183150723072
1240358474757931015
1240340754461011970
1240335318450081792
1240335220781592576
1240317731393744903
1240053629773479936
1238946273568276480
1238696905401438208
1238696759867486208
1238696502584692736
1238679803873525761
1238679641377738754
1238679314733740034
1238677385584631808
1238579811536097280
1238537332615073792
1238537269738221569
1238206657185923085
1238170162714611720
1238128868411703299
1237882713324941312
1237882650951421953
1237759678794338306
1237759619843448832
1237514286773063681
1237391544182657024
1237391457062776832
1237127804904304640
1237080347705085952
1236005051736281088
1235715789967069184
1235345965219008514
1235345889394335745
1235005102512988161
1235005026294104064
1234559492437790721
1233462139412721675
1233445964863553536
1233445689167958016
1233445635367612418
1233193850321154049
1233118373044793344
1233118342598275072
1232799340185444353
1232784839851610114
1232440980218900480
1232400472893296640
1232400396909309952
1232104049798864896
1230985537202188289
1230985482101837826
1230946221096722432
1230946189035458562
1230920108018548736
1230917068066738176
1230913173886103553
1230904471539998721
1230642639034187781
1230252822253326336
1229918533250736129
1228396809761902592
1228077646963073024
1228074313460269056
1228049413215379456
1228049353350057984
1227690663480684547
1227672403330756609
1227657945212571649
1227299616988622848
1227289426226638848
1227034697894486016
1225524870370545666
1225501362890452993
1225260374104080384
1225154979813642242
1225135881415282689
1224929560292155392
1224929476901068802
