1286032618526580736
1286030837901864960
1286029228564242440
1286029227335258118
1286029222520197120
1286029216325263366
1286029209635360770
1285366433103437827
1285366432461717511
1285366431815794692
1284335292745424898
1284335290950324225
1284198293212454915
1284135484566970368
1283868081807331328
1283809281918275591
1283437262718607360
1283398707296247809
1283390322286960641
1283118715698110466
1283108968412446720
1283108911533502464
1283108910027681795
1281334988080844801
1280959293609709570
1280179649084088320
1279404604220989440
1279404603398897670
1279404602673283074
1279404601473732609
1279404599972110342
1278853315858759680
1278813240924012544
1278813239258816512
1278731144490561538
1278731143806885891
1278726654756622337
1278726654026829824
1278700063729029123
1278498219991937024
1278498217244704769
1278413993829376002
1278332333444272128
1278274562715770881
1278274562006953990
1278274561302241280
1277981679194214405
1277981678376386571
1277977928878288901
1277742298424582152
1277723052592300032
1277644187354255361
1277644186607587330
1276618738125598720
1276615241573556226
1276611613668360192
1276257782728187904
1276191106846294016
1276191105990766595
1275818942586589195
1275790710772465664
1275535101078749188
1275527566665883653
1275171755859087362
1275063340360859649
1274834900206727181
1274319588436606979
1274054341612060672
1273971991532503040
1273724728197472256
1273708510660919296
1273708509885083664
1273248595483951110
1272883048464384000
1272883047050944513
1272638215971897352
1272638215216861197
1272638214482903040
1272564350461640707
1272546665191354368
1271859457904050176
1271498295022702594
1271185933057097729
1271141903250198529
1270868609498300417
1270861058312462337
1270831362749206529
1270728325443567616
1270519518159388672
1270445391553626113
1270445389339152386
1270095443322712064
1268982240152825859
1268927179267739651
1268899501076602880
1268524400585986057
1268298108720623617
1268190170978926592
1267897923171487748
1267897922517118976
1267897921883815936
1267567567679389703
1267567564818964483
1267539278315376640
1267124487692201986
1267124486865854464
1266833884261634051
1266796198301708289
1266796197353861122
1266796196418465793
1266796195520839681
1266796194514325510
1266796193671254022
1266796192807165953
1266381301919223808
1266191970118098946
1266191969300156417
1266119029590196226
1266090926134394880
1266090924800724992
1265742763053723649
1265719356169900032
1265664689612173312
1265417427078336518
1265360199218585600
1264951964649033728
1263251359543054336
1263251357957488642
1263251356795764737
1263133348857286657
1263118718361575425
1262889600416133121
1262889599564763137
1261322614439632897
1261000312426565634
1261000311658905602
1261000310895583232
1261000310148956162
1261000309352075265
1261000308534239234
1260596822759833601
1260596821782679560
1260378791995674625
1260275040093900808
1260275039213170692
1260193028725248001
1259957106284924928
1259603161049968646
1259317487419744256
1259317486752878598
1259317486106873857
1259317485452644352
1258841940688343040
1258819313403867137
1258819312653131778
1258819311856242688
1258819311021494274
1258819310170095617
1258819309348012032
1258781881111322628
1258407140961718272
1258370627699970048
1257796852604379137
1257748784920084482
1256281867650830337
1255612665122172928
1255612664363057154
1255612663503237122
1255507246223699970
1255501826708967432
1255255439958323203
1255255439123636227
1255255437856903169
1255255436749611022
1254827384420827137
1253729378351144962
1253712487192633344
1253712486513225729
1253460895931514881
1253460895117819906
1253460894262218752
1253072624592343040
1253044633569046535
1253044632734388224
1253013557643444224
1253013556477472768
1252999614136975369
1252612635167727616
1252329598672666629
1251915810844655617
1251914937343135744
1251914935971577857
1251914935195533312
1251914934105014273
1251914933480181760
1251590078624866305
1250888934785155072
1250818424483307526
1250505453815169024
1250084084434550784
1249817635107241984
1249817632901120001
1249817628115435520
1249373170202796032
1249373169598836736
1248667010432671751
1248667009765773314
1248667008973123589
1247965288815104002
1247943390337138688
1247158884529254400
1246177651389325312
1246050568856092672
1245732715619594240
1245530863338749952
1245523936487641089
1245460948132990977
1245414993383784451
1245414990888210433
1245403577956339712
1245034686088458243
1244646789380222976
1243950443937566721
1243627887649005569
1243240730103107584
1242848174110359557
1242848173258932225
1242848172516524034
1242848171841269761
1242568610515570688
1242539631041806336
1242525386921119745
1242455942341550081
1242440680854695946
1242140817655021577
1242128447616450562
1242128445821288455
1241895208196898816
1241757722095357952
1241743053041405953
1241727529171460096
1241061811652366336
1240763789584277505
1240680905649336320
1240680904185589760
1240606349282537472
1240386598652588032
1240345816872693760
1240285571941007369
1240024199244189699
1239689528165765124
1239625659170918402
1239625658327797764
1239612095215349760
1239348726805803008
1239348725295788032
1239206589128675328
1238862708826673160
1238862707987755008
1238862707031449600
1238862706163298307
1238839090793021441
1238839090067509248
1238839085676052482
1238483510047932416
1238271514736234501
1238174149178163200
1238174147932557312
1238166713935503362
1238166712878608385
1238166710986911746
1238130396518367234
1237952924921315330
1237952924170555392
1237867009163046912
1237867007967559683
1237867006814064640
1237835510011301888
1237763114474582019
1237763113262501888
1237449307307102209
1237369575282479106
1237135905300905986
1237135903375724544
1235334722957561858
1235275819213377538
1235252003296751617
1235252001832828933
1234968329653301249
1234847013499547648
1234545322686369793
1234545321482608641
1234484251447496705
1233453623939653632
1233179651150929921
1233155901588197376
1233144371605917699
1233144370335035393
1233049200797110272
1233049199924654085
1233049198930558977
1233049197672378368
1232783319672246272
1232440236854013954
1232061088931491840
1231978682073452544
1230864056489250819
1230864053771395074
1229823427537756160
1228442456800268289
1228012454073991168
1228012453134503936
1228012451599454214
1227365373261090818
1227303942368976896
1227250884637274113
1227029671482658816
1227029669981097984
1226165749267517446
1225936559293202433
1225800419928133634
1225187842424557570
1225119278459953153
1225041302376648705
1224890167296757762
1224887054665953284
1224884853520334850
1224883226277109760
1224878884866482176
1224827375030099975
1224741675655925760
1223703614180462592
1223401104936968192
