1286042464357359617
1286007804042649600
1285982434413207552
1285971479079919617
1285959529386192896
1285948361259077632
1285942829437648896
1285695122647195649
1285656202240819202
1285651651441889280
1285616564977504257
1285615608827129856
1285606103947018249
1285585233652350976
1285580276932976641
1285569109955092482
1285568140362035200
1285369695571521537
1285323000565424128
1285315447966044162
1285281546858094594
1285272536838742017
1285265271184384001
1285221474412961795
1285201491268194305
1284958134298120192
1284958133383843851
1284958132339380225
1284944079244210176
1284535229730959360
1284442096766681092
1284442083256864768
1284268092722417666
1284199895553974272
1284177279749435392
1284161163664777216
1284112719520641024
1283896141369704449
1283866029131812866
1283862968585854980
1283859820219699200
1283833716477956102
1283826192311820290
1283796693276860418
1283793433849716744
1283760801258573825
1283701139947556865
1283591155893116929
1283507180797337600
1283499070032674816
1283487614239223811
1283450665101074438
1283443909377642501
1283431736765026306
1283416934747439106
1283398441016623107
1283386182395662336
1283385263918637058
1283126556282490882
1283113238557872129
1283097344217620485
1283078802302787586
1283069418558255107
1283063909235265536
1283034122227785729
1283019522446950400
1282855480344403968
1282804462252425217
1282782740098711553
1282768374968266756
1282748354854879232
1282721841136775174
1282690243397853190
1282688627416457217
1282650473238007808
1282352603184222211
1281960896785522688
1281789521781305344
1281639755176976390
1281639753717358593
1281639750714220544
1281603250995724289
1281342128887668740
1281331025327656961
1281331023146557440
1281303453990600706
1281290777654636545
1281273952481030149
1281272732232146952
1281260019858714626
1281245536939622400
1281234116898365440
1281221376783912960
1280946578673537025
1280913782370435072
1280887877984010240
1280879293019676673
1280863331000168450
1280854238554402816
1280703127793041408
1280574500388704259
1280566822530699265
1280561624475107328
1280541149317468160
1280521194178052102
1280515700055052291
1280485981574041600
1280485219418734596
1280296437889339392
1280285609622409216
1280276248334385152
1280229713219399681
1280208617665449987
1280204968394457088
1280178304419495936
1280177251057913857
1280169466190536712
1280144228232953857
1280120048875683841
1279982043896700928
1279459948565536773
1279434691976847361
1278751013072240645
1278751011885244417
1278751009305755648
1278744083545165825
1278733500234059783
1278691228083793923
1278454634454167554
1278429583377825799
1278412230107815936
1278350195651215369
1278326300931960832
1278110120745058306
1278109973311086593
1277999628387078145
1277967629672542210
1277775144929411072
1277704131516551173
1277691972967432194
1277671286257471489
1277635518868660224
1277616126533480451
1277610039231025152
1277586797502107650
1277302429982343169
1277247165845381120
1276899497331822595
1276615261060300803
1276589209135038464
1276568254954250243
1276561886138507264
1276558126787985409
1276546395739226112
1276545630710759424
1276531717306814465
1276503675519852544
1276326673240281088
1276310994130743302
1276252200025587713
1276223390320394241
1276215083845255170
1276199592128917505
1276171299417739266
1276155271728041984
1276150659340009474
1276141615162277889
1275925840203841536
1275907525259530247
1275890115013947393
1275888671695294464
1275835717403410437
1275825926035640321
1275789709118226432
1275769526265749504
1275534294946058240
1275526133933576196
1275504449914646531
1275488447420080130
1275471893353639942
1275439707711627265
1275427048161529856
1275421941332131840
1275414021290762241
1275411095189143553
1275167687791063045
1275145517991964672
1275114298432462849
1275102369714405377
1275067933371150343
1275058344596824064
1274761281539641345
1274752546800893952
1273989130519797760
1273975266705059840
1273701671118536708
1273675241458479104
1273664378768949249
1273626230315778048
1273620856120500228
1273603301855170561
1273362916046225413
1273352175381557250
1273325676603609090
1273310888074846208
1273283689787596802
1273274595227951104
1273261462660800513
1273260402101583873
1273251170153308162
1273227384557314048
1273003219543887873
1272988389625794564
1272988385632833536
1272988383627939842
1272988379962056705
1272988375734239235
1272949413149921285
1272941161141932032
1272892486483050496
1272860411533185024
1272860409285021696
1272625028442525696
1272607939421970432
1272538137936494593
1272527581196308481
1272234665336807424
1272192954434752513
1271940323414020097
1271841976120487943
1271807619217358849
1271569685067304960
1271551922504433664
1271509552786259968
1271498133411938304
1271484102387138561
1271484100587786241
1271479197345644544
1271477494294679554
1271474362743431170
1271473224656867329
1271470970503659527
1271470424409419776
1271469654687580161
1271468182956539907
1271465620501118978
1271445770026323968
1271430949503479808
1271250903677493248
1271200578039939073
1271189237426278402
1271174541952405508
1271167429327101953
1271153097654652933
1271153095314202624
1271132025504837632
1271131949189529600
1271128434702462977
1271124947839131648
1271124364470206469
1271118318884261888
1271118317776969729
1271116247418245121
1271114646125268992
1271093882286112772
1271086664304209921
1271076368516816896
1271047459851177988
1270879007970656258
1270815091643092994
1270809787303890944
1270784443423371265
1270776550061989889
1270765188233527298
1270749808781864964
1270739451514368001
1270729522946719744
1270723013290283008
1270722827209945090
1270701886635749377
1270495349187239936
1270439143508774914
1270410752810266624
1270406319548313600
1270402525276123136
1270389419271389185
1270347624189767680
1270096726129553409
1270078829139288066
1270078828224884738
1270078827042091010
1270061027753889793
1270023530923556865
1270003479420035072
1269986086601797632
1269984627055362049
1269959964476530689
1269939779954671620
1269766577299341319
1269623529877786628
1269379004198457346
1269262848686985216
1269070924797612032
1269045134093701128
1269042515476451328
1268964443842588673
1268950200980299776
1268938186736222208
1268919279677775873
1268700054505865217
1268643481666420736
1268626326853992448
1268625876490637316
1268582282169909249
1268574728052228096
1268557914542870529
1268553764425924608
1268553689196830721
1268540252685307912
1268533906350931968
1268277932977422336
1268277009400111107
1268259089899028480
1268257743669997568
1268256283511177218
1268249345998106626
1268227642467274753
1268178327455633409
1268172509700075525
1268172508131463168
1267985555297632258
1267978610201309184
1267919620922630146
1267893651511873536
1267889317181079552
1267878241165074432
1267871255602102272
1267864908743561216
1267836700925059076
1267828605213487104
1267827820413087746
1267826276523372544
1267825207734984707
1267825206468309002
1267823564964560897
1267823563068731392
1267820259978833920
1267794935517937664
1267794934595309569
1267794933399851008
1267626383443931136
1267599753719750657
1267592483623653384
1267568394561347586
1267546662341353472
1267535094773944325
1267532401275789318
1267520993049919488
1267520991510646784
1267520989207937025
1267520986972336128
1267520984745234439
1267512638700957696
1267486303542788097
1267478648539492352
1267444970761400320
1267440412232495105
1267419720778686466
1267206245368414208
1267113141625925633
1267097245943566336
1266749764399480832
1266735377274081280
1266430051576414217
1266418279406600195
1266411857532858382
1266353070193160192
1266127453673656328
1266098482500288512
1266069279893569538
1266048017796419586
1266046199817175041
1266035794877263872
1266035793379889154
1265981507673509888
1265745352436703233
1265714607680884736
1265708448521637888
1265703435908911104
1265692955286921216
1265689771139117058
1265672192345419777
1265658580155404292
1265427853602172928
1265411692634222597
1265404579316936704
1265398441926168584
1265380906648338432
1265360896412585989
1265355612906491914
1265349369802436608
1265317395025010691
1265306062460256256
1265303236673667077
1265282195591172096
1265282194613899265
1265282193515057154
1265039282470825984
1265033055229673472
1264896497650405377
1264540190296637441
1264344504179572736
1264299986554179585
1264229549191180291
1263886858435661825
1263878711906091008
1263865798252277760
1263852903548301312
1263825672658698240
1263607829858050049
1263605422537216003
1263599532396380163
1263565126847868929
1263540501569028096
1263500789689004033
1263461653590487041
1263217549736624128
1263206420834668547
1263170916814553088
1263157906561814528
1263157905215365126
1263114472157335557
1262849269821825031
1262835365234253824
1262808274740617216
1262784284315783172
1262744687921659909
1262739451119165440
1262493872615231489
1262425589954338817
1262392264602652679
1262078547377692672
1261709186586591233
1261646790492815361
1261471365959315459
1261402710957592576
1261372341713420288
1261369061004451844
1261348885647306752
1261348175383638017
1261342939915202560
1261326655861161985
1261315715077943303
1261313329190129665
1261303699588231171
1261295343150542850
1261084651596197890
1261069208554745865
1261029955695267841
1261022519269773318
1260968412106362880
1260960679563087874
1260957560699527169
1260946900238446593
1260912064035459077
1260735515407659013
1260689742175391745
1260628496105328642
1260620740656799744
1260560632878903302
1260321091572162560
1260275970419888128
1260265785861210112
1260240770398851073
1260216056892792832
1260198669556555778
1260189736527953921
1259956092202860544
1259908860854312961
1259858019988504590
1259852944784187400
1259514537352597507
1259194711287439361
1259152367838248960
1258813605862166528
1258799863548051458
1258790069969829889
1258785925502578690
1258526662175518722
1258509728100962304
1258504015689777152
1258503800245149698
1258501429389676544
1258498544190750724
1258497338777231361
1258496545252671494
1258494671153758210
1258494385303535616
1258480867657293824
1258462821085597697
1258430197944258560
1258409954660233217
1258409953628499968
1258409952227573761
1258406863105916931
1258406704930263047
1258401060810641408
1258185648852393985
1258160625445937152
1258154339631280129
1258108478163476482
1258094958487261185
1258086994078511104
1258069944459309057
1258056484069543942
1258042874500915200
1258038055560196097
1258033630435332099
1258006154820694018
1257786558326939654
1257762946295439365
1257727287589568517
1257725203213430784
1257700225633914880
1257700017755881473
1257696893167075330
1257689162469330946
1257432308170326017
1257420425740595201
1257399009389490176
1257381057785192450
1257377870114172928
1257360039146373127
1257341607151534080
1257313225005076481
1257078577234935808
1256949316599582721
1256609285825576962
1256256218080989184
1256237550458503169
1256226480587186181
1256003661425082368
1255982958990766081
1255981115497762819
1255970844200833024
1255954677629366272
1255948554088087554
1255906192053940233
1255902858513391623
1255883648257134592
1255881185764540418
1255859005538414597
1255855148343209991
1255616113926459397
1255559425223471105
1255548085821997060
1255545323096768515
1255530034560995328
1255523916111626241
1255498542359199747
1255482705673965568
1255234008616706051
1255215152821141507
1255209518927155200
1255197024317816833
1255149778813382658
1255140163379855363
1255126050264276992
1254902114364600323
1254890866642018304
1254829761492328448
1254794403752947712
1254792538327642114
1254762232392622080
1254468336945168384
1254445359356686336
1254121104827957248
1254058273923313667
1254036125058039809
1254033210301976576
1253806093731598336
1253785605034696705
1253769964307329025
1253753258247696386
1253736371304435712
1253718975701286912
1253708994650296321
1253707419139608576
1253698637185667073
1253696437365415936
1253693005883748355
1253683098379837440
1253471264880185349
1253446891729190912
1253438729697411078
1253418480990208000
1253409397180493824
1253392015926198274
1253382205629440001
1253380300677267456
1253364612193542145
1253354607855665154
1253348635447828481
1253323364199882752
1253314772658946048
1253311926345613317
1253172938469228544
1253125589818576897
1253076762877140992
1253061132224466949
1253031554730856454
1253013934401114113
1253006007850147843
1252984857111728132
1252982864452386817
1252969619813474308
1252957402590318592
1252944092620873728
1252735864230367233
1252707489369468930
1252689494911975424
1252684922764103683
1252676890265112578
1252668567243362311
1252649429183746048
1252645997475397634
1252640143799959554
1252634403534143488
1252633773356834817
1252631940496269316
1252626096086028292
1252610469770207232
1252588667341885441
1252376363815718913
1252348594557861893
1252329903783137280
1252316479837671426
1252302442592636932
1252294810414833665
1252285539912429569
1252270485217443847
1252261096121122816
1252257627419148288
1252257145107726336
1252250458288205826
1252234461036470274
1252229636337143808
1252224035557179393
1252053478475796480
1252022054251085824
1251957358865113092
1251952922839171076
1251891672482557957
1251579497280868361
1251563099636842498
1251533266873716743
1251518662877548544
1251269312276500480
1251253531568418817
1251220608354078721
1251191890155839491
1251184560416620546
1251184558801903619
1251175717913706500
1251162622835093511
1251161689447215107
1251149186071793664
1251149183710400513
1251131931544166400
1250969533059403779
1250923364824289280
1250922361253171201
1250917796420169729
1250915921528385541
1250914439156641792
1250914437730631680
1250912839646285826
1250900572259131399
1250886911847260161
1250874731491930114
1250860862216310787
1250853708893753381
1250849478237700097
1250814713006563329
1250814709353373697
1250801532221652995
1250780066377797632
1250771828701831168
1250557448420810752
1250535721544429568
1250514100653887488
1250483108740313090
1250473072139939841
1250455840903094274
1250451981870792705
1250449190687252480
1250445532620865536
1250438793816989697
1250430600600678400
1250422693008048128
1250402703223795723
1250219260787535872
1250202728640532480
1250190046105415681
1250182814043119618
1250149700998696966
1250146753455759361
1250142608036372482
1250086152826245120
1250073718484807680
1250068780438425602
1250065093049700360
1250050377342484482
1249879889949470720
1249854168388567042
1249842289477910528
1249839029044084739
1249821569108578304
1249809959027650562
1249791070701064196
1249737922804207616
1249721271803314176
1249699356212682753
1249372573181325312
1249027828965924865
1249013916455362566
1248712925721833478
1248708562760749065
1248683715762565120
1248680851094876167
1248672078217261057
1248667126837268483
1248636221615738881
1248625913282973697
1248617337999077376
1248369178010140676
1248369176638566401
1248369175380340738
1248369174272974854
1248357174289498113
1248352495677648899
1248335003274162181
1248283767715901441
1248280751948300292
1248268841068756992
1248245819775410176
1248234600779919362
1248043738166853635
1247999856309866497
1247988815102435329
1247986396603863042
1247954123179413504
1247938897788784640
1247900256844410887
1247897521550004224
1247894967160197123
1247654440343089154
1247621766224195587
1247612750160965633
1247611698598547457
1247603812443074565
1247589879569092609
1247587161932775426
1247565878461378562
1247565876989222919
1247555756334907398
1247530051509170180
1247525687767871488
1247513476848930820
1247509938940805120
1247299676610723840
1247299672546455558
1247274965214396418
1247268226758782979
1247238520680439815
1247234640529838083
1247233388878139393
1247231876705779712
1247209999035764736
1247209997630652418
1247201032565854208
1247188537650405376
1247181801619173381
1247155416766742529
1247152414848925696
1246962337698938881
1246837649245179904
1246600798089478144
1246529275945238539
1246485668450238473
1246470715488063488
1246458154407415809
1246454589269905411
1246448813872680960
1246448397848055810
1246281305358307328
1246214402531000322
1246214367831625732
1246192238536855553
1246161194462973952
1246152898121207809
1246138117964341248
1246123689940312069
1246120131421446147
1246089541729075200
1246083942387798016
1246055874117894144
1246048649219579906
1245846637089611777
1245837994562596864
1245833235222888457
1245807419881656322
1245792529741754368
1245785948090228738
1245784124604010496
1245747579989655554
1245725064785547265
1245713356645978114
1245707880327716864
1245518020560257029
1245487499096530945
1245460075453579264
1245446546243674114
1245446545132204034
1245430533854724103
1245423103422926848
1245398097829691392
1245378838374350849
1245371475357507585
1245356331298689027
1245349908938399744
1245153208076509184
1245106459291127813
1245105431032315906
1245105429257932801
1245080273559138304
1245069394570592256
1245049101303062530
1245045167880646658
1245044804800720900
1245042729496739842
1245038573805621249
1245004240533291010
1245004238373228549
1245004236850634752
1244987765927919616
1244811786387443713
1244759835805126659
1244750631182704640
1244743087366307840
1244737318814126081
1244721010169036801
1244692916905422848
1244691414119788546
1244678194239803394
1244675130405642240
1244668797249826819
1244661966628704256
1244650943364452352
1244403657644421122
1244346497119985666
1244246782084820994
1244013601519816706
1244006977937825793
1243604005634392066
1243604002916499456
1243589502947426315
1243586698547793921
1243556707739013120
1243554168121548800
1243551874437046279
1243539617409896458
1243538580695375873
1243515418381373441
1243306554855690240
1243290599299702786
1243287774167515140
1243261237401735175
1243251677169422336
1243223731075457026
1243220380451401733
1243202870134128647
1243162471055200264
1242957281819611138
1242939315342188550
1242935494461308929
1242921204513636352
1242912348609839105
1242909025056030721
1242904930911952896
1242895326094254082
1242860085761716225
1242845251582201869
1242839384572833795
1242811060140347393
1242548458713763840
1242546610007150600
1242542480148529159
1242539055277125633
1242495723670835207
1242485012735410176
1242472566855524352
1242457662006190083
1242445189119082497
1242440983138250755
1242267031581478914
1242258737915707392
1242213720778047490
1242195271741833216
1242173474153562115
1242150744314257413
1242145837922254849
1242130327461560320
1242097814580219911
1242096072891170817
1242079017085341716
1241919275197239297
1241913162556989441
1241907746661859330
1241771338836123649
1241768410016550912
1241767845324902403
1241750449826476034
1241749364273528833
1241745449142194176
1241741656975687681
1241722631373684737
1241545675873058816
1241443300193820673
1241385462859796480
1241361883183091712
1241343673624866823
1241077832811454464
1241062723695280128
1241018741682552832
1241006206535303169
1240799339557068800
1240775692306067475
1240754426077417472
1240753401874599936
1240752081163730948
1240750950509350916
1240745719688028160
1240730402895118342
1240729615297130496
1240729613904547842
1240707578398511104
1240707576313966592
1240681286559285251
1240657289599729664
1240646597605720070
1240645958771388416
1240640397313036289
1240629005281345543
1240623521799319553
1240419621024514051
1240390399371497476
1240388433018859522
1240374364559859713
1240366777818898439
1240364517500096514
1240356138136358912
1240356086688952321
1240352394665504771
1240322421007233024
1240317093272313856
1240311614261334021
1240311166628397056
1240310511599792128
1240300155959742464
1240297102955163649
1240277296491225090
1240277048360415232
1240081712798937089
1240060445953789952
1240042877390028809
1240037361809055744
1240017485711187975
1239981844948549634
1239969338678841352
1239961543845883904
1239960012816080896
1239957139319291905
1239948187420495873
1239932234947272704
1239913758002155520
1239907718368047105
1239898833431257089
1239724365169688577
1239656369994727425
1239630695124930561
1239592432469188614
1239576993991180291
1239573907604221952
1239568422016634880
1239540825014644736
1239363169895800836
1239358536632672256
1239357175761375232
1239354576593129478
1239344637342613504
1239342293838114817
1239333661226536961
1239325573454979079
1239325571559063560
1239323073934917634
1239296844330663936
1239267850990354432
1239267850000482314
1239267848654127104
1239247790347374594
1239247393348038657
1239245174921986050
1239220877662838790
1239220321330364417
1239213335121473537
1239213334114832384
1239213331396902914
1239179722795384832
1238923437290258432
1238910240810295297
1238871551782670337
1238861194191966208
1238850339970985984
1238827533677854721
1238745154242174976
1238659715816656896
1238648183670157313
1238637534940446728
1238636005256826881
1238619764672671745
1238613455306924034
1238609579308716034
1238569980234522628
1238565954436698115
1238562593914130433
1238553964297289731
1238550920511848452
1238548115130593280
1238540346105245698
1238527430723280910
1238512387403198464
1238489800891604993
1238482916256239620
1238470726551851009
1238462825267372033
1238451324620062722
1238435223458676742
1238296013053591554
1238269332515426305
1238268014396661760
1238244239621984256
1238231303729885187
1238223995943751680
1238209905103966208
1238204134559539200
1238178202226503680
1238159892898295810
1238140028079034369
1238133599435718657
1238079730630430720
1237863376857923593
1237854057609469952
1237838192566513667
1237834611721408513
1237815870791000065
1237815350470807555
1237791115354529792
1237772260066426880
1237760082735255554
1237748851915870208
1237728347486064645
1237593694653440000
1237569814467473408
1237515966667423745
1237474749648904203
1237470751034351617
1237445348966178817
1237444555470929923
1237413060140306433
1237394169758240778
1237387227656785920
1237381657407225856
1237101971598958592
1237087222064693254
1237065029058465792
1237047259444977666
1236810237463728128
1236686330643582983
1236664198987464704
1236391710177079308
1236391448330854400
1236303008369201153
1236053558749024259
1236030517289652225
1235958635760623622
1235942072403791874
1235934466373271552
1235698380963115013
1235662343759163398
1235631067282972672
1235613161191084038
1235613160016678913
1235594405148418048
1235580299309797376
1235555930240176128
1235326266020114432
1235297630474981377
1235228069486620672
1234992461111422976
1234964958770860035
1234964948733829120
1234956468555784192
1234933069334896645
1234916458179723264
1234886951259512832
1234866772924391427
1234860068685930496
1234833966852714496
1234590761494155265
1234545041684783104
1234540893044121600
1234510649285390342
1234243651712188418
1234177539309961218
1234155142175481856
1233500496356421632
1233460452992135168
1233443804012851202
1233429455303069696
1233415640205139973
1233395584343605248
1233142106547462145
1233136186962649088
1233135340547903488
1233101823201902593
1233091930936008711
1233088023346262016
1233081070939262976
1233078612552814593
1233076931526057985
1233074760936050689
1233040694425636867
1233023754852278273
1232838920515260416
1232817071349739528
1232770590534139904
1232748675023220737
1232733260213563393
1232726444360568834
1232686216883187717
1232673254009163777
1232631471862689792
1232366322216062978
1232356358353190914
1232343206999789568
1232307599078576128
1232279633854418944
1232048924673953800
1232023095231307776
1232010427686686723
1231970145406509058
1231953287617875969
1231584847304515584
1231230124638560261
1230937494960640000
1230918521502216193
1230900431133577218
1230889843460395014
1230870904613359618
1230865344765550595
1230635592058331136
1230601407314747406
1230549987362254851
1230533591865667584
1230521293231001601
1230481574040408067
1230245040234156033
1230216858353139714
1230205366060929024
1230185844235022336
1230176025042149376
1230165471195996161
1230150601050394624
1229882479319842820
1229856364819832833
1229827500718600200
1229822887659483143
1229791878293475328
1229785556000874496
1229487183179997184
1229451189378600960
1229417558224314369
1229178559807315968
1228686523660488705
1228356239358398464
1228341349486940160
1228059412184621061
1228008891893633024
1227971229929394176
1227730191851585537
1227684998540677121
1227647811380006913
1227637711265243136
1227621849510633473
1227595115818078209
1227592999959482369
1227404323895857153
1227390764533108741
1227364886994395136
1227360275604688907
1227332879467892738
1227312202513776641
1227308852250660866
1227302834426798085
1227300387759230976
1227286126114697222
1227286115201187841
1227279176450834432
1227272187532496896
1227247483555844097
1227011351014465537
1226974556516225024
1226946438074159106
1226939069843869697
1226911032737751040
1226909010655354885
1226909009841618944
1226909008927379457
1226909008163987456
1226909007408963589
1226869769225297920
1226533240783212546
1226190042349088768
1226178285190729728
1225936728034357251
1225904659031842816
1225879539701690374
1225846790861266945
1225839262593097728
1225839260919631874
1225822901334614016
1225808594337226753
1225807058236321799
1225798359564288001
1225789103578415105
1225550365120253958
1225527799294898183
1225511239817859073
1225500180725796866
1225486551175618561
1225455764552257537
1225445042506129408
1225441103786188801
1225417636839907328
1225249768361930752
1225228348009390080
1225172700311760896
1225169433267769344
1225169432466657281
1225169431673950210
1225169430889598978
1225169429962657793
1225169428951830528
1225161766570688517
1225155183417733127
1225126333761630208
1225120889332740096
1225098876622864386
1225096939580141569
1225080794827411461
1225054344137056258
1224901769488228352
1224896005793026048
1224890584931950592
1224886742282657793
1224882851302256640
1224879455677636608
1224832345691316224
1224824007746342913
1224804435395776512
1224791393471815681
1224765139674632193
1224750886515347457
1224738428622921729
1224713404142751744
1224713402657972226
1224689825669881856
1224506198009024513
1224453759213789185
1224381608758738944
1224368506264834049
1224353176704278528
1223676797369364482
1223416957342552065
