1286067851351261185
1285999660851757056
1285333794166374400
1285326992506855424
1285223193976995846
1284488768842534913
1284214516188884993
1284205396803100672
1283886481069821954
1283886476837748736
1283207480856772611
1282743121399422982
1281635282132115458
1281313845294882821
1281287126756327425
1281287125279924230
1281218380213739525
1280981016254046210
1280981012504350727
1280563544514334720
1280257665147588609
1280257663906037766
1280157438604435457
1279471556759097346
1278788083148881920
1278469463713726464
1278042320647176198
1277985621198471168
1277732551692615681
1277628600842412033
1276931670222999562
1276623890752712709
1276320474629386241
1276274958000365570
1276255348945489921
1276216535363788806
1275905453571137536
1275903529547452424
1274826482339151873
1274053253722931200
1274019239339458561
1274017026730835973
1273640698345148417
1273307955031609348
1273293273935814656
1272650505743990793
1272541431232675842
1272270591131897865
1271600925560446976
1271545784576675843
1271493728860090368
1271188491305705477
1270752160276533249
1270751561585737728
1270102370027024384
1268959107026956289
1268657812705546248
1268606226197295105
1268284019642433536
1268284018941923328
1268226242261762051
1267925243735216128
1267546949198196737
1267486014307778562
1266513880727138306
1266513878659280896
1266105534891032577
1265774245289828354
1265692234575380480
1265691879959560193
1265397829834547201
1265359752168648707
1265319321166848000
1264994097313579009
1264253041726959621
1263913745023152128
1263913024152317952
1263194211559657473
1262849357428273154
1262432300811390976
1261757943537680384
1261757942040268802
1261394407976099840
1260599769686212609
1260335171817046017
1260322863782993920
1260289778001592323
1259955062425686016
1258851529085370374
1258808782961991680
1258511683959447552
1257763239049519106
1257434057081794562
1256981048451305477
1256322741646450689
1255949390587494401
1255867870824800259
1255585390993592321
1255511663110959106
1255251775843639297
1254912521426948097
1254886816899047424
1254172248379883520
1253748344687677441
1253460970262761472
1253389842123296771
1253389419836571649
1253069931693977604
1252986049409712130
1252700580193226756
1252667949904781312
1252664003769311232
1251956587255738369
1251896352382095371
1251150684767924225
1250920839152906240
1250920838142013440
1250920836518875137
1250515493561253888
1250466252776247297
1250466129321082882
1249734921125605376
1248973739087314950
1248665992630349830
1247632985744171008
1247632035289747463
1247553052363632642
1247552959224971267
1246123072094195717
1246077253194117121
1246077251927420929
1245371930175291392
1245063443033526274
1244757846815911938
1244751856007630854
1244700050808283139
1244657324389732352
1244657323601211393
1244034895887970305
1243654343456366598
1243569768642338818
1243260619853303809
1242963102976692225
1242573942285574144
1241851403393536006
1241765917639524352
1241516745543868420
1241087143516217347
1241014036399095808
1240741429607108610
1240334972105437185
1240334881172881413
1240064816636723203
1240064725049901056
1239759457019506688
1239707337708929030
1239707137569443856
1239594898317328384
1239304553083932677
1239304551456440324
1238594391821910016
1238586675699294218
1238479758628970496
1238250991889367042
1238121150288297985
1237890026920218625
1237879657443127297
1237800494493556740
1237783807757090817
1237781588102066179
1237772295680245761
1237692890299666432
1237499194308517889
1237361302324084736
1237357611944759297
1237117995291418626
1237115647395598337
1236996386471718912
1236356593324785664
1236356468514992128
1235754783014862849
1235745571085766656
1235657050153201667
1235640857006571522
1235598386683883520
1235580052055748608
1235572320564965376
1235302843894181890
1235290487910735873
1235289705832423432
1234970219485024257
1234919030080835584
1234896119827701762
1234881603203141632
1234859981385674754
1234617828701036544
1234253541818105862
1233961632277114880
1233954272754184192
1233773214267998208
1233773212300910592
1233115607379464193
1233112911163330560
1232386968056717312
1232058295864655875
1231999012888289287
1231996027491831809
1230957576923308032
1230627195355303936
1229534894814044160
1228748169179254785
1228424006451240968
1228038387048775680
1227997994722766848
1227980548699774976
1227664771178258432
1227640494295068672
1227311738510618635
1227287848518377472
1227287472310292482
1226998431631257600
1226995902281375745
1226596267448524802
1225833283470209024
1225833038728323072
1225786802843332610
1225786598262001666
1225786477470085120
1225535879629942786
1225534688732884993
1225531392441880577
1225492490674982913
1225478057865158656
1225459197166444546
1225457617696362501
1225457454630215681
1225176132586262529
1224870664584278018
1224813030996881408
1224731021717000193
1224407899545526273
