1286069767116410885
1286050280879075328
1286030599615119360
1285713503685357570
1285684527998918662
1285670176449531907
1285632205834903552
1285632204782149634
1285632203431477250
1285564073103568896
1285350776190242823
1285350774558662656
1285265286157959168
1285265284857831428
1285041893949222917
1284927225343557634
1284344431827652609
1284265161126293505
1284215972878970881
1284215971750830085
1283946814912135168
1283906913021726720
1283906909884440576
1283860957379190789
1283820040605687814
1283562828885118976
1283490860315934721
1283490859187568647
1283420245344976896
1283194188289507329
1283149261580972032
1283145342654001154
1283058004997427204
1282851580534943744
1282823005379244032
1282823003349237762
1282791165603934209
1282760047873921026
1282760047051898885
1282701527589646336
1282701526524452866
1282447764601724928
1282375834850869248
1282375833710030849
1282089300188856321
1281987481370390529
1281765613942308870
1281679848398675970
1281679843956932608
1281679842992250880
1281316727771598849
1281316725577965568
1281008823344476161
1280953314843246593
1280945675111366656
1280660935783432193
1280293440744349698
1280293439901282304
1280151790844096512
1279601079563563009
1279056551450419200
1278846104617041926
1278840945295818753
1278792123878432779
1278762448208658433
1278762446065414144
1278514773030813702
1278514771814473728
1278514770820423691
1278514769742487553
1278485244052733958
1278383398717927424
1278316194349621249
1278135261092691969
1278042544803246082
1278040751163637760
1278021999386820608
1277989720602169344
1277730471850512386
1277675645926080513
1277675606759616514
1277634919100006401
1277634917996822530
1277594485061541889
1276684322280402945
1276634495882387456
1276634494649266176
1276634493290295296
1276630675001503744
1276570190571024384
1276540873774264325
1276540872813772802
1276255416629047296
1276226323824984064
1275965397397696512
1275857350428184579
1275596627521110016
1275555558712467456
1275193143797985282
1275193142380302342
1275193141499514892
1275126082530926597
1274425832321286146
1274126860591468544
1274122890741497862
1274118903988400130
1273633123209629697
1272624120321187848
1272624118920290304
1272578342911455235
1272553533875896321
1272268349452562436
1272209026252787712
1271618138573062144
1271617499793174534
1271613926862708738
1271502744696819713
1271498640335548424
1271497035380817925
1271235884550098945
1271175151862808576
1271173800764280832
1271147064139878402
1271127536479723520
1271127535347290113
1271127533774307328
1270916538074304512
1270916371921154051
1270832877677146112
1270822597920468992
1270800543292821508
1270767893861601280
1270724215889473541
1270446947212673024
1268977333022724097
1267521558391726080
1267521557729083393
1267521557179633672
1266379367262883842
1266110885216608256
1265747307812749315
1265738437027659777
1265406546260955136
1265329001926623234
1265030252016910336
1264342921479884800
1263928288612962304
1263595116104540161
1263595051633926144
1263534956199976960
1263534954769678336
1263251793821274112
1262799833892622348
1262751789582934019
1262749243179065346
1262749240544989185
1262593119918395392
1261419149231902721
1261083360740413440
1261035510904078337
1260975871084638217
1260975870270943232
1260954006114967552
1260701844655005696
1260679626587856896
1260670737783894017
1260642976101027843
1260622598217576449
1260621717229178880
1260604251606257664
1260336297773797377
1260274595694891010
1260242461122756608
1260050342751997954
1259545081071185924
1258867702858502145
1258589835738087425
1258495069570596864
1258080459176755201
1258064070210658306
1257796116839620608
1257796115241590790
1257514208872275969
1256633534611165185
1256285141103710208
1256285139283345414
1255975010705051650
1255897258421366784
1255627197655789568
1255575328564621312
1255340275234463744
1255322351568334851
1254505958992207872
1253497430487764993
1253449011492794369
1253431036790181889
1253154317147811840
1253147611575595009
1253087363988885505
1252986696439926785
1252776286814187525
1252682203001229317
1252682192225923072
1252435012651118592
1252360679190753280
1252360677601054725
1252360676258922497
1252360674589593600
1252360673167683590
1252360671653593090
1252360669988450305
1252360667232759814
1251901238477819905
1251279037118414849
1251256953013231623
1251189753850007553
1250916975737479168
1250896737033740290
1250870025310932998
1250547191556575234
1250547178935914502
1250524828274249728
1250194210784972801
1249478100938784770
1248802146876874752
1248349729639018497
1248349728603070467
1248265810818338817
1248265797023170562
1248030005629784065
1247966554064478213
1247613158124130304
1247611503659880450
1247318216583589889
1247304432854937600
1247280632323026945
1246658652834074624
1246199785348050946
1245789607465279490
1245774361061187585
1245747411483594753
1245747408077836291
1245534681627537409
1245478960911319047
1245478958059204610
1245431272886788097
1245193922328002560
1245192247202758656
1245094190238830599
1245000724574068743
1245000711701757952
1244752473480445952
1244698334499155970
1244698255214206982
1244698254056599553
1244698252609499136
1244631894999937027
1244631891560534016
1243923169347584002
1243693556398686208
1243542873330589702
1243542871648751618
1243295955711152129
1243191469294465026
1242911494876078080
1242910933313257473
1242910932092805122
1242910930498879488
1242910929467183110
1242898921975885824
1242648467056590848
1242648465634660353
1242648463927623680
1242648462048612352
1242648459641081857
1242648457577406465
1242648455991955456
1242648454670794755
1242648453123055624
1242648451718004736
1242648450250018817
1242648448987521024
1242648447347576839
1242648445959254017
1242648443950161920
1242648441978867712
1242648440506646529
1242648430318624770
1242610583859593218
1242610573877092355
1242517441839800322
1242491236851867649
1242218097433591813
1242218096145895425
1242218093419597827
1242202377140293636
1242202375143731200
1242202371771506690
1242179179405291521
1241819077510823938
1241138899986104325
1241138898698473475
1241138897414959109
1241138895972192260
1241138894785204224
1241138893208072193
1241138885276696576
1240997143059537920
1240785401389907969
1240752685697118208
1240750630341357573
1240725531722727424
1240483522688811010
1240418989282660352
1240418987223252994
1240398255403433992
1240308398056517632
1239975210465423364
1239975208166895618
1239607397758513154
1239591734448963584
1239369426438414337
1239343224092790784
1238974356509908992
1238645983396929544
1238564592802029575
1238563902629253124
1238548081039282176
1238548080162746369
1238478234615939072
1238226568960512001
1238222304376741890
1238147835859779584
1237882110003662848
1237506327284535296
1237460562696601601
1237364694219972611
1237173611888365569
1236355181219950592
1236072188987482112
1236072188115120129
1236072187339198465
1235959939878830080
1235686005631594500
1235331103197720576
1235331100697862145
1235208037486546944
1234934019797721090
1234619662459162625
1234558009927503872
1234526435186028544
1233569705358745600
1233540408824750081
1233540008012910593
1233125289414340613
1232809631883386883
1232738348298625026
1232724593384869889
1232450564681691136
1232391207634055169
1231339028043177984
1230975081993711617
1230973398018396160
1230270243702018051
1229897977050927106
1229842113539559424
1229146987385311232
1228720981394542592
1228517168423358464
1228460956038189057
1228460947326500864
1228416273408823297
1228412322529652737
1228412321321582601
1228411910434979843
1228386313709244416
1228386246986227712
1228384821975683072
1228350649760387074
1228058226975006731
1228042427514204160
1227980265458479105
1227776462897504257
1227776249378025474
1227727663382618113
1227727662279471105
1227315175092555782
1227315056381173760
1227009014845902848
1226917076402671616
1226257374878539779
1225926679576612864
1225916970433961987
1225916951962292228
1225872513953083393
1225617276663160833
1225617275723636737
1225617274670850048
1225617273714618369
1225617272921894913
1225556018144387074
1225556016596766721
1225543289731997700
1225520678495031298
1225500958869860354
1225500957431259138
1225156858274615296
1224934953605046273
1224885168365875202
1224794211184205825
1224778521605738496
1223603722766471169
