1286074122926264323
1286060120548552704
1286048937326063622
1286043199526637574
1286016097897123847
1285998694937038848
1285998693708107776
1285991031843033088
1285978921712918528
1285967833579610114
1285956345150111744
1285956240653385731
1285722334716932098
1285720345350156288
1285699979361779715
1285668163112374273
1285647865742790656
1285641984342986752
1285636722425049089
1285636657874644995
1285612035850608640
1285599856111816705
1285324939407523840
1285306211307487232
1285304180866011138
1285301952306458627
1285300567926022156
1284912499494707201
1284908480181174274
1284453659938619392
1284255548725235712
1284238459415257088
1284203692128968705
1284179179307663362
1284178279084302336
1284175560474857472
1284169473268822017
1284152127485612033
1284145382914691078
1283831706882125833
1283826982866886662
1283820200429748231
1283819561050046468
1283819073080565761
1283818603326865409
1283792068377182209
1283790724446728194
1283776921306836993
1283519016347357186
1283518675887284224
1283514351459205121
1283505743644241926
1283501207923941377
1283478314779377665
1283478251822776320
1283477888940019712
1283457316722020353
1283441631421751296
1283417863244648460
1283404604596785157
1283401777950478336
1283163519278620673
1283126704635092993
1283094294828584962
1283094294014853126
1283063156454170624
1283062471209684994
1283050154514427908
1283049444611690497
1283049065245278212
1283045448173920256
1283039535753035776
1283035464665116674
1283033054785736714
1282845226684620801
1282769169596002307
1282752219780186118
1282749041533751298
1282738947077144577
1282738698447196168
1282709350218444800
1282705635000410112
1282705634165743616
1282684546572525568
1282661058784747520
1282313769511682050
1282298670629568514
1282083891122143234
1281966484730740749
1281964212449943560
1281960273729986560
1281750657599451143
1281735601050591232
1281701819492773888
1281701480030965761
1281688605904326658
1281688214747656192
1281644891668271104
1281625372170366978
1281621288730140673
1281566339363201026
1281338076560789509
1281314935134437376
1281313648556867584
1281304850672824327
1281302537782657026
1281302316436598784
1281286587104575488
1281285034058698753
1281230316741550085
1280914585944559616
1280874136269721600
1280873974218571776
1280866572735782912
1280560289918996482
1280536954245955584
1280512040881324035
1280280916007497730
1280253508026093570
1280223619889508352
1280216788668682240
1280216787309801472
1280216785829146625
1280160383936888834
1280159044804775943
1279384463038836737
1279129783935176704
1279036167078338560
1279034657120694272
1278805118981373952
1278785473482285071
1278750285444214784
1278735184452440064
1278715799528759296
1278713665181691904
1278713119112679424
1278500574095446016
1278491843110612994
1278471429332307969
1278426866706190337
1278425804456824833
1278418307297751040
1278406824656601088
1278392448096616450
1278147506875117569
1278041207231389702
1278016867312033793
1278001240752955395
1277995275060158469
1277936569379426309
1277789362953035777
1277708144546807813
1277683065826009092
1277666839301181446
1277611355076530178
1277606786800013315
1277604524065271813
1277414163854344194
1277324674658177025
1277278362361376771
1277278179388993536
1277232784780619779
1277225234291216387
1276908146422734848
1276894998663966720
1276893372888813570
1276653195402588161
1276619593897869314
1276602862341099520
1276591632419377154
1276590591909015553
1276586071434936327
1276559970788683776
1276553013478526976
1276541144705511429
1276524201772486656
1276336106758381568
1276324491753328645
1276273717274988551
1276273650732236801
1276222134633803777
1276217756837457920
1276211552228704257
1276136633344167941
1275921976952082435
1275914522822422528
1275904904926760966
1275881954613899264
1275881633938276354
1275862434318823424
1275829242161500160
1275810627622141954
1275808072649375745
1275791400710426627
1275524936187236356
1275474362032889856
1275457875280789504
1275456811081117696
1275456191838056448
1275453602450948105
1275441937990868993
1275440358642421760
1275210278997839872
1275195976890933249
1275179774122627073
1275115733962362880
1275041793999024129
1274688524634243073
1274566347155017730
1274333681130311685
1274326133899767811
1274061371580309506
1274044929128501248
1274043949536227330
1274041508031860737
1274039465099628544
1274021316509736960
1274018973621850112
1274007096439255041
1273990149764984833
1273958883434926081
1273719731107889153
1273719718889881602
1273695119208783877
1273678182592532482
1273671122941247491
1273657484838928384
1273651834217992195
1273651831009312768
1273645782974058500
1273619044281786369
1273378756015652864
1273370938843766785
1273368210117722113
1273365688556584960
1273357900489150466
1273349131575144450
1273341738866880515
1273327766679797760
1273327390333247494
1273322711557775361
1273320503701274625
1273319973788831744
1273318468453097472
1273316261116678145
1273315692008398851
1273311649173245952
1273311647222939651
1273311646379905024
1273311645352300549
1273311644433645568
1273311643360014340
1273311640130326529
1273296347723173889
1273271460698771457
1273256367151816704
1272999063173115905
1272968741496795137
1272968738912993281
1272968607438340096
1272954143636946945
1272945093364920320
1272942546424135680
1272936025447378944
1272934750114713600
1272891755457916930
1272636548358582274
1272636547007950854
1272623041445584908
1272621971403149312
1272612233634332674
1272582399617126401
1272582146109198336
1272559446275887105
1272545367633125377
1272278144632979457
1272185659579654146
1272185657620934657
1272185656354185218
1272185654802370560
1272183338917335041
1271859209131474946
1271858947494985730
1271557186959880193
1271556174303973376
1271542569814630400
1271538473468657666
1271538417227255808
1271534389592297472
1271518914648985601
1271515198306869248
1271502009091395590
1271494330985992197
1271494120188653574
1271494076614017024
1271479734136954880
1271479712557289473
1271470121807228928
1271429627316183043
1271428656506732546
1271427031180296192
1271188434015707136
1271137312391430144
1271132877594509315
1271132875832860674
1271110563335110657
1271110507680980995
1271103288751120384
1270865988632956935
1270856691098234884
1270820130101100544
1270810579230494731
1270786702290956292
1270744131787259905
1270743913654091778
1270743861476962306
1270728676972343296
1270725545010122752
1270723569614327809
1270717931203096578
1270715553582178312
1270467488002854912
1270463109229133824
1270447832902914051
1270100931976323073
1270095020725620743
1270084546529300481
1270083174794747906
1270027319239942144
1270026845619093505
1270026097808326656
1269995186396049415
1269991236703866887
1269989987673690112
1269630189732073473
1269291898394619904
1269291310806155275
1269290229854359553
1269289660557209600
1268996599952351232
1268994122037198850
1268986444976214016
1268972258858541059
1268959347561975809
1268939538367492096
1268933496166285313
1268903144475578373
1268902500075220999
1268732448080347136
1268655928544559106
1268632346024181760
1268620116662468610
1268616395492900864
1268615851353214978
1268614756664897536
1268601107540049920
1268591003021250565
1268244675133128707
1268244658632736776
1268241454171815938
1268215771743879170
1268213570887716869
1268200071407026181
1268198026935402500
1268197308598018057
1268183692352131072
1268017062561099776
1267923222869299200
1267923220809867264
1267923219127906305
1267914483462221826
1267908335820509186
1267908334725758988
1267908332230238212
1267908330493808640
1267908328056913921
1267908326781845504
1267855725616926723
1267761913213136896
1267612402302046212
1267590226467270656
1267588568907726848
1267566553505071105
1267556868718764032
1267553495886049284
1267546330689351693
1267542311417925633
1267539507773165569
1267505417317466117
1267483902555426817
1267474492168843266
1267272211515297792
1267168972576706560
1267123674492088320
1267103813372186626
1267103588763021312
1267103587785736194
1267103585277534210
1267101024042528769
1267098380674781184
1266810113312030721
1266780680912097282
1266477456384458754
1266475275036102657
1266470963585134592
1266464920264204291
1266450776961974273
1266141235552624643
1266135676246011904
1266130332392316929
1266110435570454543
1266110024356696076
1266102727584755712
1266099141110894602
1266093537709490176
1266086540608000001
1266064225765658625
1265747673531011072
1265739290597822464
1265739235908358147
1265690902573572097
1265659698168168450
1265659637476536320
1265659635874304002
1265457410443001858
1265414504927637504
1265411098297217029
1265379237386752003
1265379093450829824
1265296366881984513
1265033873798414337
1264919151186976768
1264596254136455175
1264596223429918721
1264596074511073281
1264541661540958208
1264541660245110784
1264315169179459584
1264287331156180994
1264287251992924168
1264277852687675392
1264194376374210562
1264194375879401473
1263915031466577924
1263900623927459849
1263897123348717568
1263585993434648579
1263540153576034305
1263535837289070592
1263532134536318976
1263519279892385792
1263518852446654464
1263517244899962881
1263515056144293889
1263514899289829377
1263514632741949441
1263500713264656384
1263495832839557121
1263204753410048006
1263156601680248833
1263122958215757824
1263122956122763264
1263104797550325761
1263099880022642688
1262887183800848386
1262886643817734144
1262885646324113417
1262885545396576256
1262866873911324673
1262776224939679744
1262775943749414914
1262768818767695874
1262761879832629258
1262759300075642885
1262737325194387459
1262510777782743041
1262497312460455936
1262497209335123968
1262494317735706625
1262490794092572674
1262489452250902528
1262483964557656064
1262479051207442433
1262477010527490048
1262458666789281794
1262387973829668869
1262084532997632002
1262020045745598464
1262004947232718848
1261757394327089153
1261757392955617282
1261749651528732674
1261705872734027780
1261705864127426565
1261698734901137409
1261695383148904448
1261627456760410112
1261482559055319045
1261454014522068992
1261382991688785920
1261327209781960704
1261265072283725824
1261265068689289219
1261114380781072386
1261056619263164417
1261049334361178114
1261029824006688770
1261026997880455168
1261017585610604550
1261015636202926081
1261013264315699202
1260959249255055361
1260956554855145472
1260956553617833985
1260956552271474688
1260956550883086340
1260764818816057346
1260689146680692737
1260611740477390848
1260321972166279169
1260285787104477185
1260274549385498624
1260274099508711425
1260273242759192576
1260264160635564034
1260210331705651200
1259984900427583492
1259970871130763265
1259970831779868672
1259925583561138177
1259916510446981120
1259887371790794752
1259831416319283203
1259831282747531266
1259487213634703360
1259204757459292160
1259163722964185089
1259135301357887488
1258868701035728901
1258830953583083520
1258816251801014273
1258784599146102784
1258502078831476739
1258502076411322370
1258502074607849476
1258502072242262022
1258394958677053450
1258156006909100033
1258123501640220673
1258123463023304704
1258094472669298693
1258079599591862274
1258058891088314368
1258057595123892227
1258055308372578308
1258053314341670915
1258051474149576704
1258047261948461056
1258047259326980098
1258039785446346753
1257755896572194822
1257732383543083009
1257706775333220359
1257698601511325699
1257685832095469573
1257417007026319361
1257416488077742080
1257385469664509952
1257374248353574912
1257332142603939846
1257286376158101506
1256696649717624834
1256696617027207168
1256554030475685889
1256324972500275201
1256324971132891136
1256292248276402180
1256257997451526146
1255939198005239808
1255542714202050560
1255537278006542337
1255284771397214214
1255283521591160832
1255261957080461315
1255245060549103619
1255238861208289282
1255238850747740161
1255212360949776384
1255153424032600065
1255127842406518784
1254877684422893568
1254877683068080130
1254863980268589057
1254858218234212352
1254840235311206400
1254810549109559298
1254810372713914368
1254800531081617408
1254783524135002113
1254502125750693889
1254120343767261186
1253778846500958214
1253771934451544064
1253770264371961857
1253763693915049986
1253762229599645697
1253761848891125762
1253758293425688577
1253695838469095425
1253689472333615108
1253686483417956353
1253686482709221376
1253670023354175489
1253450974846496769
1253441031309320193
1253403044471062528
1253401322763825153
1253400121649311745
1253400106650537989
1253385350195695618
1253040753435193344
1253040752109801474
1253036532799332352
1253028260428087302
1253021145718194177
1253020749905920001
1253013230621995013
1252985145805676546
1252978621754597376
1252961375409844226
1252961373820268544
1252941759262478336
1252693657167200256
1252682192267948034
1252680025528303618
1252679061765345281
1252664887815344129
1252586875061252098
1252371295083171840
1252336724597895169
1252312900632555521
1252255579197911040
1252254461558390785
1252234077479989251
1251967004757630986
1251906616972259328
1251493076503334914
1251252585354465282
1251252533437370370
1251245775780184066
1251244575395663874
1251242109212020737
1251239177150181378
1251182540997746688
1251182540045647874
1251179223705927683
1250929584322813952
1250895685114888193
1250895373570375680
1250894291192381440
1250876790941331457
1250870964767936512
1250849432763084801
1250838729763233792
1250832696668041219
1250822033363161088
1250813098413473792
1250813096853221383
1250813094336638985
1250802375998296068
1250588932091281409
1250588795382235136
1250584937385857025
1250546291664437248
1250536587580096516
1250536549764288513
1250536312588972035
1250534917336940548
1250502172028080129
1250492890633166850
1250492889274163200
1250468261004816386
1250467924466335744
1250443766743224320
1250439731101331458
1250439680161501186
1250438731405750272
1250427042023084035
1250427040110534657
1250402969301983234
1250234285098962944
1250234269076557826
1250232134884876289
1250229055984721920
1250174932539056130
1250137454079770630
1250137364032376832
1250116759560036353
1249791810811068419
1249791614228324352
1249767171502346245
1249767169619103744
1249346443703435265
1249336470319575040
1249321370271584256
1249046567144828930
1249046565949444102
1249038974959726598
1249029329805344771
1249019828951830529
1249019827332829186
1249019273705635842
1248708391230476290
1248706972871987203
1248691263769055233
1248674863654600704
1248660493373452288
1248660437782142977
1248604064671240193
1248596594137673728
1248379778991677441
1248355868795600901
1248355452104179712
1248345582831374348
1248344833653116928
1248334739934756871
1248333173748047872
1248319653669150723
1248309707745431552
1248308279912120320
1248303539195203585
1248275019358142471
1248274947941769219
1248259056889929728
1247984221135818753
1247981020646969344
1247979656445296647
1247978507755491328
1247974098371776512
1247966465468366848
1247961096742371328
1247948445496868864
1247938581915721730
1247934690503335936
1247633103209795589
1247631753172434944
1247628676432310272
1247628674557456393
1247619284056104966
1247619146642272261
1247618582219022336
1247602163695734784
1247598464474677250
1247581731785449478
1247281411515695110
1247244466735415296
1247244361152303110
1247244287735185408
1247229067201560578
1247161075751096320
1246864420472528897
1246863200777383943
1246628120242905095
1246183237443084291
1246181011521703937
1246176064931532801
1246175923206062081
1246175812367323141
1246172919249670145
1246169831067582464
1246169830249639936
1246169829264023560
1246136438388916224
1246111793086377985
1246067589622763521
1245821658671108096
1245820425797603329
1245819662576779264
1245803129792270336
1245802463015428096
1245800937123446786
1245789216522612737
1245752060659863555
1245732529635840002
1245508746207363074
1245485391643320321
1245463975204130827
1245447727074418693
1245444753002561536
1245444751937200128
1245443779726843908
1245443698621628416
1245443686353252352
1245428687387922435
1245427480195936257
1245425948012564485
1245419539053137920
1245391329636560896
1245386020230778884
1245376371762827265
1245376196931715074
1245357751548571648
1245330642499522560
1245156964692344832
1245156382569123840
1245155867730812930
1245073194706493440
1245072556954128384
1245064412324671490
1245064278157209600
1245064277028933632
1245022569310412801
1245013773087387650
1245002918069252097
1244685825138458628
1244674536752271364
1244357862429798400
1243959839140782080
1243959784749051904
1243954594721529859
1243954447853723649
1243952769788231684
1243713016719462402
1243623341652619267
1243617720664457218
1243617719397822466
1243606070255407111
1243596666827087872
1243579322402816000
1243263576602808320
1243261364895993858
1243259517158199296
1243241772916117506
1242911663172575234
1242861969759223812
1242805937095745537
1242634191625506816
1242622731277021184
1242616238628618241
1242496400266383362
1242478782860201984
1242174027692728322
1242108265649131524
1242107490667552768
1242107487035236354
1241801820642697220
1241769713446932480
1241464172946350081
1241464162338910208
1241431902520856584
1241361028761432064
1241175768060829699
1241153035872731142
1241109050684817410
1241107856734277632
1241095279862046720
1241042906019962882
1241028318662668288
1241017081799290886
1241012545751842818
1241008161391349762
1240820677260783621
1240808263500861440
1240726501710073860
1240690052620902400
1240398910008500224
1240394934500446211
1240394703360724992
1240393839694790662
1240376043136925696
1240372620824018947
1240371957125779457
1240346766857437184
1240338107419025411
1240335384892055562
1240327109802889218
1240092223116644352
1240091424240132097
1240091018411814912
1240080026378387462
1240078099716493312
1240054162362109953
1239990860642689025
1239990062835798018
1239986329053728769
1239967302235222021
1239954135149092864
1239911445938286592
1239730943277117440
1239688208130195467
1239684999982481409
1239647341008891905
1239631733680672768
1239631732535709696
1239569904354889728
1239541738576007169
1239359682743095299
1239275887448776707
1239242102728466433
1238877893373157376
1238877714708398081
1238877712573440005
1238873770686889985
1238697182359928837
1238647876567343106
1238606306317082626
1238581441396723714
1238559398517256192
1238556701437165568
1238556133218045953
1238545290468229123
1238539698685071366
1238539697569304576
1238537753303887872
1238535911358562311
1238533198025576449
1238525446620405766
1238233795100323840
1238233792072101890
1238232565540171778
1238232562780327936
1238206580501463043
1238170149066289152
1238104496682815491
1238096843642413056
1238093519887138819
1237762059774951425
1237754920138399744
1237501803442384898
1237477396946829313
1237430128566767616
1237136510945759238
1237133537955975168
1237097736836714497
1237066706557730816
1236637797928271873
1236441499862208513
1236410114757836800
1236409150046973957
1236337406149787650
1236335928043503616
1236070640253390848
1236056729932177409
1236054793669480448
1236003693222391810
1235992757199609856
1235659386346819584
1235649366511280129
1235646283127205888
1235570507233271809
1235329429150273538
1235325482062745600
1235314460102975490
1235276197623455745
1235276196813905921
1235242143863705606
1235242143192616960
1235233196888948738
1235021805557030912
1234991083936813057
1234848435783819267
1234843780542586885
1234629209353572352
1234606971887738883
1234566778531012609
1234566298169958400
1234540657676603393
1234505374235009029
1234168282711756800
1234159694350032896
1234149386847997953
1234149385627410432
1234146628732379139
1233835767249735680
1233835765773328384
1233835762577219590
1233835761146961922
1233822951851593729
1233780315124092930
1233509017189855239
1233508547389984770
1233501335359807488
1233440374519148544
1233428906042101760
1233227939325661185
1233172167648595968
1233170491415891970
1233141887277707270
1233051154973626374
1233037446587219968
1233036618623311872
1233028502204579841
1232836141021351938
1232742149327900677
1232742148308598790
1232742147406913537
1232738088440471553
1232715355631620103
1232674177087238151
1232443677563224064
1232443170056589313
1232402306488033281
1232402293062066178
1232399690655617024
1232392882528620544
1232103884857978880
1232071020237946880
1232034291686739973
1231973503068491778
1231969813158866951
1231601081282629632
1231579466226335744
1231424816156155904
1231374311736446976
1230942674498224137
1230610878711705600
1230587468816306176
1230576978887135234
1230220980561285120
1230220979915362304
1230219538534367232
1230219133670887427
1230193582121914368
1230184879029178369
1229858747868229632
1229420236337627136
1229050297487679489
1228803734458728451
1228803331604262912
1228417333212917761
1228366108865986560
1228353956637814785
1228059225487794189
1228054457147121664
1228053280196091910
1228052102867451905
1228052101860921346
1228025851587026944
1228011586855620615
1228005118236397570
1227729079065096197
1227675208947032071
1227610352571101184
1227608701621673984
1227347551025795078
1227319708065714187
1227319243475165185
1227279637509804032
1227011304768114688
1226991880212271105
1226650879362838531
1226648697326448641
1226597638587461632
1226298560163074049
1226198738466680834
1226197088679186433
1226189127462408194
1225881225224691715
1225866476273491969
1225850966555156480
1225556871110635520
1225529330647826432
1225494369739788290
1225494369039527939
1225218891464544261
1225137490580987906
1225119551320395776
1225119433301032962
1225071423808593921
1224919914076680192
1224913778946519045
1224893238101921793
1224891446458748929
1224889215474900993
1224875294735130624
1224857990735581186
1224829543246172161
1224795995554439169
1224746502712700929
1224437732203565057
1224364552034320384
1224112519079497728
1224062714655465482
1224030279481856001
1223754283792977920
1223730861662752769
1223714314223259649
1223665373117067264
