1286008784041709571
1285998043129507840
1285979078177312770
1285967844157661184
1285694309803667456
1285694308331462656
1285643694092288001
1285635656585285642
1285621442286161925
1285579551419125763
1285310861867978760
1285285948809515008
1285201908672663554
1284499011861458944
1284488096155828224
1284187705899921408
1284182751512596483
1284149660714754049
1283827430071902208
1283749206931447813
1283513208024838144
1283499939029569537
1283468875317817347
1283430057785135105
1283428527946305538
1283413025031151617
1283400439917051905
1283390221120425991
1283203626291339272
1283162962052734976
1283154353940049931
1283121911585804293
1283119578533572608
1283112909774753792
1283066350265667584
1283064172922712072
1283060014198988800
1283060012731060225
1283042376215400450
1282792144298795014
1282792049989824519
1282781990685679618
1282754958400589824
1282748320029581315
1282748157340913665
1282736551676411904
1282702599758712832
1282674881285492736
1282674855192780802
1281709785092550656
1281702234456113153
1281694688823713793
1281689444198887424
1281668409336508417
1281607962952433667
1281331359974293506
1281331359043194888
1281330883786612738
1281302100568207361
1281286998381248513
1281285269229092866
1281285268373413888
1281285135883800577
1281283223880777728
1281263536581246977
1281233297213992961
1281230237855072256
1281224564224245762
1281216767843602434
1280928043062747136
1280928042022588416
1280858598936055808
1280641830225424384
1280607524203294720
1280603024835194880
1280597464228278273
1280593897673166849
1280577323784269834
1280528985332604931
1280232550380830721
1279414668436688897
1278816972671725568
1278778681020874764
1278776051657834497
1278767482262769670
1278750287017148416
1278741516480118785
1278697520093372417
1278460045622198272
1278408354965131264
1278403940971950083
1278375379716227072
1278372798805745665
1278356862455422976
1278331803082915841
1278082598145789954
1278033059712061442
1278016831907860481
1277965110997385216
1277719115965370368
1277719114312757248
1277716482512826369
1277716480298299392
1277716479505555463
1277664472707084295
1277664374992363522
1277664374149316608
1277664372618334210
1277641291531157504
1277612847137271809
1276614620418060290
1276611548983840770
1276603226532589571
1276589362889789440
1276574404466618369
1276560861683949574
1276221118014201862
1276213111918333952
1276213110978854914
1276213109745692674
1276140223257288704
1275905938424311810
1275891472777256960
1275794509016846336
1275530968271663106
1275492961858588672
1275470314978377728
1275429669425291269
1275424890640896005
1275424741545959435
1275228046321242113
1275149758483619840
1274781735755173894
1274106829736488962
1274024142442950658
1273978845872488449
1273739758532014083
1273691958523854859
1273676856034811910
1273661760109711362
1273643659976683521
1273638402001440771
1273636796711276549
1273635364209647617
1273621111268413446
1273604255170117632
1273358458801270786
1273284159012835330
1273284158324948994
1273274521194299397
1273013515343859713
1272896321729499137
1272574591957741568
1272571801768538114
1272166908125605888
1271561208571854850
1271492574759526400
1271487432500760577
1271472329676054531
1271457235168825345
1271446724943413248
1271436768060026881
1271210542477295623
1271124013683744768
1271109945551998976
1270791661048803329
1270784840019951618
1270752136935211012
1270739326738063360
1270734395427696644
1270717352192233472
1270716433303916544
1270703281023655942
1270703278783959042
1270372475516391427
1270097406944739330
1270061995220484097
1270059855508836359
1270030564708548611
1270019706137841667
1269032167444791297
1269019161948192771
1268971743101759488
1268670112648826885
1268641171938689024
1268637397258055680
1268630231658700802
1268617969115922433
1268617037141573635
1268569924093575168
1268556370527338498
1268543029431975937
1268272860092563457
1268272859325104134
1268259603881615360
1268221162410119169
1268221161080590338
1267862591889715201
1267595988077883395
1267558438701338628
1267558437858181120
1267558437149446146
1267249310867079171
1266492774792269825
1266488701619785728
1266123811977662464
1266104299408560134
1266104298460545024
1266098165666795528
1265794283136835585
1265751988597395462
1265681366110343172
1265667565734498305
1265385949992751104
1265343801301839874
1265331171413680130
1264911597228589057
1264300508694618113
1264028252206661637
1263878959269363719
1263541224813858819
1263515056098197509
1263473767222738946
1263164013447450624
1263162571634413568
1262880754507415552
1262879986891083778
1262832821749583872
1262832821003059200
1262527170079068162
1261401489060384770
1261363788550414341
1261345895183978499
1261337466323140609
1261325900345458694
1261317917964218368
1261287718551773184
1261063172431196162
1261059967286681611
1260932887081148416
1260726848826286082
1260662849095041029
1260662847371165700
1260659204555079680
1260596332709937154
1260325959451832320
1260302554585497602
1259962933276270595
1259940404478332935
1259930849493037057
1259482481461510144
1258863289934675974
1258818950927958020
1258800076639567883
1258789211395837952
1258479082150473728
1258471664452431872
1258461544788250627
1258124377897553921
1258113049451511808
1258102823864107008
1258102718582927367
1257725275036663820
1257707142351634434
1257656294472908800
1257404214814355464
1257378412605444096
1257377940695851009
1257317196713213958
1256329547357630464
1256317919513976832
1256312437093142530
1256292711386284032
1256274686838800387
1255990818554478592
1255971437837352960
1255859454849028096
1255623114777661441
1255612561715838982
1255555984308809734
1255555982673002499
1255552602068131850
1255509387298443266
1255248046184714247
1255240373598912519
1255217723056943104
1255205700046856193
1255158857376116738
1254915622951096320
1254821111994466305
1254808434676989952
1254797401765937152
1254793654281146369
1253702095632465920
1253466180913954816
1253448299228680194
1253358033704562689
1253357407025143808
1253059135337357312
1253038867193778178
1252672057097281537
1252667560857948160
1252606595739025409
1252598943118233601
1252371467259371523
1252355403146354689
1252331443646271488
1252299744409382913
1252281061477879808
1252256489533775873
1252239335807758337
1251166670527369217
1250923210415247360
1250906817258905603
1250870433391525890
1250867808679817217
1250786021274292224
1250562043758866432
1250505519141392391
1250505517073563650
1250477314116370434
1250473068608344071
1250441370201800705
1250260721050374144
1250227177301344256
1250197988770754567
1250150238461067267
1250100080520179715
1249774357351522305
1249751704234536960
1249737304417206276
1249336472601157633
1248664117818413056
1248611696983203844
1248302412252807169
1248272811761840128
1247986508981850115
1247954865097027584
1247933646713106432
1247923542940884992
1247909593998647301
1247880984458072064
1247660424331513862
1247643222807064577
1247634000581210118
1247624821606924288
1247622407537463296
1247566459737432064
1247530134816444417
1247305586397581313
1247293792933294080
1247276800063033346
1247259365368827906
1247252462588878849
1247252366438600704
1247237892415553536
1247237891329327105
1247172567644987392
1246199972372062210
1246165576243798017
1246124873543569412
1246124718891184129
1246120264766808064
1246079917235810304
1245857847851663361
1245857846484295680
1245795399560040449
1245764894156349442
1245747073489817600
1245462452172664832
1245422264113397762
1245410054301536256
1245386618023940096
1245361856350388225
1245105210470666240
1245094370346283009
1245094240717332483
1245079756950904835
1245069122574180352
1245056002728366080
1245013601443872768
1244987815567360002
1244768669676290049
1244737408832282627
1244736110816878594
1244728225990836224
1244727742496673805
1244719694508101632
1244658764382429189
1244643238021136389
1244291882848583683
1243636686350962692
1243623912702959617
1243570062805606403
1243548063471472640
1243534031863656449
1243336740846403586
1243336739239997440
1243295412166918144
1243270025852715010
1243247514029101061
1243234322527719425
1243208092650745858
1243182200041996291
1243182198871797760
1243171818518777856
1242964575185756174
1242964537701289985
1242961123227377670
1242961122052931591
1242919499944296449
1242909254408900611
1242888984138780672
1242873885860773888
1242867574032957441
1242843686053933057
1242832864665915393
1242813486922678272
1242623442488373249
1242560212109864960
1242504064333643779
1242436000875515904
1242275683193229312
1242179310246477824
1242173249108299777
1242152789440106505
1242142899329998850
1242142897329319950
1242124307775586305
1242101364521607168
1241112752393007106
1241112333927297024
1240770021791371264
1240713402516934657
1240713400365154305
1240709289792151553
1240669361729425410
1240415175804624897
1240383537926131712
1240342444409004035
1240329748192075776
1240276771670560774
1240004063544082433
1239997734297440260
1239989885102153729
1239967977518202885
1239956742164922370
1239648930176143360
1239608731589017600
1239605198735192065
1239566389616218117
1239370891714330624
1239285955254779904
1239285953522544640
1239257555614011392
1239242456362668033
1239225228900868098
1239209684290191360
1238690231638949889
1238560825322934273
1238182794746101760
1238144391170097153
1238134542495559680
1238090530992672768
1238087348375769090
1237854763410022403
1237838238389358592
1237815090226880514
1237803625747025920
1237746720659955712
1237737331571949570
1237472092234399744
1237444563842859009
1237440950504472577
1237440605178990592
1237422967061012480
1237407870838140929
1237380026540195843
1237371637944762369
1237362032602574848
1237359145621368838
1237357947556167683
1237116694130286593
1237115834742562817
1237060582374703110
1237047889714692096
1237025995410018310
1237015280762699776
1236652892926476290
1235943221425049601
1235929590541008896
1235663062885007360
1235626623657013258
1235597344936202240
1235580153738211329
1235575604629528583
1235276502574534658
1235271290409439234
1235267877357449216
1235257527832637440
1235214916103086080
1235211482159292416
1235207445930180609
1234978735025094657
1234976850968862722
1234954200330768385
1234941028609789958
1234938816433184771
1234938386290532353
1234850872082997248
1234840955091472385
1234569167073767424
1234554718875267072
1234546293055393794
1234538964104568833
1234501716399316994
1233481999068823554
1233481567055630337
1233453463654281216
1233444102567596034
1233405096823787520
1233401876479201282
1233390806322597890
1233147050327519233
1233127549884157958
1233106527885701122
1233100191206690817
1233095241760153604
1233089416047910912
1233078144166432768
1233078126101569540
1233061374034661376
1233033079243059201
1233029014853316608
1232748101854728193
1232748081420152832
1232742126712246272
1232727912664772609
1232727866430885891
1232719477965348864
1232689770045825024
1232677336035811330
1232665070099976194
1232662981378543616
1232396719280836613
1232341660085956609
1232340716380135426
1232334441688645634
1232327755477454850
1232319928268709888
1232312198413901825
1232046231104491520
1231974098475134976
1230650470034792449
1230582896114700289
1230507493098508288
1230181125504618496
1229852665456271361
1229465537341575168
1228408569206276096
1228363277530488833
1228357593283858433
1228336156607209472
1228330094239928323
1228317976455208962
1228046183081369602
1227998946448023559
1227982335112630272
1227975601178411008
1227719700194435073
1227695414222237696
1227623270998069248
1227610016208900096
1227585521813245952
1227353315622752257
1227316993440833538
1227306308484894727
1227291210043273220
1227278638267215877
1227245909051891713
1227012679635734528
1226977697345294336
1226967961233166336
1226967931784957953
1226939544131579909
1226938950243188736
1225832590667636739
1225832402330755074
1225824981487177729
1225787542412419074
1225603089421475842
1225503892189913088
1225501870690570240
1225460878423838721
1225455740359446535
1225455739528994817
1225440914073669635
1225420858069602304
1225174826291290112
1225163962859368448
1225160024957366273
1225154514782752769
1225142174670557187
1225134120319188999
1225132211025956864
1225076866878492675
1225076863237873664
1225071580683755521
1225069035492081664
1225069033172631552
1225061380241444864
1224911646172295170
1224911645312475138
1224895796904103937
1224895532344188929
1224894853747826690
1224894852871131137
1224894851982020609
1224894851101208576
1224893068396105728
1224892615834972161
1224892172849336320
1224891626167861251
1224889939915149313
1224889483906162689
1224889483155464199
1224887295972646912
1224886676838854656
1224885962087587841
1224881359543590915
1224880324200620034
1224877216816910338
1224856203299377154
1224827528201809920
1224824956934152199
1224817457304690689
1224784694199242752
1224719149869543424
1224703710225453056
1224435179801870338
1224358557178568705
1223398051240382466
