1285933798245511170
1285672918555533312
1285581965752705025
1285581733459628034
1285356755111870464
1285279321775575046
1285230690636828676
1284871648353693697
1284353117090394118
1284353115660189697
1284353113567252482
1284170296535191552
1283817259769765888
1283791366963769347
1283389603324411904
1283163702569639936
1283150611232575490
1283150610091704320
1283150606241345537
1283150602378280960
1283150598205050880
1282819892631285760
1282678212720459776
1282668602634711040
1281731806820290560
1281004192543408134
1280950236907810816
1280579008292405252
1280567594945257472
1280272296192749568
1280272222532308992
1280244062604443648
1280190307317895168
1279919235733393408
1279403336513568769
1279032140743786498
1278819670976585730
1278734375773970432
1278674071014776832
1278473634764525569
1278362429680951301
1278349644611887106
1278101280699940864
1278101279684939779
1278088129631653892
1277966398946308098
1277966397583183876
1277953281688363009
1277741213047828481
1277741057413914626
1277658821855502336
1277656985786351617
1277632446494900227
1277606195214385152
1277383458415882246
1276880122809921536
1276877945911627776
1276684717866340353
1276617287563390977
1276600614412320768
1276546050170458119
1276254839639552000
1276190328320638981
1275554180690784257
1275205676931993601
1275097205360201731
1274732081738899456
1274726492916744192
1274006271612551170
1273739463781494787
1273708209920933889
1273640383742980096
1273616457851482115
1273372743136878592
1273309083106521088
1273264840765845504
1273022145665347585
1272884633361924098
1272663557977649154
1272567586564300802
1272567585813430276
1272252282881572864
1272226499295424512
1271479491366465538
1271186578724081665
1270867086500409345
1270758573157605382
1270471917850570753
1270428701747032064
1270094924097163270
1269357416036159488
1268911314665115649
1268333475968569344
1268327857303941120
1267945174510034947
1267563501263953923
1267563500538408960
1267563499808591873
1267563498957144064
1267563498281852933
1267563497564647429
1267126876461510659
1266843828679520256
1266823074068008962
1266810255251562502
1266431636658323456
1266431635945291782
1266169825010860032
1266088533405597697
1265785072998809600
1265775234445164544
1265757168898207744
1265739244254961666
1265739160893173760
1265634513331290113
1265426237025062916
1265419553540014080
1264904049679196160
1264660684710838272
1263982235700477952
1263549874051694595
1263528724928086019
1263246877564133378
1263231262346657792
1262778945902202881
1262520613710766088
1262060317535809536
1261657660555882497
1261421019509608448
1261338843619495936
1261093630997127168
1260660636129718272
1260660633936117761
1260660632824807426
1260628631451205642
1260203702662684676
1259974819275321349
1259911778798100480
1259881620506652672
1259831623853490177
1259459420909645825
1259235445130424320
1259218378507669510
1258832445400649731
1258818927695663110
1258787715941904389
1258781443070857216
1258537132391493633
1258506539805011968
1258382827076403200
1258139053402337284
1258139031927492609
1258138981860028417
1257753442480726018
1257696875404197893
1257441247746285569
1257422200031907848
1257410064438222848
1257378847827296264
1257347350609252357
1256949885124763651
1256685573215002624
1256616717016543232
1256284155031302144
1255988186385395712
1255608974201753601
1255525897454706699
1255246741554835461
1254887682871787523
1254761640484130816
1253803668039761922
1253665493384343556
1253507629776801804
1253486896199557120
1253350190930690048
1253021362811211777
1252999933931765760
1252966910075027457
1252726555752706048
1252648693964161025
1252371970110283779
1252363351285313541
1252270803787415552
1251123996801802240
1250831424699146248
1250521178806026240
1250428056440688647
1250171987034587139
1250166132549603335
1250166130397843460
1250166128611131392
1250081228436443136
1249747042647388160
1249325899062759426
1248718489000566792
1248718488010731521
1248710705810898944
1248685081654419458
1248592314697736193
1248366473036410889
1248323323437682691
1247949608996798465
1247913474602254336
1247644569912717319
1247636992151691264
1247599019594903552
1247590963008151555
1247320838153658370
1247271506440327173
1247200401188958209
1246875754018684928
1246809567910146049
1246602967370944513
1246503803148472320
1246434093753085954
1246111758596661250
1245852260044865537
1245737916304941056
1245467927480012802
1245384176448294913
1245340860256059393
1245340858595057666
1245126574824972289
1245088967432732672
1245055176798601219
1245034371280777221
1245026568356929536
1244765851368095744
1244746473675403264
1244745613696217088
1244734897941409792
1244730124710395904
1244652289543081985
1244614810987384832
1244404466109034497
1244354358323687424
1243970788333674497
1243613989722087424
1243277041400778754
1243207456811028482
1242892585221447680
1242892584382607361
1242802162549157889
1242793102429085696
1242582576465879041
1242487345661849600
1242217270111358986
1242202924257808384
1242144885068779524
1241787111466061824
1241787109930917889
1241418540495798272
1241133667948228608
1241088621106483201
1241074684415934468
1240729759132332033
1240719563462979584
1240719561491611648
1240676251121131522
1240345354517741569
1240248837484081153
1240037444667551746
1240022896912871424
1240011020409745408
1239603811502735362
1239592941456429061
1238824248967344129
1238601770185752580
1238601739747590146
1238601552216174593
1238546547576627201
1238195324331704321
1237875644580544519
1237799755432054785
1237421349548757000
1237383841846890497
1237341178174947330
1237154442472030209
1237033974410678272
1236748239317217280
1236437459816321031
1236436063423541248
1236024549843628032
1235693960284098561
1235675911468576769
1235340363298201601
1235329925462118400
1235313358594859010
1235313356610973697
1234955458286366720
1234918809691197442
1234918609375449088
1234609971360301056
1234489890345226242
1234141846986788864
1233837843962716160
1233776691157327874
1233527800931340288
1233510582063685635
1233450885990273025
1233175945642741760
1233175924818038786
1233062179592638465
1232749794487144448
1232702106659848197
1232702104663396353
1232451286131298304
1232361821698478084
1231978020472225792
1231767221774491648
1231644852816941058
1231391045637869569
1231283879459377153
1230984861822963712
1230955586830946306
1230581525156188162
1230276426554888194
1230276059549065217
1229541367250145282
1229541364611895297
1229156285557477376
1228438584140730369
1228438573629759488
1228406762967052290
1228406762144796672
1228406760748265472
1228406752649056262
1228406752040931330
1228406751357263875
1228038071783956481
1227992265341227008
1227978202552918016
1227978200552214529
1227743554572898305
1227729734026629120
1227376764655194112
1227375936775081984
1227375353401925633
1227375078637285377
1227374906578436097
1227373668235448321
1227271038750330880
1227012912688123904
1225886008987787265
1225856335000023045
1225463569455702018
1225088323980533760
1225087675939610624
1224799213084717056
1224799212325482498
1224799211524280320
1224799210295480323
1224799209204875266
1224799208068276224
1224412979405512704
1223613221329866753
