1286055860956004357
1286010607523770368
1285968402306281473
1285968401203179527
1285966025725546496
1285948464338284551
1285326272089018369
1285283219869446144
1285262020871434246
1285241548712693765
1285241547693465600
1285237253669892096
1284472198904926208
1284472194878365696
1284471192943026177
1284236564327997440
1284202352921186306
1284171418784210944
1284171416657637376
1283840608185049095
1283840603164475398
1283475664667017217
1283458421820395520
1283457637875621889
1283448198795853825
1283165964444606464
1283147050545283073
1283100845467471872
1283100844532146176
1283068060279209984
1283059879360569344
1282778757451993090
1282736735458414592
1282736734619525121
1282736733495398403
1282716370816425984
1282709662891204608
1282707834388578305
1281947814617067522
1281691265344638977
1281609238490558464
1281606929165561856
1281606927517196290
1281576553219002370
1281315269386940416
1281313795151933444
1281301060875886598
1281296626527678464
1281293699360722945
1281292852740440064
1281289790693027841
1281258647444754432
1281258646429671424
1281258645083295746
1280919575954165761
1280871200072310785
1280867923452715009
1280592078649556994
1280509215057027072
1280186650853879816
1280155400453709825
1279373166423543808
1279373165332959232
1278774307351650305
1278766005930602498
1278759496911859717
1278759495804563459
1278753893963481089
1278731866066092033
1278713808333287425
1278466538908069888
1278439446178861057
1278426760993005568
1278409311065169925
1278409310448607232
1278409309752299521
1278403933531189250
1278365909183275008
1278365018896072705
1278337111289204737
1278116185649938438
1278070688780255236
1278032969769324546
1278001826260975617
1278001824235245568
1277716538137722886
1277660885373329413
1277640287263883265
1276588168050094080
1276556592532656130
1276548133359628290
1276548132260794369
1276525912528470016
1276520895884988417
1276316113236889607
1276242829170311168
1276214828718272512
1276178168056029184
1276151247427469313
1276149365514678276
1275997452353646592
1275887504034586627
1275887502872719367
1275887501547356161
1275878921796554754
1275878745077944322
1275878211298172940
1275878210346123266
1275878209322733569
1275852501472993280
1275832433242443778
1275831428236754945
1275831427091902465
1275831426013954048
1275448486071160834
1275144314688090113
1275125231158517765
1275117997414322176
1275113884307918849
1275113883422900224
1275113882521124869
1275113881472585728
1275093838751830016
1274705211873951744
1274705210850643975
1274020818192945152
1274008174199279622
1273993748687486977
1273993747785830400
1273993746611404801
1273684232137846791
1273634970611912704
1273623118746128388
1273621486243319809
1273338930524499973
1272921476430266368
1272917609621544960
1272910918628884492
1272907945421004803
1272897754214301697
1272556304532373514
1272542001888669700
1271555841259376640
1271551602688700416
1271494861837889537
1271494860395118592
1271440758038544384
1271440389862555649
1271440335953068035
1271130865884631040
1271085147782291467
1271080792622534657
1271060721921429504
1270829111653683200
1270823240164880386
1270809745444782080
1270805499731218434
1270507330552172544
1270448233207209984
1270442664282988546
1270441139183718400
1270437625640484864
1270436003111632899
1270380948484493314
1270325710356430849
1270049610107703312
1270042995027521538
1270042994272612354
1270041025982214144
1269300807272456192
1269257874393501698
1268974793115799552
1268969998007119872
1268969905459810305
1268677180659322880
1268244998539149320
1268244997616402433
1268244996597190656
1267859490562588673
1267666950190137349
1267484101822558210
1267099726404517889
1266723004706369536
1266723002810597376
1266418853191593985
1266418851891290121
1266132136068886530
1266132135288672257
1266098880069935104
1266026564963221505
1265796777468407808
1265746259794628608
1265690363857166336
1265384761066950656
1264885261080694784
1264885259239292929
1263921487750336512
1263891232369135616
1263871901111324672
1263824004105846784
1263824003048845313
1263797415544532993
1263585061045014529
1263556011325042689
1263538454887043074
1263498551239348226
1263498549334925317
1263493352160464899
1263169540336295936
1263168600044646405
1263168349762093058
1262787057610563589
1262739975520563201
1261472981139759104
1261384965368971264
1261286679761092610
1260995979874111490
1260989178399150083
1260907067436666881
1260648165226672128
1259863470499078145
1259528280992108545
1258820023654797320
1258818795986210817
1258815222141288449
1258098027312619530
1258054012949147654
1257821897137557510
1257787188504334336
1257756822204813317
1257700352033468417
1257694143226220545
1257675174264127489
1257674818477907969
1257406797289324552
1257357785999818754
1257327016661135360
1257018503363772421
1256295701207801860
1256295700234731523
1256295699043491841
1256295697659371520
1256295696694640641
1256295694714970112
1256295693662257152
1256295692533972992
1256295691271495681
1256255125049561088
1256255123313045505
1255972193135136769
1255972191432257537
1255649009429086209
1255593431243554817
1255503326868910080
1255200492134825984
1255200490650034179
1255180469957808130
1255180468577804288
1255176819650805761
1255157086209662976
1255153235964260353
1255147424483442690
1254783213756575751
1254779583703834625
1253783140184862728
1253764385002139650
1253401288819310595
1253401285732315141
1253394468440604674
1253393415418642434
1253079558301126657
1252987783058206720
1252980757330624513
1252976951058477057
1252976949909164032
1252976948600504320
1252975874212876288
1252973420461150211
1252669009213952005
1252637639653707785
1252637637955014667
1252618724219240452
1252589840455143424
1252589091960639488
1252588344489451524
1252587893614358532
1252587705801859076
1252585982647558144
1252566015650811906
1252282399058202624
1252238707035222023
1252234233382232081
1252234191883755521
1252234178466164737
1251220191981309952
1251220190945333249
1251220189808594952
1251220188898394113
1251220188042756096
1251220186713206784
1251206018215927810
1251187818870837248
1251179941837889538
1251177754046930944
1251177627353825280
1251164482157641728
1250849387603021824
1250823392267296768
1250823390665093121
1250791947050061825
1250791945854746631
1250546401299378182
1250182396680560641
1250182395157938178
1250135065767673857
1250135064698138627
1250135063414669312
1249344601313378304
1248736437517930503
1248722710093578247
1248374368469581828
1248374187548262401
1248374185807581185
1248001364073918464
1247960251183370240
1247954319720296455
1247558996313231366
1247558206823575553
1247557681017171980
1247557466767925250
1247191572371955718
1245512203383574529
1245451445106814981
1245451443957571585
1245451442808336390
1245451441713614848
1245427666200788992
1245392791162716163
1245370564862185473
1245370562660179970
1245143851976871938
1245089483197988866
1245070149654323206
1245008230146867208
1245008227806457856
1244986803163140096
1244986801334431751
1244712163995987970
1244688384997691394
1243612746740006924
1243596189842518017
1243567606726119425
1243540706196697096
1243532503102754817
1243532502045798400
1243532500858781696
1243240065251368961
1243173679925792768
1242983742609768448
1242983492327268356
1242939248665395200
1242939247608414208
1242939246274584577
1242913858999783425
1242904637046431748
1242904635494600704
1242904634202693639
1242178321212997632
1242178319761715201
1241835253645410306
1241039808803323904
1241039807440211971
1240685410314907648
1240677874677342215
1240677873247289344
1240620589120991232
1240402015840284674
1240402014858809344
1240402013776744451
1240402012593893376
1240402011394322432
1240402010245120003
1240384850630246406
1240310773798354947
1240003795783999489
1240003794114613248
1240003792411779073
1239909959858556930
1239624453635690498
1239319460290473992
1239319458889506816
1239319457593470976
1239218145379876864
1239218134705483779
1238620767065116672
1238267142350536705
1238200424332701699
1237854934097248259
1237854933031911426
1237854931983327233
1237854931085692928
1237854929512837123
1237537288365588480
1237081671511523334
1237081670303481858
1237051821149032456
1236802938825330689
1236754554072567808
1236710179334430720
1236673929093267456
1236673916107620352
1236386581247922181
1236364311238500354
1236327020143030274
1235672648937598991
1235672594096979968
1235638507852509184
1235579671456161793
1235578662382194688
1235371989843562496
1235346893955379202
1235342420914712584
1235326162395705346
1235322685690908673
1235291469612806144
1234954910883557381
1234865713355071488
1234616256583667712
1234609876543950848
1234554639821033473
1234554638835310594
1234536544519835648
1234536543655731200
1234492904552484866
1234489098456485889
1233864111550799872
1233863840858808321
1233510974751154180
1233501559889309697
1233501557745950720
1233501555502043136
1233501552628895745
1233501550145933312
1233501549260935173
1233185501944975362
1233175281994739713
1233173978870689793
1233081335062913026
1233081333829767168
1233064663702802432
1233059999624155137
1232747742449094656
1232747734303678467
1232741959971852290
1232741953927774208
1232714626665762818
1232000755076300800
1230937050968395779
1230927323060416514
1230652667501989888
1230652658161246210
1230652603949813761
1230652579266383874
1230620047216955393
1230620046092832768
1230156745047183360
1229861937380544512
1229837939582160897
1228438883920162817
1228438882393477120
1228409759184887808
1228393364854362112
1228393363344416768
1228074114772062210
1228030939680432128
1227977724003745794
1227739548546981889
1227691488928260098
1227669614202695682
1227616341722640384
1227354292836798464
1227333317600718850
1227312085438287873
1227001463597096961
1226962225556008966
1226933077743689732
1226933076317614080
1225794410165800967
1225549124340240392
1225549122754764801
1225517824564748293
1225438492261572608
1225090059252240384
1224874642093105154
1224852892366123008
1224835364457734145
1224789587001782274
1224788385518235651
1224408293063393288
1224362448842641410
1224348186560598018
