1286064407039086597
1286017158158442499
1285634296359813120
1285632291537063936
1285632290819907584
1285354927745830912
1285354927020220424
1285354926202396672
1285354925392887809
1284509187804987392
1284509186982895616
1284509186156568576
1284509185246461964
1283894668225384448
1281992739173789698
1280941083942322178
1280572926467735554
1280286459291992065
1278794313451921408
1278124944317128706
1277320122818949120
1277319186285342720
1277318784747855873
1276570399183159298
1276548141630849025
1276320409894424578
1276223524806561793
1276202260767354883
1276172467917271040
1275984974374735877
1275220825956900864
1275201086010384384
1273695196681773063
1273694959468711936
1273631575201243138
1273626275505213440
1273618382680666114
1273279856046944257
1267616831109509121
1267616829549182978
1267520941439037441
1263211528628690946
1262573795312893957
1260690048049127426
1260320205995196421
1258910578728488960
1256326147022794752
1251565237276258304
1251531530897260544
1250510251364962304
1248689191229231106
1248685068127817728
1248677838045282304
1248417527970983938
1248318904746852355
1248057833100378113
1248013199045095424
1247634820445978625
1246514506802573312
1246210078602145792
1246176599562731520
1246176598707101697
1246176597788504069
1246170483126657027
1246108156255756290
1245829820807704581
1245829586396622848
1245785409612890115
1245722445836926984
1245722432675221506
1245489910586445825
1245170807350923266
1245165143174139904
1245118797175980032
1245052688435380228
1244821931594932225
1244726923865075713
1244726778196897793
1244703347778691078
1244371118783373317
1243756747304681478
1242557891107852289
1242496624431071236
1242210638803415041
1242186593907113986
1241929305984315392
1241434538892500994
1241385700626501640
1241082656139481088
1240830640028897281
1240824262879072257
1240824224077529090
1240372649106321408
1240321859666747393
1239994383795130370
1239992038143164418
1239971914086375424
1239580354694074375
1239580353419005958
1238907929530707974
1238907886526488576
1238534529368961024
1238246823237693441
1238214259231854593
1238207881641635841
1237810623917981697
1237768323405922304
1237462423663194112
1235374537719656448
1235354199619182592
1235352157680996354
1234938233915572225
1233121982616678401
1233101342757081088
1233101341867855874
1233101341016444928
1231270711274037248
1231247962107346946
1230964566416330753
1228068417388896266
1227787370612903936
1225430345706856448
1225143491409383424
1225084046922977281
