1286062727895699457
1286037509466619906
1286012503953158151
1286011391091015681
1286003897438437377
1286003895307730945
1285943621456408578
1285932595746930688
1285932516784971777
1285761150232211456
1285692394390904833
1285683969057579009
1285676521819189249
1285676188359430146
1285676086500655115
1285636185361088512
1285613205897830401
1285565508859957248
1285399216198758406
1285360747015479297
1285339101122703362
1285318122799542273
1285281086663270400
1285269053255438338
1285268592133537792
1285251493558464512
1285242437313732609
1285207178241019908
1284954128033226752
1284892521362006018
1284495518450810881
1284495515925843970
1284276816287588352
1284253139642851328
1284199435493400577
1284199434449027073
1284142424034611200
1284127627943583748
1284127495860686850
1284120316160225283
1283939844545282050
1283921667257970688
1283921665475391494
1283870477551841282
1283845847411830787
1283839491556417538
1283821644927193090
1283821643568046080
1283754932676501508
1283751741641633792
1283751000613048321
1283589752042729472
1283589431669252104
1283569263593361408
1283507138543968256
1283507137419894784
1283507135352123394
1283502515804418050
1283502513220734978
1283502510867648519
1283467575842799619
1283453905620414465
1283453365683445760
1283453198469144576
1283442078907805697
1283409380529123328
1283406815414431744
1283194092047007744
1283185581321789443
1283148834126925825
1283148743429238786
1283133247845797890
1283092178907037697
1283092178026278913
1283077096106070022
1283064400606363648
1283045001883262978
1283044814859259906
1283035277284474880
1283033360063922177
1282805532147974148
1282803326938230785
1282803305593307137
1282787534305665025
1282761889072721922
1282740337388199936
1282701054434574336
1282690275270426624
1282676426894909440
1282676425347268609
1282674241352224769
1282514304894488576
1282454086072369155
1282394885824356357
1282394659889741825
1282345636483010560
1282047743779844098
1282024738492227590
1281754441981595649
1281749342336974854
1281698804471934977
1281678789253238785
1281678787827175426
1281637461714706434
1281625806758871043
1281625672532873216
1281614224322465792
1281609986959908866
1281606555734020097
1281603163703959553
1281603162705625089
1281601713250729984
1281589693239500801
1281584860860162048
1281409187885584385
1281408814965837824
1281396835265978368
1281375455111782401
1281368019973939205
1281367840193421313
1281362898405777410
1281302380022202369
1281297290209251332
1281252017143513088
1280994888465747968
1280994851350360064
1280968764205551619
1280964847144968192
1280951350285815808
1280928027329904640
1280901147600080896
1280858636894560257
1280680178872659973
1280592115827970048
1280563648856043526
1280563558036766721
1280561804331102215
1280556389807656961
1280556101117845506
1280539386636009477
1280539043470741504
1280533560911429633
1280532937721688064
1280532800177930241
1280514061793402883
1280504949726687237
1280496065616150528
1280300627009175552
1280258205420060680
1280218335439978497
1280215565299257344
1280199426858942464
1280199350325575680
1280190764627177472
1280190763402440707
1280178123871584257
1280133846072164352
1280128017302519808
1280122589181022208
1280122461439373312
1279974610583388160
1279946698287177728
1279946559220834304
1279946556490354694
1279847986747650049
1279802149245984768
1279590627475324932
1279589973453410304
1279556557265612800
1279556552966488065
1279556396636397568
1279540473582039047
1279525430903672832
1279525378378301444
1279501471437000706
1279464468397817861
1279420790623043584
1279201662507327489
1279136497665441792
1279107086840979456
1279084105104338944
1279052114287788032
1279037064927940609
1279034373405368321
1279034219679924236
1278908012992790529
1278855285864611841
1278819573710622721
1278818439285653505
1278811675475546112
1278807088404271105
1278791206248603650
1278781225356988418
1278757548779331584
1278757547546198016
1278753965937758208
1278718737709969408
1278698250019786752
1278697034162278406
1278697032543281152
1278502418272190464
1278464272851439616
1278458774282477570
1278458772919328774
1278389569667432456
1278389524985503744
1278383126671249409
1278362507015589893
1278333251619368960
1278326171739045892
1278326170333974528
1278326169029480448
1278326167808942085
1278316902767562755
1278306154423214082
1278136547951476737
1278135595441836039
1278077902161141761
1278074504024121346
1278071651868069889
1278071602643709955
1278059316487098370
1278059161914351616
1278057441003962368
1278031728892936192
1278016388368605185
1278010539831164929
1277996565614002177
1277969497509425158
1277967116533022722
1277958484609335296
1277794375339302912
1277793864892506112
1277773354192326656
1277748736710541313
1277748544577961984
1277743790015602702
1277735689287880713
1277734977376059392
1277709851624460289
1277678423574536192
1277673648829149185
1277650256000360453
1277619078295957504
1277601473510150144
1277376399779729409
1277376139959373825
1277281509083357188
1277277894163795970
1277277891169062913
1277072667724730369
1277072649307521024
1277051399445020676
1277023998300356615
1277018570883563521
1276942706095292422
1276942494534643712
1276904567263952900
1276894550318100480
1276693844768235521
1276675638305476610
1276675636543791116
1276657648063188992
1276654488527474688
1276614599119384579
1276608556389801985
1276587299262869505
1276576617767276545
1276566830296043521
1276566771340894208
1276549547330805763
1276546050996699136
1276541717739712515
1276529465741447171
1276524181421686784
1276315818448601094
1276264636552220672
1276264628343848960
1276256870274121728
1276250354464808962
1276242079371407361
1276242052569804800
1276237286506729477
1276235805481226242
1276235756743385090
1276235727144132613
1276235693820387328
1276235673553588225
1276235657430675460
1276225312691499008
1276222576726020098
1276222410535178240
1276217659391201282
1276216325346648065
1276215150350139393
1276214905448861703
1276201638357843968
1276198462510583810
1276194273915002888
1276190907381907456
1276172905487966215
1276170617499369472
1276170526076080129
1275964568305577985
1275962441109823495
1275896403538186240
1275880142917730304
1275879780823506948
1275860873517678594
1275828929119518723
1275816290175913985
1275777132069892096
1275772334125862912
1275630591480942592
1275614359134355456
1275594326723223553
1275594275468857347
1275564561152819200
1275563866374766593
1275507290741919746
1275478783219433473
1275431262522671104
1275414604911443969
1275247882157899778
1275196238271590402
1275185584819113984
1275185522709803011
1275185505899085824
1275185483543429120
1275123756390928385
1275119544864997388
1275119397322047497
1275119375285190656
1275118833146179587
1275115215189925888
1275107321203625986
1275078690699743240
1275057963120631808
1275057663353577477
1275057190127177728
1275038292082339840
1274899493947879424
1274899482585554945
1274890949324406785
1274890904038498305
1274890873185218567
1274869102633517057
1274783246149181440
1274783206722736128
1274768584632401921
1274543344887238657
1274380763534888971
1274367440831512576
1274367087159455745
1274197401688047618
1274099815979384835
1274056639520391169
1274007730601279488
1273992868403781633
1273765026814402560
1273751036864466949
1273738887496679429
1273686482461626375
1273670531779362816
1273661152757780482
1273654374909317124
1273627549826985984
1273627403772989441
1273611982244130817
1273611980729921536
1273598323073654784
1273408953087647744
1273404457393553408
1273404455023710208
1273404452582707202
1273383010566647808
1273348925848780801
1273348811667263489
1273313028524695558
1273302843752095745
1273263488253808640
1273247721311305728
1273247472006107136
1273047547628716032
1273042678071074816
1273020004443832320
1273019749270765569
1273008759506419714
1273008758613041156
1273008757526671364
1273008756499021830
1272939631659671552
1272897498382848009
1272890726431555585
1272882989098287105
1272882900946558976
1272709343356616704
1272708786592067584
1272663989139406850
1272663944646270976
1272627749199523842
1272590625809055744
1272571059800334336
1272561712961589250
1272555807322898432
1272538205892509696
1272538100405800960
1272528113172451329
1272333412695773185
1272246304056455168
1272245804514902016
1272167474277089282
1271980300621492225
1271980223135973377
1271867872462221312
1271867797044432899
1271820065139314690
1271586039413514241
1271563787649368072
1271563786390994952
1271512247790178304
1271500870539251712
1271483026258759680
1271482648628809732
1271463581150740482
1271463226711080960
1271442473399857152
1271271003793088513
1271182672568647683
1271182671503405061
1271182670358249472
1271136736853311489
1271099763866382338
1271084535615193094
1271084534315057153
1271084533413228544
1270869837728923649
1270831892389154816
1270801477523714048
1270783233706393602
1270783126374137862
1270770039558410244
1270736655046017024
1270736072423677954
1270732717139939328
1270731242951061506
1270722816933953538
1270709461875916801
1270483157754810376
1270476253225799689
1270458802484252672
1270454430295642115
1270433504799719424
1270419526828646400
1270396309334360068
1270395894224097282
1270354731618185216
1270354673187401736
1270141335132135425
1270141227405623300
1270088325852995584
1270079698874372097
1270052567347847169
1270021304343842816
1269996345177374721
1269995501157580802
1269779136089899016
1269779091055677440
1269778911812104192
1269703107358924801
1269339394739253248
1269339342557925376
1269287706363940870
1268981204436516867
1268981089202298882
1268937498337718272
1268928618295693312
1268928617041575936
1268928615623917569
1268928613887467528
1268719850161045506
1268719778681798664
1268632269423550465
1268632165757091842
1268577272698679296
1268577269745942530
1268577266151424003
1268577264461111299
1268577263135711232
1268535870480699393
1268364786670206977
1268364723843674112
1268358860227649538
1268358774789636096
1268349997982064642
1268176209638285315
1267972901745184769
1267972900218421248
1267831356345643010
1267813118417096708
1267627570796863488
1267627569295306754
1267627566774521856
1267626202904367105
1267559005381156864
1267559003862818818
1267559002193395712
1267546223998832641
1267534795342577665
1267532640850268160
1267134026097311744
1266904123712159744
1266836494251184128
1266762305729105923
1266515470531911680
1266504115909263360
1266503970241089539
1266478328359407617
1266460901366009856
1266452251993931778
1266381306344112129
1266365640123617285
1266169010258948096
1266168809670545408
1266149437384134659
1266122772289335296
1266110726818725889
1266091261066387459
1266028204579524611
1266006719286644738
1265987094998134787
1265819341062356994
1265766620061974528
1265766154146131974
1265762535510343685
1265739560123871232
1265718795592765440
1265694045642395648
1265676064661155840
1265675453165178880
1265659970021994503
1265650087595819014
1265485006111195139
1265423258071052288
1265401284263317510
1265317402067296262
1265302113707589635
1265302080371261440
1265282189576585217
1265282070848385025
1265136480294494209
1265096169631465473
1264977184659255302
1264959677005287424
1264701259526934528
1264701211116212245
1264605988549787648
1264605840625016832
1264570080240848897
1264386577951854594
1264330637722423297
1264330636480962560
1264330443744256012
1264308518775111680
1264308456628117504
1264228360340865026
1263975290969227265
1263948117830967296
1263937036098174976
1263933071339982851
1263914557455638535
1263914349032333318
1263874185312505856
1263834566177042434
1263675886446022658
1263675884273311747
1263610281588129792
1263569313660833792
1263569312389922818
1263569310787743744
1263558420789178370
1263545011767033859
1263525788479086592
1263506505460076546
1263492543989403648
1263479608676057091
1263463487671619585
1263463356163338244
1263261577379184640
1263229734915395584
1263213129145683969
1263187393559085057
1263187392359550977
1263187391088668674
1263186951026475008
1263172886178775042
1263159100344582150
1263158974943301632
1263158928650665984
1263158842495586309
1263158782043009030
1263158773205647365
1263158634210562055
1263126298131673089
1263126093806141445
1263119039016075266
1263107586393505793
1262944151005511681
1262894505927344128
1262894403594616832
1262894402504138752
1262885628309655553
1262854734140125185
1262787420996730885
1262764283974373376
1262764143242891264
1262764132346081285
1262757172737241094
1262567957215002624
1262516830381453312
1262498722421903365
1262470880334172164
1262448878831521798
1262419182018314245
1262407952482349056
1262402144537317378
1262402143744667658
1262372243641962501
1262215624001978369
1262215621196107777
1262185479614730241
1262105424767135746
1262049379088728071
1262045985657815042
1261765182973345792
1261708121308790785
1261674453509029888
1261480960102711296
1261472687295266817
1261472501386760193
1261441450501259265
1261441449297575937
1261441447179542528
1261422523993911296
1261394059417059328
1261376203245514752
1261370095932018688
1261357432250478593
1261352305468858368
1261352280705699840
1261351256922091520
1261351073459195904
1261321687909511169
1261309234496618496
1261286495144550401
1261286354132099072
1261122051114442752
1261118279097221120
1261071175431720967
1261059534438772736
1261059324211867652
1261057935444246535
1261036816897015813
1261031486523953152
1261021496279007233
1261021367316746244
1261017921456914434
1261017844709457920
1261001436143501312
1260990874923814913
1260985424509575170
1260976387755737088
1260962837368844288
1260926592873832448
1260754854307340293
1260753722872922119
1260707139850588160
1260632503037112328
1260615999742763015
1260615781471133697
1260582940918124557
1260579476662030339
1260561521161179137
1260365147748667392
1260364992429412353
1260356168691732482
1260355636824547330
1260355570890145795
1260347049939271686
1260294287637581827
1260248064847159298
1260200975064858624
1260196071889920001
1260015775852576768
1259975468587065345
1259930582122971136
1259911466146299909
1259870412047089665
1259870269948284928
1259870231352262657
1259870202931666945
1259870106328457217
1259870002267787264
1259869973033504777
1259864683772882944
1259864335834284039
1259856698363297793
1259835636736983040
1259665600269467651
1259640673835376641
1259601500982124545
1259558175512113158
1259303515157135360
1259255645674577920
1259150188800888834
1258925554306371584
1258925090592501765
1258905252272766976
1258892761375350786
1258888257791766529
1258851237958737921
1258819112333172740
1258785952576700416
1258767436687593472
1258756353000120320
1258602503400235008
1258552294548750338
1258531359812759552
1258530779891527685
1258530768139124736
1258530701160275968
1258488466716966914
1258468024421580802
1258420842670829571
1258420772323971072
1258416364710174720
1258416355013005314
1258409378429968384
1258409030453690371
1258395712884178945
1258235910224830464
1258223707585220608
1258222995396583424
1258171913559474176
1258171065500667912
1258119020500434946
1258087035006586882
1258040370224644096
1258039092044013568
1257847107588931585
1257833391787040773
1257833024487665666
1257820348361441280
1257804957895581703
1257804818577526789
1257788296199012353
1257788294420668418
1257776934638977024
1257776825121505281
1257763556285702146
1257763555392344064
1257736853987434496
1257730385804394497
1257692702021476352
1257464096385007617
1257446494917070853
1257401653671665664
1257401391892611075
1257330292722974722
1257306376319139840
1257070121539035136
1257042740413595651
1256985134659706885
1256772698128121856
1256772696966344704
1256772687277457409
1256628607142834176
1256628604261339138
1256628600574488579
1256601504322027523
1256600719064522754
1256421962160705536
1256370764401577985
1256360356928204803
1256360272303964162
1256341617742622725
1256329239634169856
1256283595544682496
1256283574866710531
1256276664318820355
1256276191151108098
1256276087497281537
1256273648614346754
1256242728817635334
1256236319891697671
1256236229420613632
1256208094385844225
1256038176512245760
1256037978847272961
1256037811704250369
1256037701842853892
1256037569843867649
1256033752775622657
1256033656537300992
1256003781310984194
1256003780249821186
1256003778626621443
1256003777406144521
1255974093607899136
1255928304374333440
1255900245457764352
1255900242257629184
1255894200794714113
1255876722823757824
1255875524670509062
1255862486869381126
1255862363644968960
1255651145437130759
1255650959788777472
1255650727592157186
1255621826832629765
1255605370745225218
1255551676393623552
1255551633540427777
1255513964332662794
1255320817392594952
1255274854774865921
1255252006584954883
1255251996048850955
1255251987651858434
1255241679730282497
1255204509120368641
1255196063876726784
1255174894268166146
1255130324146835456
1254947980429451265
1254900436978536452
1254900087848947716
1254892055706337281
1254852077949464577
1254833509014929410
1254808300325085185
1254797931028385793
1254795331843301380
1254778259599835137
1254776194760728580
1254587848671535104
1254587629867356161
1254567699453284353
1254543279514890240
1254471891265486849
1254180205528264705
1254105361944117248
1254068887244677121
1254068882245115905
1254068873952927749
1253830955422400512
1253830852330561536
1253806100937310208
1253804200275988480
1253782793924104194
1253775461643059212
1253775267375599616
1253747536348827649
1253716042301440004
1253680715105030147
1253494694425722881
1253465569996783616
1253462198829056000
1253462197583384578
1253462196425617408
1253459210966351872
1253459136181927936
1253408126474174464
1253400230562799616
1253388359780782085
1253380846083604481
1253380815767179268
1253380749799108610
1253380605817094147
1253380499558617088
1253380483683155969
1253380466675257346
1253347015385395212
1253328082766684163
1253138280071266308
1253098206692589573
1253088212152717312
1253056315565498370
1253030832517844993
1253030688070291458
1253004134397198338
1252980260649545728
1252980042084335617
1252980007137423362
1252979994030157827
1252979912593608704
1252979879303434240
1252979797640314882
1252979784705101827
1252979695156637696
1252979675409854465
1252979636054736896
1252959444184584192
1252728238033567746
1252727901822365708
1252725666627420160
1252725397818675207
1252725290142482432
1252725253832429570
1252725148760838148
1252724374957948932
1252724234528440323
1252724180510035969
1252721642922483712
1252713705256747011
1252627130975956992
1252626804365557767
1252619736954871816
1252373148726554627
1252255086606200833
1252251561146925057
1252239367118237698
1251983765301329920
1251967116212830208
1251931336098471936
1251931034654060546
1251930935379005441
1251930846069694464
1251930838821998592
1251919704354107392
1251611487698903043
1251611484276350976
1251611129765343234
1251610938609983491
1251588629400559616
1251572617460490241
1251269184937435141
1251218959921303553
1251157188204093456
1251151091376377857
1250916204258131974
1250916098347872256
1250891387177963525
1250781505930039297
1250585686127906817
1250561740494036996
1250524092538683398
1250524090911383553
1250524089674076162
1250524088486985728
1250501578697687042
1250494755617804288
1250494752946085889
1250494751398387712
1250472179101315077
1250470494173827078
1250459941137272832
1250459709150244870
1250459498298462208
1250432757328564224
1250241093960110081
1250167168177766407
1250070937552261125
1250066151851331591
1249874294257131521
1249728590100529159
1249727919397765121
1249690825585541120
1249495428518883328
1249430630938501120
1249157241594359811
1249122325720694786
1249070540863799296
1248759196855627776
1248759195182051331
1248759193185562624
1248743984513630209
1248743885456711681
1248720473208303617
1248683124449513473
1248664754387849221
1248651943079264262
1248631787389140994
1248619755000324098
1248619706333802499
1248373730222288898
1248373465503027202
1248342842231193605
1248342776795860999
1248342775608705024
1248298619641516032
1248258719151984640
1248258717310738433
1248243518964822024
1248070599135703042
1248070476225753094
1248030128040546317
1247990373974228993
1247990372569165824
1247990371197558787
1247919727319691265
1247882402808115200
1247729830021533697
1247729307952218118
1247641814200434690
1247591235092692994
1247590824495415299
1247552375151304705
1247533840928628741
1247515176200536064
1247290886943318027
1247253247120814086
1247249453532221442
1247249060228214790
1247248519779495938
1247248497109319687
1247227760856219649
1247199138703454214
1247173143401299981
1246913458664353792
1246838398033235969
1246838306337361922
1246819008311103492
1246601175148920832
1246479523174060034
1246249957348253697
1246201240796741634
1246200886868746241
1246200739778748418
1246200562028367874
1246199107057745921
1246182464676036609
1246175561418002432
1246162417400393728
1246161764636639235
1246106691357282310
1246073658713538560
1245841750591234054
1245805054394761217
1245768310576361472
1245752993665998854
1245747306730868736
1245746877292781572
1245706140907982848
1245511804521984000
1245510870182092810
1245456366313058307
1245434453138321408
1245434048497037312
1245387970049384449
1245381147342897152
1245356845788729344
1245211525033459712
1245211460248186880
1245200961066467328
1245157229491367937
1245056391724896256
1245045695234469889
1245025554379739136
1245025422364024832
1245013002765697030
1245011957461078016
1245011425107509248
1245010780568924161
1244984893228056582
1244983792282095616
1244784752500105218
1244781000032428034
1244725915344609280
1244685395381620745
1244674457572171776
1244612852092198913
1244448810513899521
1244313369470996489
1244043921459752967
1244020615822168066
1243977253668691968
1243933110015799298
1243699305107673089
1243699303077511169
1243671702070079490
1243620672015867904
1243620491040038918
1243620091717189632
1243590564395864071
1243572172918009857
1243572171458465795
1243571870852689921
1243551182032945154
1243525796498636800
1243369157179199489
1243322391079550976
1243290249226268676
1243254381392334849
1243204627740450819
1243203683338387464
1243185163154214912
1242995977386184711
1242995829402673152
1242901113491394560
1242892445358178308
1242832427262840833
1242817253269295104
1242575740572491789
1242557466048684033
1242513620786970625
1242505729262727168
1242504595177381888
1242486930442461185
1242474760686239745
1242451214962483201
1242217460234846210
1242210425334308865
1242210276658876420
1242194409317437440
1242185382067867648
1242157737158553603
1242079816360382464
1241907385549107201
1241872158416084995
1241798366637457413
1241798128283549698
1241757587277860867
1241742270048735232
1241742244929048576
1241742237622579200
1241567999619928069
1241567996893712384
1241567989725626372
1241518803818872837
1241518661975838720
1241436071600283650
1241409226150490113
1241183709476290560
1241180772880584706
1241180766693883904
1241128558220718087
1241127133394731011
1241076694724853761
1241069882420146179
1241046867556868096
1241015942253068289
1241005901080911879
1240999406041735168
1240787267679137797
1240712592911486976
1240698901054676993
1240686891470442496
1240677022633951233
1240677015180771330
1240676999217254402
1240660210685018112
1240651154650025993
1240648677615640579
1240648676516773890
1240640173169430529
1240421853220478977
1240326729165651968
1240311104183701506
1240267931101134849
1240267929893179393
1240096132317003777
1240053212541071366
1240053210657759234
1240053209055535109
1240034869180334082
1239971533574901760
1239929635951063040
1239929632595554307
1239900655445315585
1239900536557707265
1239899126411771904
1239748760521113600
1239689376566820864
1239664580864901120
1239664164538331138
1239564626960007173
1239553618220658689
1239351283229884418
1239351279555612673
1239347293070950405
1239340440039632896
1239329544575815681
1239014626546913280
1238925263452418049
1238925261137207298
1238925257068572672
1238925252996014081
1238880152395878400
1238554543408975874
1238552144560697347
1238552014314971137
1238533181197955073
1238515158034644992
1238507815322427394
1238467111967690752
1238455494311845895
1238241868300922882
1238225860521529349
1238212939104034817
1238207504338870273
1238173665306578946
1238173664341827585
1238146760251518977
1238120407129096192
1238109271386140672
1237937682615021568
1237937679179841536
1237937672796155906
1237937670787137537
1237937623995482113
1237918065565843456
1237871179471319041
1237846265888509952
1237807723024207873
1237807457856036864
1237786780809801736
1237774203174170624
1237774202264064000
1237763885500968972
1237763621096210433
1237759477480411136
1237729984283893760
1237590119072149504
1237530307017846784
1237530305499500545
1237471032237264896
1237439508653670400
1237439021112049666
1237382803916042240
1237382802980646914
1237216905011830784
1237216901153132545
1237199757216493568
1237157301238337537
1237129869915455489
1237097525254987777
1237060085819596800
1237060080182444033
1237044436305154048
1237044434983948289
1236828805966200832
1236804850953916421
1236733957552644096
1236714831455096832
1236466342737383426
1236466341328097285
1236429601724928000
1236318442124443648
1236318440333467648
1236058329673236481
1236006019559501831
1235953665430691841
1235953462950662145
1235931207499739136
1235931108644188163
1235928700505534464
1235928697854734336
1235729159545999360
1235729047780458496
1235710221944623104
1235710220455862272
1235669633333673985
1235669297642565650
1235669278642368517
1235661566844039174
1235631080713195521
1235629964311048194
1235629961622343680
1235618530705518595
1235609352255373312
1235605434393866246
1235605432892354563
1235396161097404418
1235395075242422274
1235281040270336002
1235256954156707842
1235240824922869764
1235205922772914178
1235004686358507521
1234999089877536768
1234988105632845824
1234988104630468614
1234988102973706241
1234971474571608065
1234934317983420419
1234920377970823168
1234895208552202240
1234611951952592896
1234587296961302528
1234584077828751365
1234571170651004928
1234526933209296897
1234523275247652866
1234523075468759046
1234523029604093953
1234511882129678338
1234336964100468738
1234303052607344640
1234283504608870400
1234240231026647041
1234200274643890183
1234155105106169861
1234155103680172032
1233944548956672000
1233944547031420928
1233890729732321280
1233825116565463043
1233824563072552960
1233574347442466816
1233526532368470021
1233503826885447683
1233503825304203264
1233455845511516161
1233200747686354949
1233194945973977090
1233132952042844167
1233099356733157383
1233081820394160128
1233066141901377536
1233066136008364032
1233066131314892801
1233026182792306688
1233023811169193984
1232870373500342274
1232870369083744256
1232854660953858048
1232842319155679233
1232838392574070784
1232817781491544064
1232817730404986881
1232817616647081984
1232782964599271424
1232765242196844544
1232724360735207424
1232724357937598464
1232682334555602944
1232460236658638848
1232460234167181312
1232459541113012225
1232459479641276418
1232442890506293249
1232442888757248001
1232403726180274182
1232381601797017601
1232058675520471041
1232049628662595587
1232001952214605824
1231976462200250373
1231722855886458880
1231703530286845961
1231667794955075590
1231637344198983680
1231607145294172165
1231340860576616451
1231315222230638593
1231254824869605377
1231238465850753025
1230991337513725952
1230936467473600513
1230888553560920070
1230888157715083265
1230863053123657729
1230620644745695233
1230580830206119938
1230523672567394310
1230290049176084480
1230256693411557381
1230198841401659392
1230172511029137408
1230140139613179904
1229916298362138624
1229868505127956484
1229851911320416262
1229851910464733190
1229807519184424960
1229807465765785600
1229807457511378945
1229807247397720065
1229807127985819649
1229805987625930753
1229805895258906625
1229796949265653760
1229773482361270273
1229472140895932416
1229155869935460352
1229155868194885633
1229148641887125506
1229146208163311621
1228837293009575937
1228743767668264961
1228743765067784192
1228456374033682432
1228439776375820288
1228424979525619716
1228403178401665025
1228368463472865281
1228348477786218496
1228326572479930369
1228123693454413825
1228003792085491718
1228003788545548291
1227976385525882881
1227738392965910529
1227738390331822081
1227663427436449793
1227608766339846145
1227608696387231744
1227608087395229696
1227588847082622976
1227395466951905285
1227351523698462720
1227346363886841856
1227340253364736007
1227340252081262595
1227322574167773184
1227269433741234176
1227261727722659840
1227252250038480897
1227232672130486272
1227008560225292288
1227007650002558977
1226923174866161669
1226903257693507587
1226894013288112128
1226894003322458112
1226677500635484160
1226677490271256578
1226571611941285890
1226299385300049920
1226225103249248257
1226225085385711616
1226026008261820416
1225947497786478594
1225884279546183682
1225872324005679104
1225845590816362498
1225845098149269506
1225844982604607489
1225844917471186944
1225844909724389382
1225844872801898501
1225808407657156610
1225794877365129218
1225577835978465280
1225577833289912322
1225563891649961990
1225563884439900162
1225534197022023680
1225483250094702592
1225446168987131904
1225446165623246849
1225431681655562248
1225431674227511297
1225429479595630594
1225426476373356544
1225296793459732480
1225223337493901313
1225195877549182976
1225195536275443717
1225163910019416064
1225149984842141696
1225149964042543104
1225149885462335488
1225149875593019392
1225149860489449478
1225149844358156290
1225149830416211968
1225149649432055808
1225149020592656385
1225148987528839180
1225148958919577604
1225148938430361601
1225148916670312448
1225148896340475904
1225148878552432641
1225148844746342400
1225148748126396416
1225148733408587781
1225148688852553728
1225148665544806405
1225148604148518914
1225132710357880833
1225127096990695425
1225127039650402304
1225117486128992256
1225113878528450560
1225091341329293314
1225078148754223106
1225076513541906432
1225076173979426817
1224922275348189184
1224919531417690112
1224919483434897408
1224919439541448704
1224915508551716867
1224850802415734785
1224846673727369216
1224838992874680320
1224838962465865728
1224832488264151041
1224797190805245952
1224797181162545153
1224780317770145792
1224733230764568576
1224733182295191554
1224729239989248001
1224729231478923264
1224710521104076801
1224492340150185985
1224478453740834819
1224478452922900480
1224382168530673664
1224381932693344256
1224363182623424516
1224356509439709192
1224155799443922949
1224155792443572225
1224078252920246277
1224036325181001732
1223780869359443968
1223780833254936576
1223645682243899393
