1286086049261912064
1286084039728930817
1285914970652323840
1285914967980617731
1285758703019466755
1285749730006446080
1285738953447006209
1285735716492804096
1285721057777811457
1285716953349394440
1285679567378808833
1285596617756807168
1285588462721282048
1285358681404645376
1285358341171154951
1285283115804635136
1285280795570122753
1285279818544799747
1285278373015703553
1285277156667424768
1285275793250291714
1285274014282391552
1285256902696411138
1285243817134874625
1284936144740900867
1284661033651576833
1284599575764971521
1284449587386818563
1284364671152267269
1284358449707581441
1284170711767093251
1283936363935563776
1283935134824247297
1283863678656356360
1283835884132020224
1283824363100307459
1283713990657339393
1283566559248748549
1283566554915975169
1283566549496979457
1283499924324311040
1283456046946803714
1283268934326726658
1283238624960622594
1283232281692442625
1283216686955593728
1283210513338466316
1283210111096369157
1283142494667059200
1283127090389417990
1283091160068689927
1283066977876086786
1283066859764539399
1283066807268638720
1283066789304442886
1283060419276558343
1282832341153587201
1282749744117436417
1282713416956882955
1282713414922625025
1282386079748952064
1282384831897378819
1282282809982361601
1281904315955703813
1281753736688340992
1281751888833249283
1281743665506004993
1281729057651130369
1281727912136384513
1281710578780831745
1281710323179966467
1281673578409320448
1281666488462708737
1281665938522243072
1281662447309529091
1281658979525984257
1281657002603814918
1281324612891090958
1281247703524085760
1281229758794252288
1281227632965812228
1281198858572308480
1280921036922462212
1280625352440676353
1280619129196687363
1280619126659178498
1280555693381222401
1280555690377928705
1280531140697350151
1280471454275063810
1280348004533317633
1280346656995672064
1280343425188089858
1280343424139485190
1280325573416550400
1280302913814921217
1280302868394848256
1280301917684535298
1280194181953183748
1280187220377374723
1280183145082564610
1280175333422125056
1280133703382052865
1279815773016469504
1279812035187007489
1279586067117637633
1279580352248532993
1279437245993357313
1279250081087197184
1279243183583571969
1279213746586607616
1279047235708297216
1278776214568738819
1278776213092421633
1278776210571624448
1278712537056305152
1278673024355430402
1278654401553534976
1278639805358698497
1278532672856481792
1278472659123277825
1278440285933109254
1278117328090169344
1278005192831746056
1278005192131260416
1278005191456043009
1278005190738788353
1278005190059266050
1278005189417603074
1278005188452913157
1277971931682111494
1277805332333563905
1277709147912495104
1277708823529172994
1277705478915620864
1277649288542199809
1277583092509622273
1277096229944676352
1277015435926474759
1276972592696614917
1276972270884438017
1276610532833984512
1276609718279180290
1276538382039109632
1276510770604453890
1276325394740903936
1276232468660617216
1276122976950185986
1276111395067555840
1276107875971207169
1276104097071017985
1275978599749861381
1275977782028382208
1275927859874467840
1275885835896999938
1275885832835158019
1275861608309362688
1275809559249027073
1275487217604059136
1275254647993913344
1275145050205360130
1275141020360101888
1275141019504275456
1275141018644553728
1275141017944154114
1275132922526343170
1275081290182615042
1275081288957992960
1274728338469380098
1274415791325265921
1274404243164856321
1274369851147071489
1274369418689118209
1274010046914060289
1273632580928233473
1273630716027441154
1273561342243409921
1273453710455300098
1273342399578877954
1273325580604321797
1273305964792479745
1273047636736651264
1273029205262045185
1273028627073044481
1272894180554047490
1272635848169852934
1272539449608544256
1272525592567656448
1272324154394660866
1272303150196817921
1271577632627478530
1271465561512456194
1271447263664132096
1271428974024044546
1271182590460989447
1271118548853755905
1270845844477153281
1270817440444952579
1270804973601861634
1270804198876209152
1270803108050894857
1270800936060018692
1270787626954641409
1270748893333118985
1270745878073151499
1270510936386830337
1270510218426953729
1270396187926020098
1270376865673416705
1270376383156555779
1270130922625605637
1270086183649976320
1269658625108213761
1269290400898039808
1269071122336813056
1269020030051799040
1269019998951014400
1269018025673531392
1269017878742937601
1269015653870120961
1269012062128267266
1268968772007837698
1268968689635856389
1268735584794808321
1268684100476551173
1268645701510193153
1268613978240036869
1268576970637479937
1268575612932952064
1268574079646343170
1268565389031727104
1268563550135619586
1268516773047013377
1268513146471317507
1268505517250527234
1268277351500177413
1268277350095097857
1268277348631220224
1268277347117129731
1268239504147656706
1268233646084849670
1268226645443387392
1268226019019886596
1268224022908674050
1268220977151909889
1267999303613714433
1267978712722661377
1267978537417560064
1267968888177922048
1267680927611793409
1267675257051242498
1267670174167191554
1267648278293774336
1267648269703921665
1267648242508091392
1267566033390514183
1267469046238281728
1267300115921936384
1267299734156386306
1267175731341164553
1267167884998070278
1266951409049706496
1266900966072356864
1266886439972806657
1266821670829948930
1266767730688118789
1266493951017697296
1266490778521657344
1266368406426726400
1266368147684077575
1266367974547623936
1266206844491640833
1266110228246007809
1265976362961113090
1265958746548625409
1265954216960376832
1265811141717921803
1265810477797593089
1265810476799270912
1265785782687731713
1265739057511968768
1265730700294197249
1265730699216269312
1265723911213375488
1265680593062449154
1265507365610237956
1264882777188687872
1264882773195710466
1264643077349748741
1264352766488645632
1264349975057780736
1264347428750311425
1264315832085221377
1264315831107956741
1264315829438631936
1264175999568224258
1264013205766111237
1263963856944144385
1263917506512781312
1263917505577398273
1263917504700841984
1263917503769706501
1263917502826008578
1263901498980868096
1263893247077859331
1263881744824111104
1263784671130742785
1263655710266740736
1263528239764582400
1263501040575483904
1263496184087412738
1263492613459578880
1263450720692342785
1263441157700202497
1263420018295033856
1263261008715485192
1263242554591662082
1263242509033058307
1263237529505083396
1263156564694884353
1263115047460618240
1262932841295462400
1262913908295307268
1262842038351024131
1262840785004900352
1262797734341419008
1262762483007266816
1262695242634915841
1262588738628190211
1262501242502340610
1262199324118781952
1262181997822316544
1261684799028297728
1261683985148715009
1261502521035689986
1261499524180316161
1261499522854895617
1261499520493518848
1261481903837851651
1261342593129955335
1261322907524968448
1261313234197458946
1261293603164471297
1261131502835900417
1261081425354338304
1260969814094499844
1260964067134640130
1260964066346008577
1260964065456918528
1260964064660017152
1260964063863091203
1260964063061987329
1260964062202077190
1260964060931207170
1260950978641231872
1260949224381956096
1260949223455035393
1260949222435717121
1260905280730251264
1260894765241032708
1260720004904955904
1260716308674555904
1260615547848470529
1260602438761005061
1260400137110765577
1260297747103612928
1260297746118033409
1260296173656723459
1260288646038642693
1260228036491915264
1260217620458082307
1259903304718524417
1259889439653978113
1259889438701817857
1259889438009823238
1259889437099593728
1259688829918814208
1259656184975577093
1259628625755807750
1259285154075414529
1258903642507300871
1258885047005962246
1258835548665503746
1258835545691734016
1258777131993255938
1258573191716446217
1258573186691739648
1258568503227006976
1258548129265143809
1258547949233029121
1258442887383191552
1258442886418444290
1258420265605836800
1258420264779513862
1258420263974252544
1258420261147283457
1258420260413362177
1258420259633139715
1258420258500685827
1258343820053315584
1258236310566965255
1258144007106035715
1258083806969503745
1257853757494304776
1257853511934652419
1257836760610091009
1257835922982342656
1257810348754833408
1257809161540288515
1257775387360350218
1257774036488269831
1257774035661971457
1257728378850992130
1257728377999556611
1257727345596792836
1257694951669932032
1257370645215825920
1257356103567970304
1256595719575810049
1256539682265075714
1256360501530914817
1256341286111645702
1256209758089965568
1256061926473371648
1255962039199170561
1255957302118670337
1255936960667017218
1255913270503804928
1255908093684310019
1255906876002369542
1255898473049862144
1255869086409601032
1255868409092464643
1255842276439470083
1255829250810101767
1255812892894490624
1255621381045104641
1255502055776628737
1255442955550240769
1255274470182445061
1255237099009249284
1255204873047543811
1255203305128710144
1255203091143680001
1255179068061954054
1255104477125849088
1254960559050670081
1254911704766590980
1254875917022887939
1254874502401593345
1254851372689784839
1254847167610716163
1254838936238776320
1254432056760819715
1254178557917573126
1254177535254040583
1254017313709395968
1253741474338005008
1253685759841906690
1253684911787171840
1253684893797830656
1253680003709128705
1253652659002675200
1253470637034803203
1253470066089381891
1253468366641287169
1253460391981694982
1253408801807495168
1253399256456728583
1253364086135554048
1253353037785169920
1253329112833253376
1253318895747858432
1253169231656517634
1253159765066371072
1253071152655802368
1253037963405070337
1253036155609759746
1253027973453754370
1253012927369674752
1252987701038657536
1252981494194282503
1252660931320000515
1252656834072231936
1252656434401234945
1252656152401391618
1252408624506232834
1252407530090713089
1252395729487720450
1252308804752023554
1252289313578135555
1252289311476723717
1252281038094688257
1251855574234542082
1251637631286308864
1251544336489201665
1251539678869827585
1251539677204623360
1251328838052823040
1251320637240610816
1251318355740557313
1251276753261203460
1251178729705017344
1251168472178085888
1250968643648749569
1250923941797015555
1250910909360463876
1250875901014925319
1250863019078410246
1250856574660358147
1250600066320158720
1250600064562708480
1250577791101403136
1250552482717106176
1250539990301331456
1250518750958366720
1250506679038418947
1250491340997132293
1250465523177062400
1250459197222916102
1250454702497697793
1250272031955767296
1250244542227533825
1250176528115216394
1250137273745772548
1250092700860325888
1249850872248635392
1249831429774680067
1249831428948463617
1249825465390546945
1249766747214876674
1249480735905505288
1249480734781382656
1249480731929305088
1249348537554554880
1249295447858044928
1249098191040995329
1248699889191718919
1248433983488061440
1248265218565824513
1248265033416683520
1248257067741298693
1248222075665420290
1248215967274016768
1248209325941800960
1248023567465406467
1247900755010260992
1247703890814001165
1247691882836168704
1247691881678540800
1247691880734830592
1247630836511490048
1247627341402189824
1247537772056854528
1247316769959751681
1247299690019905545
1247191991508783105
1247143266828443652
1246946718777835520
1246946544844263425
1246616963704664064
1246249363862683653
1246246029978189825
1246235932547784704
1246190318338420746
1246156766301130752
1246137203438301187
1246136278145523714
1246135728607764480
1246127298924949506
1245868339592744960
1245843153233391616
1245830313856700416
1245790901907095552
1245770321212461056
1245767722203570176
1245561254250450945
1245539408897597441
1245539129879920645
1245533857522335745
1245532235249393665
1245531917157576704
1245531671602094080
1245531297126236163
1245461679653163008
1245445302464774144
1245076575839760384
1245068881040941056
1245046749699420161
1245039425144455179
1245021547976425472
1244824504343412737
1244811332693745665
1244767731620200451
1244767729887870976
1244767728520572928
1244767726721253377
1244767725735620608
1244767724649222147
1244767723449659392
1244767721402892288
1244767719943221248
1244767718156492803
1244767716868751360
1244767715967066114
1244767714851409925
1244767713186152448
1244767711453904896
1244767709554003970
1244767708178235392
1244767706081120257
1244767704793350144
1244767703698747395
1244686564048932865
1244654898282737664
1244335916694540289
1244290796603478021
1244272990344396802
1244272382724001792
1244270601948278785
1244269467208736774
1243600208442859520
1243340502637973507
1243338851067846658
1243329450579804161
1243317948368007169
1243316277843832834
1243301039006273542
1243258028952031233
1243239801710620672
1243226621055848449
1242973787374657536
1242968677223366657
1242890134254751748
1242856206491881475
1242819154387841029
1242811576895385600
1242599628077441027
1242579670702440449
1242569438274170880
1242546473570533381
1242545512311664641
1242542282953371649
1242541224990519296
1242541223988076549
1242541221140221960
1242533602216349697
1242529907726594050
1242513622569496576
1242511147431079937
1242457606171607040
1242204139611881472
1242191113743720448
1242173068270764042
1242154575362228226
1242149114621673474
1242149112545300483
1242130627572502534
1242129551985119233
1242119410254569472
1241871432063352832
1241802527609413632
1241795000746348545
1241794999014043651
1241790398550421512
1241778132715175939
1241777550306807808
1241771437431631872
1241578692360445957
1241526331311108098
1241526329150828546
1241520140052725766
1241444760335921153
1241192697660088321
1241080055498973190
1241080053494099969
1241015778276753408
1240855113889189888
1240741217673064463
1240739118004482053
1240723564757647361
1240723564023685127
1240694545261580288
1240666250679910401
1240664885350092801
1240375489539313669
1240372109462962178
1240364121486438400
1240354827093315586
1240351125511028737
1240351114144428033
1240289532873969665
1240090488218271745
1240086746219581441
1240083430454349824
1240074169796132866
1240021802396585989
1239978120935079937
1239969968474603523
1239951997744316418
1239951894962978816
1239790640302632965
1239790297007169537
1239726473503805441
1239726470668353538
1239640881541636096
1239587355511730183
1239537290277539844
1239393852194263044
1239388713341333505
1239333773226975233
1239246226698178563
1239246144385036288
1239245729257922560
1239217000418852866
1239216998577569797
1238988784148119553
1238988783002869760
1238988781971279874
1238939147752144899
1238914467615965190
1238914392550453248
1238848484473819136
1238684849768148995
1238682247034699776
1238681550788726784
1238680650066116609
1238679066947043328
1238671331073445888
1238662743101669376
1238651029643759619
1238633067197202437
1238633065611747330
1238573199215992832
1238555413131538440
1238555411244036098
1238540778600902662
1238540777506177024
1238289432425439232
1238288805339242496
1238236989897486338
1238236719314604032
1238235342110707712
1238227384580653059
1238201130120892416
1238166694557876227
1238166693005885440
1238157632864649216
1238140625951875073
1238140625037508609
1238140623984754693
1238123026090254336
1238114060664737792
1238110644953628675
1238110643988901894
1237954276581834752
1237952864343003137
1237951504167903233
1237950887114543105
1237934780089581568
1237913201309868033
1237904710063001600
1237898031497744388
1237898029174267904
1237898020659724289
1237837593091420160
1237836840108949504
1237795594086821891
1237752133992275969
1237744796124491779
1237499682147962883
1237499679564279808
1237499670701711368
1237447956229431296
1237432940239507456
1237427503477723139
1237374745483653120
1237154737126023175
1237151764568252419
1237151763456761856
1237145185227886599
1237135920282898433
1237134845496696832
1237118087666827274
1237101324929548288
1237049467959992321
1236849408257544195
1236697293904064515
1236697267480014857
1236641568662020096
1236616402506678272
1236462136018317312
1236334203836514310
1236333555103469568
1236333544168919042
1236333523604250624
1236289498230685698
1236053873606955008
1236046116724105217
1236014540028022785
1235968955002630144
1235968953983397891
1235927858897465344
1235597873082822657
1235385853305851909
1235385847308079104
1235385840374775808
1235356124280434693
1235354206451699713
1235354131851812864
1234971828587679744
1234915701976174593
1234913932625764353
1234913797065891844
1234913701230260227
1234853140974927879
1234852222179082240
1234689629988753408
1234686441382273025
1234686440170303491
1234686437326348288
1234686436227592192
1234686433039806464
1234686043082960896
1234686039685337093
1234677063207907333
1234597166875922433
1234551691976028160
1234551685852409862
1234532962101841920
1234515709063041024
1234512874678165504
1234492426737377282
1234492271434792960
1234492226618757120
1234492128153260039
1234462207863185409
1234129264082968576
1233568660826083329
1233535985666928644
1233357428323782656
1233214671605444611
1233208008752214016
1233164169861615617
1233161887782752261
1233161270163054593
1233121860902100996
1233121860105244672
1233078830077796352
1233077134949847046
1233046602954219520
1233039332296069121
1232878335514103808
1232877823355969536
1232851315744788480
1232839906357108737
1232839903525974017
1232829184189313026
1232752945134915585
1232743633935388673
1232680312842399745
1232420475323764736
1232319267577769984
1232267496566206466
1232054090114322432
1232037981449486336
1232037858317393922
1232009396890341376
1231968835789565957
1231955942247469056
1231923479806697473
1231704033598963714
1231536932636655616
1231394493896720384
1231358758481100801
1231293971185504256
1231197445549412354
1231015245008773121
1231004342787940353
1231004062830809088
1230924555327361026
1230891022403674114
1230848898987515904
1230672245833584641
1230646732654088194
1230535187764797441
1230285537212325889
1229947208830799872
1229805577146114049
1229517123422019585
1229395572882333696
1229100681241546753
1228491455070687238
1228483176097632256
1228398359779696640
1228286514775437312
1228097770944442368
1228096261103874048
1228001456193712130
1227990885444521989
1227909278968631296
1227789510366441475
1227776151847931904
1227732413637447681
1227712540978929668
1227703146333556736
1227662588647002120
1227551924330934272
1227449751110606848
1227398664630521856
1227359490493861889
1227355864102731783
1227316372071313409
1227314457128423433
1227306816134164482
1227302754693111809
1227269813027921920
1227191046305529856
1227057919595884544
1227012117619990530
1226993346540949512
1226989419531554818
1226981668189171713
1226954488080146439
1226943958451920896
1226924219335880706
1226874805170909185
1226693395520856065
1226691180966096896
1226691178629943296
1225910286718291968
1225886278371233797
1225834155453353984
1225823605352751104
1225817201984364544
1225800620264828929
1225609289609416705
1225609080229761024
1225609075536400389
1225609071526653953
1225497016626794498
1225496706499989507
1225496698081943553
1225496694542000134
1225204987418042368
1225170552358346759
1225170551452381186
1225170550450016256
1225170549544030208
1225170548373819393
1225170547321032705
1225141508485058561
1224913854792114176
1224913541750296576
1224895219608563713
1224895193477996544
1224895170891730945
1224894342579531776
1224892525506433027
1224890494209208321
1224888142391664641
1224886851301007361
1224886410517405702
1224883169113124867
1224882975646584834
1224881069897527296
1224879243072544770
1224878621967470594
1224877977248333826
1224859112758022145
1224850667271086080
1224843912017252352
1224749792070455296
1224735227920244736
1224725612520255488
1224449799950221315
1224449796045340672
1224421333678903303
1224383915550527489
1223669748615073792
