1286060536917000199
1285938827987648514
1285591780403154944
1285318607656808448
1285318606415433729
1284489246611517441
1284489227862974464
1284206160384602115
1283858322656034817
1283782488884744196
1283778631437819906
1283490843442192386
1283463590339579905
1283416797862076420
1282757124389343234
1282749065231585283
1282749064497565696
1282749063558041600
1282713995766636552
1281943827918405633
1281570258357280768
1280912336421892101
1280910560696074240
1280910534104276992
1280226419147247619
1280217434058887170
1280201491417051136
1279945501782261760
1279442045648670720
1278759803192586245
1278390775806656512
1278336027741093888
1278013752164655104
1278013751334182912
1278013750524751873
1278013749727760391
1278013748742062084
1277989341097230336
1277660008390561792
1277610194214825985
1276577969465483264
1276516313574387713
1276271614024470530
1276229926408974337
1276229674796908544
1276190921034366977
1276159505785634818
1275527772446822401
1274767001198768130
1273998687681814528
1273668695898951680
1273612825076867072
1273330016403718147
1273264074625875968
1273009292984102915
1272971214282203136
1272663032607453185
1272565321531109377
1272565308306456589
1272558670690148355
1271600666822217728
1271555286835302400
1271520711371304960
1271516219368226816
1271516217543712773
1270862848575537160
1270843687694733314
1270827771347034112
1270777520607105027
1270744424465776647
1270471054440443905
1270469879330680837
1270437560578461697
1270407025915301888
1270393273027309574
1270387086907052034
1270127161870028807
1270037591090442242
1270016926492905472
1268921455103836161
1268917071968010242
1268647804991406083
1268597902751956994
1268597868325220352
1268547079028322308
1268249340025475075
1268247578350456832
1268246319971237888
1268244810281955328
1268242796898648064
1268241287108603918
1268239688927772678
1267856470827249664
1267850449685749762
1267485305483014144
1267482285936435202
1267479517511086081
1267474329455022080
1267259903799971849
1266473597096378369
1266403335810277377
1266397415738871815
1266395273766539264
1266356468632125440
1266097228176855041
1266070749955141633
1265718268226084864
1265678615095754754
1264998954619621385
1264595198052630529
1264256278894768129
1263831989682991112
1263192087215902720
1262810161980354560
1262810160608743425
1262753732585897990
1262483463787216897
1262483400578994176
1262463221518213120
1262437400086790144
1262173529241501696
1261334153456431106
1261331611100086272
1261044290664488962
1261000161880350721
1260693105310863365
1260647461527289856
1260636061220421635
1260327563660009472
1260272034967363586
1260220347409993728
1259958342442770435
1259936692561199105
1259902830921596931
1259893458782822401
1258824545055670278
1258824485307912193
1258802818909179905
1258491064190750730
1258443231551000576
1258172461167841281
1258150068567322624
1258134038646272001
1258118874966482944
1258017254001827840
1257770041866665986
1257761613991620614
1257687258079137793
1257375348171440128
1257365414155354113
1257358505880834049
1257311121435848705
1256630205696933888
1256248242540548097
1256248147678056448
1256212675874390017
1255836595841835014
1255836505580408832
1255659307091341313
1255182860211937286
1255162565136695297
1255162495792230400
1254849697853968387
1254813547869200384
1254763794649186306
1253844780452392961
1253790145897209856
1253790145008021507
1253412325073158144
1253308195990274048
1253094779975618561
1253067316771913733
1253041097040945154
1253032588459065348
1253015567109427203
1252988240648437760
1252979432073187328
1252975525150277632
1252975422498902016
1252975199521255427
1252971673470619649
1252595915870871555
1252449424015593472
1252297092741152783
1252287677656788993
1252231042360098816
1251200362549334017
1251186953179074560
1251151401436114945
1250875007569403910
1250783490485993473
1250523791643471872
1250489818015883264
1250119035381059584
1250091536882315267
1249827785914429444
1249813798350979074
1249744533396557826
1249707584858329089
1249436465655939077
1248378532826210311
1248329986534146048
1248299973072105473
1248289151788765187
1248027231735218177
1247998232225030152
1247998230706696192
1247951570760859650
1247911633776717824
1247606863639842818
1247584221616656389
1247527994626723843
1247256215345926144
1247192264205578240
1246106180075864065
1245810891792232448
1245810691178663936
1245781775009361929
1245760541890674688
1245743749872922625
1245742477279191041
1245485384433360898
1245402773736300545
1245103055969845249
1245054396452536320
1245020095090434054
1244993657482215425
1244718832960372737
1244706417233334272
1243631762737172483
1243612093921853446
1243526786312540160
1243526784391536643
1243526781996601349
1243526777944846337
1243526775734493188
1243526773368852481
1243526771242414082
1243526769036210183
1243526766884524033
1243526764380540929
1243519227644063748
1243376520137256960
1243376322547789825
1242975770164813824
1242897443680903168
1242880236439691271
1242824523302436864
1242558974286794752
1242519648396087296
1242489142552002560
1242271849536540674
1242143510066860032
1242143392299089923
1242107828720078851
1241572841885220864
1241169811796787200
1240721467261816833
1240693342192545792
1240664270246944768
1240370513932947458
1240271958115266560
1239980977860104200
1239964702517551106
1239929213139943424
1239593564046266370
1239267373334626308
1239250294518829058
1238956007633481728
1238840781311533056
1238557118183157767
1237866392306593792
1237843035515281410
1237842978141384707
1237832786028957696
1237808466623959040
1237806461587263489
1237804985687171072
1237803425745772546
1237801810326368257
1237800452231749632
1237800281800392704
1237778638940114946
1237778348669120512
1237496616602472448
1237476016676917253
1237452220112801793
1237376814781206533
1237053281446264834
1237007716763172866
1236017300882538496
1235990403750465536
1235329589435674629
1235292371371413514
1235273417772933122
1235256961110769670
1234975086479699971
1234944487522213888
1234923645253902336
1234597827390713856
1233505982929653760
1233504089490755586
1233459972979273730
1233451242636095488
1233135638440030216
1233134866570653701
1233132223651557376
1233132131758616586
1233070578413821954
1233053930285867010
1233050084272746497
1233049987518361600
1233049892274233345
1233049763634958338
1233044954177556480
1233044491499646978
1232778681027874817
1232778679283048448
1232698115414724612
1232398071172096000
1232025907688288257
1232017497307611136
1231285367283818496
1230999452636368896
1230970541697372163
1230970479219019777
1230596529527939080
1230596474339282944
1230580547300339713
1230546360128155650
1230194314921283584
1230174047918530560
1230155428107034625
1229934679077335040
1229906001119399937
1229877538232655872
1229877417709391882
1229840429014798338
1228388127963799554
1228385584084848640
1228073487237099520
1228069984871616512
1228067237589901312
1228001446177669121
1227720276890279937
1227611967931768835
1227395733432696832
1227369931194404864
1227365975189807104
1227365637586071552
1227334946391457792
1227326948667424769
1227319633088217089
1227307920431484929
1227303909091352577
1227302373388947456
1227298550545100800
1227295432419704832
1227293055335747590
1227290996842618882
1226169056190967813
1226169055171825669
1225838306275078145
1225792776903720960
1225792724462379010
1225595033899937792
1225528428289503250
1225486430627074050
1225477618352492544
1225473548413591552
1225189659392774146
1225142376676712453
1225114325653905408
1225027037326270465
1224895425112674304
1224891515710906369
1224888177888038912
1224888116982493185
1224886062591479811
1224879808917778432
1224872952019279872
1224872696439361537
1224856932785278976
1224845954521747456
1224735503054000132
1224469535476023297
1224416934785056768
1224371041788669952
