1286063778996596736
1286063777339891717
1286063765520293896
1286063763813171201
1286054573082398722
1286031647645798401
1286010272029843458
1286004830125858820
1286004785162989569
1285990844575744000
1285975664903036928
1285964542590287874
1285953242137010182
1285934591694471170
1285932416205561858
1285708664637194241
1285681286355529728
1285637006081613830
1285598136510144517
1285591541386444800
1285591540472188928
1285591539369021445
1285591538064674825
1285591536797917184
1285591535711653889
1285591533484474370
1285591522461843456
1285591520830201856
1285591518791770112
1285591517428625415
1285591515771875329
1285568802353221632
1285562741802119169
1285363848422326273
1285363847612833794
1285363845993844736
1285363845066903552
1285363844131573760
1285329940473421825
1285250704416935936
1285240117498716161
1285235421769863169
1285232471668293632
1285225536705507328
1284962829766987778
1284659180247416836
1284656071412506624
1284636642930761728
1284636583862382592
1284632726474301440
1284600478819590145
1284559859988471810
1284505407445258241
1284505393465630720
1284504519070617600
1284501824247148544
1284501808946315265
1284498140113100801
1284494964127408129
1284491932547403787
1284489556943929346
1284480302191181825
1284480300899328003
1284480299724873734
1284480297288052738
1284240220074934273
1284200308755894274
1284192412450131976
1284168977661468674
1284168901501362177
1284167119974916099
1284166897831944198
1284144468044767232
1284144387317026817
1284115983003725824
1283941071068827648
1283858164685905932
1283857818903293953
1283857796899930113
1283857770710798336
1283832530840498182
1283832497680388097
1283832332764565505
1283831805527961600
1283819484294381568
1283789018933743621
1283537877792698368
1283521817345429506
1283493562886299648
1283471215882121217
1283471187130155008
1283470932359684099
1283443542791200769
1283441602644631560
1283415941041262592
1283415158988181504
1283144231608090627
1283144174653628417
1283126941206413313
1283123074309685249
1283090917176610823
1283090803150262273
1283090752839483394
1283074524465041409
1283042563943956482
1282827291630993409
1282791468692905986
1282774448106594306
1282758244352561159
1282737080796356613
1282714195973341186
1282396898909986817
1282321438708506624
1282072426524876801
1282057222147551232
1282042861005856769
1282034521869877251
1281986910584401921
1281959122280288257
1281761406128291840
1281745635977265157
1281745610014461952
1281743145990905856
1281741543112536065
1281740249945772033
1281664783486529538
1281626958451941377
1281589333653368833
1281438152675094528
1281438063957168134
1281437972538159105
1281386761818644481
1281355023402901512
1281317820438102018
1281316935007961089
1281316923842666498
1281316859883724800
1281316815248011272
1281287083571720193
1281286444036874242
1281286417033854979
1281248529206444033
1281044253964107777
1281011822653554695
1281010744172204035
1281004007763456006
1280977023121395715
1280977020961402880
1280972510452948992
1280903760836005888
1280896528496898049
1280895883773689857
1280849619958796289
1280849618834804737
1280849617102557184
1280641619142881281
1280640959844356097
1280607576351223808
1280580428471164929
1280531832430305281
1280260395148685315
1280158423095656450
1280131919766867969
1279492458892726278
1279436623181119488
1279392254487072769
1279392044633505792
1278760137025638400
1278758385597534210
1278758344388489217
1278758301086384128
1278683066039492608
1278681258126725125
1278681256486633472
1278403591376699393
1278356027147239424
1278328380883185664
1278155074666143746
1278155001878241280
1278140172970926085
1278135599724212225
1278108729414692865
1278069254005436418
1278011229802565632
1278005688426467328
1278002295460880384
1277957864599027712
1277753869343305737
1277708514971058177
1277677518468898817
1277676911385358336
1277676649354592258
1277639379016732672
1277632158518194179
1277632040507187207
1277632007653203968
1277629112929189888
1277422073577721856
1277418741656178688
1277392245369581569
1277392045141889026
1277391895849771009
1277386797883015170
1277322536234242050
1277008031105105921
1277008028810858498
1277002745996853252
1276896418096177153
1276896415516688387
1276662109653303298
1276545529904869376
1276545520207564801
1276505882646495232
1276503318504841217
1276486581864595457
1276486560872124418
1276348166594592770
1276317832410796034
1276316640033083392
1276316490875224067
1276198568089587715
1276166935739346944
1276159252374134786
1275966725641646082
1275965470160695296
1275965449272950784
1275961010910830597
1275960003556507648
1275959892948418560
1275959271285567488
1275919935814938630
1275893059931312130
1275892979773968388
1275873334895484928
1275829361913053186
1275806679565770754
1275806065825808393
1275794566722072576
1275628438108483585
1275550293653172225
1275483419674279936
1275455277639196678
1275435307123437568
1275435095130685440
1275162582064775168
1275090205939314688
1275090127212154881
1274878617558933511
1274878599640866817
1274734228081717250
1274533786831765506
1274517286146244609
1274462392592863234
1274387787526164492
1274387786595012614
1274387784724353029
1274341736677027841
1274187545912508416
1274099932383887365
1274090035680329728
1274089971511709697
1274089918764068870
1274089828053852167
1274089815944855554
1274032221905653761
1273999538362167296
1273998200471457793
1273997661037899776
1273752564186656770
1273716254159839239
1273707969277046789
1273677105990184962
1273662850687475723
1273659921599528967
1273659798769356800
1273659361458618369
1273651836856262659
1273651207802966018
1273641449184210945
1273605208195715073
1273456389646692352
1273428640513110017
1273363408285556736
1273344267398926338
1273314643935727616
1273310891417767936
1273277162473357315
1273274548532785153
1273273266463965184
1273270244606382080
1273263701022388227
1273262763939450880
1273260957234536448
1273059317793644544
1273058381314625536
1272979405841862657
1272971286214475776
1272971210893164545
1272970936577376259
1272932261579587586
1272932257322467341
1272929531398107136
1272908345599459328
1272642679172669440
1272626093430910976
1272589824575311872
1272574618973483009
1272574617895538689
1272567125568294918
1272348566447685633
1272288070138769408
1272245510800379904
1272245382886588416
1272234979217608704
1272175291767623681
1272170829560848387
1271955775783665664
1271935790923333633
1271896502684848132
1271896354856583168
1271887731057139715
1271874394013523968
1271791612704808961
1271791573567758337
1271789818847137793
1271608537593065472
1271581829716459522
1271528837470453766
1271528228201603072
1271510683344125955
1271508912542531585
1271501071261642752
1271492496695140352
1271492495864745984
1271468867798405121
1271452921151000577
1271448908724658177
1271446046082838529
1271423333259710467
1271236574190227458
1271210458360557569
1271210456267608070
1271210098367569920
1271128743239655424
1271117554661154818
1271114300212621312
1270903522498879488
1270902054161133569
1270877569362145280
1270855554643230722
1270850288044445702
1270850244360777737
1270821905218633735
1270820668028960768
1270753561165488130
1270752638846599176
1270748422849441793
1270742142793605120
1270741556509716480
1270734341837111298
1270697354983886848
1270697351452282882
1270533605077417984
1270488992711131136
1270488990974607361
1270460313549357057
1270431460386881541
1270407863618412544
1270385055123341312
1270384983778168835
1270384897258127360
1270384843201880065
1270383043765768193
1270134843935002625
1270113946511577089
1270113482524983305
1270113424966590470
1270035087040614401
1269972349006290945
1269972257369137154
1269972228235550727
1269785226160615424
1269656277770215426
1269397011612282880
1269380154247217152
1269346001095180290
1269345674853834752
1269345070379085825
1269343535511277569
1269342130180366339
1269341742228213762
1269338157394386948
1269337273683845120
1269337190447951872
1269285016745529350
1269267404544192513
1269024316798238720
1269004046217641985
1268986237370720258
1268985071207362560
1268973551144624128
1268970707565805569
1268958347233017856
1268943833976451072
1268943774794895360
1268677890570432512
1268673437712683009
1268672041303105538
1268671874604695554
1268671595465318400
1268668193704419328
1268668185328463880
1268665378902880257
1268665294538641409
1268664426967830529
1268664424845410304
1268633728428933122
1268598907346526208
1268364951623794689
1268360659974197248
1268360504248094724
1268222880376139778
1268162849756590080
1268148940068868102
1267911478058913793
1267911476955799552
1267880403412684803
1267664937423384576
1267663657846165505
1267661072644943872
1267653255116529667
1267652677195968513
1267652675920973824
1267621836315131904
1267597868799590400
1267586123196440576
1267543147665592321
1267543050827554822
1267531507171758080
1267507401554608128
1267501878818070535
1267489626098409472
1267485137060708357
1267463175697567747
1267444080939872256
1267444078821638145
1267232175012880392
1267232173909737477
1267232172940943365
1267232170357202945
1267193000150654976
1267192951379296263
1266881903283646466
1266873861171281921
1266787605452070919
1266557614600617985
1266557545898020864
1266478553442529283
1266395808414535680
1266186627921166338
1266186626377691169
1266186470387138562
1266090391167815682
1266086315742965760
1266073501447979008
1266038956719771648
1266029912651153408
1265805380237606912
1265805312365338624
1265777677522350080
1265696996419084289
1265693302709460993
1265680607503364097
1265680391211487233
1265377172929339392
1265376168091541504
1265289249512980482
1265289113370079233
1264936924051054594
1264900326483726336
1264683860329148418
1264676868869029890
1264647059023572994
1264613412815896576
1264542961708171271
1264337864860598273
1264326510682537984
1264171844736778241
1263955333975887872
1263881130689859586
1263810622854238208
1263585381930299395
1263537698297524224
1263506462032236544
1263501790521286661
1263496105091874817
1263494804891197442
1263492200140345344
1263489939666280452
1263489288500645890
1263466827595866112
1263465309295476740
1263441944405041152
1263307664190246912
1263271167906975750
1263265805036408834
1263224258286755843
1263150174513311744
1263149741552087041
1263149714175860737
1263149507484758016
1263141089277554688
1263114055981637632
1263114053397995520
1263086778820542470
1262884949973241856
1262816600228585474
1262816598689222657
1262813282064310272
1262809341121437708
1262768395830931457
1262768355523604480
1262552690770554880
1262456727259230211
1262448019233964032
1262447917857636352
1262166116274708480
1261822712407830529
1261821610786422785
1261817679607988225
1261817605842776075
1261817509898043393
1261742318664716288
1261723777848807427
1261723757879726081
1261714672996270084
1261665326263042049
1261645512463310848
1261403990274846720
1261376368014536705
1261358378938400770
1261358336315764736
1261354213893906433
1261341248863887362
1261327499050483713
1261316916788056065
1261316579196841984
1261309782016831492
1261290655948644355
1261279551977672709
1261279344590237697
1261123640763899904
1261073846075101187
1261039863631142913
1261038866498301952
1261030380230062091
1261030340501651456
1261015213626798089
1261014265881866240
1261008898988933121
1260993231468331009
1260988810961334272
1260954624657436672
1260952854648500228
1260950083354464259
1260947829348016128
1260945381472579586
1260942972323016704
1260940872880881665
1260936515984785408
1260925930618355713
1260914504852017152
1260914477303762944
1260713416026660864
1260690956535451649
1260636966812618752
1260635555504758789
1260635554015842305
1260619299527561216
1260598902455185409
1260598419611156487
1260593349637087234
1260583589181259776
1260583053895897097
1260372034472853504
1260287508526575616
1260287454730498055
1260286719586447363
1260246215230447617
1260246201900941312
1260223030254592003
1260208513625792513
1260208126143447043
1260202265299869701
1259969591394152453
1259892730244796416
1259648041688141824
1259630275635613699
1259524908872282114
1259524907991543809
1259524906070540290
1259524900081057798
1259524898063626240
1259512724318494722
1258876924111343619
1258827083108757509
1258801078650515458
1258741562420400128
1258580068076589057
1258572119396495360
1258540828655411201
1258538239910014977
1258485621187842049
1258483334025445377
1258471776402751489
1258456962876018703
1258453403388297217
1258452904584847363
1258441624281112578
1258428260557492235
1258418319394246656
1258156824362090497
1258156819354181632
1258140851731120131
1258096081361162241
1258096080044113921
1258096077619765253
1258093797633916929
1258074951434866688
1258049968713195520
1258047847729168385
1257762066670194689
1257748025671286784
1257729093514211330
1257729091635208194
1257729090125279244
1257729088963448835
1257729087071817730
1257729086149050374
1257729085180203010
1257729084106461186
1257729081627553793
1257729080675401729
1257688733282959361
1257652572103548928
1257467784931487745
1257467639770894337
1257444941485260800
1257397586815787010
1257397528548556800
1257391225843396608
1257366768986796039
1257305276614610944
1257286759714557954
1257285976218533888
1257054412931043330
1257046049803374593
1256935821049040897
1256638582409891849
1256607929102471168
1256607776794718208
1256596621644742657
1256563075697778688
1256562771086520321
1256367791302676481
1256318577956749315
1256280253271625731
1256280238394400768
1256279575996379136
1256271350303543296
1256210613568708608
1256208105937014784
1256203854837886976
1256203804686630913
1256014060346388480
1256002887274115073
1255978227027324928
1255904960946089984
1255566178916933634
1255566168242499586
1255519699208744960
1255250994667180033
1255249298855428100
1255246145221165059
1255198004665090052
1255167450150305792
1255161148921589760
1255156591353085954
1255154125748211712
1254943003392856070
1254942558960193542
1254930485484101632
1254858513387368448
1254858445083144193
1254797981494231040
1254797318462849024
1254796148843393024
1254772581283983360
1254772231193804807
1254489572341420033
1254458187937439747
1254437752902504450
1254153251152429063
1254153149297852418
1254152929369604096
1254047647226310657
1254033014708985858
1253844820847521794
1253798197652226050
1253735546544967680
1253682758624346112
1253674002222120960
1253662270531538945
1253494152714731528
1253390492231925764
1253369486369054720
1253365339246800896
1253364416852172802
1253364352180269059
1253364257770569730
1253363594231795712
1253347138542751744
1253325652461158404
1253317637418991617
1253317538932350978
1253317526223753216
1253144098334289922
1253077098463453187
1253060784902623234
1253054132312825857
1253054081419087872
1253044323886796801
1253004806488195072
1253001900808683522
1252992827845488648
1252985004482797568
1252984994051567619
1252975564358668289
1252957543326011394
1252957517455544323
1252929242997932034
1252797064410542080
1252717191541272577
1252717068123856896
1252716213681238017
1252716197549936641
1252711218068049921
1252709591508561920
1252690984003133440
1252652183650209792
1252593100146515968
1252593099240505344
1252593098238066689
1252593097369882624
1252593096388378624
1252572835089977344
1252572787832696834
1252572750948052993
1252324939128061953
1252294915507322882
1252287010699706370
1252252483348545537
1252252481796616192
1252052334982631425
1251924034800848896
1251923926877339652
1251658421113323527
1251604539687534598
1251557453256417280
1251557333559324676
1251557318598238209
1251538277385097216
1251536920989110272
1251534306771599360
1251256456877391872
1251241559942709257
1251241480770985992
1251223804384284672
1251208542746546176
1251205145087692805
1251202998065397762
1251202996144390145
1251202994995179520
1251202993359327232
1250929814246170625
1250928222734372866
1250922064040669184
1250887327544721409
1250880895290150917
1250861683670691843
1250846651889131520
1250834386959904770
1250834341984436225
1250822830566113280
1250817358568009733
1250804215942963200
1250791444010487809
1250552045297381376
1250531735038767104
1250531705183776773
1250516340902973447
1250516016125349888
1250516003789955074
1250511371097309184
1250497327367892992
1250478982866391046
1250448551471124482
1250444351689367552
1250444349789306881
1250444347918684166
1250442062161260546
1250441881009307650
1250440719468097536
1250410307492761602
1250116155982917638
1250097221502107651
1250075172117381123
1250068068786679815
1250053470020911109
1250053224830287873
1250053207109353474
1250053206161399810
1249848402319495172
1249769339554869250
1249752982381645825
1249513488801828864
1249513415611240449
1249513377061376000
1249513356358307841
1249511721095528448
1249511538874081280
1249010359584919552
1249010007280177155
1249010005623390208
1248746884216377346
1248633755704741888
1248633303051231233
1248631970357227522
1248609370318843915
1248609357543194624
1248603164598812674
1248379216627814401
1248372018833055746
1248324264874426369
1248262767875891200
1248262683788562432
1248243308117327873
1248242169347006464
1248232273473830914
1248034336944861189
1248023048491597825
1247967366023176199
1247905194563731456
1247874689449562113
1247872115002552320
1247869222904107010
1247731556594200577
1247630339016712194
1247613892152483843
1247605088778100737
1247581196898492418
1247577419424444426
1247562329253916672
1247547219353501702
1247514950752444419
1247367535307128833
1247345801476612096
1247304176532627464
1247264573352271872
1247264007716732936
1247264005804249088
1247154232773554181
1247154181473001475
1247154029756645381
1246955125446520832
1246954758197444612
1246864172887027720
1246487002570199041
1246458677193777152
1246430293130698755
1246430208481267712
1246430175539032065
1246430096002617344
1246135147264606209
1246132697963147265
1246120021346189312
1246086133496373248
1245889294016937984
1245848581019402240
1245835185930846209
1245809895271796740
1245788229611278337
1245716908856524800
1245668712767787008
1245667731871064064
1245435350220185600
1245435349440004096
1245435348638928899
1245344640515166213
1245315538143887362
1245315089927938049
1245137311064563718
1245134108109520898
1245133984947978240
1245132152615862272
1245057155100823552
1245056978881216512
1245037705924349957
1245003244700602368
1244974916765704193
1244974890291269633
1244728489950892032
1244666638508658695
1244666569768275971
1244624038930112512
1244607148828614656
1244454563635179521
1244454309137440770
1244443940394274816
1244443814821072896
1244443813021614080
1244038120783446016
1243974930187812864
1243849576282492928
1243732222064164866
1243609380173553666
1243605351083184130
1243605134879477760
1243582776760250370
1243578771204182017
1243531128826462209
1243513426946789378
1243513401088913408
1243511956499238920
1243337541861789696
1243321956855881729
1243225820153483266
1243180051107110914
1243161161450885121
1243160820344934401
1242989131690631171
1242913116557541382
1242912860289871872
1242911850708316163
1242903583307300864
1242899710593183744
1242889103588327424
1242872174794416129
1242868003865329666
1242867395729010689
1242860926702944258
1242791892145799168
1242543777560104960
1242543751261753350
1242539836495613957
1242442242662584320
1242282557296857090
1242282547930902539
1242282463772184576
1242270640905871365
1242268177897308160
1242268128672972804
1242262931762556928
1242262538668163073
1242261489291071489
1242260918773395456
1242260860862713858
1242260821532708870
1242259554651471873
1242258187765649408
1242206413507698690
1242203494695780356
1242203493584289793
1242203492439252997
1242197050101510144
1242197049258455041
1242195140120322050
1242194997744676864
1241897171043172353
1241897113132433416
1241893951168294913
1241849035696345090
1241827454974480384
1241717787262943232
1241705590616924162
1241546891067785222
1241523666397134850
1241386785671970818
1241386772459855872
1241161973682839554
1241158194627522567
1241158162792792065
1241157965920505858
1241157698818920450
1241153145486692356
1241074473178103808
1241042255043014663
1240730272238317570
1240730016301883394
1240726345245773827
1240721407031508993
1240709045121515521
1240708374859137024
1240458225356595201
1240452653894766593
1240452303867588609
1240433441944076289
1240344129474908162
1240276085448814592
1240257218848739328
1240257214843170820
1240257209834954752
1240022633296662530
1239961671046742018
1239948923248271360
1239946897667887108
1239943419503534081
1239914160579842048
1239901204219658246
1239899757004324866
1239899756006178816
1239726994197274627
1239644468548120579
1239567127872487430
1239377080804085762
1239375510876164099
1239371360889114624
1239357360621137920
1239356516416831489
1239356515594784770
1239356514667724800
1239356513652822016
1239356512918802437
1239291056065216518
1239268502520954888
1239189411612549121
1239169510306914305
1238928566726938625
1238913804332937218
1238852471726002176
1238812843195187203
1238772212506791939
1238771913935204354
1238647296704864260
1238635919185522689
1238630061206638592
1238561144773791744
1238541087934947331
1238485346150735874
1238475596109361152
1238460079352971265
1238251942234685441
1238201151411142680
1238201150177976326
1238201149100081159
1238178075956969473
1238177807957659648
1238113496363122688
1238108769218957313
1237864688974692352
1237808116328214528
1237752398388637696
1237747813716541440
1237502286751989760
1237479807836999685
1237479157191380994
1237473398734888961
1237469943429545985
1237463215002566656
1237445724398379015
1237429670452363264
1237415582846406658
1237404187069210624
1237377198140600326
1237355169920270337
1237088505056169989
1237083624186544129
1237071176930910212
1237036406498889728
1237030809036640256
1237026936007856128
1237026490576928768
1236831566946598912
1236708345450508288
1236708072237694978
1236697412498075648
1236403117308153857
1236107212847751169
1235606073622638592
1235606072829906949
1235594480767488001
1235592937381056512
1235589682777460736
1235583809501843456
1235575384705576961
1235286541414666240
1235277378894680075
1235234618678353921
1235222706263597058
1235194689009127426
1234980673653395456
1234893999061819392
1234867620136050690
1234867227721191425
1234861678732468224
1234667919931367428
1234655863803121665
1234525183387500544
1234501387389689856
1234199328136232961
1234178747936407554
1234178726486773760
1234178725396303872
1234178723508867072
1233893483229974528
1233807918962749445
1233504714819543042
1233456565824425984
1233440297713098752
1233111020446584835
1233036708805038081
1232806342571778052
1232708908453638146
1232708660419231746
1232688054969737216
1232442687497719809
1232427082937970688
1232417336226992128
1232397497705910275
1232397475782254599
1232391579043803139
1232357253388394497
1232328627175510017
1232327913317556224
1232123582366519296
1232081562671468544
1231964644098691072
1231662586720137218
1231270006882816000
1230953218215202816
1230925179552923655
1230921605007761408
1230916437864308741
1230913370146168832
1230910823859617794
1230893168083787781
1230683500489138178
1230512013270487040
1230302927857778688
1230302926440140800
1230252276930969601
1230252219427164162
1230201977377828864
1230176714250125312
1229957071828852736
1229957061364064256
1229864749422333952
1229852581532520448
1229790325566300162
1229767438679597057
1229488299997200384
1229427931316879360
1229182443573456896
1229065470441029632
1228763487880568833
1228703103899312129
1228521795961204738
1228279229072248833
1228129308759252994
1227951863783358467
1227751806022946816
1227717052338778113
1227717027130945536
1227716385998090248
1227706515785646080
1227693893183004672
1227693469726015490
1227677789131767814
1227674860400369664
1227656137098563584
1227655593927811073
1227655488503984128
1227655487635828736
1227655484586504194
1227585652365156358
1227583483578605570
1227583182561738754
1227582846094671873
1227581817848463362
1227580186998329345
1227462473445445633
1227462376766803977
1227440433497808896
1227440097022312448
1227357632442388481
1227357631037288449
1227329466801758216
1227286570048331777
1227285804747235329
1227285382653452289
1227284088786210816
1227283834221273088
1227283291402887168
1227282566492889095
1227224565648105473
1227204986867720192
1226978524818550785
1226977211330289666
1226951600939425799
1226891243839422466
1226701340040101888
1226670251808612352
1226645725011902464
1226528764013764610
1225923460687441922
1225913441044586503
1225864337304236033
1225848091020058627
1225532217406951426
1225523021726834689
1225521037061873665
1225493258958180353
1225487637882064897
1225461386169507841
1225456404871380993
1225230760984092672
1225208301123768324
1225196195842314245
1225184387521826818
1225173452602183681
1225172549803413509
1225165695551463424
1225165217841152002
1225149452958273536
1225123800058081280
1225114351461453824
1225111482750439425
1225111458343800836
1225110351232077826
1225087889333198849
1225080967909511169
1225075171842756609
1225063697170812928
1225045192950140928
1225045128382906368
1225044924351090693
1224913034700906496
1224906672163999745
1224906558909440002
1224906509282357248
1224905827535982593
1224902307923615745
1224866514676932609
1224833809012621312
1224789757890322433
1224777252342288384
1224751673437978625
1224747010206715904
1224717453068046336
1224717451339948032
1224701797756891136
1224696896096284673
1224434250981658624
1224387542843260928
1224384314114224132
1224355888196214785
1224339809382150146
1224118921550352385
1224032059364184066
1223432274940776448
1223429365264003073
1223429306564718592
1223429282439016449
1223427851476750337
1223427635113578497
