1286061355443855361
1286055588410142720
1286051678693851136
1286033755728224258
1286027831340916737
1286014124170911746
1285988498332422144
1285982467262947329
1285966073200881665
1285961628480155648
1285961485529894916
1285957822665170944
1285940880562675714
1285762041970667521
1285761900953907202
1285732171769163777
1285724797595529216
1285711043566678017
1285688541100609538
1285678564944359426
1285661217625968641
1285657137230774274
1285657110949306369
1285646583015583747
1285645105219731457
1285645077998690304
1285630709705707520
1285624960699031559
1285615076188336134
1285615045917974529
1285614945128927232
1285614901256507398
1285605080893448192
1285595685757292545
1285591103899672576
1285563251879825408
1285407202849808385
1285387114566254592
1285361438048112640
1285350497763958785
1285350188064952321
1285348138765746178
1285314234251911174
1285301673343279105
1285301662857519116
1285301600819515392
1285301509136285702
1285301414684766210
1285301390424920066
1285301364021755906
1285301323085287433
1285301293527990272
1285291005122576385
1285278889800015872
1285276343056334848
1285264679728709632
1285262984047218690
1285262897694879745
1285262735207477248
1285249993331412993
1285233848196968449
1285232044855918594
1285228400278409216
1285217931010465792
1285205234797641728
1285195718509113345
1284998965969268738
1284940863592976384
1284925686931697664
1284862689534148609
1284687669512085505
1284674190910554112
1284655662144925702
1284638051734630406
1284632634962907136
1284631904076156929
1284577356552773633
1284517772274405376
1284339934736908288
1284253760882192391
1284232694310883331
1284232371613634562
1284209331882405895
1284203670301741057
1284184341011140608
1284176431996719104
1284176362052386818
1284165612542074880
1284151803307794433
1284115382018727938
1283912687886508037
1283911467381805056
1283879481841799171
1283872433771094017
1283845569488855041
1283802659837882368
1283794003302010880
1283772173946171395
1283752191392612355
1283511624356298753
1283458702578798592
1283419600009465859
1283397802849112064
1283378458123534336
1283374272531107841
1283225903737327616
1283166837795172355
1283153487317082113
1283144091128266752
1283123426115362831
1283119779994312705
1283112955282968576
1283112908013154306
1283092086506610688
1283071332914167808
1283071307660369920
1283061822854234115
1283033123362611203
1282841279093714947
1282841141398982656
1282799799960510467
1282780616271028235
1282756375869829128
1282751265991282690
1282751243459473409
1282735668473602050
1282726126746468353
1282708920327380992
1282701338971955200
1282675625694834688
1282669531329171457
1282421445457567744
1282353296666238978
1282320455815303170
1282140857311866880
1282093940565585920
1282033282171973634
1282014729834201088
1281976239784439810
1281968168853004288
1281937283629887488
1281704393671421952
1281666508226166785
1281663592685871104
1281663288443625474
1281644500708925441
1281628402429177858
1281589097472167939
1281584309699321857
1281372678935412736
1281337268880445442
1281337257325101058
1281337225586802694
1281311509000454144
1281276919233855492
1281246632340852738
1281246474643419142
1281232154991759367
1281231008591941633
1280985560765644801
1280969956495147009
1280969912610164736
1280937477591744514
1280894446318628867
1280845003842105350
1280655055776071680
1280644295108841472
1280641308881833985
1280641280020791296
1280598948739256325
1280576032328876039
1280572017448833026
1280554300956184577
1280549175487234050
1280521675931619338
1280500522634657794
1280479671260450816
1280313167130886145
1280247197049765888
1280228827298500615
1280193540778270722
1280155310481702918
1280151471431057408
1279944547204829184
1279825274289389568
1279824398929858562
1279432972115021826
1279410433087229953
1279410423113101314
1279166346207641605
1279163702927859719
1279073989877542912
1278870231809699841
1278851776696004609
1278811456356614144
1278785396156096535
1278769568312373250
1278746550609551361
1278723558777257986
1278715114569547776
1278695603443322882
1278452080433340424
1278428800502595590
1278412390120542210
1278374380976947201
1278354819518955522
1278337535157194752
1278328419932143617
1278153299003355136
1278153267126599680
1278131204353638400
1278110077191442433
1278109923218526212
1278102926779703298
1278061087024390149
1278026338591539203
1277980653817139201
1277800048550653952
1277741340965711873
1277715966370201600
1277701330518319105
1277681649376006144
1277675609070735362
1277633653858865153
1277617309520220162
1277599410885742594
1277395802609123330
1277344962192060417
1277317656748658689
1277262153850982401
1277004991165841408
1276978479322595328
1276921587086786563
1276682266182328325
1276636148052439041
1276627441436561408
1276627394116411392
1276590594509418502
1276571266867134464
1276539761767919617
1276513354773934081
1276512295628275712
1276314459976404993
1276281426791534594
1276281397355962374
1276265940594950144
1276235276344594439
1276232508267511815
1276214698011172864
1276194551548518404
1276175340902154240
1276129110516006916
1275922419333713921
1275881157859704833
1275856414339149825
1275838195377287168
1275829030420385792
1275812331520503809
1275574315161919488
1275545078036082695
1275535600691687424
1275504129562030082
1275471855307063296
1275445184625405952
1275427023628967937
1275221458281811968
1275146065021370372
1275138886214262784
1275122833530720258
1275102873328607239
1275087254852177926
1275057848624521217
1275045919159918593
1274827008174886920
1274821111365210112
1274688770131066884
1274525562992721921
1274354795760046080
1274354676851499008
1274032084399644672
1274018331763359745
1273998758028722180
1273657034278387713
1273640761779765250
1273638264998694913
1273620393627172867
1273394415189594116
1273384395253129221
1273365087680638977
1273357449236537344
1273339910813073409
1273323116253642753
1273290064852893696
1273270809495310337
1273263263808176134
1273030018759884800
1273004456565768193
1272976106791079939
1272975617546432512
1272958292202082307
1272926880124076037
1272926869172686849
1272926841779752960
1272911369340366849
1272691898591952899
1272682441279451137
1272663606467985410
1272633369843597314
1272605189527257088
1272588105183383553
1272550657531273216
1272521272237441024
1272297148760162305
1272220706454024193
1271923387288428545
1271898492747878400
1271835733813321728
1271580089692704770
1271545513914007554
1271512759704879104
1271493857675546626
1271493696010272769
1271477865335455747
1271430493007941633
1271240265760636930
1271213236587724801
1271174333306732550
1271141054889197572
1271097472132304901
1270887024665530368
1270875076527828992
1270833572157546497
1270828426023391234
1270790592579211270
1270753512503128064
1270750671579602947
1270733534291021827
1270724359972245504
1270724274538471424
1270720449530327046
1270521383525769223
1270485210103152640
1270455644555038720
1270427749040230405
1270427523206299649
1270398462304161792
1270375261226389505
1270355103942311936
1270111604969963520
1270034464731783168
1270028916682641408
1270011339713531904
1270011080140632067
1270011019251892224
1269803214167302146
1269779923755053058
1269705383339266050
1269704411376476168
1269678534949310469
1269661101521809408
1269389254779691009
1269388260704428032
1269321943787896834
1269061576138653700
1269027163413663744
1268998233688281092
1268989414400720896
1268969069123952640
1268949009391144961
1268931495806320642
1268931493663051777
1268897822226735111
1268670374323109894
1268641230684131329
1268612685081374721
1268586218037657601
1268572997318778886
1268541863096696835
1268346331732590592
1268285558016573440
1268282320341159940
1268255140815032327
1268251318273093632
1268251296408252417
1268210762482421760
1268193279209857024
1267919930709749766
1267896234133635073
1267867871394349062
1267851345916317696
1267809562171781123
1267600735727947776
1267568592649936904
1267508317875769344
1267490333505527808
1267471759437180928
1267453230696615937
1267193729221345281
1267153179382341632
1266731119967383552
1266476561731145734
1266456685306097664
1266456168697864193
1266399425070608385
1266366706861015046
1266130596285341698
1266115019193954305
1266098823828574209
1266037085921775622
1266035160597880839
1265992031702310913
1265741415671386113
1265726595291021312
1265720417442021378
1265693413078417410
1265670642264915977
1265646622999969797
1265435551764811776
1265368096505769985
1265353894688940033
1265326608556208129
1265299401653747714
1265280620999122944
1265066495710826497
1265033882090553346
1264957683569958912
1264924954530889728
1264644034259226625
1264595927358210048
1264560203917377536
1264558572823773185
1264394307995406341
1264302195668893697
1264259804324904962
1264242746006671362
1264212382542413824
1263945603639398402
1263911465582501890
1263882995364245505
1263869930476371968
1263852740498898945
1263847329016229893
1263825188157882368
1263628345218039808
1263574513939353601
1263556488196481025
1263556460329537542
1263549832750399489
1263549812475035656
1263530825255211012
1263514153320419329
1263489995383492609
1263470710745444352
1263462312486350854
1263199543648231426
1263175995672203265
1263153742519701504
1263146862342819846
1263126690362011651
1263106724271206400
1263098624822706182
1262914414363193346
1262872445968683012
1262840870396735491
1262819294217474049
1262808995984744449
1262789365811621888
1262789326238334977
1262789095274807302
1262788322323283972
1262788297786568705
1262788257298997255
1262773360955658242
1262744708251451398
1262731359765901314
1262514184698421248
1262466913495638016
1262452788581130253
1262429840919199744
1262406159853481986
1262382711039238146
1262369617789489155
1262178597030240261
1262127517936353282
1262063206400512004
1262035498585018368
1261772718338342912
1261763677306277888
1261729337348444161
1261666328341098497
1261451557163409408
1261443014402195456
1261425363227303936
1261380499341299713
1261338356400697347
1261032642830577664
1261029512873234433
1260959710099976193
1260940268649488386
1260918716553928705
1260714159982940166
1260681257693990919
1260633539889987586
1260605484886896641
1260584040182226944
1260557280719880192
1260360559423258627
1260350298578735105
1260326725856223233
1260311188166107137
1260286110581821447
1260249318340079618
1260221419557916673
1260203831822073862
1260192158058983425
1259969456597610498
1259924262762287104
1259907050471141379
1259888458283302912
1259873441391525893
1259848060194164738
1259831623895314432
1259620582821433344
1259563734055469056
1259546157887479809
1259529676776669187
1259282826467442688
1259231242005942276
1259206847007002624
1259185221360144384
1259154598360756224
1259147511459131395
1259121036534087680
1258855581928108032
1258822999274291202
1258799958720905216
1258789332699267072
1258779603956613120
1258760504102850560
1258562963029602304
1258523367256125441
1258503104007413761
1258477002534854658
1258454528795557891
1258446643382358017
1258437876674637827
1258423038292504576
1258388393559498752
1258199183921684480
1258176085642149888
1258149361609060354
1258127916451409922
1258110027455479810
1258098070044192769
1258087201134518272
1258071283356631041
1258056054472167424
1257838395201552384
1257795929211637762
1257762461941366786
1257747366922289156
1257722223709822977
1257706543291740164
1257688623828348929
1257682771021094914
1257673468868472832
1257658136707641344
1257429831907774464
1257403067529670657
1257378230698479626
1257352981340721152
1257305961385070592
1257296669412114436
1257087389161439232
1257060526766637062
1257046581888548874
1256999524146577409
1256970504189153283
1256957886879739905
1256727600489209861
1256696316790484992
1256675153221738497
1256634444598960136
1256622356379963399
1256325390127128576
1256307394264645633
1256288660942700545
1256271969533792257
1256257867671318528
1256244348200648704
1256229803079938052
1256205736700522496
1255937205702361095
1255918283783626752
1255879890253086721
1255878272438734849
1255642619700445185
1255634251866873858
1255614035447480325
1255602385256419333
1255572935550656514
1255558416686362630
1255544570626129922
1255515785159639042
1255486491213680647
1255474414537314304
1255253559274287105
1255235228110651394
1255215052430467072
1255185084711407617
1255160045148438532
1255142963161661441
1255132406991872003
1254949533978693632
1254886338307948550
1254849590970507268
1254830989873942528
1254811780720791552
1254793716117749761
1254789403831988227
1254757084522045440
1254609939340890120
1254471785166385152
1254471751028932608
1254426100891037697
1254166040197693441
1254115336019992577
1254099798568902660
1254080185995087875
1254067955534647296
1254034172722712576
1253788431186038787
1253733143519076352
1253708877117472768
1253696560929607681
1253695487875694592
1253686044865769473
1253665948655144961
1253457603704823813
1253444704273862656
1253420586014879744
1253378620741103616
1253339027937259531
1253320796711215104
1253308705812201475
1253113235798216707
1253097434596737024
1253067372694581248
1253052767901450240
1253036333053943808
1253023813652099073
1252996597941768195
1252979942335356928
1252974277672009729
1252947809281740802
1252709028863651853
1252696870964670467
1252668539783299075
1252663545898184705
1252640002879741952
1252619252890206211
1252593258447994881
1252583623104114695
1252367191065817089
1252346624954691585
1252267419491540993
1252227124150374402
1252224358854123521
1252216948525498368
1252024303887028229
1251948775268024321
1251934476676018176
1251902751669452806
1251890077640392705
1251882218370326528
1251697242760757251
1251660095676649473
1251659549561573378
1251584441350266883
1251569153137393666
1251547259084460038
1251521600979120131
1251501308378583040
1251305370645139456
1251278607009361921
1251278594531364864
1251250532779544578
1251235423134908419
1251226837243637762
1251205588656193537
1251187640709324804
1251172713579917314
1251125920510943232
1250925565453971457
1250901769418391552
1250862562138349571
1250858459152683010
1250838035517898752
1250800255454580736
1250770564551229443
1250575292365713409
1250529072154886144
1250512519996768257
1250476881952083971
1250458529049313280
1250426828012978182
1250407988663218177
1250230468689174534
1250212103497101312
1250196548023136256
1250174633527164928
1250161011568640001
1250136208040243200
1250089057918558211
1250064509349306370
1250046789081870337
1250037727086751756
1249882434495283200
1249882301045059585
1249846697573793793
1249844866894479360
1249829869250379784
1249808077165133825
1249796506523238410
1249793627955527680
1249764254581956608
1249725002146029569
1249714500560969728
1249698391468191754
1249675817346576386
1249497356485230592
1249496373571006465
1249496359369150465
1249432920902848512
1249398627266633728
1249372920880775171
1249339524695633921
1249311789759766528
1249136610664484866
1249071696616792066
1248991155934711810
1248983324112060434
1248760641105453056
1248736033115648006
1248708034806849536
1248708033749934080
1248696657597906948
1248675728591327234
1248673946439999489
1248623352979193856
1248614854258126849
1248591769547296768
1248401605507969027
1248381996436316164
1248366118059868161
1248357081037639693
1248354514274484227
1248340826121482248
1248306744977211392
1248283377112932352
1248262644609552386
1248248780182269953
1248230002216390656
1248071733942378506
1248040072961761282
1247983925986832384
1247958669318410243
1247947685736460291
1247902675322036228
1247881669169811456
1247869113151692800
1247673891394330628
1247655345541066759
1247628645977460737
1247627014217089025
1247584670533005317
1247572087914532871
1247507251033780226
1247506084878790657
1247322965483675648
1247309384243388418
1247306869691080704
1247279058393726976
1247250886709129219
1247199882764521472
1247160501546688512
1247142357415452675
1246959405121310721
1246881999861792768
1246861024722063360
1246833441066409986
1246812113810620416
1246781984917065731
1246610381797294080
1246609786008936448
1246518248105037826
1246497608547340292
1246469272613912576
1246449629534851075
1246423515944955904
1246173340320104449
1246147326546190337
1246117802878083074
1246101063121371137
1246097543085293568
1246070288040833024
1246061250553004033
1245862164037906434
1245831895306428416
1245804391464087552
1245790803856896003
1245775263016849411
1245737835556200451
1245710643505901570
1245699883299987456
1245498621929443328
1245498217938247680
1245433149846413313
1245432729715474435
1245415628682530816
1245380445136699392
1245369899574276102
1245353245100453888
1245338264157990913
1245145150457892865
1245136436992630786
1245091922735181827
1245079174194311177
1245066606633455616
1245047251883483136
1245032043903356931
1244993816580567041
1244971919608360960
1244966343499186181
1244760868761501696
1244737398963126273
1244713352879910912
1244624424604745728
1244613701321347076
1244374225684705280
1244294235400089606
1244282141875240963
1244282057980854273
1244251713378201602
1243975156525129728
1243947151115386880
1243640964448759809
1243640951396020226
1243639352498020359
1243632222084759554
1243594416536850438
1243581295533395968
1243541816177307650
1243526037507575809
1243303520985645057
1243290248152563712
1243280633864032258
1243273400585420801
1243270595938258951
1243257582791385088
1243205675578265604
1243189416182665216
1243173101426429953
1242896809380454402
1242836515627163648
1242802833302401024
1242801227123097600
1242571590686171138
1242527712964739074
1242485361059729410
1242471570045632513
1242457269532573699
1242455426509266954
1242455404111593477
1242438027714211841
1242244010271477760
1242228059778027522
1242203593584893954
1242166569582694402
1242161920146321415
1242120278328725510
1242087921076899840
1242082719414333440
1242081800970809349
1242081639255212037
1242081530786328576
1242073843566546953
1241868883423879168
1241847658504949761
1241847511964409857
1241829199519850501
1241821245148200962
1241802639643377664
1241786049338228737
1241758984203309057
1241745267830947846
1241523898581168129
1241502459052331010
1241502455076139009
1241502453582958594
1241502451066384385
1241502446330970112
1241502442828828677
1241502441805414400
1241502440349929472
1241502438559043585
1241502436642172929
1241502434477867008
1241502432712105984
1241502431613255680
1241502427905474571
1241502426106138624
1241502424789123076
1241502422918410240
1241502419890122753
1241502416018817024
1241502414966005761
1241502413552566278
1241502410255851528
1241502408951431169
1241502407831552000
1241179265615433730
1241179254227943431
1241141692369174528
1241118290086449152
1241103857473802241
1241068197668929538
1241052326955270144
1241042239763161090
1241035931437670401
1241035917646868480
1241015273794273280
1241001130932482054
1240815436863803394
1240805081299197956
1240803298795565057
1240792616326791171
1240775609367900161
1240771430436032530
1240771367634690049
1240738835547467785
1240737166944358400
1240692797864214529
1240677701104668673
1240658598444875776
1240640953838374915
1240640928794247168
1240640910146383874
1240640890307305472
1240371323714654209
1240370282403110913
1240342328600133632
1240310056786296832
1240306021354164231
1240280126195208194
1240053659012149248
1239991236011966465
1239954243433271296
1239936115269939200
1239894003815981056
1239708557169344512
1239640585402793989
1239620687729504264
1239615869073965056
1239598957858369539
1239245661314433025
1239232310198898690
1239216357843111936
1238958631183364096
1238911477605679107
1238910964147400704
1238880904866607107
1238864142238449667
1238860628820996098
1238695685626748928
1238604404581961733
1238569689816727557
1238566989226020864
1238529214376218626
1238512785241387010
1238512772692008961
1238494363518410752
1238494362692173824
1238484589359837184
1238484459667755008
1238217856019582981
1238212183152091140
1238181405840064512
1238181362378645505
1238180892901810180
1238171076355674112
1238118851734384640
1238097893296427010
1237854355790815234
1237834350630232064
1237829274175930372
1237783207908642817
1237748349912199170
1237725585868304385
1237484472062357506
1237445421880020993
1237432174225350658
1237418708227756034
1237372729218793472
1237117848692154375
1237102331063349252
1237069820174020608
1237055521359835136
1237043224084189186
1237025964690980865
1236996181428973568
1236806379186388992
1236769295163670529
1236708554167521284
1236676896311717888
1236661636276117505
1236418226566959105
1236380673197342722
1236360822336688128
1236327139521241088
1236076718563213314
1236043595477651461
1236019745062817799
1236001137905594371
1235933150888554498
1235931200944050176
1235731611469176832
1235693534944116737
1235629703337259008
1235571051326816256
1235559096499269633
1235316468293734400
1235314281891143683
1235310469503733762
1235306498584125440
1235306328035295235
1235306291607851026
1235306274369220608
1235306243604041731
1235306233080537098
1235286326532075522
1235225615101554692
1234960308055281664
1234960083181850624
1234894662541901824
1234881434831159297
1234881422390890497
1234881303113281539
1234871425930027009
1234842525351006210
1234835642825220096
1234640186966978567
1234634711135408134
1234604685614571522
1234587761845379073
1234541204018253824
1234517279133642752
1234505893850599429
1234487484022689793
1234473983841652736
1234279590920642560
1234279473907933185
1234217444400562177
1234161708660379649
1233953371490570241
1233893630743629824
1233827375525384192
1233789413735510016
1233556960856899585
1233453504683003905
1233401242082324481
1233387491564101634
1233184987333222402
1233159802282487811
1233118660534947840
1233088564109414406
1233068249841053696
1233055250992566272
1233032742079733763
1232815083429953537
1232802797948751872
1232793174395031552
1232766686371237889
1232733771918663683
1232724125858385927
1232714999547727874
1232694500864274437
1232694453745410048
1232694428629950464
1232694406987341825
1232694360841637888
1232694329233362945
1232389757684068353
1232379134208356353
1232330897464156161
1232311540382158848
1232056999715725312
1232007909929779210
1231976131974303744
1231966142123606018
1231946625293127682
1231771495443116032
1231689892293378051
1231651306789580810
1231351225402249217
1231257754205114368
1230984704935022592
1230934373085650949
1230920636631003136
1230879823746289666
1230877048048058368
1230853851684712448
1230620849784414209
1230584017700950017
1230578870803365889
1230552596500361217
1230521675864838144
1230231668004392960
1230172171621871617
1230161156679094273
1229886891887136768
1229810420057284610
1229781090287702018
1229564369719234562
1229554621640847361
1229524748503265280
1229496605377736709
1229442005954125825
1229410551094292480
1229188153388523520
1229074717618954251
1228816892737007616
1228759984198037505
1228696502970834945
1228445134267801600
1228420651616215040
1228406380438212611
1228377196282118144
1228349712660619265
1228330355859521538
1228044889423740928
1228008678948835328
1227991679552106497
1227977049891053574
1227735217672245253
1227715671410257927
1227694515676438528
1227694493434073089
1227673887120543749
1227633303274033153
1227628520542740480
1227628487604948998
1227415134672433153
1227370842692235264
1227346476982030342
1227325225790005248
1227311138322485250
1227292023977398273
1227261200171487235
1226983730612506625
1226953661479313414
1226929338714599424
1226909916171993088
1226895350327382016
1226642642974408704
1226619530555715584
1226561360391286786
1226189310388469768
1225902687327268866
1225902670109696000
1225902649020690432
1225902557404573697
1225883681899761664
1225862049420521475
1225806282810155008
1225799315681107968
1225609572439797761
1225546300256595969
1225506803347267586
1225494136888975361
1225470992664944647
1225439418263199745
1225227051101192192
1225220409496416256
1225197711164661760
1225170161906470917
1225170156852338691
1225149876289376257
1225121266312585219
1225087047964209152
1225047673209638912
1224896440520073216
1224893851510431744
1224893668949221376
1224893481686110215
1224891960135163904
1224891141218349058
1224889959896821760
1224889108193038336
1224887732159250437
1224887169896124418
1224887104372715520
1224886419874893826
1224883666205147136
1224880535694200833
1224871990667988992
1224856503057813505
1224827698910060548
1224762154135511040
1224757543391694849
1224757515692466176
1224751690269839361
1224729153624248322
1224487733848104960
1224479719221055489
1224393099872522240
1224369905413300227
1224362984065175552
1224347043780530176
1224181054589820929
1224108729496412160
1224106044198137861
1223784318079774720
1223657051961819137
1223637688223522821
1223441574916493312
1223400589494759426
