1286051633936334853
1285653325573226496
1284487383040372737
1284487344842780673
1284487304569147399
1284487303054991361
1284487300248985602
1284213744416034816
1284136629045727232
1283880256198279169
1283090785785847812
1281762141339615232
1281614476161187841
1281337395326136325
1281337277831090178
1281308637638668288
1280222163346350080
1280141122770255873
1279405958502940677
1279402364450099200
1278709821907353602
1278680781582479361
1278464285581156353
1278067601256652800
1278067600417841156
1278045549384601603
1277698410276106241
1276583764790071296
1276581853881925633
1276570015605624837
1276327557495996416
1276327556762009600
1276327555956715521
1276236866237468672
1276236865293746178
1276236864454787080
1275875675740819456
1275505499333627904
1274825572980535296
1274019844866871296
1274019843243683840
1273729469979688964
1273673549484613632
1273639172734140422
1272542877311262720
1271191856542515205
1271191450634633216
1271191449942609920
1271169169401282564
1271169112178393089
1270793123233443847
1270112051931774981
1270112051218841600
1270112050447110144
1270110869683408896
1270110868697726976
1270110867657539584
1270052406890508289
1268993177588989958
1268597672249888771
1268329992326393856
1268265215445131266
1268174609855242246
1267982999926292480
1267982998026289152
1267907871796350990
1267613182274801664
1267565020159803394
1267565019119652868
1267565018264088580
1267565017119031297
1267480056659574784
1266407656308211713
1266129888030986242
1266117675786403847
1265778729525141506
1265708217272807425
1265695248413536256
1265695247616663557
1265695246760935424
1264911047154192387
1264911044280897536
1263502757832667140
1263497979027226631
1263486934174830592
1263463556349034499
1263103092486074368
1262871438412976135
1262871437557272583
1262871436848488449
1262871436034740226
1262871435141398528
1262851234668650497
1262851234001817602
1262438458603290625
1261400181053878272
1261378195242094592
1261287154145267712
1260335622352523264
1258807629641658369
1258752172914851840
1258448555230011394
1258447523993325568
1258141367282339842
1258141233790308359
1258127723588878338
1257302245575712768
1256332460721242112
1256328557187362816
1256328556054851585
1256321658270257152
1256321657020354560
1256321178769055746
1255252254342492161
1253820221212839938
1253454636599717888
1253452043932643328
1253048891769061382
1253018774174924810
1252338178691719176
1250475204205326339
1250244293727576071
1249771735798493185
1249731200316575754
1249727232177778688
1249335537477058560
1248712030535720962
1248707018388647941
1248294972362760198
1248282485819146240
1248002560260096000
1247672660701609984
1247626557432172544
1247622609916907520
1247256464382734336
1247256463678017538
1247256462843396097
1245796411494608897
1245764343544889345
1245712261009866754
1245707668553109506
1245471822319099904
1245471159749140483
1245391616036274176
1245103927269474306
1245080397253410821
1244727643318222850
1244274029785231360
1243641932028485637
1243627785400262657
1243627064114151426
1242873065064759301
1242846774261428224
1242180094535389187
1242171980708810762
1241029812296318977
1241019637657145345
1241017619358134275
1240703947397988353
1240691625602383872
1240666241330753536
1240006556453912577
1240005400168194049
1239989440623280129
1239949826252509184
1239949683436462082
1239327697010114562
1238866748826357763
1238866242758418433
1238837841330868224
1238587902822617089
1238243507296493570
1238224673097297922
1238218202099994630
1238161469189038082
1238143431593152512
1238141475982057473
1237798439641112578
1237488823526981633
1237488679238750214
1237139342860173317
1237105958263894020
1237105952727486466
1237105947606204417
1237105939561537536
1236652433104830465
1235693983348768769
1235683493692215297
1235671264423038976
1235612653625569280
1235612652635926529
1235592177025200131
1235591423011024896
1235329593768382464
1235257910764220418
1234876970149781506
1234610583246458880
1233051165685927940
1232312023918219264
1232027757707743238
1232027714074357762
1230249750382993408
1230204825226399746
1227681264997675009
1227681152628150275
1227008670321565696
1227008668996186112
1227008667964317697
1226938159017140226
1225840232949592071
1225834323154276352
1225834321174548480
1225834316992741376
1225834312580378625
1225834310994923520
1225826851312062464
1225513813061054472
1225499223392768001
1225474883095793670
1225447367530426369
1225202369157369856
1225202368029102080
1225198116921659392
1225198115856244737
1225198114899927040
1225198113876512768
1225198112446328832
1225198111389343747
1225084187704774656
1225083965809352706
1225083941486518273
1225083914215182336
1225080979473256462
1225080945574862848
1225048911582199809
1224914278312022016
1224856020423446528
1224856012215193601
1224856004417990656
1224855996641705984
1224789474825187328
1224789473311019014
1224789470374961154
1224707373543108609
1224407967111446533
1224367914834329601
