1286071066268438529
1286062013190414340
1286032576394797058
1285993932669751296
1285969331466231813
1285729847512358916
1285718769487224834
1285706823111249926
1285625927947427840
1285597901994037249
1285582242945871872
1285327534607998976
1285299369848246278
1285244266126680064
1284940092927356929
1284479294039887873
1284333429480464385
1284332679794757632
1284233736847077377
1284208419323424769
1284176890736017410
1284162010532519936
1284140830937276419
1284140829762879488
1283864631195435008
1283856724869423106
1283837034398916610
1283836471389151233
1283810609553977347
1283459741621067777
1283434673687986177
1283418124419837956
1283236232852656130
1283171737014800389
1283147219437260800
1283116094304260096
1283057864509206528
1282776562467770370
1282755939343446022
1282724623151443968
1282689976363253762
1281673505948545024
1281636266824667147
1281610813447573504
1281585508443979776
1281394399142989825
1281329733163192320
1281288796395524102
1281288795460075521
1281253829103714309
1280959174260727808
1280955447831334921
1280882856261234689
1280575622503374848
1280541564360708096
1280515745273786372
1280514452283105284
1280248607111811072
1280227683604013057
1280215196661878785
1280172992870440960
1280171965584637952
1280153500882698243
1280143762770079749
1279439966729363461
1279402497120100353
1279143880559116289
1278761021721714688
1278741201563377667
1278723705556865024
1278687038313725952
1278464876021780493
1278443877339475969
1278442632218370049
1278403132553396232
1278399331834433538
1278385570973192194
1278353533264433152
1278008543858262016
1278004006686728195
1277988514387369984
1277985396367011843
1277759111036375041
1277713544629362694
1277683133358518272
1277664223884201989
1277631797153673217
1277619516609040393
1277587821725921285
1276616167059316741
1276610774199386114
1276587060153942017
1276546652128661505
1276534354932572160
1276527523862634501
1276314787484491777
1276277119648235522
1276213572847259650
1276193684351062021
1276193683503812610
1276193682572677124
1276192363350720512
1276192362289680390
1276191764089577472
1276191763343040519
1276173928399089665
1275900465960628224
1275880397558161415
1275815841641238528
1275799706900271104
1275601505681276929
1275547786356932608
1275494901082357760
1275459459201015808
1275427813055778817
1275137283864354816
1275124841591562242
1275076799425163269
1274728509768970241
1274316398811058176
1274078306162356224
1274041283884060672
1274022337004830720
1273993538066317319
1273966498168680451
1273758417929277446
1273715171056332801
1273681619484848131
1273651087480958977
1273624040930979842
1273356442452582400
1273332237933608964
1273315822992318467
1273297567707791365
1272991063368699906
1272966481622548482
1272922883065602049
1272916897844137991
1272691288203296769
1272632298039660544
1272623518421745668
1272599524851290112
1272568676483584003
1272538248024383488
1272276992163971083
1272222184946139142
1271610806925475840
1271544722067271680
1271535132390850561
1271507536508784640
1271497101470584834
1271469123621576704
1271458085534662658
1271190573756620800
1271189940668334082
1271172118701658129
1271165250499461122
1271145781727318016
1271140627909152768
1271127048111751168
1271122706935709696
1271115156257415172
1271100947440287744
1270813474193629195
1270787351028039682
1270768826368565253
1270733052650688513
1270459270786670593
1270438698220433415
1270404696260448257
1270369333458370560
1270070939464671238
1270024207196286976
1268978520895762433
1268944531858378756
1268928112168890368
1268652494252576771
1268618383064326145
1268585919919132672
1268572629348352005
1268296600180469763
1268285203979665415
1268275146021908481
1268201643780292609
1267928942226345985
1267888501065990145
1267844733583458304
1267495792098586626
1267495791310053378
1267471256674279424
1267469553463971841
1266806216048676864
1266500717679915018
1266430662548099074
1266406922372210690
1266395251289268224
1266392738603376642
1266075501015293953
1266074246633197574
1265779661818208257
1265779660673212416
1265733850250051591
1265693115345776641
1265669158714425345
1265669156151726081
1265380302890962945
1265363338223144960
1265295578633768965
1264984519666536454
1264877452817502208
1264633431981535232
1264363062771015680
1264243082448510976
1263934964770488323
1263927398367727619
1263909107733585922
1263889913684144130
1263859184958873602
1263568171845529602
1263546502368149504
1263518428889075712
1263500068373610497
1263490987093045248
1263216516067180545
1263181395532361728
1263124912098742272
1262856972027801604
1262837133284380679
1262767448450875394
1262757024581865481
1262474471098761216
1262438410544873477
1262389489915383810
1262160797754626055
1262019525593247745
1261698643540750338
1261469151303884801
1261468818444034050
1261468817819160579
1261407731606568960
1261387519725309952
1261312723440279552
1261042302417543168
1261027531051892736
1260996478178377728
1260982727144333312
1260959639094677508
1260929692095459328
1260689197133901824
1260631918162444291
1260631601190486019
1260611186107826177
1260584979379167232
1260574039111860230
1260322444432334848
1260303732572651522
1260246065426595840
1260244056975847426
1260242483742756864
1260222785995132931
1260212868508725250
1259939763223703552
1259921001225375744
1259888269686452224
1259861301460959236
1259469805968592896
1259174717661028352
1259132360869675009
1258848808471015424
1258811322160029696
1258771908201504770
1258764827704676352
1258525056126169091
1258487735729508353
1258481354129453057
1258456683740831752
1258416551302176777
1258111099205038082
1258070042551422976
1258053392619974661
1258038123218513920
1257760043640016897
1257747239260348417
1257730085907509249
1257702886521417734
1257671520568201219
1257401970446536704
1257383078990958595
1257382424880824321
1257357680978640897
1257350777800196103
1257343370776764416
1257328082257694721
1257311464093675522
1257007637801193475
1256340479358021633
1256318321265455110
1256260215936344064
1256243132259278849
1255927995426058240
1255910213196173314
1255897926615937025
1255879656642920449
1255856861359865859
1255602286753124354
1255594094161690627
1255568980460404739
1255532243486998529
1255253840632451074
1255252594622169089
1255178956988387329
1255152809298677760
1255145703531143171
1255132197813497864
1254856206528593920
1254830969267331072
1254819388869545987
1254772602729459713
1254504759924580355
1254471132385812482
1254119914782306309
1254051757271011328
1253798142719467524
1253770589367676930
1253742971620655110
1253670165860028416
1253449794149900288
1253449792895815680
1253448413108211712
1253414567595540480
1253404314875420674
1253385015091740672
1253354644392349697
1253086520174686212
1253083638935293952
1253069143240212483
1253051266915274756
1253038182070923264
1253017342356983808
1252973877292081152
1252701119983366144
1252697357919158279
1252676334595211264
1252664666997874688
1252619967180296192
1252574967255965697
1252343245926850560
1252330041742065664
1252321390549766144
1252283392735023108
1252271072004706306
1252240452499234823
1251609804231061504
1251609663931584514
1251239712926445568
1251238323093491713
1251230389634584578
1251216340511346690
1251172426261712896
1251163946096005121
1251131099998232577
1250905653851361287
1250904984574705664
1250842884120731652
1250809534928564228
1250786033760944128
1250524353562914817
1250498783823253506
1250475143501135873
1250448985032097793
1250431104529526787
1250123799619608577
1250119032570855429
1250079411245891586
1250079410306396166
1249783953873162240
1249762107249344513
1249694352202502144
1249424771374288899
1249323174925393920
1249033492324913152
1248695352246575105
1248663295747330050
1248663294564597760
1248619064089432068
1248336050096914448
1248262562946351105
1248252590128803841
1248233567785713669
1247996340115853323
1247973700097449985
1247955564107370499
1247940784902615041
1247916394387308545
1247903771058827264
1247760850049363968
1247625363578130432
1247598648516653058
1247572364361154562
1247541686885965832
1247539304588435461
1247294288368742401
1247257020815872012
1247233250235502597
1247199082793361408
1247174527303536645
1247158750101766144
1246521804694401024
1246462195107598336
1246171143511343108
1246128339422793732
1246112823639506946
1246087892314750977
1245832051384819712
1245801564851310593
1245765200915173376
1245741683658182656
1245476362892324865
1245447696061739010
1245447693184491520
1245444801459302403
1245428491912384516
1245375161106391040
1245367549627437056
1245331118121013248
1245131384491999235
1245103267778002944
1245087523099025411
1245080702695149569
1245066536370556933
1245060551836938243
1245049403624357889
1244702786652168193
1244687913721499649
1244653950046961667
1243945520000835586
1243942239275036672
1243642387332829184
1243598125362753538
1243598124070903808
1243593763798298628
1243556824525258761
1243272634722181120
1243262786257465347
1243261198616924171
1243248041123078144
1243231932273524736
1242918622907052032
1242909318988607488
1242899878830891008
1242892210015797249
1242886808112967688
1242802811680759808
1242541209127616512
1242532404713132032
1242502950578204673
1242491781121531906
1242479171064004608
1242473016568791041
1242473013834022913
1242467888025534464
1242465105629122560
1242453849618743296
1242178425433067522
1242161097202905089
1242150644900941824
1242145235045625856
1242134727173320704
1241834957305188352
1241543729791537152
1241446800868941827
1241440582440009730
1241439232222203905
1241413955639226368
1241097037375995905
1241085514125651970
1241067689247936515
1240720513212854276
1240713873096925184
1240697096128172032
1240683988840108034
1240445472554311680
1240381077467865088
1240370374832988160
1240351007420317707
1240342221179756544
1240327267588472838
1240307937450614784
1240266701423378438
1240014754346872833
1240009200148848642
1240001724082982913
1239899944108122112
1239892983014711301
1239655852182831105
1239652985292103680
1238999552495099904
1238711779695435776
1238690675010539520
1238622794524622848
1238572976704020481
1238527427397238785
1238176115853836288
1238164338919329792
1238146009789681666
1238090959595933696
1238078923071721472
1237861310437552130
1237830656870277121
1237830655985299459
1237796627328446465
1237479933351546881
1237452737626939392
1237441215366299649
1237150481128001539
1237150480461160449
1237135402026373120
1236707473446273029
1236648497069391872
1236383638419374080
1236030549212479488
1236004428257406978
1235998430264274944
1235699336966811655
1235694582295379968
1235691192085557249
1235673959649210386
1235611737065484289
1235327794982379521
1235320907641614336
1235277297504129024
1235264446752264192
1235244284200333312
1235219817696759809
1234953579863080964
1234936386840596485
1234911711074885633
1234874056891080705
1234612870438060032
1234603639819378693
1234587407066030080
1234213215736942592
1234157049434513408
1233526353078734848
1233509405095845897
1233494958348394502
1233169448841945095
1233130921685127169
1233130920871440407
1233130635457441804
1233130634803130375
1233128569523638273
1233127137638481923
1233127136875220994
1233125387472920576
1233103802162610183
1232786855399215105
1232774032531099649
1232746485667811328
1232729434655985667
1232720783631437824
1232377740977815557
1232332755364720640
1232062296266018816
1232037515596615682
1232022168038465536
1232011934507159552
1231999417986830336
1230910744184729600
1230868920925663233
1230598744057536521
1230591464754860034
1230548844729032704
1230274824968265729
1230225746703970304
1230225745131208707
1230215720543432706
1230201247661252610
1229873720300376064
1229862628815712261
1229496165487595524
1228424999851233281
1228408294479405056
1228393556865437697
1228392142189604864
1228076713986469889
1228059668108501001
1227991633305755650
1227714677074997257
1227711675060641792
1227706164575690753
1227702992369070080
1227664745207123970
1227358072756228096
1227329437047365636
1227302215859220481
1227279015104438272
1227246124135862273
1227243896612237313
1226977694258225153
1226938645703208960
1225910403856838656
1225906809711538181
1225895509933490176
1225603357202665473
1225547614151729152
1225510188406493185
1225196956496121856
1225176996893921284
1225167157706792961
1225086611261620225
1224887662399483905
1224886009059520519
1224879936223301632
1224879182628425728
1224820036893921281
1224788381240102915
1224739472564195329
1224714999416918018
1224414227902930944
1224414227168927747
1224414226325934080
1224396665202802691
1224348686102224896
1223631643124142080
