1286056135460630528
1286056132142931972
1286005473813188611
1285715603433631749
1285623913830060035
1285325257902116864
1285319231568060419
1285237903522766849
1285237902562205697
1285207129398353920
1284173994510495745
1284156100170977282
1284147977213415424
1283515321710673924
1283463838529183744
1283439908972105728
1283433705546162177
1282773523581284359
1281654007778340867
1281653314493415425
1281611598478610434
1281290408358752260
1281290407465431047
1281290405305352198
1281276285923274752
1281029432132751362
1280966130128076800
1280932229968023555
1280593466704216066
1280572496249524224
1279464080772907008
1278827291892764674
1278827290886094854
1278827288612790273
1278800529053888512
1278763595631910912
1278730256162136065
1278703764715835392
1278456936061644800
1278456934857834502
1278083084781486080
1277988044617003008
1277955051609358337
1277955049570910208
1277951961258766336
1277735301226659841
1277731529117106181
1277731527590383619
1277708149978472449
1277708148862787584
1277396049171226624
1277376524434448386
1277275102107893763
1276602304385486849
1276563856786173953
1276563855573950467
1276536312603041792
1276323350273556482
1276227750727221248
1275960293206753288
1275906084394369024
1275861528789561345
1275861527912988678
1275823402725539840
1275823401182072832
1275573099463872514
1275543117240942603
1275066598152261635
1275066596692656128
1274046880838713350
1274046879945326593
1274008846915252225
1273768567859826689
1273660648069771269
1273660646983426049
1273660645704175616
1273404585542066176
1273349782648639499
1273314216447967235
1273294597872115712
1272958182495784962
1272958181350813696
1272958179345907718
1272603821701845006
1271859566616199171
1271543590284677122
1271212458611560451
1271212457248329729
1271097962245038082
1271097955337068546
1270823355265044483
1270726720509837312
1270479893088870400
1270447850271408128
1270010829971222531
1269364894824116231
1269047575610560516
1269047572641054722
1268992392629272581
1268992391022772224
1268674583672107010
1268282752455057409
1268282751645560834
1268282750668288002
1268282749598777350
1268282748193693700
1268282746515992576
1268269827350769668
1267809981962821639
1267809981107253248
1267809979827970048
1267809978888466433
1267583688361021442
1267583686582636546
1267583684686811139
1267558976478117894
1267551451192180737
1266446735003484163
1266065258789175302
1266065257388179456
1266028548453814273
1266028398687772679
1265776731081891840
1265776729806733314
1265689774058352640
1264963216519704576
1264222826581692417
1263937260384407554
1263902535984779264
1263868943443415045
1263467611116965888
1263309163473633280
1263238860936445953
1263215360158957568
1263183287763251200
1263183180812529666
1263183168523427841
1263169967169691648
1262839146525196288
1262839143685554178
1262798725333815297
1262798722603323392
1262752987971125248
1262752985576136704
1262462792365420552
1262407005098184704
1262407000350093313
1261762038692536320
1261718750543392768
1261371620494503936
1261104382957027328
1261039891305172993
1260945347653840897
1260941759527497731
1260689451992391683
1260676536803434507
1260676533930332161
1260654020760236033
1260334634770092032
1260257403938930689
1260237525744062464
1260231823877177351
1259945458056736769
1259945456085471237
1259945454936231938
1259945453136773122
1259882195340197890
1259844119867908098
1259844068470898689
1258843709128478722
1258843706897117189
1258805744675311616
1258461712187097088
1258451768914128896
1258428725357658112
1258174552619835395
1258166098496806913
1258099904909578240
1258085464508112898
1258058628474560513
1258057692196876288
1257809868867674113
1257749104509071360
1257730707998355456
1257730705712394249
1257723947807883265
1257398814232715265
1257396641696448515
1256252310663168000
1256222563560235008
1256222552122363910
1256222539237535745
1256222504143728646
1255960808376414208
1255936407958323201
1255922031574626304
1255638112346259460
1255617662824198146
1255603214742945793
1255567451934404610
1255567444414009344
1255528836961370115
1255304209475518464
1255239495416504325
1254913909519265792
1254863768707874821
1254778631844294658
1253858210051756032
1253857937820352513
1253798283677519875
1253484703144960000
1253445680791724033
1253426853311725568
1253424797440077824
1253374094508208128
1253045778966331393
1253045469690953731
1253027333168119808
1252678192571265030
1252678191031947264
1252620210445656065
1252350740917411841
1252319958643740677
1252299142141009920
1252288197960306689
1252283839881318403
1252279846274773000
1252231053122641920
1251968648056582144
1251968625415729164
1251553097157140480
1251282769411559426
1251213261783121920
1250857228632051718
1250774493909397507
1250774492969865216
1250774491753578497
1250451258034585600
1249778221454950404
1249765693526024192
1249387619450052608
1248339789138575360
1248339784830988294
1248315916280102913
1247945411215667203
1247615897663164417
1247615801957457922
1247581576210395137
1247529905815826432
1247206632536276994
1247192800732622848
1247192799352668167
1247192797620379651
1246170076551827457
1246085457819119618
1245812365133787147
1245793612937428992
1245759603792588802
1245730233766088708
1245422909641953280
1245394047788777475
1245380979704967175
1245080456376320001
1244998328233926660
1244783504786894850
1244765811912380417
1244700240806060032
1244659032448786433
1244643585934397442
1244643581362679810
1244017868565594112
1243660768152862725
1243660765753720841
1243620614222630914
1243604900233297921
1243592884575711235
1243590327417659400
1243306161149022208
1243266135849664513
1243241014929825798
1243210556766670850
1243204630978445319
1242966479986884610
1242916348596039682
1242916347375476743
1242916346222043137
1242916345051742209
1242916343537635330
1242916341650202625
1242860234126868480
1242609139097968645
1242550185819078656
1242537844704522240
1242537448560877569
1242518587476258818
1242495642284498946
1242449061057376258
1242447133632069634
1242248824372039683
1242248821788344321
1242200184609800198
1242080799865921537
1241786367547498496
1241781660380729345
1241772288430792705
1241437369074626567
1241165218207711233
1241136282857869314
1241111353768755200
1241106674913619980
1241106618198249472
1241084551083982851
1241042298839928833
1241015021221679104
1240794904793661440
1240748118964084736
1240736738672136193
1240736547525341190
1240697326705901568
1240695352681848833
1240672929916035073
1240669564347863040
1240669555552370688
1240638414883557377
1240627825947877383
1240345668398600193
1240340841312501760
1240327871698214915
1240327870582599681
1240319700778844160
1240309848429953033
1240298099903430656
1240295090955997185
1240007794335588353
1239998469957390337
1239988573560098816
1239987084041093120
1239986984170422272
1239979878772019200
1239967483311738882
1239956187665313792
1239937092081377280
1239912107291938823
1239645664797229058
1239645661064237057
1239639175021953028
1239639173444796419
1239594718671122436
1239585875551535106
1239576521511251968
1239576428590575616
1239561850708275206
1239561849730932737
1239561193909608448
1239559271429308416
1239543796846772225
1239316141195083778
1239292669064601604
1238959405900738562
1238853709754400768
1238842395770355713
1238828178606559232
1238554026624593920
1238554024762359811
1238532005249331201
1238506757057589248
1238506495735672841
1238206124517621761
1238162632370257925
1238162631510417408
1238162630663114759
1238129906900520960
1238111258194436096
1237893326554025984
1237892271791411206
1237866605599744001
1237834487498768387
1237834471568822273
1237822987627266048
1237790764538740736
1237790763313922049
1237790761548120065
1237513797251870722
1237371997673357313
1237158695735353346
1237136278086443013
1237136275926376453
1237105399024754689
1237105396550184961
1236750861659000836
1236750849994641409
1236750847389949953
1236399486508789760
1236399477839278083
1236399474903322624
1236059929833885699
1235988526208073729
1235711189809860608
1235673645655224336
1235370854877454336
1235319447893815301
1235319444915859462
1235319428516139009
1234933529357824000
1234875985121759232
1234631670948679688
1234476991530795008
1233841012071636993
1233814317599993859
1233534360919461889
1233534350337216513
1233520498203660289
1233520497096351746
1233520496165163009
1233520494776852480
1233495776506105860
1233478448116617216
1233431162997137408
1233151768953053184
1232821265276096513
1232821263510491144
1232821256589860869
1232810531200868355
1232798423033708546
1232762715434864642
1232434146502303746
1232434145495678976
1232434143771783168
1230982316505387008
1230896116843106309
1230567040009764865
1230530241006833665
1230256290972229632
1230198507795046402
1230171773758562304
1228685484097966081
1228091263423000576
1227727629090000898
1227665367268548608
1227389958970843136
1227353053382238208
1227275014837350400
1227007371945353216
1225917728562843650
1225917427973791745
1225491170538795009
1225210853064048640
1225199610144206849
1225158403334590464
1225145662204981248
1224712548253143043
1224034288468922371
