1286058547227185152
1286053621164060673
1286046455829073930
1286041740768620545
1286033982828814337
1285927296403111942
1285751355823525889
1285711866887639040
1285694042999857152
1285681546612047872
1285670170636288000
1285665239112077313
1285591952529006592
1285569222194667520
1285401636509233153
1285374676932468738
1285369473109839879
1285353442647605250
1285306761927434240
1284538816557207554
1284538815093383169
1284283142946394112
1284267755559170049
1284260943015415809
1284232802062471171
1283928418904690688
1283928417625427969
1283928416413155335
1283928414378958849
1283924796112343043
1283902429763964929
1283885711188467712
1283862662703652893
1283825670892728320
1283783424277348353
1283510877073731584
1283510134979862529
1283504207602032643
1283495043047858177
1283450396900499458
1283438355938779144
1283410181280456704
1283409260316184576
1283187568603992067
1283174847342956547
1283105995317706753
1283081627476910080
1283046900124528640
1282865835493785600
1282834019600814084
1282800071701037059
1282395388620738561
1282053522423455749
1281749331096346626
1281726542813507584
1281685168454017025
1281675767210967041
1281628775273443330
1281615106338684929
1281365091728994311
1281360323136696321
1281348414329036800
1281335509596307456
1281270616293867521
1281214609693835265
1280970218890641408
1280961588435079171
1280955528018042885
1280901902490898432
1280648857530007552
1280640394515095557
1280634402003877890
1280619821663760384
1280613006884442118
1280607466988933120
1280315785349599232
1280294632790863872
1280292489929375749
1280288184748912641
1280252654644596737
1280247987474751488
1279450866018385921
1279398187606908931
1278821416339673089
1278821282990129154
1278817846714413057
1278805586902167552
1278797998550548481
1278761492263944198
1278709644144377857
1278451031836446722
1278436513785798656
1278423347194474497
1278408040157458432
1278375971071107075
1278115664021110786
1278105322972946434
1278095078205149184
1278088882265956359
1278080567419035650
1278080558522937344
1278079672283250689
1278004816422285313
1277973861842030598
1277956630211112966
1277769957619662848
1277769514545971202
1277756085689081861
1277716600356065282
1277702640240078855
1277637005736845318
1276668165737656334
1276648538273992710
1276618732945768449
1276603905867210752
1276559500217143296
1276320043073142785
1276296603008204807
1276285568176046082
1276273130911260673
1276200349498474496
1276189117446066176
1276173583203565568
1276141264887578625
1275946735534301184
1275896579103158272
1275893253401907201
1275881880366309378
1275881879279931392
1275881878172643338
1275881875777732608
1275826933054550021
1275811911477735426
1275778952443891713
1275599657377452033
1275568598807982080
1275540901486526464
1275530425516134401
1275523150957207560
1275479227408793600
1275418992526622720
1275243495037509634
1275199279100035074
1275179838823895051
1275170555507982336
1275145093620645890
1274142027479953408
1274112902916702210
1274084474536558592
1274064595402067968
1274064268397285378
1273799795841384448
1273787798785490944
1273767874105131008
1273734469615341568
1273707054608396288
1273694186743705602
1273637882838822914
1273610248214007814
1273393036706357258
1273359911452196864
1273354670854078470
1273344014507479040
1273339847692955651
1273274745375653890
1273053211218382849
1273016098703712256
1273001972849938432
1272991244675932163
1272928188579094528
1272722308638093312
1272684823090548736
1272666634818387969
1272635361785675781
1272621911441276930
1271592387522035713
1271539965072203777
1271533641412292608
1271230236638810114
1271186768201748492
1271173319786729472
1271153217657765893
1271112536922955777
1271098626929016833
1270888875788054530
1270848973058736129
1270823955545260032
1270809125262446596
1270798436347121665
1270748131202863111
1270738572207894529
1270470593868189698
1270451635978985479
1270438070886817792
1270147950199615489
1270131375165890560
1270111890946101249
1270095490865147908
1269298275032666113
1269030851880325121
1269017579709960193
1269001070115606528
1268993427464753155
1268930939264159744
1268912901844336642
1268666550451658752
1268644904957292549
1268633431287762944
1268617435139108869
1268569150408065024
1268538712830377984
1268344736840126471
1268295639181361160
1268275891047731200
1268263904167297024
1268245085491208194
1268198048997552128
1268178907976663042
1267944978250108930
1267923547361607680
1267915972544999427
1267825563315482624
1267617647966986241
1267578371178889218
1267551733976387584
1267546391481651201
1267495189079379968
1267494494355836933
1267450487894310912
1267118710407475205
1266528948168593409
1266488596510498817
1266463220321132544
1266455576135024642
1266388665783201792
1266117279890255874
1266087470246105088
1266049357520031748
1266040727219339266
1266024694978875394
1265774241271726085
1265735494572429313
1265733926317940736
1265720259857846273
1265685002706202626
1265660248804790277
1265632205209993216
1265388561962078208
1265373505597714438
1265360710399377408
1265323568797229056
1265289476059934721
1265032613686923264
1263953524150411265
1263933073592287237
1263893094518439937
1263878751131222021
1263868416408129537
1263854992856932358
1263834104459595783
1263624194861998082
1263591676863381505
1263552793484328963
1263519617412222977
1263519611762487296
1263502840946921473
1263487378498387969
1263487376036429833
1263455940185133056
1263254206431072258
1263213575931215872
1263142153112387584
1263129877844307969
1263105828443303936
1262871146044817411
1262837193770500096
1262769435263238144
1262733977292431361
1262556403014742018
1262501244612067336
1262482217172979715
1262400057401315328
1262110200401723393
1262110194777161728
1262110188775059458
1262110182701699078
1262110177131667458
1261738762331095040
1261688364631306240
1261471122668679168
1261414970463449088
1261402568149790720
1261328995129442313
1261091262440058880
1261044390069403651
1261021650889453571
1261021648733573121
1261003957025099777
1260972421961650176
1260955125222387712
1260731095999483904
1260691882868277248
1260681335955431431
1260680813697552385
1260679106775089154
1260621993151520768
1260612316955017221
1260582501527019530
1260397438470369281
1260382271523217409
1260347189336907777
1260326055094747137
1260245892789084161
1260231623003590657
1260207917678104576
1259966132003405831
1259946774820765697
1259932346360397824
1259550306326786048
1258915686077923328
1258903261391851521
1258881717122863104
1258864967605985283
1258814844603715584
1258782973702389760
1258753314482724864
1258551847901523970
1258551841610010625
1258516429600505856
1258501701478371328
1258488210847666177
1258462307233009667
1258418762426068993
1258180073917734912
1258139206846566400
1258137191391387648
1258131381839958016
1258085151730544651
1258085139936088064
1258071248069898241
1258056513526157318
1258030462406201345
1257779206261358592
1257764312275390466
1257752673211887616
1257727173026340864
1257708727836303362
1257685398916038656
1257428942593679362
1257413794558611459
1257403804305293312
1257031448571318273
1257031447472414722
1256693839710113792
1256655606930444288
1256632148573986817
1256389477657952257
1256358301660598272
1256358300611993601
1256345374127788038
1256323622324428800
1256309902563139591
1256235520562278401
1255978677248176128
1255957485602693123
1255945074988535810
1255915667502649346
1255905557581574144
1255893472973934592
1255879395144851456
1255863126446260225
1255588403141214208
1255587713748697093
1255546729836969990
1255523310227636226
1255516186059685888
1255490671068274689
1255296075373707266
1255263771326545922
1255242548026761218
1255191655319252994
1255173226872877056
1255148123028025346
1255126327327424514
1254930138405507072
1254911633731850241
1254812847277772800
1253848452418732032
1253789661069291524
1253783425850445824
1253771499632308231
1253771498004889602
1253485837435711494
1253457743404511238
1253444968187920384
1253414658888720384
1253369728099328002
1253364280063336456
1253348498373857284
1253124527044861957
1253102001619193857
1253084285881507844
1253051597363441666
1253030806160846848
1253003777122226180
1252971286718013441
1252750223295819776
1252728132504821762
1252709148481007616
1252647423614353410
1252621574999552000
1252604797460656129
1252389632714522624
1252367031585738752
1252346508248117249
1252341502476292101
1252306749761216514
1252271428214362112
1252257984098578432
1252225477130977281
1251287847950319617
1251210482633113600
1251184433010483200
1251158545719934977
1251145690820022272
1250902635902840834
1250858950108512257
1250846352558436355
1250830785369825281
1250822060584112131
1250780962591518722
1250565588554039296
1250529345937928193
1250517886688509960
1250506898450845698
1250490824019841024
1250475689544998913
1250460938651734020
1250455600057724933
1250439860382396416
1250413031659638784
1250236401473462272
1250177634245509120
1250165728860344322
1250114032817881093
1250096803766251530
1250067048358645762
1249803586147680256
1249790572451291137
1249729052803502089
1249403240522952707
1248731348451426304
1248695214044147712
1248679819086311425
1248636878120763392
1248616079812747274
1248366464077377536
1248351734377975814
1248323031249928198
1248299913982676992
1248299911147372545
1248287876045049861
1248275841940930568
1248022612153741313
1247994547294146563
1247990975852617734
1247979814033731590
1247962829690490888
1247925870649540608
1247912598592512002
1247647424820260870
1247627377317986304
1247618938965557250
1247604780945588224
1247543920138940417
1247519253672034306
1247303567691722758
1247282269032718338
1247266178734731264
1247256947843371008
1247187724035072003
1247173832135278592
1246207213930250243
1246173472570724352
1246164437461073928
1246151255195598848
1246090812615806981
1245858201477603328
1245817839078039553
1245797684746878976
1245791736905023488
1245739759877619714
1245716916972511232
1245702332685455361
1245516423528624130
1245516421339271168
1245476896667828231
1245457337009213452
1245165689964498944
1245135664787722241
1245116690033192964
1245096135636721665
1245084416281653248
1245069447863373825
1245057941922820098
1245024151531896833
1245000190244859904
1244979500963762180
1244773957015949312
1244762999824560129
1244745827932930048
1244733326025535492
1244718527732486154
1244432544831078403
1243591187786862594
1243561458736279554
1243382174511796226
1243300274694959106
1243279435563970560
1243279432170733574
1243279429159321601
1243279426269446147
1243279413598457856
1243263291625005063
1243204342452289537
1243185786771693577
1243174894688505861
1242954320305364996
1242931843424571399
1242931842220806144
1242931840966709251
1242931839989358595
1242807417882238976
1242586777975742465
1242555177502224384
1242544149246685188
1242505104231669761
1242505103103406082
1242505101958352899
1242505100331024385
1242505099102097409
1242505093951389696
1242442316411031553
1242230279437258757
1242204786927251459
1242189650271272966
1242176387148062722
1242124461928779776
1242113199115304962
1242077464559595520
1241762176249090048
1241476546537365505
1241427857831837701
1241159901185028096
1241082848863494145
1241067179795234818
1241054624104226822
1240834289941561346
1240723182031712256
1240700330079223810
1240685125203111938
1240667777930792962
1240382527916912641
1240359660085010432
1240342907707625479
1240308147610423296
1240069779030933506
1240042759056211970
1240029195134291970
1240015116478951428
1239995442030616577
1239933733211381761
1239911570135711747
1239659040780812288
1239640024326471686
1239629202481197056
1238935361579032578
1238554332909449216
1238528590922293248
1238519577920888832
1238252497434746882
1238219127434686467
1238203417983672320
1238176712355205121
1238176709461061632
1238086108317179904
1237861900735492096
1237846723927494658
1237801737735622659
1237757362166992896
1237744225254608896
1237494121159438336
1237487770580418560
1237447386169053184
1237417496505987075
1237409213036576769
1237129903885160448
1237115952099217414
1237103317324574722
1237034282327117825
1237034274601172992
1237034265436729345
1237034256200863746
1237034248432955396
1237034238958059520
1237034226605793285
1236700834571980800
1236339988800905219
1236038960931094529
1236030770105458691
1235691649407291397
1235681513108369415
1235673401542537251
1235589687126839297
1235341142914404353
1235331543926796291
1235302503761219590
1235294434448887808
1235277460511633419
1235248709505601537
1235231424740982784
1235002028746792960
1234960909199646720
1234932241593229313
1234910150609207297
1234905235996454912
1234892324095827971
1234870532186787845
1234613811686133760
1234613635302985728
1234583751621070852
1234556855608889345
1234548817262829573
1234542139570376704
1233925336485814276
1233537182771666946
1233507979489660931
1233480448958980096
1233429093728821250
1233415061433131008
1233168159567417346
1233152146360668166
1233141841102606338
1233131588441059340
1233052471066595329
1232810103679655936
1232795800968712192
1232786976014839809
1232779419904880646
1232761507789885448
1232696633571397640
1232692797960003585
1232464577952043008
1232448767258849280
1232439391752093696
1232432321317371906
1232426263064776710
1232067278922973184
1232062942742548483
1232054038415466498
1232046900993560576
1231024545882103809
1231010691642986497
1231000113730007040
1230992793276993537
1230968167922651143
1230926984856965126
1230608717491687424
1230598874810724352
1230585220807741440
1230576832380100615
1230510234587815936
1230285869623496705
1230256857312305153
1229936029479657473
1229889652368314381
1229884479491231749
1229874967497641984
1229478350827094016
1229464306728628224
1228835898302902274
1228814084033957888
1228798758865055744
1228786359332040705
1228748852162965504
1228452756853329920
1228444184899653632
1228433150805762053
1228420820596334599
1228342450676207621
1228111389664907265
1228100906652258304
1228068428981952537
1228055874100486153
1227961140749242368
1227750506321371138
1227741384733601793
1227737492260098049
1227370915509473280
1227350562070548481
1227334244906741760
1227323087995183107
1227013365312163840
1227002793501831168
1227000095301947398
1226987048243994625
1226218862405922816
1225909954692964352
1225882154275672067
1225793874150543360
1225567636639145986
1225559284492230657
1225548503205715976
1225540548410445825
1225477105997275136
1225472463947038720
1225188696720388104
1225175253044858882
1225163997030174721
1225155194058690562
1225120763524648960
1224909703857233920
1224909506896941058
1224862401377468416
1224860140630876161
1224839409700352002
1224802390664269824
1224799361114263555
1224501475315011585
1224457224073793536
1224443437514018829
1224389258854703105
1224054862561906689
1223403813790416896
1223402350116855813
