1286058533457403905
1286054248866811904
1286003274345259008
1285694700024930314
1285627570789199876
1285340238580260874
1285327542010994690
1285310256013246469
1284842601397522434
1284532996075290626
1284531718658183168
1284210164174921729
1284200115536887809
1284131420252909568
1283825152011141120
1283800738322358274
1283500912435171328
1283409625094729728
1283404355291566080
1283186548939403265
1283135872448303107
1283123808237387777
1283093210810724353
1283088563312222209
1282770610616180737
1282748457564942337
1282731498622328833
1282728850850447362
1281992366115753986
1281686511096934400
1281645010438565893
1281635813827186690
1281633622009745408
1281604644561707008
1281602297164947457
1281597759167041538
1281296279381970946
1281292333942804482
1281290504811032578
1280941857430740992
1280921989004382214
1280605100441042944
1280593274298908678
1280590871226912769
1280544038538575875
1280253587948527622
1280221190842454020
1279774181140430849
1279437597325041670
1279166478915457024
1278810288100454400
1278747049115123715
1278443599017934858
1278416339296755714
1278376735898304512
1278319622014619649
1278125723702738949
1278071527444041730
1277983517704585216
1277970792437870592
1277954791621242882
1277688127788855297
1277675619892039687
1277611914311487488
1277608144676564998
1276885000735121409
1276552017431932928
1276302846330310656
1276277288812896256
1276208909808779264
1276169936952492045
1275824952873234433
1275791031062192129
1275501779036377089
1275469515577491458
1275149521014665221
1275076105632796676
1274799871531286528
1274357045819518976
1273990023902363649
1273985666431451138
1273632592936476672
1273327029581160460
1273299732199354372
1273285033495875584
1272973192034951180
1272949271927689219
1272923512408342529
1272921360961081345
1272644819253366792
1272544499579981825
1272252587027333120
1271855014387093504
1271530894667517953
1271508851754504192
1271105391171121153
1271089734329171968
1270768440375218176
1270753995867459585
1270722142565359626
1270443411540250627
1270412366434504707
1270028651405488128
1269716637646798849
1269351078409179140
1268993455444897794
1268665481709445123
1268658388940083207
1268551456262705153
1268286716747579392
1268253097043910660
1268234090043658241
1268171036618567681
1267590016403935239
1267522186354593792
1267166023016501250
1266437137072783363
1266404560538669058
1266106620158906387
1266103261574070273
1266024446873214976
1265755829111869440
1265687777968099328
1265388644107538433
1265360194973904899
1265333313901867011
1265307609722224646
1264987946647793664
1264561741041721349
1264263660245041152
1263933859978268672
1263884985339183105
1263545421089079298
1263520654088966154
1263463273992785927
1262853610100207625
1262415208980545537
1261431495270359040
1261295221515653122
1260957467380535297
1260957214967291907
1260225177566228480
1259858344736677888
1259504841552023553
1259189875212943362
1258807145736425473
1258511286263934976
1258488919265628168
1258401257934503936
1258208358462640129
1258053369693904896
1258043167154282496
1257419398031257609
1257401620339531776
1257395809102041088
1257395753313546240
1257386840535044099
1257350521352003585
1256577558159769601
1255921403976650752
1255562978495213568
1255281051901059077
1255235086473142275
1255145359656935437
1254803971610460165
1254777260743131138
1253763676093497347
1253469392928509952
1253431799281156102
1253431664966942722
1253389734937853952
1253056672374894592
1252997711126597632
1252653008665665537
1252620766329344007
1252618105106452480
1252326404672368642
1252303549536653314
1251899745628499968
1251211546123997184
1250882115065036800
1250858888456482817
1250820886942359553
1250503916573392898
1250192904779374592
1249749017526972416
1248995766124904448
1248995357280940032
1248725447053017089
1248351866884444162
1248351689020751874
1248305034485473290
1248295399875653638
1247995340160147468
1247955668843352065
1247675790713655298
1247662607194034178
1247641492585435138
1247616923619274754
1247295673902530560
1247235694872985606
1246492736494227461
1246492524837036037
1246484033913176066
1246164569782960130
1245861264636530688
1245821396074344449
1245817512551424000
1245770894347288576
1245731015135559684
1245475335484964864
1245437036120727552
1245421666265636864
1245361760682606592
1245355619575648256
1245081398123343872
1245055817604349953
1244734960004747267
1244324879421394946
1243978233860718592
1243613126790205442
1243308850540838919
1243197533498769409
1243173549940097026
1242932002577362946
1242918133121384450
1242878113471778817
1242532832389607425
1242525047132225537
1242482777901105153
1242200634285326346
1241752770325217281
1241749850997362697
1241704328722894848
1241458388137017346
1241457053270499328
1241113749777416192
1241053994404937729
1240751346053263361
1240749956329332737
1240719154728046593
1240646159548452867
1240357629479866369
1240344485051146247
1240331540757954565
1240298998017245184
1240258704626384897
1240065350743531520
1239987332511604737
1239946503961051136
1239672230763692033
1239638640873127936
1239588656333107201
1239563544439463936
1239240594553221123
1238578457212264449
1238566444595589120
1238484824119271424
1238210127322386432
1237755754242871296
1237489555302952960
1237473740155310080
1237455350661554177
1237422698604699649
1237375109456936963
1237371194074173440
1235636292488134668
1235355524583034880
1235355067508822016
1235272459097690119
1234933843402117121
1234912204144680961
1233847958644416514
1233176551925125120
1233100620078428161
1232751068028772358
1232360116172840960
1231975484495364097
1231357432372375552
1230882944698474503
1230621395446575105
1230604733636894744
1230599720357199873
1230149827234877440
1229891667118956552
1229838078858145793
1229787880102518784
1228431790781673472
1228412694291718145
1228021790766764032
1227721577611038720
1227710510101073922
1227632206367117312
1227239196202557440
1226990349886918658
1226906277638541313
1226902816918298625
1225845044969648129
1225611225821798407
1225543395185168386
1225522807494320128
1225517686316249091
1225200740723052544
1224827966703702018
1224757374797459456
1224720906171363328
1223995807818571777
