1286078287824003072
1286076464182550528
1286075523781865472
1286075248023162880
1286066554426269698
1286063242410962946
1285492212936171523
1285373553706258432
1284368374299078656
1283763738458427393
1283567019036741633
1283395693239992325
1282785858987397121
1282345170940366849
1281794009560645632
1281735295281569796
1281734982084579328
1281734627347107841
1281397488646316034
1281299290346799106
1280716900108886016
1277995050916405248
1277963281634713603
1277963001534939138
1277962687142486027
1277962095452057602
1277961836852211712
1277960700057403393
1277960351716278272
1276510990839005185
1276264782799273985
1274186542043594752
1274138321556574209
1274137928478994432
1274136780091129857
1274136033693761536
1274134361839935491
1272657926461718529
1272654388566384641
1271478505642041347
1271223847224848387
1271220922410770432
1270151898763538435
1270147305358966785
1270146856228659202
1269215086352240640
1269058639689592832
1269053811538251784
1269048062586114050
1269038626911944709
1269038270064844801
1269037172637786114
1268973524414316545
1268973203294244864
1268973075023966208
1268973020279910401
1268943242810228737
1268916049606586368
1268911573067759622
1268900816120840197
1268349808298856448
1268010373652905984
1267938166058758145
1267891999543308288
1266824298095955970
1266819445726556160
1266817790197075968
1266814451245813760
1266812840326897665
1266811993983537164
1266809613388824577
1266414794128621569
1265621982877548544
1264749041327525889
1264748058979467271
1264747712416751617
1264747145246187520
1264746662783746054
1262567699432996864
1262566985860288513
1260752053653168128
1260220131147493376
1259200654251343872
1258957288762519552
1255596363523469312
1253850414178541568
1253849981280292864
1253849658239180801
1253848751493591048
1253847741597462533
1253846152522465280
1251949156404531204
1251948820658819072
1251145999604736000
1250257509891420161
1250257164490465281
1250257006876938242
1250256814664540163
1250256452154986497
1250256237691678720
1250255236591124481
1250254721018888193
1247272463001686017
1247271191519395840
1247270929752895500
1246956849523548163
1246955166882037762
1246954945544323075
1246953119168319490
1244732533943799809
1244732123724099584
1244731877950402569
1244731602414034944
1244731264789291008
1244730919195377665
1243638730889592832
1241840166853058560
1241837811579392001
1241837590942277633
1241837193657712644
1241837068013244418
1241836936546877446
1241836819362299906
1241836669533335553
1240441076244271104
1240395017132347393
1239342155770011648
1239341319924965376
1239340728800722944
1239340055505887237
1239339427249508352
1239338766122266632
1239338451834716161
1236848905406550017
1235476679683756032
1230175521650225152
1229969704766386181
1229896771888873477
1229896146077745155
1229895567028969472
1229894665123631110
1229894161303773191
1229229878404427776
1229229843180638209
1229228280991113216
1229227772939243521
1229227506554765312
1229200890965266435
1229172485003804672
1227966087679168513
1224802310259429377
1223648124247461889
1223647758185312256
