1286057139639902208
1286028021946875905
1285712838976299008
1284600657425707008
1284348583144239104
1284184000827928576
1283856269556809729
1283444407677722624
1283436059905466368
1283419279120044041
1281630846705958912
1281610737081778177
1281329219071598592
1280614552632283137
1280242995682516993
1278734562600914944
1276525910045442048
1276318318694187009
1276210095500689409
1275900859755433984
1275830695617839104
1275170006049918976
1275058898823778304
1274398434217385984
1274031216057094148
1273782329786486784
1273723252825886720
1273653421330051073
1273605485254660096
1273323622426427392
1272625662461915139
1272603231194091521
1271463379102769153
1270790950047166466
1270779582191411200
1270779519314595840
1270735499385352193
1270552568322719744
1270442192859996163
1270402537355710464
1268916840757104640
1268639593299050498
1268575157075038209
1268311688610304000
1268020266791288839
1267566312710115342
1267539052615565312
1266424021681348622
1266399961115230215
1265746439268859912
1265742123372089344
1265714025222078469
1265323119205548032
1264959451066437632
1263549696804622342
1263494381119643650
1262881082262814725
1262867428993912838
1262837947201658881
1262825608079388676
1261445966114295813
1261373898844561408
1261338707354845185
1261032607321645057
1260005855048667137
1259665047204356096
1258520502194155520
1257718255797624833
1257681445562339329
1257407973779025921
1257379730044661766
1256325714946609152
1255922462258315264
1255206187227926528
1254820662599979011
1253481936628133890
1253414703667097601
1253386386301947906
1253370383706832897
1253007871723409410
1252666842658869248
1252653754656137224
1252339532403363846
1252290765981716480
1251223766568402945
1250539600709378049
1250472177008336896
1250458378935119872
1250418263533785088
1250173976804044800
1249880741187592192
1249800731294564352
1248335458939154438
1248295907226943489
1247981565390487554
1247976895267975169
1246920972030160900
1246149074656600071
1245882161816895488
1245857111130562561
1245830485600645122
1245448694507462658
1245408508482392064
1245382343386374144
1245092456770740225
1245044575472963587
1244734408982134790
1243676283684429826
1243625303563534337
1243563739732946949
1243240711237054466
1242921043863502850
1242207774387441664
1241106869453717504
1241062250334629898
1240751154000269312
1240420239696973824
1240358743382069252
1240358742182580224
1240358741058433024
1240358739678572547
1240358738600566787
1240358737610706945
1240358736520249345
1240093878792921095
1239995220915339264
1239634134064074757
1238693806767321089
1238564913620176897
1238528757599789058
1238225838795079681
1238174078181298178
1237843392257617921
1237842190887350286
1237796746958438402
1237081767347130369
1235614494757474305
1235320317939265540
1235263322875924481
1234930861314801671
1234557771737190402
1233522977913872391
1233459160278339587
1233147987477569537
1232779013560655873
1232772639581753349
1232772589577261059
1230538868966985729
1228544683544064000
1228047073687298049
1227710271650762753
1227675402992332802
1227368754318905344
1227326893868933120
1226957205712392192
1225170641852293120
1224905343672692736
1224750810745200646
1224736948172087296
1224407205962797058
