1286073034764423169
1286049630741028865
1286038218283024384
1286017809592582146
1285949462532194307
1285725997967572994
1285677542666653696
1285652765587337216
1285626670204977157
1285604931324575746
1285326115217629189
1285300192313368577
1285284295863668737
1285266470344130560
1285247847491747842
1285229569491046409
1285212899087192064
1285206204055195652
1285206201400283138
1285205576427933696
1284970268310466560
1284506771143319553
1284234763545567233
1284153706389417985
1283918588773007362
1283861925991010305
1283565512023142400
1283504107399999488
1283492028173520898
1283462080742318080
1283448803278888961
1283414383528497155
1283206144001863680
1283125441096638464
1282823214587154432
1282764704478310406
1282746689514864640
1282716920509235200
1282695781259063297
1282407380890710016
1282405619635499008
1282012781059997697
1281979310241267712
1281913657081901056
1281706764497334273
1281678749201764355
1281672337306288128
1281669587877212165
1281633910057828353
1281347648155521029
1281304849372635138
1281286072534794241
1281245498347749377
1280984505235525637
1280951286217601025
1280621993394659328
1280605004563439626
1280570213948436481
1280246111266054144
1280233569353416706
1280202246144364544
1279944401863749633
1279835182024011778
1279511549598564352
1279450900134797312
1279232712067428355
1279092035505528834
1278990113612222464
1278814707743256576
1278781740853522432
1278766558702174211
1278760097922068480
1278724614286217217
1278709766462689280
1278498625153150976
1278466412835528705
1278457019746353153
1278416333001064448
1278403289864966144
1278096340443070467
1278044851087511552
1278020941784797185
1278005679220015105
1278001319383621634
1277992978775265281
1277966116460134400
1277767557852745730
1277757260731645958
1277744908661637121
1277733332311105537
1277710934861987840
1277705209750392833
1277689292408737799
1277680880446775296
1277624166947192832
1277287897314426881
1276992953899200520
1276918463022292993
1276685175708098560
1276647930326216704
1276636644507090944
1276614960160935936
1276599520307052547
1276594935844700160
1276321005187796992
1276309450081665029
1276272980696240130
1276214323484884993
1276192330345840641
1275953101938266114
1275893002964271111
1275886527822905346
1275869516115972098
1275869165711241216
1275856099439267847
1275536859159056387
1275496090574319618
1275480733709070337
1275449785693073408
1275279153454034950
1275216031498321921
1275176987880034306
1275103137196630017
1274732307924934656
1274395337600299008
1274078033226485760
1274054171692535808
1273991584900579330
1273787331145654272
1273722055687618560
1273671788006965248
1273638612991717379
1273638611922141184
1273638610760355841
1273638609640456192
1273383923096027136
1273374161822457860
1273353271130931200
1273327623222026241
1273324440772845568
1273306664041660417
1273286533169188871
1273274933456637952
1273019521905782784
1272997170241777665
1272981577706999810
1272973468536094723
1272947139413520385
1272907926961827843
1272701174194622467
1272648325909577729
1272626431709847552
1272603008522739714
1272559099918630914
1272236361420922880
1271929274254135296
1271841509743230977
1271532904770949123
1271503136352620544
1271259172487622656
1271141889354469376
1271121081311657987
1270799068898291712
1270768086736678918
1270437759916756992
1270406379409485825
1270158167758917637
1270112144177205248
1270093602161668096
1270088157384540165
1270020405235978240
1269024950603509760
1268986414508789763
1268930075518353409
1268733027108024320
1268680682156388353
1268645727233814528
1268641825243398144
1268629595491721217
1268584746831024130
1268370387823460353
1268360572925431809
1268296052467208193
1268278848719814657
1267914749435617281
1267877389092216833
1267864535693656065
1267605017516785666
1267589306580963328
1267563463615922178
1267563462550568976
1267563461531353089
1267563460361101312
1267545019222765568
1267476785291239424
1267212759713841152
1267133235626078210
1266829822585704455
1266787457246400519
1266558951459483648
1266483202509754372
1266431194511470592
1266170139474448385
1266140695451979776
1266125138774437888
1266102929997606912
1266065301898223623
1265814294693904391
1265791645577961473
1265776042922270721
1265769068864237569
1265758594840002560
1265748611868082183
1265728105416740864
1265687507771031555
1265359378342907904
1265340170695593984
1265305383507308544
1264951861947359232
1264726124552044545
1264649872017248256
1264603063970680834
1264354673021956096
1264189702669611008
1263874330016038915
1263852442665603072
1263612033569714176
1263559330198102017
1263285884364845058
1263236811129675778
1263210807602577408
1263150642757013504
1262920225198047232
1262870269489790977
1262829854241611776
1262826585847140353
1262783814813847552
1262740037902442496
1262454798307209216
1262407233968599040
1261478449597894656
1261478448444452864
1261478447177744390
1261478445957210113
1261460607188041730
1261388618913857536
1261350630221770753
1261017411710406658
1260970125496217601
1260949992782663686
1260691791478751237
1260624617250549760
1260608919388303362
1260571247467016193
1260257588924477443
1260249977135099905
1260228805542604801
1260225720632008707
1260027161894948864
1259978591888183297
1259945408190533632
1259939904949071872
1259909812696961024
1259659489248071680
1259533190332645378
1259289048339771395
1259213299096399873
1259157934426206208
1258903129711538176
1258847941961191425
1258802676503949312
1258421612929355778
1258418903966986240
1258187288519094272
1258129268829302784
1258114256396079106
1258070021257015296
1258049848177299457
1257874514400116736
1257826913936183298
1257795505674911746
1257741831904919552
1257707772235431939
1257680448894820353
1257488936881946624
1257428019095973893
1257363763382140930
1257345365872951296
1257329118796042241
1257328931440676864
1257307742890532864
1257292122442661890
1257093330103500800
1257057737239744513
1256313096798380037
1256249089844547584
1255945844320321536
1255933617496350721
1255587623663517700
1255564943925170176
1255523334810488837
1255285245185753088
1255194160182812678
1254911428827459585
1254868589456363520
1254843636770013184
1254842729336635393
1254563661554860032
1254518866329337863
1254448150711943174
1254199512471568384
1254143895635550208
1254109670064754689
1254106606129885186
1254074186294792196
1254047222213328903
1253774855364902912
1253730647379714051
1253723754242416641
1253503425234579456
1253449069416058880
1253449068065497092
1253449066563940355
1253419038857760770
1253417604930101255
1253376715210084352
1253342364434755584
1253132984389120002
1253112318575214593
1253099900189003777
1253084162728308744
1253057015448043523
1253051411673341954
1253041053298495488
1253025778091978752
1252982412520443905
1252980251036090368
1252765580047810560
1252749205900267520
1252707380057473030
1252654072387248130
1252651912035516416
1252330179906670592
1252285385071181827
1252243120886079489
1252035502770774016
1251944150838185992
1251888311347458053
1251523514412273664
1251225047395708931
1251175704710000641
1250910087037607936
1250888023060799488
1250881691188465664
1250833964287307776
1250565099108139008
1250538629950320641
1250168702076518402
1250127681900834816
1250096224595611649
1250058268405366785
1249831176266813441
1249796997177126919
1249515145488809984
1249371448814080006
1249106326933946371
1249027683750531073
1248842295912341509
1248693481498972169
1248629108138967040
1248626962412822528
1248386781814222848
1248333895994654726
1248320053961011206
1248287054259277829
1248062574186266624
1248010984242810881
1248004692942245889
1247994818980188160
1247986321794240519
1247955367981731840
1247945382514081793
1247638530202820613
1247603834236686341
1247538873368002560
1247344760920182785
1247299571115573248
1247282486859780098
1247268538433355777
1247222447696461825
1246929357303623680
1246838760576344064
1246832468914769922
1246786106630307841
1246422700135985152
1246253906470019072
1246200131801829376
1246193972877430795
1246156599250599937
1245826990176743424
1245796744597835778
1245753358142455809
1245734175837167618
1245443056507203584
1245432609808793608
1245384175596630017
1245379940343844864
1245353453658034179
1245347679816876033
1245119378884038656
1245098371758665729
1245084755684663296
1245046915974250498
1245000974051061761
1244721811083984902
1244695024941572096
1244648966735695873
1244347615099015168
1244347364103471105
1244300535236345856
1244028995772932104
1243948465400528898
1243721721170898946
1243672734682550275
1243667614808891393
1243640687679029248
1243606982101274627
1243606981002305536
1243606979941146630
1243606978829713414
1243606977869230080
1243606976803864577
1243606975532982272
1243606972718604293
1243562088540377106
1243290882360504322
1243268191482187785
1243215693941702657
1243010323629645824
1242945816895070208
1242854760346157057
1242849232375222273
1242633802771464192
1242606120243363842
1242563540470415361
1242560789476753409
1242526129862381570
1242476824334131201
1242471768503320576
1242267136577417216
1242260593395949568
1242218315264770055
1242182386072330245
1242166181479538689
1242145082431565825
1242111361938833408
1242080561738309632
1241851324448354306
1241821449826025473
1241798977852407809
1241717435671048192
1241518704975732736
1241436318153900032
1241196754181091329
1241077458788478977
1241040511546183681
1240813810388070401
1240784371960799237
1240777156415766528
1240765491989209088
1240754322901594112
1240726233387880449
1240719744476446720
1240713162002841600
1240707300026810368
1240651358983741441
1240460230288269312
1240440098052886530
1240390521283137543
1240384502402334720
1240375885263486980
1240372958062878722
1240368458644275204
1240313244612526080
1240085259569582090
1240050491213611013
1240009824504623105
1239974385470959619
1239957565691265027
1239934768030142468
1239721748553220099
1239721608442531840
1239692169494986753
1239666395358597126
1239665602438012928
1239568603537686528
1239379063850119168
1239329026625290240
1239316762778271746
1239227608606400513
1238936943053787137
1238866982096822280
1238599324373835777
1238592926609006592
1238574893375111170
1238526740210814976
1238509177821167616
1238498806099927041
1238486379455287298
1238466090948124672
1238271558780506114
1238240353007874053
1238208392759517186
1238191557024583680
1238187834642698241
1238162590775328768
1238154577477853187
1238116788891779072
1237895329636331520
1237856864106242058
1237831660332343300
1237793033736912896
1237773844728950784
1237546279699451904
1237471720774254593
1237394445093367814
1237186156724277248
1237139348421664768
1237077083102367744
1236828979945861120
1236785768477032448
1236696933152034816
1236358956139851779
1236091443300585472
1236058476100685825
1236008558619213825
1235961839667863552
1235954868629778433
1235728165965873164
1235705399598125056
1235686537989435392
1235676710617706521
1235634683809062919
1235626882915127296
1235398879983669249
1235381767147790337
1235322518992543744
1235286800190648320
1235232316362035201
1235039763763048450
1234943126785142786
1234905612909150212
1234648938457829377
1234620788164132866
1234540222471426049
1234514474360504322
1234311968103768067
1234163489658331136
1233831300840271880
1233521761175494656
1233479734081859585
1233447773464190978
1233425924806389760
1233136038798929925
1233135969332867084
1233125215871348736
1233112313336602626
1233080604289224705
1233068524786135040
1232860151490711554
1232844297319387136
1232828694227406850
1232813343095738368
1232811027819048960
1232798495276322816
1232778036585598977
1232711090850664451
1232491723919519744
1232426783615733760
1232402277790633984
1232130594823294976
1232089825706004481
1232052328745795585
1232019613204013056
1231974242260000769
1231638350747951105
1231298108958691329
1230931946261245952
1230896462357090305
1230875968278945792
1230656380341641216
1230625791941259264
1230590465399021571
1230294747450953735
1230243488631009280
1230207800464244736
1229957525480431616
1229899923744870405
1228387745384599552
1228083593773223937
1228017745314426882
1228007383798030341
1227731573350522881
1227648309315031040
1227625507191128064
1227597939209535496
1227592926039019520
1227409737395974144
1227378531971276800
1227332478307725312
1227299259592036353
1227277205077680129
1226218638971031552
1225890005425565701
1225868079445336064
1225842410346778624
1225829750834434048
1225612394463809537
1225557784327938048
1225510737294036994
1225507452969537536
1225500466647379971
1225499903180365824
1225495121656864768
1225172116502384648
1225172115445424131
1225172114208186373
1225172113188892674
1225164525327880192
1224899771728424961
1224899644896890880
1224745592514957312
1224528250610880513
1224467349333401600
1224430258012729344
1224407204591218688
1224365168429236225
1224364973008334851
1224033490603323392
1223689725262868481
