1286068533290565632
1286048712104579072
1286036462178316289
1286032532740485130
1286030595588526085
1286014590929833984
1285949052069216256
1285923206713544714
1285735395586711558
1285717670780907520
1285698067380002816
1285681276759023618
1285665590938673155
1285653132572340224
1285649198294216704
1285644890295152642
1285578023211634689
1285560910757736448
1285347504117239810
1285319318603919361
1285306735293599758
1285297885828063233
1285291384254144512
1285275259478986752
1285256960045199361
1284956930629349376
1284934281408573443
1284916928121909251
1284899049108168705
1284655276159840260
1284294303360126976
1284231386275225600
1284210653197197312
1284203805731696642
1284174734213763077
1284150206343372800
1284148129508532224
1284120031362715649
1283841144321974274
1283839855781457921
1283814594381705216
1283810156925652993
1283779170284306432
1283747067106664448
1283561471578910721
1283518966149853184
1283431831593979908
1283389228265635843
1283167640396206088
1283148371885252609
1283127004456517650
1283110880029409282
1283092992455315458
1283075659611410432
1283055369128992772
1282811639629324294
1282810945882947585
1282798958465744896
1282779893466566656
1282762256183431168
1282694171246112772
1282355304756281344
1282135024477835264
1282084012962586625
1282009165330874369
1281954647784267777
1281757199237287937
1281718378336485378
1281703522279587840
1281655467928743936
1281626736954933248
1281602598718644224
1281602597816762375
1281577160466206720
1281335750198517760
1281319951089971200
1281304098873192449
1281288199860600832
1280999764029575168
1280999172167086084
1280977962179928070
1280966637483634688
1280948014735953920
1280930412110524416
1280929696180572161
1280911528804433926
1280628449716121601
1280596605637398533
1280572041968652290
1280554072727322625
1280287186605281281
1280208139606880256
1280188007006343168
1280127609037185026
1279855817865531397
1279793910169038850
1279762705063108608
1279491920138469378
1279483363762614272
1279448131734630400
1279432961105047557
1279087715171082246
1278844388442071047
1278785236306976776
1278706031544147969
1278687025831579650
1278443084293050374
1278433949119848449
1278403750370181121
1278387897348079616
1278369021662904320
1278352138624733191
1278152211500077063
1277974662530469904
1277963212093190145
1277724005491933184
1277639967280295936
1277625392527015936
1277436414125387779
1277359653811257356
1277350231479287809
1277324163544473600
1276975797476212749
1276975337759481864
1276929899505295361
1276643250233843713
1276624026987831303
1276616280477437957
1276602287549530112
1276602286354071554
1276587344167141376
1276587023860740097
1276559744778420226
1276548029974286336
1276505654035914752
1276260065297813504
1276249303728545793
1276236972676145154
1276228738586460161
1276213133749686272
1276213132902481920
1276213131967152128
1275837180733243392
1275837178287923201
1275549411507126272
1275508601877139457
1275500957909090306
1275489296196272128
1275466312614109191
1275417274384560132
1275158365157699590
1275128018286120960
1275127348862562304
1275106604480856068
1274786666012524544
1274726016410361856
1274393447701647360
1274056939161485314
1274048049287856129
1274024645377826817
1273993691036889090
1273959245944414209
1273958981661310977
1273956445646721024
1273726688011202571
1273726687054790656
1273691455538724865
1273676714187653122
1273654204008140800
1273629352924766208
1273345922773086210
1273319181790973954
1273307670678605824
1273284971407577088
1273271050382565377
1272967428964827138
1272942514593574913
1272923422503378948
1272900072846622727
1272600803124142082
1272592546817081346
1272575869400371200
1272565516943712256
1272564927480332290
1272501278913028098
1272273355559915522
1272194082803118081
1271866172443627520
1271827920185516040
1271566012228435968
1271563301734973440
1271539176878608386
1271531491445669888
1271500613415731210
1271500385124057096
1271095436422643712
1271078184314863618
1270818993310441473
1270817821514174465
1270793856737513473
1270776699974754305
1270774123313143808
1270755819450228737
1270414997076815874
1270397931196239872
1270381170975522817
1269338037277900803
1269327786277208064
1269095876070342656
1268998274821677056
1268997547663798272
1268981413925187585
1268966335301681152
1268951072875384843
1268943455474065410
1268677952688074752
1268649698123972608
1268640414145425410
1268587077815480323
1268557105579134976
1268366302193889282
1268358577514786817
1268350241708875779
1268267123035516928
1268243882602569731
1268240431164395523
1268234398090100740
1268211900342558722
1268209984443158538
1268207338256826370
1268184125359489024
1267960263392800768
1267909098202230785
1267873197023789057
1267866929278189574
1267855315732697089
1267842982453161985
1267553891488608256
1267497709616889864
1267490826877362176
1267487852281180161
1267477711364202497
1267255025358852096
1267254896392372225
1267091030966403073
1266493219115859969
1266491075142791170
1266445086587523072
1266444790968844290
1266441925659447301
1266437040058621954
1266436215986950149
1266436169270779918
1266420959390687233
1266420304387231750
1266413647733145600
1266413646919409664
1266413645644341255
1266082208298795010
1266059185436995584
1266045438588792833
1265735141617532933
1265722377016676352
1265691233927794691
1265655480740917249
1265401285014159361
1264958153684180992
1264919398428692482
1264617408276451335
1264571859141419008
1264315167623397376
1264210225449570306
1263930711507177472
1263917461721755649
1263580883665121280
1263580812261289984
1263558722258952192
1263210677046513664
1263177671535706112
1263174039511719943
1263169147111964672
1262897781917847555
1262854550140174337
1262846233141547009
1262820505675071488
1262762998038441984
1262437796163186688
1262425986974527488
1262387312069091333
1262032798979891201
1261475255354380288
1261460041535758336
1261394498090700800
1261371837654720513
1261370919617875968
1261367537222029312
1261015923483426818
1260970697565843458
1260701675733450752
1260701505604255746
1260633478409879553
1260629223611473921
1260624070951030784
1260587561979981827
1260247218751254528
1259959801443954688
1259947889532362752
1259940163544846342
1259884941342658562
1259320654035386375
1259222107185123330
1259214294241226752
1259108823157084165
1258876368940601344
1258842835035586563
1258782433312411650
1258476695410978816
1258460841017368576
1258440490720124931
1258425914578341888
1258415867399987200
1258410407334678533
1258392294358757378
1258392293247193089
1258386283090583552
1258162554372788224
1258162297945706498
1258122612401725446
1258112021465350145
1258110122209009666
1258104867060678667
1258095038497796098
1258095005287231489
1258083676019097602
1258081192848560129
1258033913051652096
1258033374377238537
1257813921890799617
1257787826353123328
1257774048001523712
1257751615118983170
1257750164628013057
1257749038843211777
1257735858213568512
1257721157261897729
1257700804103979008
1257430661633323008
1257386889394388993
1257360747249762305
1257352232250507264
1257338193491439618
1257319822779539462
1257300423389609986
1256936295395479557
1256632795570606086
1256618935069392899
1256579695770062848
1256374060986109959
1256359243122262016
1256343777373020160
1256333825551896576
1256324054891413504
1255862417382408192
1255631705232326661
1255612365875351556
1255596978085548038
1255586903681724416
1255573916489256965
1255560983193542656
1255543315375755264
1255534862771130368
1255499188269391887
1255481865693270017
1255245198721986572
1255244050912944129
1253808468634546179
1253804053395574784
1253770918326931456
1253767120426545153
1253756710919036933
1253725418491871234
1253722453248966657
1253448893712551939
1253448812359811081
1253412119996841984
1253083776277716993
1253062309959868418
1253055568207634432
1253035592641724416
1253013195028967424
1252991938409762816
1252988580827365379
1252658608765956097
1252637651779403777
1252613274778173440
1252604865047597056
1252595957893603330
1252353378681683971
1252353377192706050
1252312748849012737
1252306840374951938
1251525130175614976
1251491624334565376
1251260205570154496
1251228227475050496
1250892316493168645
1250865745178787847
1250861237908451341
1250818616028782595
1250510687551528962
1250510686653943810
1250484874810621953
1250160392036397056
1250154238447099908
1250146006546735104
1250146005229633545
1250079627986558979
1250068236852514818
1249795430780731401
1249794764133863424
1249752245337546753
1249534020066709504
1248984146690465805
1248659836591583239
1248594588341800960
1248275781735919617
1248268405121179653
1247888018037334022
1247687187828748290
1247613536383180807
1247580778202046468
1247550625006698497
1247517553120993280
1247287504333615104
1247257449209438208
1247250481522638848
1247223672798150656
1247188253318545410
1246510011074953219
1246213301144555522
1246185681610838016
1246112207349440515
1246112191641681921
1246032195669479429
1245838624131878912
1245822263477313536
1245817842857136134
1245733547853438976
1245724123097112577
1245483665179783169
1245427704192733189
1245411542884990976
1245411541744320514
1245411540116922368
1245387363741818880
1245093851389452300
1245025347277656064
1245007898075443201
1244990604809043969
1244775785682153475
1244774159604944902
1244772962047340544
1244753260826804225
1244738233495441408
1244702784185868291
1244702285701222402
1244657410557476866
1244657306769465344
1244656462409932801
1244653537059049473
1243632097610338305
1243627688344117255
1243585598180524038
1243282205306236928
1242901956471009281
1242858834126950411
1242608776588517377
1242587854670368769
1242587271280328706
1242577806804103168
1242547756004184064
1242514874946764810
1242487221984387074
1242272478719852544
1242196511406141443
1242196457865842688
1242159164677394435
1242159163209322506
1242157050379079681
1242141915606323204
1242125862780178435
1242116237880156161
1241890871433445378
1241121930670997504
1241067830012981249
1241067828884770816
1241067827689332736
1241059079512109057
1241056766907031553
1241043863424417798
1241018837165891585
1241015069611302912
1240785437926526985
1240784790338637824
1240783701052723205
1240699524617654272
1240689491062349825
1240421587997921281
1240416920484143110
1240414874884243462
1240413626437156865
1240409148191318022
1240405918870835203
1240405494445023232
1240402892231790592
1240401632271237120
1240401292968820750
1240370186626240516
1240351577015230467
1240350147000885254
1240337673077903360
1240323192411099136
1240290560801374208
1240277068593709057
1239994413042020353
1239986703856795650
1239986165572345858
1239920626879672321
1239713445127299074
1239619803561619456
1239619456810332160
1239619032598433792
1239595106749071360
1239558402201788416
1238961330859712512
1238956195970453504
1238954855001198599
1238934086762344452
1238644176310370305
1238619575031341057
1238607118116229121
1238559012867788804
1238554736183390208
1238528227892768770
1238237876996976641
1238235130520633345
1238233377226002437
1238228288234979329
1238227817038520322
1238224420730175489
1238213683991453697
1238205143469998082
1238188673650380803
1238158478331478016
1238139580353740801
1238076157980966914
1237854172390682624
1237823204107923456
1237802846160072705
1237801451856027649
1237548255585529857
1237481155613638657
1237476828228530176
1237465497135955968
1237460408279187457
1237446231355506689
1237443552118034432
1237443172499890178
1237427566664876035
1237427389086531587
1237425483765010434
1237402520730951680
1237402218388750336
1237392591903064065
1237377522830114816
1237060513777029120
1236746420478185479
1236740973306064896
1236663714218045441
1236390916589576193
1236300068052815873
1236026532033957889
1235990505143652352
1235965943832031232
1235950435590168583
1235689222457233410
1235546092151898112
1235278705494306817
1235260988942884865
1235257405790924801
1235236178737188865
1235225349660782592
1235225223772938246
1235222146433024001
1235218390387699713
1235208599259009024
1235204323539288064
1235203510670589955
1234607735712501760
1234514330714066945
1234129012370354176
1233999142982123521
1233850929960628224
1233770902795538432
1233505587809439749
1233470887237685248
1233458063811784706
1233448977888161792
1233208712581517312
1233184750690500613
1233182426446254080
1233181950619324417
1233131080519233537
1233106573427445760
1233085168379924486
1233064108376891398
1233034562890076161
1233030297819566080
1232847613243863040
1232818364457848833
1232745899417272327
1232742125789421568
1232730642175156225
1232730591776342018
1232711930294538242
1232699271658471427
1232685642351546368
1232054793293778946
1232015615482892288
1232007078723674113
1231990430151118850
1231395476940951552
1230902837699371008
1230579449961250818
1230569539622055937
1230550255806091264
1230334150873419777
1230208270905815040
1230202009485225984
1230200448365268993
1230190935989985280
1229812161096097799
1229534738072965120
1229433069867880448
1229424464175288320
1229081754952241152
1228816209841397760
1228726413672366081
1228684635183439873
1228509650330537986
1228465632942882816
1228460975994605571
1228434368030441474
1228369063459663872
1228355859186581504
1228337137688481793
1228077605691252736
1228054000857239552
1228036930706771969
1228036898200924161
1228022346050609160
1228019238616621056
1227984408067682304
1227736035976785921
1227695769207083013
1227692628097093632
1227688615393800193
1227670203674218496
1227648452441657345
1227644178563293186
1227395856292360195
1227378591320756225
1227306309495775234
1227296828749643776
1227286159463714817
1227283716755664896
1227269860712964097
1227266014150352897
1227021110316797953
1226943286625099776
1226914751491514368
1226896783743291392
1226621613690540032
1226573629992906752
1226249509476454400
1226177618665279491
1225915737161818119
1225850422348386305
1225835075960475648
1225835054917672962
1225828524096970752
1225828121938726914
1225824914881613825
1225820458538479620
1225600064879378433
1225596288122654722
1225539425326727169
1225529138582360070
1225509897187610624
1225503434717253633
1225498263777882113
1225472084123508737
1225459851997990913
1225453535975952384
1225443523241107459
1225374829156548609
1225223779615420416
1225201381146972160
1225199101245038593
1225197830161211393
1225196350645710848
1225182795158474755
1225175662442491905
1225175485434540038
1225175379134025731
1225122719953498113
1225106706864263173
1225091350745559041
1225085093884170242
1224851066996633602
1224849690983829505
1224847343473786880
1224792604094627843
1224734766152458240
1224722142190764032
1224721962880176128
1224721447106621441
1224410378119057409
1224408694449934336
1224404012818104325
1224398171155156992
1223968642708144130
1223800971618373632
1223790200939274241
1223783905448353794
1223771952470548487
1223760781390635008
