1286084063770677251
1286015908436152321
1285934617669906432
1285629109138268168
1285629088393297920
1284518052940386306
1284517873289957377
1284517198887825408
1284517140356313088
1284516999478091777
1284516880473096192
1284197033474220034
1284196959163682816
1284194882312167424
1283586213459501057
1283531974158811136
1283423253042622470
1282788165275848707
1282755112075755520
1280625734948728840
1280520317614657536
1280520282000822273
1279174975325376518
1279085696800698369
1278794933416198145
1278785599193964551
1278774956793434112
1278699146711576577
1278453585504763904
1278453360765603846
1278414692386553856
1278389538910547970
1278337237097250818
1278336851326242824
1278336831734648833
1278124851333652480
1278075857643417603
1278031396158746627
1278031371102040064
1278030704169934848
1278028143534751744
1278028084399276032
1278016481696067585
1278016436779339779
1277977411565445121
1277705605726298113
1277694303750545408
1277680857243947010
1277618916496474115
1276938650345975811
1276623562988756997
1276334684629356544
1276324352309497856
1276239711141613569
1276190367088619522
1275842480097898498
1275813407636193283
1275813309581754368
1274123960456708100
1274111428069384199
1274111405776650245
1274004369328033792
1273684088172527622
1273625245786820610
1273625215797469184
1273625167118372872
1272924792363143168
1272593570554351616
1270431683305750528
1270118101888139266
1270066753201192960
1270062577679323139
1270061547650457601
1270057709170241537
1268996197378908161
1268980295279218689
1268962609853841408
1268915756068155394
1268632481839931395
1268328507844685825
1268313520199868418
1268230095371669504
1268183814012100608
1267887601043849216
1267633643419287552
1267273637389832192
1266148556139872256
1266120263441289221
1266118370459557888
1265772934943117313
1265347870674358274
1264948558106710026
1263250061984706560
1263249759801872384
1263142153464827906
1263110199121981440
1262903152350724096
1262900447079215105
1262900436333461505
1261053220593508358
1260718982098755584
1260592427955621889
1260592416140275715
1260592390135480321
1260306728874323973
1259968890056126464
1259862961163771905
1258868096108048389
1258811693695729665
1258778950626684928
1258485024862674944
1258169816424296448
1258115771529662464
1257807811687452678
1257796807217856514
1257736838388875269
1257380378622427142
1256308722663645187
1255958380671315971
1255958347326427136
1255244433190158340
1255242306443239427
1253773530556239875
1253772436258140168
1253765311578456066
1253473414762897409
1253451063451176962
1253450588404289536
1253058487971610626
1253011724346830848
1253011109965070336
1252755583851257857
1252754241485234180
1252718656842346496
1252658982751174656
1252658887624470531
1252377273392525316
1251235487064502274
1251235200983580673
1251227856543326215
1251157895959334916
1251143001323327488
1250912689574031361
1250535627306807298
1250534185955143680
1250501006460321800
1250102189680451586
1250102128686911488
1250102046587576323
1250101960629522435
1250101861878816769
1250100852301484032
1250100786190856193
1249794968278970369
1249716223673356288
1248707549400047617
1248625548500152327
1248379484140474368
1248361904940158980
1248356362440015874
1248262426216333313
1248079365033910272
1248078463199821824
1248042950170378241
1248004560192286720
1247954385482723332
1247926353455910912
1247653107988942848
1247638077721493504
1247240719095476231
1246218758563209216
1246184516319928322
1245897238280364037
1245848737039241217
1245829927938732032
1245527344326086659
1245490615237804032
1245425302467117056
1245126251817336837
1245066184170655744
1245039292998656001
1244998845022560256
1244794845400629249
1244701200358035456
1244660156312543235
1243646036071141379
1243641225330262016
1243618096713216010
1243577168409608192
1243346719049428993
1243221020569411590
1243199740902342658
1242950785144688641
1242901662869655559
1242901356630900741
1242873658454036487
1242564794986758144
1242497700257464320
1242497619072634887
1242211422764969985
1242208524261826562
1242159328859168768
1242159057303207937
1242135386673086470
1242133958072176641
1241893678186184704
1241820858823380992
1241817367170166785
1241816306816557058
1241810216523530242
1241356406411976713
1241146765291724804
1241141020756238344
1241137592751591431
1241123087304790018
1241079074816229378
1241026679985909762
1240757357736611840
1240733999330480131
1240733925628088322
1240733788105256965
1240722518685757447
1240696817362194433
1240687610416091136
1240682477397688320
1240619792811405317
1240375684515725312
1240358564545343489
1240323457172353027
1240321928059125761
1240041327393492993
1239938526277447681
1239938456874295296
1239938361139302402
1239938272656330753
1239938198354235393
1239938088576655361
1239938042326126592
1239937856002498560
1239596678837145600
1239575933700444160
1238688828845625344
1238621226911911937
1238620459840811008
1238530306640089089
1238486835334205441
1238170508941803523
1237768059135447045
1237747886336729091
1237532741815558144
1237482070512934917
1237447653631410176
1237119476975505409
1236740114484727810
1236317431485923328
1236036878794739715
1235974956028227584
1235606821504569344
1235323086972628992
1235212769215078400
1234938452996755456
1234571451967115277
1233501269182107648
1233126250388107276
1232029082407362562
1230883280205099009
1230679893853245440
1230594864737378310
1230235062651801600
1230225562544877568
1230224651885961218
1230219478996262919
1230215203746349056
1230212416836972545
1230211743865024519
1229612664462172166
1229139963389849600
1229083561673863173
1229083529373474823
1229083095309135874
1228375863638593536
1228375355569901573
1228089140660580354
1228044474472976384
1228023471491440641
1227608431009374209
1227361507060715520
1227025869430050817
1225868239470841858
1225817818312122368
1225804314947596288
1225507699745579009
1225244774673850369
1225214561004986371
1225161461640593408
1225088466628812800
1225088452892545025
1225088443597971459
1224877201461522433
1224841209010642944
1224369793786171393
