1285659620686651392
1285624902603755526
1285290278270709761
1285223180513300480
1284467041987178499
1284465848497864704
1284465750044966913
1283865934101446657
1283860563722940421
1283512885495373824
1283476941727817728
1283143880704233472
1283049930190458880
1282717558710456320
1282315777148964865
1281976793692610560
1281941561492766720
1281750045193371648
1281672623232102404
1281672621835399170
1281353436106092544
1281341868899532800
1281301128521662473
1281298454170472449
1281290160542547968
1280599085620310016
1280599084253020166
1280599082743054337
1280599079387619328
1280223156272332801
1280202459567329281
1279777804205375489
1279457881050447872
1279094300102533121
1279041703626764294
1278810045589983232
1278761951645007872
1278715406438608900
1278442967498395649
1278088605085425664
1278045877517668353
1278018547982180353
1278004776198975490
1277714175293300736
1277713949878861825
1277678527224168454
1277374266997116929
1276876436134125568
1276637630004891652
1276589423203946502
1276503384124686338
1276325037801443334
1276322759027687424
1276192615738859520
1275904783837286410
1275896258423595014
1275896255936430080
1275884799459307520
1275527798506098688
1275152791653269506
1275091544777916417
1275084382747926531
1274056116251525120
1274024896910094337
1273973055048396801
1273732703272284161
1273664773700239360
1273355260048916488
1273305788371611648
1272938914492317698
1272897450777468936
1272893132737257476
1272646976811798528
1272646973284397057
1272646970696519687
1272646969010401284
1272646966976098306
1272646962987380744
1272578496838209539
1272576182257623041
1272562496004636672
1272550588035796993
1272548907105615873
1271794197893447680
1271552223101714433
1271189961883242496
1271165533463994375
1270804523095928833
1270429748259323904
1270422760427315201
1270055048253526017
1269290586340810755
1269263925062897664
1268996010589724678
1268961138303209475
1268921318801657857
1268578568923209728
1268563070735003650
1268546557432954883
1268235812979855360
1268235742800687109
1268218646154838022
1267981260137402370
1267981174049251328
1267892833760968704
1267892831529701385
1267892826827821057
1267892818414047234
1267491342625710080
1267490038767587329
1267140677630074881
1267140581458919426
1267140456246390790
1267140125718437888
1266111425983983618
1266101942108983296
1266085231041413120
1266040750204223488
1266040747943505924
1266006779063930883
1266005000804806658
1265777637315805184
1265705515251793920
1265647082041466885
1265647079977897987
1265365076766326784
1265319003335135238
1265043934713204736
1264978327389028352
1264200412053331968
1263870732301262849
1263868178893070337
1263460985836384257
1263181855584661504
1262464436637483008
1262464435244937220
1262464433839681538
1262464432308989953
1262464430950027279
1262464427334553602
1262464410456596482
1262464395575209984
1262464393834627078
1262464391506731009
1262438972434853889
1261362985492049921
1261362061130346497
1261049412928917506
1260668953376034819
1260668704939036679
1260668623846346776
1260668511883530242
1260668039957184518
1260667643725582338
1260667579934408705
1260667461483089928
1260667136818712583
1260667010691796997
1260665115566919694
1260663781316857859
1260663604245864451
1260663313836527616
1260663144915009536
1260662678793715714
1260572411554082817
1260305374571311108
1260280971733151750
1259977375195987970
1259975011261128704
1259974991447293952
1259896820563664896
1259896819028500480
1259896717123751937
1259894208548257801
1258844063996002311
1258831230834966532
1258820454992826370
1258517337679867904
1258464495413886980
1258377900350484480
1258196007164280835
1258152540375572482
1257789307261267969
1257368153115549697
1257322614709555204
1257010310600364033
1256943447400947712
1256735202677788672
1256593013154988034
1256206674056163328
1256206672592277504
1256016838099701760
1256016836002557952
1255974398814818304
1255974367844057091
1255644173509763072
1255588932374446081
1255557687800102915
1255257926849175557
1254863515581427712
1254771942415974400
1254166452954968064
1253711435135320064
1253409527858257921
1253085627261779968
1253017047681896453
1253017036428623874
1253015365388505091
1253015363035500546
1253015349550817282
1253011820916420615
1253011818588573699
1253011816613064704
1253011814356529152
1252600049332293632
1252350829073317888
1252338889081184257
1251304867798421514
1251204721035087877
1250918200663031808
1250796265383825408
1250568728267444224
1250162392648101888
1250076979484917760
1250076977912066050
1249786087360344066
1249742412257394690
1249425699049521153
1248708686601740291
1248366904907051010
1248242115144044544
1248052213785788418
1247926874493378560
1247707793890643968
1247639231675215879
1247536832499183618
1247233412815036417
1247233410772406274
1247147681945980928
1246151509764722689
1246151507839500290
1245830778971357184
1245807134958387200
1245473293773266944
1245441746647035908
1245413421081931783
1245399331231981568
1245399329621368832
1245147006147989511
1245069395384250368
1244706677787680773
1244371117923598339
1244277298968363008
1243672999523475461
1243612801328873476
1243606789054234625
1243271930830114816
1243251501499387905
1243233847292170240
1243226398837354498
1243198618007371776
1242900951347998720
1242882069098889218
1242868858211401735
1242793944045555712
1242570994029678596
1242157315203256321
1242144670005768196
1241832145267589123
1241153591144058883
1241067648223494144
1241023114374524930
1240742324684107782
1240683900755533825
1240672522883956736
1240669762633502720
1240397327736754176
1240333429419507713
1240024950356017158
1240004123271090178
1239981993422659584
1239699823961485317
1239699815568683008
1239215606940958722
1238887366393090053
1238543282428358656
1238187486238642177
1237829166864760834
1237815433799053318
1237364915234639873
1237113480811106311
1237113478919393281
1236740437479653377
1236491831728365568
1235978570343895042
1235268515029856259
1235260566404509696
1235002553122906113
1234532981068435459
1233756825633378306
1233756824039546880
1233394117046087685
1233029722529030146
1232669705963548672
1232331223437107200
1232308707620458501
1232018680915152899
1231945640281812995
1231945638637711360
1230534645500071938
1230179471174578176
1228451804096102401
1228423578858795012
1228328862012100608
1228315536364318723
1228069528812347396
1228035674294620160
1227299892885884933
1227298575266304000
1227297026012012546
1227295185027162119
1227294517872730113
1227294237043122176
1227293149778890757
1227292326583840768
1227256394845507584
1226928048970309632
1226919977145585669
1225231566462423042
1225231385914413058
1225231309762703361
1225231144754581504
1225230973501087745
1225230644260884481
1225230567463145475
1225230479735054338
1225145959245631488
1225142212872364038
1225136142170972161
1225104509246091264
1225104507966828546
1225104506339438592
1225104504707854336
1224699157866336258
1224442592319791104
1224403694101368834
1224373607436103681
