1286075999994732545
1285983055681916930
1285966463581519875
1285966462562304000
1285966461345947648
1285769152729427970
1285768263876644865
1285768262660362242
1285767068835549187
1285767068130959360
1285767067380133888
1285766932076036097
1285766545168359424
1285766544346226688
1285766543427678211
1285766542458793990
1285752675536179200
1284609378461667328
1284581675683512321
1284347055486513158
1284304618890166278
1284304618118361092
1284304368049836039
1284302806128762880
1284290490763022336
1284208583345868804
1284208580892127232
1284188080136749058
1284188077196546049
1284188073803251712
1284188070984781831
1284183779293171719
1284183777485492236
1284143313294110720
1284143292922331136
1284143273787957248
1283934558455554054
1283934555234336768
1283933552518803456
1283933286318964737
1283928812103897089
1283797597472292864
1283797519814791175
1283790685808873475
1283790369315074050
1283790285227597824
1283790148015206401
1283516859212587009
1283516834772287490
1283516775179718658
1283516747333722114
1283516730686480385
1283516700911120387
1283516109011001346
1283515485699616769
1283467435086172161
1283467415725248513
1283467398595706880
1283467369843691522
1283466686742638593
1283460419961737218
1283460393084637186
1283460355201601536
1283460080302788613
1283460079212208132
1283460078079741955
1283460077035323392
1283460076070735874
1283460074787213312
1283459339999760388
1283458445174341632
1283458442456424449
1283458441227513856
1283458439574953986
1283458437955944453
1283386365091221504
1283223379697438722
1283220208900079618
1283204869055221760
1283168491642793989
1282843380230369280
1282842993389703168
1282841549563461633
1282841548150001665
1282828496428040193
1282827328620552210
1282812355491979266
1282769695335165963
1282769692881551360
1282769690511716359
1282769187593748480
1282769184947163136
1281748982335778817
1281742043883208712
1281742040611659776
1281735729639555079
1281735727756316672
1281728220166074368
1281720098001235968
1281708921128968192
1281708760516395009
1281708526759542784
1281421319549181953
1281418771488538624
1281414025830633472
1281414024920469505
1281408726793150465
1281408281701908480
1281408146406244357
1281407938305851392
1281320886528811009
1281239737165058050
1281031783526604800
1281026758167465984
1281022780893466629
1281022779895287809
1281022778674745345
1281002382537744384
1281002155839717376
1281002059920289792
1281001893838413829
1280676994443853824
1280676991277191168
1280676671117561858
1280676670022746113
1280658955841273864
1280658954985582593
1280658444459094016
1280654576190922753
1280525323164057601
1280485110551379968
1280317991960313856
1280316758075871233
1280316618434887684
1280316549472059400
1280316184332812289
1280315828970426368
1280212668784291840
1280192192280133632
1280192189121904647
1280192187569930240
1280192185548275712
1280191655480606722
1280191652796170244
1280191650556502016
1280191647725338626
1279427872957095936
1279417210633674755
1279417209593479169
1279416788871196677
1279416786610532353
1279097534451978240
1279096970628534273
1278889871680188416
1278887736552968198
1278878065414807552
1278877847378186240
1278779099545296901
1278516889585623040
1278516668378030086
1278516325179109378
1278516323732111360
1278514544151855105
1278514542264365065
1278507939763027968
1278507937640714241
1278502907428720641
1278502892320755712
1278502739971051521
1278478261849333766
1278417944603758593
1278417943072854018
1278417777947217920
1278384368663375874
1278382906164105224
1278351593130336256
1278351592195067904
1278345569140977667
1278117150935396352
1278116088853692419
1278114276159426563
1278114253518618625
1278114232828137473
1278061818104229892
1278061817147863042
1278055065723572226
1278055064221999105
1278055062779109378
1278026627558105089
1277777788192382976
1277777787030507523
1277777786019725318
1277777784815976458
1277727007443427328
1277700609559404544
1277261328365821959
1276910665991696384
1276712694205288448
1276711976488534016
1276711974798270464
1276710867120410625
1276710866092724224
1276709235779424256
1276652172416036867
1276652170990026756
1276652169161248768
1276615085478248449
1276573949321773064
1276534042503118849
1276534041546838017
1276533602591924224
1276533601010683910
1276515024220151809
1276335701785796608
1276335700028403712
1276335697641844737
1276334078917316608
1276334077579276291
1276334074991382529
1276238439617347585
1276238438229053440
1276238437092335617
1276235613021319170
1276235612035702787
1276235610454401024
1276232910798979073
1276232837675601923
1276232836232687617
1276227131341758465
1276220442563444736
1275949976972115976
1275896034628157440
1275896005742022657
1275894483771629569
1275610040834166796
1275584516485197825
1275580983534813186
1275577652536135681
1275577636413149185
1275577619833118721
1275577239036461057
1275577103405244418
1275485560694542336
1275485558928744450
1275261902097190913
1275227471789666304
1275227470627835905
1275224450573774848
1275224433129656320
1274706062281760771
1274412144264609792
1274412141823627266
1274165120302710785
1274150486124437506
1274150485113671686
1274143170406875143
1274143169559638016
1274143076223721474
1274143075313627136
1274136430571290632
1274136429493436419
1274114652125958153
1274114558735630339
1274113709544275968
1274113415401943041
1274001136433889280
1273798541601902599
1273798539664113664
1273787658649600012
1273787657659826177
1273787656464486401
1273761421323653121
1273723051591569420
1273723050069024768
1273722830232805376
1273722828521644033
1273721587070652423
1273721549988737025
1273717223526486019
1273717185890979842
1273711461156741120
1273711354029862917
1273709452764614656
1273709341732995072
1273707944576798721
1273707941980516358
1273707926985809920
1273707924762886144
1273651531901022208
1273651383347093506
1273635315354423297
1273622831448948736
1273433433851801601
1273433354818420736
1273423325147119617
1273395997012525058
1273395996018475008
1273335266313469953
1273335123661017089
1273312171179507721
1273312170097418241
1273302930544869376
1273302928481230849
1273258321634566144
1273258319524790272
1273031392440582144
1273031391748460546
1273031390934773760
1272687830171557890
1272687431427350528
1272667044350214153
1272667043448356864
1272667042647347202
1272666579227095046
1272666578438492160
1272666577570344960
1272578765739233282
1272577583843024897
1271893925851205632
1271893924953698305
1271893923817033730
1271893922034388998
1271892920547885057
1271892918996000770
1271892917809004546
1271892914982064130
1271837068734476288
1271837067488694272
1271837066792402949
1271836553090945024
1271836551824146432
1271634777918050305
1271628658927702017
1271628308187406336
1271628170731626496
1271576967083679746
1271576907650347010
1271574866873987074
1271574813253959688
1271512643732418564
1271512642402897920
1271463450129108992
1271463449315422213
1271287673123074048
1271277625558867968
1271277585125777410
1271277583330672640
1271228969392668673
1271166771186278400
1271166770284552198
1271112019685584898
1271112017068294150
1270873953117130754
1270873943382134784
1270861474261602309
1270751465443819520
1270751463975931907
1270536803246800897
1270536800788938752
1270514415927001094
1270514414836486144
1270489041058910214
1270489039490166785
1270481658236583937
1270481303201251335
1270139467274293259
1270135489631268866
1270135487454470148
1270119733954740224
1270119732633534465
1270104149670211584
1270104148478959616
1270089107285434368
1270089106203324417
1270088837864271874
1269286834233839617
1269091991905845248
1269091990492385280
1269081170089828352
1269081157024591873
1269079672555474945
1269071306407976963
1269071235763318784
1269054892703985667
1269046885886693384
1269046883122544640
1268987645616631808
1268986004721057793
1268977548756766721
1268977514732556288
1268971481658204162
1268971458841231360
1268970339645698049
1268970229318725634
1268753891916734466
1268753871393996800
1268752558102847488
1268752540880994305
1268752525345374212
1268751056944717829
1268751034807173121
1268748807577239555
1268748767643217920
1268748747674181632
1268748731194789888
1268746874024013824
1268746855468412929
1268746828134125568
1268743893723623425
1268743831010279424
1268743755730841600
1268743691700776964
1268739622437294080
1268739586571800580
1268739531144146944
1268738428369285120
1268738299104985094
1268725339531993090
1268725336197541894
1268709904258383877
1268709545007865857
1268709543619579904
1268708540379803648
1268702566101200896
1268679095698763785
1268677927517945856
1268671599970050052
1268670845364441088
1268667700982755328
1268658555424575488
1268655002886815746
1268653129727426565
1268653127001128962
1268629909318049797
1268624777876590592
1268624775682961409
1268622794658648064
1268620436738207745
1268563387958599680
1268563165404594179
1268554933386858501
1268323028280246272
1268323026573103104
1268264213862133761
1268264212842807296
1267969801873481728
1267896064587321346
1267894313284964352
1267894312223805443
1267660677658836992
1267651541248495619
1267573774251167746
1267573772141371401
1267560400897429508
1267560399517421568
1267540870380883971
1267540869390925826
1267519670023839746
1267519668899778565
1267258319988830209
1267258318030090240
1267201515980193794
1267201513639870469
1267201511253323783
1267200528888598529
1267200527009538048
1267200524610306048
1267194276670255105
1267194274246000641
1266916663317929989
1266916661489262592
1266876685850423304
1266876683828813828
1266779323203289088
1266779322272137216
1266779321206812672
1266779320028192769
1266779318597935105
1266778342700843009
1266778341664841729
1266778339651485702
1266778338514919434
1266778336828809219
1266486431352000513
1266486430114680837
1266458288666873860
1266458285386891265
1266175942046748673
1266175940939350017
1266163650827558914
1266163437148782592
1266163228201099265
1266163134508695554
1266152841355427846
1266152840516505608
1265831870681493504
1265831869930786816
1265831867950854144
1265806876018651136
1265806874760359936
1265806873460191232
1265699602763825152
1265699601753018368
1265699543070507014
1265699472270667776
1265440777657860096
1265440776881831936
1265440629422768130
1265440628529344512
1265437065602306053
1265376352552837122
1265376349323214848
1265022226191069186
1265022223020183553
1264939494979092491
1264939493318111235
1264939491497848834
1264939489937575936
1264939486364020737
1264934809941561345
1264934808846827525
1264934807458504704
1264934804727959552
1264653238768451586
1264646156350611460
1264646149241212928
1264558662846222337
1264558658358304768
1264303365560979457
1264303363421884416
1263998395146014720
1263963925332267010
1263963923927257104
1263963922190798848
1263959594705059851
1263959593207685121
1263546225489588226
1263546224302530562
1263546222796775424
1263545170362093576
1263545169380589570
1263545168340422657
1263538593810862086
1263280956900851715
1263280483032600576
1263280243747553281
1263238444467306498
1263238443523543042
1263238442722435072
1263215784207278080
1263215783158702080
1262877253723095042
1262877029197844482
1262867473600335874
1262867472497152005
1262867471339606017
1262867470123184130
1262860970243883009
1262860705927180289
1262860344025853952
1262566453691256833
1262566452604866566
1262566170793738240
1262566169724235777
1262554412452581379
1262554360489410564
1262519389317935112
1262519378366644224
1262499832603856901
1262468784746569731
1262468130011570190
1262450545228472324
1262450544096018435
1262450543013908485
1262450542170845186
1262450541239717888
1262450540069486592
1262450333281931274
1262450332279414784
1262450331188748290
1262450329926406149
1262450328839938052
1262060062123712512
1261896946626813953
1261854414190583809
1261489825032613892
1261489824026054658
1261484314077868033
1261432097169969152
1261432096154775552
1261418353794723840
1261418295128965120
1261344691355697153
1261130130442924043
1261130128605827072
1261130125699153920
1261129603340476418
1261129601637650432
1261129599079063553
1261058786825064448
1261058784983646208
1260774416239210496
1260774414658031617
1260774412665737216
1260773743867158529
1260773737399496705
1260773735281328130
1260392330529472517
1260384968657842178
1260384967110078466
1260384696900431877
1260247574184894473
1260247573027266561
1260030719985741838
1260030718484201473
1260027036682207232
1260027035142873088
1260027033511317505
1260027031720345600
1260026632410021889
1260026630757482500
1260026629054558213
1259491317694050305
1258950643370397696
1258950641256402944
1258935990946856968
1258935909774495744
1258930527224180736
1258930526242713601
1258930525148008448
1258930311796346882
1258929569547145217
1258929568162947074
1258925592713584650
1258572811976704005
1258572646452793350
1258570191505633287
1258570190385811462
1258554099139780608
1258553927743803392
1258226892508999680
1258226891389120517
1258221740884398080
1258221739860951040
1258187165261053952
1258180343460442112
1258158270197444608
1258158268641415170
1258043791518425089
1258043790390112256
1258043249329147911
1258043248062468098
1257836933415305216
1257836932236824576
1257836739625877504
1257836737788882944
1257834695364091905
1257834693443104771
1257833361864904705
1257833360015196168
1257778093097390083
1257778091792924674
1257777431504699395
1257777429852061697
1257488824491479040
1257466200721960960
1257446767211220995
1257383124914372608
1257383123534393345
1257316607547727872
1256639416690491393
1256401050518650884
1256401049268740096
1256399326164799494
1256387300717715456
1256387299996323840
1256384855803408386
1256366142156877825
1256366140584009728
1256362995015389186
1256362993064894464
1256339723360055296
1256339722210693120
1256328968916971520
1256328200247898112
1256321881486921728
1256321879716970498
1256311855959572480
1256311854575452161
1255963842737209351
1255963841751592961
1255910377742905351
1255704893119135744
1255666078979629057
1255665935744151552
1255622559141449731
1255619154062778369
1255619151386812421
1255601707742093313
1255601699647115264
1255532789342121984
1255532788050202626
1255240745751117824
1254924141846806530
1254889080984424450
1254887527472922624
1254859877731581953
1254859875797970951
1254839601396682754
1253825066527227906
1253825065420042242
1253824205096976384
1253809096538624001
1253806993736896514
1253755590255484929
1253516519788683264
1253507948606824449
1253506402418597889
1253441228114407425
1253434461426823168
1253412654183378944
1253152293790384129
1253150290464948224
1253147765842096129
1253063022060412929
1253063020932149249
1253009209110790144
1253009207722496001
1252780692095852544
1252656043848609796
1252651669206249479
1252651668166135808
1252600604737900544
1252600603374751745
1252375403198443520
1252375401826934785
1252375400761528327
1252375304946868225
1252375303839604747
1252375302384181251
1251601726047768578
1251601720477732864
1251348978177904642
1251348477545775104
1251348476451065858
1251336534093180928
1251332770699382785
1251332769621385222
1251331904709763072
1251331903812259841
1250898476709412866
1250898475501445125
1250898402575081474
1250898401182527493
1250883086809792514
1250883086025359360
1250845357782810634
1250594607651577857
1250594606602993672
1250564759323381760
1250533997005987840
1250531604600061952
1250531602914070529
1250511386733666304
1250511385911582726
1250511384821014528
1250511279321645061
1250511278415773696
1250511277253853184
1250209464864694273
1250209464000622592
1250209341459873793
1250205163488514050
1250205162242740231
1250205161215201280
1250205107859402754
1250205106865410052
1250205105565073412
1249898524327673857
1249898316994949120
1249806756752080896
1249806210666242049
1249805015671283716
1249341905571282944
1249096293340909568
1249096290207703042
1248784572030029824
1248783974211760128
1248779411920470017
1248772788644700160
1248744714284695554
1248744713156468736
1248432254008741889
1248400205113778176
1248392545102516228
1248392541872873473
1248270810495832064
1248270808562241536
1248256947117268993
1248078468455305216
1248078427854450688
1248067455278292993
1248004389505101826
1247717266189365251
1247717264234893321
1247710831401467906
1247704692148371457
1247687004952891392
1247687000297259014
1246878974917165056
1246265882722131968
1246265881342214144
1246264663416979457
1246264661202345984
1246248275335938048
1246247775433633793
1246242886334717955
1246242850309910528
1245863879063646209
1245826439414460417
1245826436973428736
1245520998625050625
1245520996125343745
1245496645044908032
1245496641936855043
1245485525168947200
1245485523080286210
1245475671998115842
1245475669301252097
1245471705449013248
1245471702844391425
1245125303158157313
1245119244720918532
1245119241747148801
1243903270910922752
1243714244463517698
1243709574227603458
1243708546660925441
1243708544849006592
1243699603997962245
1243693306250506240
1243690546889195520
1243690544431333376
1243684550221475840
1243684547570655242
1243683951404818433
1243683948724736001
1243678408258838529
1243671641722404866
1243665898101235712
1243664739902906370
1243664736576778242
1243659774601953285
1243656501249609728
1243656499127373834
1243654741198016512
1243654387286839297
1243651472522387458
1243651470223908864
1243651466293886976
1243356523151028225
1243356518906384389
1243354068451557376
1243354066077593605
1243332606428676096
1243332603240906759
1243332600854437888
1243332598828539904
1243330375952334855
1243330242959343616
1243315533233127428
1243315530053926912
1243275382255759360
1242978981772759041
1242978979876876289
1242970187751731202
1242970185369296896
1242966697189007360
1242957976606068737
1242957973397409794
1242603914006052865
1242603910986117120
1242504462696095744
1242451206854901762
1242451205445562370
1242267360783974402
1242103383160434688
1241876318708531203
1241876316909195265
1241416827810562050
1241416222916464640
1241397934584926208
1241397933293080577
1241397931837702148
1241215290874224641
1241214320320675840
1241214129769254912
1241214126929653760
1241214124153016320
1241214121812676608
1241195197305937929
1241195194890027013
1241195193858170881
1241195111817641984
1241195108671918080
1241195107237453824
1241132688771350531
1241132683541073920
1241132206694772743
1241132204840890373
1241054271405252609
1241054269782069251
1241054267261288448
1241054264602038280
1241024698412130304
1240840948520759304
1240840946004176897
1240804671536709632
1240804667577323525
1240772921339129860
1240772919195766784
1240481640717193217
1240481633242877953
1240453470332817411
1240453468650905600
1240453466860015622
1240365593339015170
1240113632773627917
1240113629179138048
1240113623017676801
1240113349599395841
1240113345237311488
1240093684294717440
1240093680628793344
1240093665252577280
1240092955668549634
1240092928925630465
1240070632651534342
1240070629992402944
1240070628344020997
1240070426874839043
1240070425205526528
1240060718281641984
1240060715668574209
1240043031367204867
1239194164715229185
1238693650063921152
1238615017592950784
1238615016502411270
1238615014342361088
1238615013104988160
1238613809927000065
1238613808706457600
1238613807049703424
1238613805803995138
1238273318228307969
1238271984355737601
1238268237583912960
1238263393418608651
1238262283832381440
1238262281701601286
1238260770414235648
1238259786585694213
1238259773855936513
1238255612791791616
1238226066474504192
1238220389735469057
1238206473500594176
1238203217886003216
1238199009946238982
1238191343794622465
1238183674073489409
1238181492670562304
1238175738823692294
1238175737691193360
1238174363448467461
1237876962485395463
1237871532342259713
1237866117764276226
1237516757100871685
1237514028005707776
1237512937352376323
1237499281638031363
1237475605823868929
1237475603680542720
1237475600920707076
1237475597061947392
1237136643657805830
1237136642688892931
1237136468927283200
1237075168629063687
1236719395730325506
1236655654502350848
1236655652098859009
1236329386573475840
1236053967572000770
1235714417670541314
1235703082610298880
1235699636335149056
1235367998132760578
1235360734000930822
1235360733027762177
1235360731845013509
1235360730829987840
1235360729668206594
1235359805134565377
1235359804098572288
1235359802978635776
1235359271606456320
1235278311615590401
1235278304191672320
1235276730346196993
1234977412590403584
1234977411231440899
1234977409348206592
1234977407829889025
1234967767998238722
1234967767121563648
1234967765926252546
1234967056300335105
1234967055197069313
1234967053741805576
1234906977408552960
1234896753771634692
1234895301602881536
1234885607643545605
1234873997222916096
1234628624290062336
1234628623375753216
1234628622226468864
1234628094834728960
1234628093895204866
1234628092808900609
1234622248713060352
1234609605923278848
1234609528924233729
1234604458824343554
1234589119147368450
1234321827905908739
1233840825618124800
1233567054680264704
1233537044414070784
1233527375767404545
1233527374089785346
1233497677658234881
1233496011458465793
1233478905861984262
1233205418949857285
1233203257851469825
1233203101806534657
1233072684533194754
1233072653348544512
1233035011953131520
1232827947825889281
1232827770473984000
1232825884010254336
1232825798391934977
1232825772618010636
1232825524499763206
1232824279865143296
1232823740205015046
1232821179343347714
1232819569955364864
1232816969516298243
1232816968723550213
1232816733288849408
1232816641639157762
1232806858823544832
1232686186830991363
1232429392426651650
1232429391503859713
1232393384716881920
1232393330245406721
1232393318212001799
1232088645651353601
1232082614741278722
1231392997746626560
1231392948320964609
1231392947008081920
1231392944848035840
1231382905785634816
1231382811577376771
1231338833582706690
1231338831196106752
1231338828989898752
1231338826079129600
1231338604762411008
1231338602359140359
1231338599410552834
1231338596847824896
1231078362191450112
1231073406327631872
1231069179178037248
1231021711501426689
1230917626601332736
1230917567390371840
1230916240404811778
1230916224411951104
1230711969956499458
1230625647367774210
1230597509820669957
1230570157577310209
1230569090059767809
1230568815026671616
1230283639423893514
1230280800232509440
1230276713915060226
1230221399169605633
1229944454095740928
1229932181394468865
1229916443522879489
1229916425042767872
1229899945622282240
1229867163630080001
1229867162552147978
1228858569715593216
1228852445343866880
1228493424740982791
1228493423788818434
1228487216046989312
1228487215178756096
1228476778748010497
1228476777670041601
1228470782285799426
1228470781430108160
1228468019829051393
1228468018574917633
1228454960486064128
1228454956463771648
1228452087853391874
1228452083050962945
1228449035754889223
1228406143950651394
1228406143019634693
1228332429859000320
1228124980380127234
1228124978740105221
1228071839496331264
1228069676443459597
1228067171030401024
1228064889140318209
1228034028814716934
1228034026512035840
1227751131616555009
1227751127925522433
1227745050903359489
1227711744308629504
1227711665493434369
1227711620270481408
1227711489877979138
1227683291484037120
1227682029661310978
1227681730062098434
1227681725049982978
1227400373691916289
1227016310963548161
1227016310284046336
1227016309482958848
1226954096193654784
1226954091441594373
1226946206334685185
1226231292133617666
1226181979579830272
1226180893078884353
1225993781092241408
1225993779511013376
1225993494579306496
1225993493363003392
1225950309840818182
1225944854557077507
1225922704559235073
1225581229824782337
1225538546557214720
1225538545529622529
1225538544573329408
1225538543784775680
1225538542824304640
1225524567134949376
1225195566759542786
1225192604280741888
1225192603349585922
1225192602359738369
1225192601361567744
1225192600220708867
1225174890287960066
1225138323326472199
1225096555130183680
1224900526703247362
1224849454655770624
1224729423024459776
1223404107135967234
