1286057896472719361
1286055294754328577
1286052703349682177
1286018216964304897
1286006045073186818
1286001894175977472
1285971685397716993
1285933958744756224
1285933417536856067
1285748195553837057
1285670915913781249
1285663373439442946
1285658434164203525
1285653524592779266
1285647519138172939
1285643350780129280
1285578520706420736
1285302670052536320
1285260731638841346
1284579174699675650
1284180983214899200
1284151841522147328
1283886656702095362
1283841367190523906
1283447540558569472
1283409650990419971
1282716447626670087
1281268187628257281
1280957364007510024
1280913370951094273
1280895991273701376
1280644950057771009
1280613833145491465
1280581163040608257
1280554889773547520
1280537116070621187
1280217138062647299
1280212473673588739
1280204928074612736
1279577582636339200
1278704789979893760
1278482646788694016
1278447081229869056
1278391261913890817
1278351454072438784
1278108646682103812
1278043173957390343
1278032364707483662
1278016752102842378
1278011751225790468
1277980825297051648
1277719804330356737
1277684537892446208
1277647843684225025
1277635147517616128
1277625461657554944
1277615555697147905
1276630081474043904
1276608722979127296
1276594190135242752
1276591140863696905
1276587359966986247
1276572250565742595
1276553360418668545
1276316562211946496
1276189708624760838
1275901540373495808
1275870203277127680
1275835784487211009
1275823568656519170
1275561796301094913
1275513998872625152
1275501406263414789
1275465690221248513
1275465689285959680
1275449833587761152
1275180530565332994
1275164244179378176
1275145349204762625
1275098789741760513
1274524106747150342
1274062141486772232
1273669389905264640
1273642975864774661
1273620314971353091
1273380604139233280
1273342208981204995
1273315855217184774
1273314684251394053
1273314643658891269
1273307145879072769
1273283077125660678
1273249948142833669
1272991110697271296
1272980951610556416
1272974885648846849
1272962173661257728
1272672843017457666
1272635130134355969
1272613618689945612
1272555789861957632
1272526976042110977
1271876295564103680
1271574292212387850
1271559204109598720
1271549113541300227
1271537806171615234
1271473732742250499
1271163775098531842
1271163435519221765
1271157803869261824
1271120050251075595
1270824352276189186
1270743864945541121
1270541668681428992
1270465729108889600
1270439304599306242
1270424536404627461
1270424419849117697
1270394014483824640
1270134781246943232
1270112165006135302
1270078171174637568
1270060642569990147
1270029091425705987
1270016865742524416
1269379028919529473
1268997297930735616
1268917431101272067
1268655028182626305
1268642457106907137
1268632041312092165
1268623083541196800
1268604712305274880
1268338983710478336
1268263772801716225
1268250240139825153
1268247985445617675
1268232559604924419
1268212092533968896
1267937809001783297
1267868674431627264
1267790597433233408
1267646006855905281
1267610655588331520
1267556547921575951
1267501795116531714
1267256064313040896
1267246700529418241
1266459140530098176
1266432549133389830
1266432548487430145
1266432547808063489
1266417582447439872
1266410267690307589
1266164929364713473
1266123396624105474
1266095669363838977
1266071906156818432
1266050388605775873
1265757249059852290
1265723250476187651
1265689489789378574
1265412412804681731
1265382240940417029
1265372496058101760
1265364672867418117
1264994645118836739
1263913931954958336
1263907484378390528
1263867879868506112
1263865810583461889
1263615574107656192
1263589161115635712
1263556459507470338
1263537664113983488
1263523429862518784
1263231185385328641
1263226789440167939
1263205474440228864
1263190605229948930
1263170157813391361
1262878216953397248
1262861875555061762
1262825372997029890
1262799495680741377
1262778836279873536
1262491949912797184
1262475575865769985
1262405463024578569
1261475470639534081
1261470578793312256
1261393499888455681
1261387169614057474
1261386489692332033
1261373320009826305
1261368276237475840
1261348163308253186
1261344059110518784
1261332115465125895
1261330763049467905
1261319204239745024
1261052441493147649
1261016020493484034
1260679997846630401
1260648548036538368
1260640302215331840
1260603841898254336
1260567979688951815
1260300698794721281
1260299012168613889
1260296040705654785
1260278595131510792
1259981756347842566
1259957721157316608
1259938860877918208
1259913767816769542
1259848206529318913
1259651224435150849
1258874335546261505
1258860778460975116
1258859408731320322
1258819677377253376
1258795075678752773
1258788665691643904
1258788602525487104
1258774909167243264
1258545930095038464
1258511943377104896
1258470448708362242
1258444050535002113
1258441211624321026
1258206180867964928
1258174721272791041
1258144532690079744
1258119368271187973
1258098715992231936
1258086748271370240
1258056428692135937
1258037363768467457
1257769638693404675
1257764885091487745
1257719348036341766
1257719255325442049
1257715465327128576
1257704145966043136
1257697813879648260
1257429889613004803
1257407223346724865
1257392126956109824
1256371590469685248
1256335159818776576
1256329721782001665
1256329651112128515
1256318748136476673
1256303652928729088
1256287288306413569
1256240674015412224
1256215919216529409
1256214628486582274
1255981544621121536
1255950144308207618
1255619534481997824
1255619492899667972
1255596496310996996
1255586526408441856
1255567549158350848
1255523961162645510
1255235364643618818
1255197632093474816
1255181271350816769
1254918275936464896
1254885660680388608
1254867946213523456
1254849082050445312
1253824833516863491
1253820482908049410
1253780776585433088
1253751625421897729
1253751592131723267
1253751327307509770
1253714644310556673
1253459999529017350
1253459997033484290
1253459995699666944
1253459994978197505
1253459993900318726
1253459992604180480
1253043498347048961
1253027088988340224
1252991860764803073
1252979287831072768
1252972437316284416
1252750228064796672
1252701157002301442
1252681071306694658
1252672227411210240
1252365194476392450
1252324939664969736
1252318785677283329
1252301049551085570
1252279470926581760
1252277088003948545
1251547310653399040
1251289353898295298
1251262929778946051
1251224063223255045
1251199095634608135
1251196746706935808
1251179914885320705
1251163750167650304
1251136352139214848
1250877906290647046
1250783470055497729
1250549476500164609
1250502957638049797
1250456389866192897
1250451351840178176
1250419341289496576
1250217290324422657
1250192123565092871
1250145580472565761
1249836044431826944
1249812180217876481
1249803316130983938
1249796716192202753
1249768328215871490
1249764314753441792
1249730364865687554
1249028140703404032
1248726218247147521
1248694833365102592
1248405352623648768
1248373909822394373
1248344957083095041
1248326112675090433
1248285825479122944
1248239348622991360
1248027866698256389
1248025042610524161
1248025041700339718
1247966236245401604
1247918428566028289
1247909637837463557
1247878303953928192
1247694425893089284
1247681828821090305
1247660498444836866
1247621461591932928
1247611381668614146
1247542563977834497
1247305649601622018
1247270379183276038
1247249025830662146
1247244431205548036
1247242485744705536
1247217554474631172
1246240120631709697
1246240082299846656
1246176171911524356
1246173203040481280
1246158113805414405
1246069598354649100
1245819580192358401
1245800694344531972
1245765549629616128
1245746632076992512
1245728044666499073
1245463527579684867
1245418249837260809
1245384227107020801
1245174055201910785
1245158957339021314
1245131546874580995
1245122468567810048
1245087246451118088
1245039431918157825
1245023077387337728
1244987035498266624
1244986945303916544
1244799321838628864
1244752529415647235
1244718580039659523
1244703478297001985
1244689638205374466
1244684609540980737
1244628294588338178
1244087954118762496
1244087945084239872
1244087942869639169
1243711336552509440
1243710868065566720
1243698083453599745
1243680465917263873
1243634376547733512
1243633919733518340
1243613871115587592
1243609947797143553
1243609947021115392
1243609946043879425
1243552376063176705
1243331925076594689
1243308020555304960
1243290395561332736
1243252682154020871
1243240094032629762
1242938087182909443
1242930542133350401
1242922018376429574
1242894041097871360
1242856687490535428
1242844997873012736
1242843704978739202
1242608399721934848
1242576946103533569
1242564418082353158
1242549345876094976
1242537876606398465
1242515321606545410
1242198225316184065
1242180610166272001
1242159205878022148
1242144102411534337
1242135304888336384
1241766615261249538
1241764039723749377
1241402709720342530
1241400428224446466
1241119849058836482
1241085888261693441
1241082687919656968
1241080450191409153
1241080278426189826
1241072036971233287
1241050862933458945
1241049392540516357
1240727273361342466
1240707203423592453
1240686116669284354
1240444324908871683
1240386298009079808
1240374164239855627
1240361099142352902
1240346020317483008
1240317708190744577
1240317580084207616
1240314651365212161
1240297363987709953
1240015069729128451
1239986151982870535
1239966000784662536
1239946845180362761
1239655191147958272
1239621230887686146
1239604921684590595
1239591267379695616
1239584043479584774
1238678038562385920
1238604524413222912
1238568255335403520
1238563075449593857
1238558949324083201
1238542888990117890
1238534061964083200
1238200667195559936
1238190555865198593
1238188726842425346
1238188031133319169
1238166666346930180
1238137988120481795
1238091780287074304
1237843170051772418
1237818017075126273
1237808808233230338
1237754787573182466
1237476508622602241
1237468356548198400
1237456996338728965
1237410425647566849
1237382855375945728
1237184293274882048
1237139909925888000
1237128620084277254
1237110946184732672
1237102143724818433
1237090876792414208
1237083340932513792
1236690994864754688
1236406291704287242
1235944487173656577
1235543577855430656
1235283913473433609
1235283897262510081
1234595619576188928
1234528928024465408
1233468708359737346
1233467138020708352
1233463557255286784
1233431702523072513
1233413022938472450
1233105804837969921
1233071833999527936
1233052951222071297
1233049185856950272
1233047940144533504
1233046672386686977
1233036585232424960
1232788715333922817
1232776142077255683
1232770169212145664
1232766256262062082
1232763724294955011
1232749813495746571
1232744928675090435
1232729798679633921
1232728787642724358
1232727162748362752
1232719534508904448
1232698128291287043
1232693673860706305
1232689332152143872
1232681824276635648
1232670146751275008
1232452730083364865
1232438899328241664
1232396135861555203
1232379823873503234
1232347056838266881
1231020508029669376
1230612569951309824
1230612534090035201
1230584198127390721
1230210475822141441
1230199153109671938
1229860696139145216
1229856893176291328
1229469475788836867
1229453106015961088
1229436858116890627
1229098993378091008
1228654958649774080
1228428730911141889
1228401126699085825
1228382199428395008
1228378049944707074
1228372115147153408
1228365830590730241
1228362480155537416
1228081452778246150
1228055794446458880
1227975746964140032
1227734142621769728
1227719684251963393
1227712785758457856
1227704044212379653
1227668165901144064
1227652111002996737
1227642325079334912
1227634268584710145
1227630996301996032
1227618883080802304
1227610847251435520
1227607956361039874
1227426341215244288
1227378060774780928
1227344141396447235
1227323963648487425
1227305356168179713
1227285242064572417
1227278735201722369
1227276305172959232
1227251472930365441
1227084566701187078
1227014930970398720
1226999051687690240
1226994269354938375
1226962855817367552
1226940220966424578
1226921324037234689
1226896247677751297
1226541890411122690
1226125732235108352
1225806962266398720
1225804482333814784
1225539666469736448
1225526973973311507
1225514586939576321
1225513287728730112
1225506981139664897
1225503209382449153
1225493731735998466
1225483090971197442
1225464949205610496
1225193671060049922
1225174960274124807
1225159686346936321
1225089240486334465
1225076678990409734
1224916159272800256
1224892372011638784
1224891014579617793
1224887070805647361
1224886354204557314
1224885707799515136
1224881226147864576
1224878689114038272
1224821714837757952
1224818706867458050
1224816306609934339
1224792353963171840
1224787237944033280
1224436167564677120
1224412265585180672
