1286025999075823616
1286025171342487552
1285946199292309505
1285929841284599808
1285718448174182402
1285635272638631938
1285618928178401286
1285614631747117056
1285599414007009281
1285576513610559489
1285357821966442497
1285334921511350273
1285318075424706561
1285280160971845632
1285273768483360768
1285252377302441984
1285244450973728771
1285214628675489793
1285010785232580608
1284862307185524738
1284550173981433856
1284491111101345797
1284339206790103040
1284231173741281280
1284197929356419072
1284191904054181888
1284151875776872459
1284122683525955584
1283820140736532480
1283796351180894208
1283775646796140545
1283758785610133505
1283443206349357056
1283438246022676480
1283438058730209281
1283436837114085377
1283156064154775552
1283136134361407488
1283124132343713792
1283120013419794435
1283087109734236161
1283041559663874048
1282750295303487490
1282750204106682380
1282739190783004676
1282729803506909191
1282719508382326785
1282403354191122433
1281998939575726081
1281961190852182017
1281692475556413441
1281623988259614720
1281616884874522624
1281592511497031682
1281367529076649985
1281310675688501249
1281243461811761154
1281233783656558594
1280925617471524866
1280904007838392320
1280864716189925376
1280647786392727552
1280573295600054281
1280566863856984064
1280551401530089472
1280283385370259456
1280257967934275586
1280202854012039169
1280185136479268867
1280152522997370880
1279896083137654784
1279792903796035589
1279524887212720128
1279447628254593026
1279100843300700162
1279052776786427904
1278737448936210432
1278446280201699329
1278426260939694084
1278356941518049280
1278324477596598272
1278034064130273280
1278005916399398913
1277995177055936512
1277978069937119232
1277702542168780802
1277679975122915328
1277659848092512256
1277646104826220549
1277355844900925442
1277300480427929604
1277243353785139201
1276989933874556929
1276937337423921157
1276625699504193536
1276561360399319041
1276523862994247684
1276309701781684226
1276259621984825345
1276256167753220097
1276254742759399424
1276228164394631171
1276167766677106690
1276153674096672771
1275865524975484928
1275863948785401856
1275845237315981314
1275828645152485377
1275785246076592128
1275437957818662912
1275434522318794760
1275160018522763264
1275145813220524033
1275120309151002624
1275106951408435201
1274867699869454337
1274764268626300928
1274733063197638656
1274476371465682944
1274417231968047112
1274415218483847168
1274006525816655879
1273967770305064961
1273719753337495552
1273714650564063232
1273678165823504384
1273677760498552834
1273372598450061312
1273365409895415809
1273305862053023745
1273291639528648704
1273284014787289088
1273279768142569473
1273276291060359169
1273254822762778626
1273033111454941184
1272961039194193920
1272959448957349888
1272946415040204800
1272663425445842951
1272634233001893889
1272591594407882753
1272574101115121665
1272566833732702226
1272217235570991104
1271854847533494272
1271834463194845184
1271587083128238080
1271515319065026560
1271504618200141824
1271494992683577345
1271450433114959872
1271175370373505024
1271150990528524291
1271113492108582913
1271108962390335489
1271108461007441927
1270785609800581121
1270759070300082184
1270749564643885058
1270741717050748929
1270733977087664130
1270733837518036992
1270733604989988864
1270733381819461637
1270733229964705793
1270400927472574464
1270367044089851911
1270064802463809536
1270043592032055305
1270038937239564288
1269782698291130368
1269648056456077314
1269341536736743431
1269088035657773059
1268959519675052032
1268939121059217409
1268931576718491651
1268908181226287104
1268661867997794304
1268626277914644480
1268607701208100864
1268597230274899968
1268587912771190784
1268579609961852934
1268288223534411776
1268287340562145286
1268259601863995392
1268244055399505927
1268240282643914757
1268237319338782721
1268235046382563328
1268194981748961281
1267937787199840258
1267892488636895232
1267875627518042112
1267871929790164993
1267838885456830464
1267819256214888448
1267570114339225601
1267545361700151296
1267545096271982593
1267544981343834112
1267544564933332992
1267544430103236608
1267538887418634241
1267517389144338434
1267505117567172614
1267498172504354816
1267440585574510592
1267210998038982656
1267135248904552450
1267132207551766528
1266425317981220865
1266392182174306305
1266166901589172224
1266120563002613760
1266072017217953798
1265750937001484289
1265750846727507968
1265750726267019267
1265750599087390721
1265687734380826624
1265391005630636038
1265352250425315328
1265336451270471682
1265335460970115077
1265330859621543942
1265322257506656257
1265299653961986048
1265113929824395264
1264980299642896384
1264942047720615936
1264616904800432129
1264270372003885056
1263922069244227585
1263920314846715906
1263894394219962373
1263882817911484416
1263869951812624385
1263837519193362432
1263573529863176192
1263552826900275203
1263537290992709632
1263522162532585472
1263487332738613251
1263255182189555714
1263220614489411584
1263220556549193728
1263220516070002688
1263220432293040130
1263204790403829762
1262909972767059969
1262856052351123458
1262809998842900489
1262764952076660738
1262750859198230529
1262482088290377734
1262463717196861442
1262429044634554373
1262197965877399552
1262101077521870848
1261851317699407872
1261711259046522882
1261694649413992459
1261490713205694465
1261456475836125184
1261456288648540161
1261456191223287808
1261456075061997569
1261455685595705344
1261373533524877312
1261350165828341761
1261327228421341184
1261083119936892928
1261057630958612481
1261044112997974018
1260990258172383236
1260969176354545664
1260944297156730880
1260663354101727234
1260644479314341890
1260631283870208000
1260631167461556224
1260616797432115202
1260596479485345795
1260355072611016706
1260331080315555842
1260314556083122184
1260289389722087424
1260265487847612428
1260252098547113989
1260241650867191810
1259982751647686656
1259924856826728450
1259924724961820672
1259924359528972288
1259924028258750464
1259919225361031168
1259916432462118912
1259866100961021957
1259600601203093505
1259539448301096962
1259503461374193666
1259175047245131777
1259141828118368256
1259130251982102530
1258880858632548353
1258849449289416704
1258849270834364416
1258830506667499520
1258823873623216129
1258817704766603264
1258805210048344067
1258796400579678208
1258767184123355137
1258754526137458689
1258513362561859584
1258513313907961856
1258513060903268352
1258488509989638152
1258473215766265857
1258472331393085443
1258442843535876096
1258431648770805761
1258396568513888257
1258396041252085760
1258395860255281153
1258392548063752193
1258205156568518656
1258194258382766084
1258143499934785538
1258139322462679040
1258137697639632897
1258134511398912014
1258129910373036032
1258118691113271296
1258118362019889154
1258094810671517709
1258094227466194949
1258079319441788930
1258072532533628928
1258048921160560648
1258048739207516166
1258032566071889926
1257811059597066240
1257777840759562240
1257752423117942784
1257732152038432771
1257718944749756416
1257718780123320320
1257681065050849280
1257680656160751617
1257447413322846210
1257380598177574912
1257359081213493251
1257348211389468672
1257344417113014272
1257344164548747265
1257343969094184966
1257329396580581378
1257329185481203720
1257311266110128128
1257057846283259904
1256994177151188992
1256965236201910272
1256699233345744896
1256645378600042498
1256622066461261825
1256601338248523779
1256302368158670848
1256278042168745985
1256267365022683138
1256232407579209731
1256210726303289344
1256022021193920512
1255959106411610112
1255942896823517186
1255930921997479938
1255930828842024963
1255930712953364482
1255930603243012096
1255930457029517315
1255910155105034240
1255863979781521414
1255620374454243331
1255595963776823297
1255575207739379712
1255554369669550080
1255526628115001345
1255526415186841600
1255505618699341824
1255280384268472323
1255270966877437953
1255236421222387714
1255221466074951689
1255212622217166856
1255168494578139136
1255167048482775041
1255131464376582146
1255131278233317383
1255130912234205185
1254867161358594048
1254851916493918210
1254848538908868608
1254816418312400896
1254805632487698433
1254803995329097728
1254782101167038465
1254512574936363008
1254455700534804482
1254430031000068098
1254123677710499845
1254056570243047425
1253746779339833344
1253709533563813894
1253472723025584129
1253435225906065408
1253425718702161928
1253406538011729920
1253406457535627265
1253406326656548865
1253406226903437314
1253406105583091712
1253405958660927488
1253396722195197954
1253380755276935170
1253364642291875841
1253353689122660352
1253318600754069504
1253040122762846209
1252988034821369858
1252979473110056961
1252745955990011905
1252745847059681283
1252745637302603776
1252639734393962496
1252635146639101952
1252608780434501637
1252370459900796928
1252351200269201409
1252342557163450371
1252342433783799808
1252341668600090624
1252341540912951299
1252340966024867840
1252334601399394312
1252329795775586305
1252288617755574272
1252281373215404032
1252084576802893826
1252050254884634626
1251918985525817346
1251596724428247046
1251556345649655808
1251537974728232961
1251265931856224259
1251244037685694464
1251221589905084419
1251220327310536704
1251186659749539841
1251179411178754048
1251179342136254465
1251179026493911041
1250940286185897986
1250908403205054465
1250861920221085698
1250808920819597315
1250793821199233027
1250790995580551168
1250585221034061824
1250563301974499328
1250552480783462400
1250528775122694144
1250488763647655938
1250488593983983617
1250488342711582721
1250488105997565952
1250476698241564673
1250468426977599488
1250445777802952707
1250199656107294735
1250198146329612290
1250176669123518467
1250164651431772160
1250123759165595649
1250115369165115394
1250061495708184578
1249784671409287169
1249719512846475265
1249713200561631232
1249695322735022082
1249686776634937344
1249441158159192064
1249326905263874049
1249080280293359616
1249049074592100359
1248996478036697090
1248704220674605061
1248698688547028994
1248694488039591936
1248680625005113347
1248669281375662080
1248651957897703431
1248612196382150660
1248423958002536456
1248414080383107072
1248401004627783682
1248385955217780736
1248333358750478336
1248323631794597890
1248323424080007175
1248298492772126721
1248287091043295232
1248258364431388672
1248048508629811200
1248030865315291136
1247998149630689280
1247977446533627904
1247977257739653121
1247977033361211393
1247976746659360768
1247976471353790467
1247965462039801862
1247887169022095364
1247681060319756289
1247645758666522628
1247588701661564928
1247544878445322245
1247538256092073985
1247234265827495937
1247220761485590531
1247206528639254539
1246859396103180290
1246648758063886336
1246566717817585670
1246525948968579072
1246482412118433792
1246465299601391617
1246437869025030144
1246203183912935425
1246183693846220806
1246150659512193026
1246137348057899010
1246125740518789121
1246111216298102784
1246110575295422465
1245875664109985794
1245840431834902530
1245821144114049024
1245814896371150848
1245806206561607680
1245793875308011525
1245765731217747969
1245764938020392961
1245733578576707584
1245732912198189059
1245447690953072646
1245440738302873601
1245440471138254848
1245422492954636290
1245404299930320896
1245388134797455360
1245375086468759554
1245344665131528194
1245098546258481152
1245084526998704128
1245073885080535040
1245073796362645504
1245065073036591105
1245038136138268673
1245025178855317505
1245010970738556928
1244994357087948802
1244768116036341761
1244716526676180994
1244700988012969987
1244681294132305921
1244404721709965312
1244363197949206528
1244297515471601667
1244021221869654016
1244001313538613248
1243930119737049090
1243930048056512514
1243929897292218369
1243929738613309440
1243908703461441542
1243870914351190017
1243642244344750086
1243627484031131653
1243614493034328064
1243607985773043712
1243607840280973320
1243593375745523717
1243586135311425539
1243537023165759497
1243518529997070336
1243345476151390212
1243290625476374529
1243283305627295754
1243264703301894148
1243250774307745792
1243230014184869888
1243211454536462340
1242927113725972480
1242904839060889600
1242866083234598912
1242847126331240448
1242846805223780353
1242825514181709824
1242824633243631617
1242817777876054016
1242800148935254018
1242569135592296461
1242541947677335553
1242524315435876352
1242481870106963968
1242469797214015488
1242222593425518598
1242149020082024449
1242139016759312397
1242121358185824259
1242098755391848451
1242089466233266178
1242069317090410496
1241905200845160448
1241789163244072963
1241788996323287044
1241777661397082112
1241777657035010048
1241741674486751236
1241413260500500480
1241116806653210624
1241060499984449536
1241023785890918403
1241014649673461761
1240780843188023296
1240685716817842178
1240654431928176641
1240320400699129856
1240311732209319937
1240301434114998272
1240056822217596928
1240016064865611776
1239974695564275715
1239927011558281222
1239763388592463875
1239716336047214602
1239641086429143049
1239637721934635008
1239621357371088898
1239619059299356672
1239606680612110343
1239601841081593857
1239588209245466624
1239588056732184578
1239580341180010499
1239557532303032326
1239331291432136704
1239285741395509249
1239212508893700096
1238887869889966080
1238834014875783170
1238653215463350273
1238592793494392843
1238542160703770625
1238520339581341701
1238519183316582401
1238486475026595842
1238274326983520256
1238259730692239360
1238237698906783745
1237888406601887744
1237851452988485634
1237837452225794049
1237821470417522688
1237787486346149889
1237780321895976961
1237759685815439360
1237738565364260865
1237489656523968512
1237445087770148869
1237440125254197251
1237393474653016065
1237106632909139969
1237099877257134082
1237089883996463106
1237066115680894980
1237015961359847424
1236756827980943366
1236681078989033473
1236396705077178374
1236347883378507776
1236321207558877184
1236041848109568002
1236041774780555264
1236005161639821314
1235980067752366082
1235725532249104384
1235722477130702848
1235685435801825281
1235679982346579968
1235651436769431555
1235648393097236481
1235648154806124546
1235581811775823873
1235573280028884994
1235260469423886336
1235249102901960706
1234978107473514496
1234971029845368832
1234944133459894272
1234903268653924352
1234883505370411008
1234852276365398016
1234613454457036805
1234593128344100866
1234565720614240262
1234536897847885824
1234229927550996480
1233890440467767297
1233865022989721600
1233841115427672065
1233789525572366337
1233776537469669376
1233544617678733312
1233544431632109570
1233544220218138625
1233504649472348160
1233472436055625729
1233470939209379840
1233425389135048707
1233420594474971136
1233198631961976832
1233178499134840832
1233155404571533318
1233146276377702401
1233103546016567299
1233103230483288066
1233092917658636291
1233071846536466435
1233071600225878016
1233071434144059392
1233071180728426496
1233070922543833092
1233070538291056641
1233070315393232896
1232805793382035456
1232781885790515200
1232761792935473155
1232756824522264576
1232718340168331264
1232716310326468613
1232669974113767426
1232431620289773569
1232420504813830146
1232392822201843712
1232371515426889730
1232312310997356544
1232312181271793664
1232311693960732674
1232103918454181890
1232029408334163970
1232017599992516608
1231987189317296130
1231977586177138688
1231751093643857920
1231693715497836544
1231673331138457601
1231402546800889856
1231380511475433474
1231098931993403392
1231021033420881920
1231005012328734720
1230905522116755457
1230881706564976645
1230636499420557312
1230557730756124673
1230208329902891009
1230208230728486912
1230183766255001600
1230165646786224133
1229845537723224064
1229534488016773121
1229452447585906691
1229425771934109696
1229195504136810496
1229074456808738816
1228787314949750785
1228741764871262208
1228447094345785344
1228422661723656192
1228383906472157185
1228338608203059202
1228097016217116672
1228056281497427968
1228053934985613312
1228023439736426496
1228016233913577472
1227999054447235073
1227985964699615233
1227731608435929088
1227699396172632064
1227682190076645377
1227609051141304320
1227342544742207488
1227291709970665472
1227276588938616832
1227028978482892800
1226963044019781632
1226922627580776448
1226921631366492160
1226916428885962752
1226905414652088321
1226632365033713665
1226545040031305729
1226340154937413632
1226257897652289537
1226197499712606209
1225919432301649920
1225894503808106499
1225847191413018624
1225841201116581899
1225575903826067456
1225535594652106754
1225525478238363655
1225171444344160257
1225146109263216641
1225130652770672640
1225069652331716609
1225036268893020162
1224870802186809344
1224868241018777600
1224813765201362945
1224778410158952451
1224742794801111041
1224451998063267840
1224382540473077762
1224350194860535808
1224168835860893696
1224028960457015296
1223736030324350976
1223684943932465162
