1286070960358076420
1286036078718140416
1286036076503511040
1285983225198850048
1285702764060979203
1285690318789255176
1285690263592214528
1285683960446693376
1285632064503664642
1285334689000181761
1285334687615979525
1284524838707580929
1284209384344543233
1284206792591970316
1284190546886569991
1284140746610814978
1283868331309760514
1283517095423033344
1283402752744402944
1283115885251588097
1282701292968669184
1281342645734957056
1281289018886574083
1280625991283380225
1280598259363389440
1280517520789823489
1279438025211011073
1278796948686938112
1278716881466089472
1278456880621408262
1278456319368990721
1278430419348852744
1278430358053302278
1278428208690606082
1278428206761213955
1278363565401886721
1278350669456408576
1278327168372596736
1278327166678130688
1278155579303907332
1278039282846851072
1277622498092134401
1276626881089949696
1276587815212511233
1276541207372537859
1276217417891377152
1276151373718065153
1275855262625280003
1275821100929298432
1275818599882665989
1275817607946473473
1275486011829760003
1275167527128100864
1274696412832206848
1273981098897203201
1273981097622159362
1273981091548782596
1273737879009755139
1273737878095396864
1273737876711366658
1273696123140653057
1273696122289238017
1273618211192352768
1273310729060249601
1273310723033010177
1273011721498537985
1273011719950880768
1272582773308456960
1272552691550437377
1272552690287968257
1272552688610193410
1271456086390902784
1271172767082090499
1271172765656027137
1271172758030807042
1270809152642666496
1270757840299397120
1270714969152077828
1270469201161904128
1270006581875240960
1269994618805825536
1269040026949611522
1269040024240025600
1268944192941830145
1268586227869134848
1268304870445969408
1268281441487597570
1268272817058934785
1268272700373401600
1268272696216846337
1267872348251832326
1266492397002690560
1266401320401096704
1266401017249366016
1266399097247821829
1266124626750574592
1266124303881457664
1265701288966098945
1265307239360999429
1264904046881759233
1264179276472971265
1263536725848195074
1263507506455891969
1263507504631296000
1263148766972035072
1263148766128898048
1262821999962984450
1262820546741444608
1262807386009600000
1261473588609245184
1261318124122656768
1261072742545272836
1261061347908952064
1261048485538906113
1260948699791925248
1260695829142175751
1260658728258293760
1260658724051415041
1260635676598550528
1260226738170273793
1259888276820955136
1259885784494149635
1259486908956266496
1258892662612123649
1258867538039054336
1258821750743277569
1258798019492839424
1258476357971062790
1258459784182992896
1258404125823455233
1258404124447604739
1258404098870857729
1257777384016789504
1257763885605695497
1257723170058108928
1257723169198178305
1257723168430723072
1257675952173330432
1257659209174396931
1257448707760537602
1257301700223827968
1257287268190085120
1256599327994191872
1256338034691198977
1256279566965977093
1255970567443877890
1255952870635118595
1255865663228428288
1255574376822554628
1255512469474291712
1255502491812270082
1255489991016398849
1255277440873701378
1255178521271566336
1255145920972288001
1254860857852346368
1254812613877338112
1253830138560724997
1253830137155653632
1253749776803389440
1253726057276018688
1253695536416374784
1253695535283871746
1253695532947603456
1253465182006894592
1253348967980687360
1252997700620075008
1252682034545393666
1252625701028745216
1252313205696757761
1251251934339661825
1251160119095648259
1250873057432002560
1250863653542379520
1250814920922411010
1250813088254787586
1250813086937858050
1250554535732482049
1250521279159062532
1250440648412393472
1250190882923581442
1250106491236945922
1249811938982465537
1249811931361357829
1249779878406340614
1249700802656116737
1249286096044863488
1248681943912284167
1248681942100447234
1248379402691293184
1248379400912957441
1248379398585110535
1248301333494607873
1248026130994606080
1247959272291471360
1247959269053513728
1247904152966950912
1247587896938373135
1247520826481676288
1247281083596578822
1247281081772056580
1247184907153092608
1246180023783981056
1245756972395356168
1245448746223140870
1245380265679171585
1245352931005730817
1245096251978285056
1245096250304802816
1245028753039937536
1244740623036448769
1244740620557705218
1244639707222487041
1243651509117583360
1243607384380985344
1243594596627763200
1243592976225521677
1243592966494720000
1243552154847240192
1243300295985319943
1243234645828947970
1243186318345211904
1242926319182233604
1242889207749783552
1242847324755369994
1242837840259620864
1242837829560000513
1242522641946357763
1242519276931645445
1242471042565713920
1242471040703479811
1242159040811106305
1242122018570612749
1242122017337458702
1241818278160465929
1241377539374923776
1241068696564621321
1241068692168982533
1241018539445760001
1240684792368291841
1240341238735425536
1240341237351186432
1240028654295539712
1239978803947925504
1239923171798790144
1239920495115612161
1239658807443193860
1239597876394758150
1238555816980070402
1238504919000330242
1238226102667096070
1238202980886810625
1238167489730826240
1238141708279439360
1237842479841300482
1237736108143894528
1237736106780692480
1237736105702830080
1237471419832971264
1237392068277764100
1237392066864246786
1236729307587887104
1236729297198551041
1236381570031857664
1236381568798785536
1235687721290436608
1235638096575623169
1235580250442158082
1235291633886916608
1235287401133740032
1235243494379343876
1235243493456568323
1235243492361805824
1235232369617121280
1235191760671911937
1234875830242807808
1234545492182237184
1233528321914179584
1233447031340879872
1233421417644867585
1233177219331248129
1233136296295403520
1233021918489399296
1232776289658056704
1232776288655548421
1232685868705624064
1232439270222073858
1232345306974621697
1232025938654846992
1231956736665411587
1230945939080257537
1230537827114520576
1230253844279459840
1230250457836261379
1230140297864237058
1229811163447296001
1229782003471572993
1228825477625864192
1228378499251130369
1228339928439906305
1228076809230671872
1228069548173266944
1227976232786153472
1227719527867310082
1227717959847686144
1227640053825970181
1227623569842151434
1227353377916555270
1227353376238850050
1227353301924143104
1227295202232209410
1227274110243418112
1227262313704706048
1227248105973800960
1226989843147841536
1226921544099733504
1225901397960470529
1225827804580843521
1225605722081239040
1225521676953235477
1225513408797257736
1225432862301839360
1225183294905561101
1225162251558170626
1225162057772949505
1225161766319149056
1225095924319490049
1225091252233887745
1224892984472326144
1224891105411588096
1224891024151130112
1224890420565565440
1224890251195359232
1224889677276205058
1224887699460497408
1224887420975484928
1224887234631020545
1224886819914907649
1224886680341139456
1224886500619366400
1224885214507421706
1224882130381082625
1224882082272415744
1224881032584998914
1224880873046147072
1224878456883810304
1224825970789703680
1224805292698931201
1224759270304030720
1224722892996431874
1224358767824908289
1224335750373748736
1223652231997685761
