1285300144565637121
1285300142309085184
1285268964701020160
1284347225305423873
1284347223267049473
1277666142656610306
1276263766498455554
1275863204653150210
1274024956297347074
1273319548318597123
1272892451641069574
1271530933741551620
1267540140819386372
1267540138999132161
1267540137677897729
1267540135459131393
1265660921634062338
1260643843747110913
1255176383841677312
1251256075678093316
1251210360205586433
1251210288235511808
1250935574069796866
1250496221439037444
1250151242900189184
1250151016055660545
1245790560260182017
1245790425585274884
1245779319877664768
1245764105769750534
1245417141131710465
1245051616014864385
1244680223834222593
1243604198056505344
1243598652876173313
1243270089182494721
1242591370814066695
1242591359632097281
1242575756280172551
1242461171028017156
1242102649614471172
1241816083478253568
1241011982758789121
1240706319570464768
1240687123163836416
1240682683006693378
1240682603176484865
1240396030081929218
1240396028764807169
1238578561637847041
1238549173928177664
1238549172711718915
1238496417121021953
1238151731286081538
1238134653820768262
1238133020965683201
1237464868934082560
1237456515839283200
1237456395357892614
1237105973858369538
1234983147269308416
1233484928697933825
1233433664308031488
1232402516526215169
1232044044085268491
1232043991673266176
1232010549019500544
1228725792349224961
1228409324541763584
1228404003882622976
1228040019023142921
1228035074660225024
1227987483620671490
1227703890243616768
1227639271693176832
1227250088961101826
1226970429035810816
1225903345984032770
1225903306406604800
1225167366499250178
1224450792880361473
