1286050911161397261
1286050240248926209
1286033981138493440
1286014577545744384
1285990024111104000
1285907919842807818
1285703557749104640
1285682651362406400
1285677561075453955
1285676338788040704
1285631564819423233
1285631409537855489
1285613693657587717
1285613692869136387
1285401009817362432
1285349551793156097
1285310178594783233
1285310177307168771
1285274470098272262
1284949726979383297
1284359321552162817
1284359172914425857
1284340230535995393
1284319302456414208
1284319299981762560
1284307014756204545
1284307011786678272
1284293941559463936
1284245766454874119
1283969647235170306
1283951731068608512
1283934904166866945
1283934901188927492
1283931167960584192
1283891937054011394
1283890835373817858
1283890832458776579
1283816614174040064
1283810125283721217
1283800652792160257
1283800360075886592
1283799199939796993
1283765478406582272
1283763015091752963
1283584534173417473
1283584531598114816
1283582016781524994
1283402481255485440
1283399193084792832
1283399192015183874
1283215082458173443
1283193902946820096
1283193901168439298
1283183928711446529
1283142479030693889
1283132737587605505
1282808586884841472
1282725568237142016
1282426858924122118
1282426855337926661
1282426247679705089
1282426181602729985
1282386655366844417
1282069158759403520
1282032518204583936
1281805411583012865
1281769977041870850
1281769973455769600
1281738083713585152
1281654288310128640
1281654138699472896
1281358380028706817
1281310752113123329
1281268699865980930
1281268696275734530
1281048323634466816
1281028591975837701
1281028588846960641
1281022103509250051
1280946745128738821
1280938346508845057
1280935533389254661
1280932381587918852
1280932323098349570
1280925325245976576
1280891130381570048
1280886802921000964
1280874160466485250
1280592226729385984
1280542212670001155
1280542211298463751
1280508741809553414
1280503578512232453
1280223072289619969
1279498030992052226
1279482527170920448
1279185268860428289
1279170528583057420
1278892863670099968
1278890261133877248
1278875402212179968
1278875397913010181
1278833483499155458
1278801476249321472
1278484634200944642
1278484633118703616
1278480711956267008
1278466675243917312
1278466674262499329
1278466673180368896
1278412493405196288
1278392237987110913
1278380419315044352
1278370390876860417
1278370390193180676
1278329636615839744
1278329634615177216
1278328889174110208
1278175394148081672
1278142954402701312
1278110192232730624
1278059168650399744
1278059166804979713
1277802942481993728
1277802376980836352
1277735556684939264
1277735555862757376
1277730163971837952
1277722025289748480
1277708040469430272
1277689093611229185
1276861799095246856
1276658463888867328
1276657166431203328
1276625283353886720
1276585092534673408
1276585090248773632
1276552573458296832
1276550577489666054
1276549106819833856
1276305687866458118
1276305686167724032
1276305683730882567
1276251043400232960
1275906152686026757
1275906151297794049
1275839262802489349
1275604215570759681
1275521546732396544
1275448760462569476
1275443873976705024
1275188654357581824
1275174590587777024
1275159763958075399
1275071352739790850
1274759932450091009
1274115364742475776
1274115350184054784
1274115017617502208
1274111098271252481
1274108293712162816
1274108289828167680
1274106764003364864
1274096462390009856
1274043926798835713
1273808868750041089
1273804285265010688
1273746558190641152
1273651373083709441
1273615667627831296
1273615115535872001
1273615061018308608
1273613367698001920
1273609060596813826
1273445591469654017
1273445590467256325
1273445589364203520
1273445588403736577
1273445586541387776
1273445583991300096
1273433080896860164
1273344127875203072
1273341131347169280
1273311102877589504
1273304263914147845
1273254262169108482
1273097847408295936
1273097845759971330
1273052765498101760
1272679627148886016
1272572710728671240
1271924807408340992
1271525738009812993
1271213651135954944
1271213648447406082
1271161788453867520
1271144695914287107
1271123896658509824
1270818867544297472
1270818745548767233
1270780859235266560
1270718208027185152
1270701847368646658
1270491860671266816
1270437715637665793
1270436334805663744
1270425295854723072
1270414009582456844
1270413654501007366
1270413522170785793
1270400696270163968
1270128279178141701
1270128170923175938
1270124567047127041
1270078631063273472
1270078629955940352
1270069981124976644
1270069645144399883
1269718468850376704
1269638430863974402
1269494218772246529
1269494084793597952
1269455194401632256
1269453138739621888
1269414403809480705
1269412569082556416
1269305031532126215
1269094981962289152
1269094363478601728
1269051909228412928
1269051908490244097
1269050959965151233
1269020670538641408
1268950758084317186
1268696614803300352
1268696551003750402
1268696550013833216
1268696549187518464
1268696547363098628
1268638474027937792
1268258673945710593
1268249571756572675
1268249571068645379
1268245174381096966
1267958078336643073
1267958077493587969
1267607403811360770
1267542521015668743
1267283904580460544
1267252146405244929
1267251913491439619
1267128602480558082
1266492385388871682
1266403792507088898
1266155219550900224
1266125044092207104
1266107867209310214
1266093665233129473
1266073888133349376
1266048263154814984
1266041492881182720
1266021662794940417
1265829318338502656
1265829317352751104
1265829315410878464
1265746808975876096
1265719740028289026
1265683030078828544
1265353095728336899
1265332801458462720
1265044740686278657
1265037960413659138
1264338833979650048
1264307476221947904
1264307155722661888
1263899690216624128
1263899688769650689
1263537317937131521
1263270348331630592
1263250838962802688
1263243416491753472
1263232690008064007
1263199030349365249
1263192708446855168
1263125138351915009
1262969796448210946
1262932025163603968
1262913733036322821
1262891970885713920
1262804460633559043
1262782535060164608
1262586179192598528
1262580048319709187
1262580037347356676
1262081677167386624
1261744807363383298
1261712689312813056
1261393885588156416
1261353684413251584
1260660363143475200
1260659735251976193
1260658411823263744
1260657507539677184
1260618367121133572
1260388088221765632
1260358863338995721
1260308521394081795
1260051003312934914
1259995032456740864
1259973173409439745
1259950977630773250
1259870323387895811
1259239628298567681
1259147540517117952
1258873078420869120
1258843506228908033
1258839272666198017
1258836372233744384
1258582961106157569
1258582957310324736
1258528950474559488
1258525452823494657
1258525314298163201
1258499410029314050
1258469361884463104
1258459951220977664
1257878688235913217
1257696993914368003
1257536812408467457
1257475382212726787
1257475326369845248
1257425945541120005
1257424096100564993
1257405283342651392
1257374321045094412
1257318455096668163
1257014030746583040
1256767898380468224
1256767505256734721
1256329252636508161
1256329227697156096
1256313127249076226
1256310357414428672
1255848600585846784
1255621582975836161
1255604586452332548
1255595496304869377
1255558170841210881
1255540974643752966
1255293560326422529
1255232827144187907
1254918713637310464
1254837334601850882
1254642677158514690
1254264132049596416
1254165188963635200
1253876978773561345
1253876965548920832
1253867932662325257
1253866380904091648
1253848203168043011
1253848200403996672
1253844839898271745
1253666967195656194
1253487400518586370
1253486876981411842
1253486874007670790
1253412682943754242
1253383992012877830
1253376528706080769
1253301232325844995
1253116742794182658
1253111479202693120
1253111333878448128
1253052991923519490
1253043202304679938
1253015830830481411
1253015829710606336
1252991176598261760
1252818442182258700
1252689234424737792
1252688663164735488
1252688662288007173
1252669928122941440
1252656415564587010
1252622253247913984
1252616923097042950
1252440383889367042
1252409891806797825
1252392848915197952
1252392847724036096
1252392846117593091
1252391027685470209
1252357011108294656
1252310724753469455
1252302099142053897
1251896102418370564
1251723617856974849
1251636977264402442
1251623735901257731
1251601376674799616
1251563315748384775
1251563201663287296
1251560316955176962
1251554625947340801
1251346300194492417
1251305801790246912
1251305800515158019
1251305798883565569
1251252174534971392
1251247897603014657
1251244864370429952
1251241740654088192
1251219628862439427
1251206567917223937
1251195941077635072
1251195938963689473
1251195042397671427
1251187604655165440
1251187602339790848
1251187600687235077
1251187599286456321
1251009560837570560
1251000032884645890
1250999726973075456
1250997276824285184
1250996903539625984
1250995611744243712
1250994271420809217
1250992350928818177
1250991963630960640
1250989248758636546
1250988731005313024
1250958981629181953
1250956178647142402
1250956176910622723
1250940756426133517
1250930967583301632
1250930966799024131
1250930965930741764
1250930965066678276
1250888034054049792
1250881803482591232
1250881614562934784
1250880502954852353
1250847222716968960
1250628809486938114
1250625223352877056
1250625220718858241
1250602768475267074
1250602767003066368
1250597447136575489
1250596006556774410
1250595018651447297
1250549119170613249
1250512401591664641
1250483849043165185
1250480709128425472
1250479669322723328
1250469288089190400
1250280644397035524
1250280639745544193
1250269840998195200
1250233805144829952
1250233539926405120
1250181168772927495
1250181167648825345
1250153815556292608
1250150492195471373
1249901064792375296
1249893408564527105
1249874588927954944
1249872350826266625
1249848835578515456
1249846385987309568
1249845890518523909
1249841607114981376
1249841606167072770
1249822358996647940
1249799587709280259
1249799586438426624
1249797703745372160
1249778461314408448
1249721967684419584
1249374266564452353
1249177880329945088
1249080047631134721
1249078977852895232
1248844864944361472
1248801935341346817
1248770761734664198
1248766760473501696
1248749686552498177
1248745004874555395
1248742017602994176
1248700765532758017
1248699435820789760
1248679343204618240
1248677180504039424
1248621954346582016
1248375587493666816
1248375585350406144
1248369749139943426
1248358779659280384
1248353766660767744
1248351711967809538
1248348501769162773
1248343173379678208
1248312425297752064
1248311669291241472
1248076424449228805
1248074586534617093
1248056301063745543
1248053988592926720
1248053986944602113
1248006115482193920
1247727345051500544
1247727343818473473
1247700793488220160
1247690494190194688
1247664738923737088
1247664702613639169
1247664671957463040
1247664608527020032
1247664591548502017
1247664564826562560
1247664108452761603
1247663967285084163
1247651725013590030
1247636854016552964
1247606639642935297
1247592475142705153
1247592215741775872
1247341573781762054
1247340361120395264
1247340358062800900
1247339233741811713
1247312737107161094
1247306492664926210
1247282644485881856
1247246600168226816
1246985771929620481
1246976120970510346
1246971905350877184
1246852163013353477
1246615388353212416
1246614876404891650
1246613962612858880
1246613862624845826
1246596419919605760
1246576671681064963
1246576664861081600
1246550220139155456
1246549343546388480
1246530214433132544
1246528979567120384
1246494921260797952
1246477291133325313
1246461717791395841
1246460415485169664
1246278290970677248
1246241551292006400
1246189514688585728
1246185894492745728
1246172164606353409
1246148000797331456
1246144156805840901
1246133416610992130
1245951259657420802
1245833098044100608
1245782252900024321
1245777711127289856
1245752213848326145
1245553053530554368
1245534734421069824
1245532527730843650
1245493925298737152
1245445792338411532
1245360503532056577
1245215278302027776
1245169909383995392
1245076234998099970
1245014275061661697
1244797508083040256
1244772755872059392
1244768106804887553
1244750298767396871
1244749711350861824
1244740143954694144
1244695851638743040
1244639629644632065
1244639590352330752
1244301783427477504
1244106098874802179
1244103130033188864
1244102861333512193
1244102659851853824
1244097287237677057
1244096920630341632
1244092122610814976
1244092110241816576
1244092107121295360
1244092106718633984
1244092106710192128
1244092106664112128
1244012172931411968
1244000798251593728
1243644678983028740
1243642003965042695
1243597942147239945
1243587616357916675
1243584285468131334
1243556974760996867
1243554001708294147
1243552919485546499
1243533140506955778
1243522552405860353
1243353482725384193
1243352877839585280
1243350083212632065
1243348188658044936
1243318926160859137
1243314424259268609
1243314422891847684
1243274412272447488
1243221853444980736
1243203513825611786
1242880050065801216
1242855516197384192
1242670757680943104
1242670754988261376
1242666222518292481
1242662543862173703
1242662543052677121
1242574700875845632
1242560325154717697
1242546158720909313
1242540946849509378
1242504222421049349
1242465006987268097
1242317612949950464
1242264941882683392
1242260593840545794
1242256122867789835
1242239501965156354
1242170207667458049
1241925741312442368
1241857689069723650
1241776253767536640
1241762600813117440
1241585806973620225
1241542816196591616
1241541353332506625
1241492675754409984
1241491941893775360
1241466223210217472
1241424322255872002
1241237177113214976
1241237174760230918
1241159339181826051
1241159336228986881
1241130242711990272
1241130240073707520
1241100633291268099
1241099649248833536
1241066138634719232
1241026851507703810
1241019516701888516
1240820343373066240
1240820135591473152
1240806999199285248
1240775430409523201
1240772917769764872
1240766558655438850
1240766557585846272
1240757149598392323
1240684977836228608
1240663220354002944
1240662837514690560
1240662687752822786
1240485573703290883
1240452455160315906
1240451362627993601
1240384906133372931
1240333933927182337
1240103737806458881
1240085275033907201
1240084958858936321
1240075608773754886
1240065663852576768
1240025329806213120
1240025315432415232
1239759709369962497
1239750884495708162
1239749718558687234
1239680381567356929
1239680380497735680
1239680378513784834
1239666379638198272
1239648279178199041
1239378364059639808
1239314355298000896
1239314187563630592
1239313342193270784
1239312667954700288
1239310946151137280
1239310945022881792
1239310943949029377
1239310942837657603
1239310941348663303
1239259339690348544
1239257907226488832
1239223380072468482
1239060562308407297
1238962229355167748
1238962227589386247
1238962224204517376
1238726124726890499
1238612457247170560
1238565150468251649
1238558435383402496
1238557898223034370
1238557886072094720
1238557818459955201
1238557805017169920
1238557183127633920
1238550570228682753
1238515040996732929
1238484790803935232
1238450470869504000
1238282112354209792
1238228567802118144
1238073476671553537
1237915809483235328
1237878276082634752
1237878013091438592
1237830450334371842
1237803568117121024
1237521239058468864
1237488298131677187
1237465785188134913
1237465780956073985
1237443923569709057
1237418581274607617
1237418369332232192
1237237785683255296
1237189300028088320
1237189298182590469
1237164278748241920
1237162216962605056
1237162214274019329
1237152700355293185
1237124752969433091
1237123443927195649
1237069318510215169
1236511731809124352
1236492196704067584
1236490884864192512
1236430546940702723
1236430545191669760
1236430083683909636
1236413156123172864
1236413153971507201
1236394538522087425
1236378667154132993
1236378107730440192
1236372631135424515
1236372628916645889
1236159084199579648
1236159081863417856
1236102477642117122
1236102476815876098
1236102475956006919
1236063083950411777
1236048097714655233
1236042920052117506
1236041764890238976
1236041401776795648
1236037331905327105
1236037330399629312
1236027646267527175
1236010330087620608
1235780846075985925
1235780193589096448
1235777551395631105
1235759416668012545
1235759370971107328
1235677970284638216
1235674351002779649
1235641693338247170
1235639801820450822
1235627704252329984
1235595449438023681
1235595051163672576
1235574794638196736
1235567148510126082
1235363168781819906
1235332150569971716
1235305189843914752
1235304820820586497
1235289709649285120
1235228610296008706
1234999462419820544
1234985331406950401
1234975570925998080
1234947225689755655
1234904986787643394
1234857820954251275
1234688062459908101
1234667184044961793
1234666832474202113
1234647121313267712
1234647097191866372
1234634780580483072
1234606110755168256
1234602652706758656
1234581426596700160
1234550727151935490
1234548815291650050
1234547524490407936
1233887093060984833
1233886502423130112
1233886421510787072
1233885973580173313
1233885892630106112
1233541478871375873
1233517744332660738
1233516285113270272
1233491194950361088
1233345892591316993
1233240153864445953
1233173322625671168
1233167292839714816
1233072157640527874
1233064770322026497
1232872257799774211
1232863816800710658
1232818520217575426
1232757408709185538
1232743706379329536
1232723879614763008
1232723846907809801
1232695864969367556
1232517071235403777
1232517067997360128
1232513440129921024
1232472683213774848
1232414181992943616
1232404862308102145
1232404860869521408
1232368059442237442
1232357384313503745
1232158556578775040
1232158553361833985
1232137101816279041
1232137099878510592
1231995414448136194
1231994696110571521
1231666750300852226
1231352409651326976
1231345616141398016
1231325238866001920
1231325236466987008
1231262339514687488
1231261010822148099
1231055874661265411
1231041386629279744
1231040903910957057
1231010509257764865
1230997749698449408
1230987647306194944
1230955860962222081
1230681932729667588
1230681930171133952
1230667588604223489
1230665404277837825
1230575360124817409
1230324656210620421
1230324652393869313
1230192351550885888
1230190890356006914
1230126640207806464
1229864502193278978
1229862468421373952
1229847335921999878
1229847333019553792
1229500866232799237
1229251350212612096
1229216640069505026
1229216637636743168
1229166714388021248
1228700555540758529
1228532003752022016
1228513712325218305
1228471072556769282
1228469085471592448
1228458728485113856
1228179632546955264
1228123069790769152
1228089018614788097
1228073131350396929
1228064572361367564
1228064373517803538
1227992224471953414
1227958195450195974
1227769549900177410
1227742767918538752
1227740308684840960
1227678781936164866
1227615692771483649
1227614585768812546
1227578241776594946
1227438814605578241
1227423055959465984
1227290276844244994
1227249629999304704
1227249629303054339
1227088671322583046
1226961950577483778
1226931027890798594
1226912323522191363
1225964144760905728
1225944704598126593
1225944703037820931
1225879185526337539
1225872513563070469
1225856081290723329
1225804281061744641
1225798170795528192
1225616487303536641
1225616486284382210
1225616483570667520
1225608283395895296
1225582682903584774
1225551189858799616
1225551187992289287
1225475789136842752
1225458556176130049
1225457868989779968
1225435026583674881
1225294053849337856
1225276247191826437
1225257674079711232
1225189710517219328
1225184624084733952
1225164932922167307
1225105501509255168
1224847432665780225
1224837220911271937
1224813519473905665
1224813287491166208
1224803259535314945
1224797911688601601
1224784822595395591
1224209163930210304
1224052545473142784
1223807709952270336
1223710482693021696
1223708119341191168
1223437238886961152
