1286050236843134976
1286034192036515846
1285680084603502594
1284897027768320001
1284347946817986562
1284347945303699459
1284347943919718401
1284347943001247744
1284347941491298304
1284196784307417088
1284194089009913858
1284194087931981825
1284125884425949185
1283944319448211457
1283840277837488128
1283840276923023360
1283840273089540097
1283142984670875655
1283102397255094273
1282709177102630923
1282671965774458880
1282671964776271874
1282329401095577600
1281749704716570627
1281749703445688320
1281624256145756160
1281254364330561539
1280892462291210240
1280892460730736640
1280892458977628162
1280876769093001216
1280262577889648646
1280262577046593536
1280262576287502336
1280191285689757699
1279408205181968385
1279408200777949184
1278722668754329601
1278453256096710658
1278440145042247680
1278383447237627904
1278084249925513216
1277995902024769536
1277656407882584065
1277620294497251328
1276596058118746112
1276268602400833537
1276268601788583938
1276268601092308992
1276268600391798784
1276233112792555520
1276207796359434243
1276186865117417473
1275823802589552642
1275823801683587073
1275194090540404741
1275134439874596864
1275134438935068678
1274707914507329537
1274011984321744898
1274011808202993665
1273976309727858688
1273620436983656448
1273609428349190144
1273365848636432385
1273326191928369152
1273325900222935041
1273325899388260360
1272960549194735617
1272901036706082823
1272537771253665798
1271517701438091269
1271517477906845697
1271517476497604609
1270800806070140935
1270748193341440005
1270747606025674757
1270094189540380674
1270093720780709896
1270056863837667329
1270056863162302467
1270056862453465088
1269985079079645191
1269985078341513221
1269425631953072128
1269423082135072768
1268984262050676738
1268969445927591936
1268967298645327872
1268645592294621185
1268645590444933122
1268626881429098500
1268174366401089542
1267920554222329856
1267920548593569794
1267920547490541568
1267920539961737216
1267613172732768258
1267613171772272647
1267613171004723201
1267613169821921288
1267613168974643203
1267613168139931648
1267497769855586304
1266467744377196550
1266448510590889984
1266127210814959616
1266127209795911681
1266080057350643714
1266075333389885443
1265678764782030849
1265675352279519233
1265645051339776001
1265645050693894147
1265645050060570629
1264904046332305408
1264574450973933571
1264300068770807809
1263944362053992453
1263910131617738752
1263837666522652677
1263836455740325888
1263204973678133250
1263165766607630336
1262391638464266240
1262391473934393344
1261290837461393412
1260333368883007489
1260333368035684364
1260230558908628992
1260230234932236288
1260230234189828104
1259894648870404101
1259520039562207233
1258811113514418176
1258810190872424450
1258810190205501440
1258810188095725568
1258451671677579265
1258425566765727746
1258147269586620416
1258147268626087937
1257752084172156929
1257678436728016896
1257324416632893446
1256607431058173954
1256268293175943168
1256032004904308736
1255900303272140802
1255888639424413697
1255604973477511168
1255593290491101184
1255170406643892228
1255170405721047042
1254825730426449920
1254825725682692103
1254825720053989381
1254820328527867911
1253808695168942081
1253808694011342858
1253808693277339648
1253796554017837063
1253741766647468037
1253716165303709696
1253706708125396992
1253415846317178885
1253394457355079681
1253371039159107584
1253318609931325440
1252972930306314240
1252722111015276551
1252646856372428804
1252619578921955331
1252603290854002690
1252313304095174658
1252313302484606979
1252273374426017792
1252273373234765828
1251305635674828805
1251305634672398337
1251305445211463686
1251264272132440075
1250839292500475904
1250839291519021061
1250839290520707073
1250839289321213962
1250811506708676610
1250563954306416643
1250528700464062467
1250528699641925643
1250431813295599618
1250114181640138753
1250114174061076481
1250093114192203776
1250093112992686082
1249756464404738048
1249740333908459520
1249335465569894400
1248324586489470976
1248320054237761536
1248315585613778944
1248282623723651072
1248281278270640130
1248279349150826498
1248261339749011457
1248029769628880898
1248029768869728258
1248029768131457024
1248029767393255427
1248029766642479107
1247961771090087942
1247938753907363855
1247936607191289858
1247621939511865346
1247589998045650948
1247578210365251585
1247577956010074117
1247291751892688896
1247287773679288320
1247160650578759680
1246486056997961729
1246473620400091138
1246169106153385984
1246169105067114497
1246169104215683072
1246141666869694464
1246110045064044547
1246109990852661249
1245835829483917322
1245835825394388997
1245834305521278981
1245818475743936514
1245744610871332864
1245744609961148423
1245431148022501378
1245394064230559745
1245361241113182208
1245154579446202370
1245154577751642113
1245099030897721345
1245097790818189312
1245097788632956928
1245019396768219139
1245015223645470721
1244752644570263559
1244752643823734785
1244744868406140928
1244731889279291392
1244714940411326471
1244687632556331009
1243667851694804995
1243622173102702598
1243222820861235201
1242872755210641409
1242872693877354498
1242840665723211782
1242539179596226562
1242500172124282880
1242481302227410951
1242479168526450688
1242467568394424320
1242212384548126720
1242100312808337412
1241388849563086848
1241367758258012162
1241121885389291521
1241101893415337986
1241101892249411584
1241095849620504578
1241060683875266561
1241012674172985349
1240782573749579777
1240686378834255872
1240667986530369537
1240667978921844736
1240384696095248386
1240363090329456642
1240341516545069057
1240334728777129984
1240017913345642496
1239914959481589760
1239698949352685572
1239651622449545217
1239647088587288583
1239646819304513536
1239601254625615875
1239598952951013379
1239598099133353984
1239595657444372484
1239546400762933248
1239254563921813507
1239027103401566209
1238985151339794435
1238831773452251137
1238831772571504642
1238564399104831488
1238501616254361603
1238501615323275266
1238491625472634880
1238454166982463488
1238261265350492160
1238210710775218176
1238124920858710016
1238124919864602625
1237897111997276166
1237897003679416321
1237819555667460097
1237762936602537984
1237463927300198406
1237408231212945410
1237394450365603840
1237160990929612800
1237137361609293825
1236701139862781956
1236697942343507968
1235989273947582464
1235989273230352384
1235989269300342784
1235979682228695040
1235943223270440962
1235685818515275783
1235626133451833344
1235619456459706371
1235333119512842247
1235286698457739265
1235236913856106496
1235217121069723649
1234977179705888768
1234975540622372866
1234872341726887936
1234606260953210880
1234545094734286849
1234268270578012160
1233893978837307393
1233893976807288834
1233500325358731265
1233121565686091779
1233096501355786241
1233086153806536711
1232803395821559808
1232803395003723778
1232782384187269127
1232742969473716224
1232730932014145538
1231966038683770881
1231256585328046087
1230929238456504321
1230911607057809410
1230898514416340994
1230887663122685952
1230610426490212352
1230610423981932544
1230528789777731586
1230502154517065728
1230498111174447105
1230181121599721473
1230153768123105281
1230143438202572800
1230143437124653056
1229878013413789698
1229819873926275073
1229819002316378112
1228409775001686019
1228409774267682818
1228371780131344384
1228371779330199552
1228338540720816128
1228338527475245056
1228002875810439168
1227736207280525318
1227733968067452929
1227733967337611265
1226886955193028609
1226633155970523136
1226170068960268289
1225867872758648833
1225820264077938688
1225542201192652800
1225539270179479552
1225538509487984643
1225487031670857730
1225468967751475200
1225468475906416640
1225191517503074305
1225191103810473986
1225159697449332741
1224861194529452034
1224839993216176128
1224796830376001536
1224395577946976256
1224337294204833792
