1286052452236693504
1286045347186388993
1286038441017384964
1285928965908189184
1285708507048808448
1285708352325066753
1285326688843378694
1285310138493042695
1284606638566051840
1278458131371171840
1277654401004560384
1274054672760868868
1274054292987576322
1273661631206166531
1273284500143964163
1272607897596366848
1270743385989697538
1270728639726989319
1270025453609390080
1268215774747000832
1266386711795453954
1265016179011260417
1264923470837673985
1262804858345791491
1261359652287250434
1260615352481964033
1260595718122885121
1260594286325891073
1260318212018728960
1258786995960242178
1258757232314941443
1258488557645242371
1258473594197282825
1258465821057339396
1258465582355267584
1258430035691745280
1258429951805620229
1258101684011761664
1258058677812109314
1258058378112315392
1255537758896107522
1254956436066578433
1253782749342838788
1253426643760082944
1253414990989557763
1253414957955211267
1253322766834528261
1253087092411969536
1252966276542103552
1251215235215745026
1250841727843348481
1250567082892316676
1250531491630788618
1250531425520148484
1250531363360563210
1250529445385027584
1250529198818672640
1250499675137982471
1250494133015400450
1250440464991281152
1250439872763940866
1250162401363755008
1250132440351494147
1250123752702173184
1249707034515107840
1248707301940355075
1248706894170120194
1247590686385475584
1247590517694750720
1247590411599839235
1247590238962270208
1247590104304168960
1247589933356855299
1247589809528471554
1247589648374927361
1247556474563428355
1247250539609575425
1247196087687004161
1247194156704960513
1246838422582497282
1246264446403719168
1245765368511107072
1245755840126234629
1245457539996794888
1245416196951990273
1245412963441414146
1245412128820994052
1245377195004084224
1245078840197681155
1245077035170570243
1245067786482835459
1244678110039232514
1243612062766505985
1243612012405575686
1243227792134885376
1242943333120520193
1242549266368905222
1242206257458675714
1242148149814267906
1242133223049760769
1242109461550030850
1241804548743860225
1241473297163923459
1241150201051729926
1241122757032714240
1241099886302564353
1241087514963857408
1241087287112458241
1241072015475441671
1241067432422359040
1240771969831878658
1240771262693203972
1240745325905752071
1240709476744740864
1240708754322206726
1240291179415166978
1240290599007391745
1240290246887190529
1240289940925186051
1240289655746105347
1239976002240970753
1238828693549694976
1238828391572389890
1237754038269198337
1237481889096773632
1237156431444553730
1237116392379318272
1235670818899849222
1235604221245833217
1235330197198688256
1235225498281791498
1234856406874021889
1234578627586600960
1234545002585509891
1234516310584963073
1233878943612260352
1233878233084563457
1233476799637659654
1233140437034074112
1233092545456066560
1233092485355917312
1233060387920269320
1233055596317941762
1232774798641704968
1232730813785088002
1232701288934182912
1232695933479112705
1232393416333500418
1232326524298317827
1230986955279626241
1230260487624916992
1230244888928632832
1230172411057725441
1229893470396923904
1229854687928565760
1228038574827851777
1228035550315188226
1228013176576495617
1228001601585078272
1227991763991826433
1227790419574054912
1227732361305088002
1227685342582640640
1227680712435884032
1227311474311389184
1227311442816311296
1227311219868131331
1227253364708323330
1225455185167777792
1225149647016157184
1225123603320012801
1225080016087724033
1224789105005023237
1224786752155590657
1224762255386062852
1224716254403092480
1224407505490587648
