1286040093032095745
1286040091920605184
1285956761887834114
1285956653783887872
1285703790470070272
1285687556110155777
1285681836283375617
1285679753199071233
1285635245925117955
1285308299575992321
1284484547598528513
1284156982044368898
1284155417497608193
1284128403407478785
1283847750505947137
1283835980466868224
1283835962628419585
1283775215940571137
1283770807802638336
1283455879661133824
1283455878566424578
1283455877605982208
1283418704605257731
1283398490912182272
1283396474584408065
1283161509879844864
1283155633345306624
1283126384911687680
1282756288724729857
1282706279094464517
1282702559002714112
1282690975144513537
1282682920898048000
1282682797057073153
1281283148542816261
1281283147745951744
1281283147095846914
1281236054478131201
1281211508861485058
1280910644225720330
1280910637032509441
1280908693685645314
1280871636573523968
1280624084737495042
1280515550108622848
1280513657454166022
1280510392930914305
1279410178199257090
1279091929028988928
1279073336547565568
1278805667323817986
1278802696364003329
1278802673098244096
1278789034698039314
1278767234551296000
1278766793918754823
1278707441480450048
1278705288539930626
1278681486871363584
1278669387596095488
1278666972297867264
1278666611092840449
1278453634267787266
1278453633093373953
1278413352679755777
1278412384210747392
1278406595274248192
1278334697848832001
1278077890479955980
1278076743388139521
1278004609362116609
1277741056122109953
1277729664065298436
1277691610822856707
1277654949510479873
1277631683093827585
1277629197343764480
1277617335218720774
1277230155178610691
1276635259078049806
1276591493831155712
1276590948554805249
1276569949281169409
1276563886502748161
1276561992661250058
1276548764971515907
1276542905021276160
1276527736379658244
1276521426502197248
1276507007508512769
1276316431307636736
1276316430070353920
1276316428975685632
1276251564588621838
1276233460059906049
1276233458445156355
1276225251488272384
1276212993202798595
1276187537724395524
1276167273242341381
1275805090008498180
1275516634346803200
1275516632853602304
1275489130005385220
1275435740650852354
1275435672828964864
1275138908821561349
1274722924818321408
1274383135027888129
1273982768045834241
1273978745490149377
1273731780596695040
1273731768139612163
1273731739978993665
1273731691639685124
1273728515859415040
1273668002593026048
1273667792831746049
1273666087171887105
1273628418001768448
1273389727526379521
1273389485296881670
1273389384222404608
1273358985450700801
1273284393906380801
1273282378363015168
1273280186730131463
1272935006994915328
1272906724689747979
1272906462512254986
1272675189709561857
1272675164203945985
1272674439793119232
1272636209563566081
1272539404779823104
1272529537537015809
1272226451413241863
1271817957350551553
1271482938144821250
1271449697543217158
1271444322236407808
1271442701385371657
1271441391869181953
1271439345979994113
1271208880505155584
1271208378090618880
1271200250829647874
1271198752246837253
1271088803881586689
1270758996140593158
1270758995100340224
1270758994236276737
1270758993288364032
1270713978319187968
1270713768163471366
1270713662014140416
1270713576618176513
1270713448582705157
1270367099098193927
1270069658436218880
1270025517526323203
1270013489684365315
1269989146656940034
1269680164960645121
1269680030742913024
1269653479515193344
1269638263674986496
1269282332093173760
1269263632053022720
1269263591393411073
1269007161209819139
1268991178650853376
1268986252273090564
1268942260340736000
1268892345187151872
1268891491516190720
1268584346597896193
1268559724578066432
1268557866421624833
1268549286247247877
1268524949561651201
1268524917965938689
1268524906431623168
1268292312041480193
1268289129521053696
1268224120334028802
1268224080622256130
1268224068794429441
1268180418513297408
1268179735651274761
1268163466243817473
1268163374761852929
1267812494581673985
1267812422963941376
1267812380492402688
1267812351887249408
1267511391537201152
1267506821725634560
1267494783624400897
1267444303858728960
1266828122776842243
1266445529359187975
1266445224190136320
1266441612370087936
1266441367988944896
1266441367124938753
1266082719261474822
1265996462502133766
1265987771656781825
1265987701754531841
1265987610645757952
1265987476163829762
1265987429057662976
1265836556721496069
1265800374323236869
1265784324097441792
1265751845567369216
1265736022241017861
1265726844508295168
1265722304329285638
1265713235480772611
1265705814729392130
1265682442675007496
1265659087292903426
1265446114129477633
1265446049503760388
1265445981732122624
1265360550973919232
1265337984603340801
1265285865133289474
1264916429427617792
1264891874550185984
1263874747382800384
1263838182266855424
1263559585966764033
1263553117901279237
1263553047118127104
1263552957297176580
1263552880402890755
1263552841785978883
1263551896322744324
1263551733294391299
1263551586216935430
1263478579146473474
1263195747975073794
1263195296261124097
1263194120564224001
1263183574204846082
1263154304984244237
1263143956281425922
1263098685044465667
1263098535806894080
1263098384379977728
1263098234274304002
1262830729626554369
1262802644868968453
1262802643950481410
1262802642859851776
1262738595632295937
1262738487289286657
1262449340582293504
1262449207115382786
1262449154581823489
1262409894071861250
1262372826880905216
1262372790004563969
1262372351255220225
1262371414146977793
1262371156818038785
1261678479109734400
1261473109154168838
1261456360694337537
1261393970401357824
1261371252624801802
1261371050173972480
1261310259450327042
1261306717213777920
1261306465052172288
1261306307853930497
1261017359063625728
1261000828015407105
1260969370366308353
1260952269698273280
1260952268305809408
1260942464581582849
1260940203688165376
1260736465325129728
1260680500378841088
1260677826916876290
1260657331164942337
1260657081293524993
1260630251765477378
1260624197581246466
1260609530154700802
1260603715125477376
1260603580324732929
1260574225561239552
1260573328756092928
1260336211387994113
1260258741045334021
1259986977392377859
1259985976321028099
1259985884360912904
1259844668205993985
1259843451723624454
1259494317049208834
1259492112363634688
1259266482418188288
1259145172476219392
1258885863062351873
1258867534666874881
1258862673221033984
1258852391320981504
1258826875520126976
1258826829865062401
1258826352385495040
1258826156343799809
1258824150669500418
1258765374268551168
1258765373320704002
1258765371873558533
1258737066537598979
1258466705011023877
1258466575440654337
1258466527969501190
1258163445456830471
1258161583144013828
1258161537925160962
1258155527705628677
1258155461557321728
1258155400974741509
1258081598358073345
1258081498890219521
1257800547119312897
1257799953986080770
1257799917382270978
1257786733556649988
1257779012988014592
1257773310953361412
1257771948022607883
1257771919564210184
1257715201140457472
1257708660228268032
1257665043572895744
1257664927977869312
1257664833601916934
1257663469622566913
1257451898304684037
1257445671537442816
1257426351071670272
1257419800176967683
1257397008354205703
1257396371012882433
1257395138101415939
1257395054211149827
1257390152776810497
1257389774240964610
1257389673103712258
1257385883453526030
1257359160221597696
1257028628778487811
1256988293864009729
1256961780242358272
1256960001605861376
1256950629706207232
1256950266055753734
1256950184799539200
1256582939510439937
1256577742469988355
1256310511383097344
1256300495435595776
1256259628935057418
1256259584727093249
1256238200638537728
1256232496242589698
1256225708042596354
1256199763470540800
1256199480405262339
1256198812516986882
1255999559337152513
1255996839041662976
1255996681532977152
1255996637220126723
1255995194098548737
1255994677100249090
1255991429794541568
1255941743926808578
1255930540135456769
1255930510020349954
1255930460833755137
1255930432329318401
1255920151016374274
1255919332128940034
1255919276629901312
1255872857550307329
1255841538673987584
1255841435988959235
1255626385969815553
1255612652598034434
1255612615511945218
1255612558226198528
1255609806334971907
1255576993602719749
1255565285148557312
1255564707513188357
1255544861647929347
1255544344179871747
1255537270091845635
1255488949335871489
1255265624877674500
1255265578987786243
1255265533303427074
1255249475049869314
1255248398124490755
1255246815018057728
1255245660133228546
1255244836665462785
1255244756369752066
1255244510591942661
1255138613202841600
1255126584639606784
1255125889911750656
1254915545079721987
1254915456420454401
1254873274540003329
1254859038342344704
1254858944327139335
1254858805424373761
1254858705612369920
1254858244217925633
1254857415465373696
1254853573499813893
1254817644542394376
1254788777953734658
1254780694888198145
1254775736616902656
1254775716844941315
1254775516613103618
1254406692877602817
1254401134292238340
1254399506663313413
1254112796905799682
1254085635394191362
1254080917016059907
1254080915489374208
1254080914667307009
1254080911488016384
1254080899278417925
1253775459545997313
1253775337382649857
1253716777231671299
1253705885030940672
1253705521867247617
1253696553568686080
1253462440395898880
1253425340447260679
1253425127787687937
1253373572380229634
1253371506660388869
1253348125064024064
1253347027603292160
1253346791224946688
1253326426784231426
1253100705960861701
1253095939516051457
1253095870024880130
1253095714537775104
1253051979309420546
1253001970803183617
1253000996428615680
1252984794381783042
1252980572290535426
1252978055754252290
1252968044156145664
1252967409838948353
1252967300355014656
1252953996979064832
1252949148619476992
1252949126200922112
1252718800954408967
1252717811694219269
1252716744344514561
1252716560302702592
1252716524370083841
1252713164870991874
1252668463837044739
1252602268584677376
1252575213625184258
1252572703183310848
1252563565824933888
1252368431371792395
1252364842859552770
1252361928904564736
1252323808444383243
1252321947389702146
1252312631853166592
1252312553843306496
1252311838014025728
1252306441559515136
1252294270511460354
1252240254674718720
1252231780863807489
1252222876851331073
1251930385614802944
1251899425376608258
1251891912375701505
1251890937346887682
1251869825393217541
1251257714099044354
1251255341758779392
1251254916494118920
1251253867905519617
1251253438375223296
1251253279797006344
1251252679021596674
1251247753298087937
1251236971135057926
1251236856928317441
1251217021930557448
1251213486794866691
1251203239938326528
1251197705310830595
1251171822420271104
1251161611613556740
1251161579875258372
1250995797103202310
1250949006794067970
1250892453919457280
1250879150648418311
1250846216214196226
1250846214993727488
1250846213353635843
1250810402562281472
1250804733373227008
1250793038596706305
1250560365697683460
1250556852137611265
1250511212409950208
1250498852253302787
1250498795730804741
1250498538053697539
1250497341506945024
1250497340168953856
1250495333823545354
1250462756412764164
1250432600700641287
1250426932916654083
1250411049163149312
1250408536858710017
1250404757891682310
1250237293396361216
1250232969832411136
1250232666668044288
1250232612297334784
1250224924125470723
1250219846283005953
1250219344078032896
1250216654337966087
1250215980774707201
1250162268488245248
1250161336786587656
1250136132081389570
1250120748292808704
1250114928582721537
1250112862871334914
1250112496016515072
1250098264856236032
1250079676787306496
1250073446333190145
1250071034381959168
1250071033119457281
1250071030338551814
1249886874199564288
1249863109478699009
1249813446352343042
1249813358121025539
1249811710564864001
1249811636149510146
1249811602142003205
1249799485615677441
1249793038886604801
1249791877953486852
1249780822720368640
1249780821390692357
1249768218283118593
1249767982445801473
1249746386461040641
1249740394755231745
1249695503975165952
1249695483238453249
1249360423868084230
1249044069222924288
1249022991402438657
1249010581140656128
1248988779861487617
1248773831570972675
1248760607123353603
1248741834102366209
1248741832630194176
1248741831267008513
1248649768781348864
1248638569473867776
1248632720391102464
1248632719178948609
1248627689466015744
1248607599538421760
1248607501861498880
1248607454440628224
1248606875370881024
1248606368950558720
1248606236934881280
1248404227891683328
1248403935670317056
1248363706351792128
1248362596777984000
1248362588737544193
1248362488619585540
1248358541213212673
1248352743036764160
1248301687036616708
1248294066762190850
1248286097618149377
1248286096041086977
1248272404524273666
1248265076618006529
1248263133061353472
1248263019672543232
1248065076092899328
1248055735503794177
1248008654361489410
1247974249169592320
1247974118122799106
1247958129993711616
1247942854326001665
1247916135561003014
1247902311029981187
1247899134956195840
1247633275033616385
1247631020549160960
1247630469577007104
1247611700414726151
1247594768340848646
1247594766910578689
1247585711651504129
1247583105654849537
1247542323803643908
1247542296314167299
1247541962174947328
1247536301357719552
1247511675340759042
1247511347643977728
1247265333427216388
1247263596209455104
1247217375503691777
1247217198931771397
1247190559095209984
1247190486810595329
1247189973612343296
1247185110421712896
1247152605488386048
1247152575532748801
1247152140990197761
1246492463520518144
1246476798822625280
1246172938044411904
1246171236444577792
1246158798382907392
1246154151823847427
1246153970160226306
1246148119965978625
1246145577647312897
1246144195204714503
1246143798507450371
1246141980566065153
1246132981015724034
1246109383009996801
1246106694062571534
1246071436856483840
1246070796113645570
1246070060243918848
1246052328219627521
1246045282040676352
1245874909097623552
1245868755910930432
1245862829506187264
1245861610679226368
1245860970259333122
1245859389409349633
1245856253298925570
1245851939746672641
1245850852247498760
1245840961889898498
1245822295060275201
1245822274856529922
1245822183835947009
1245822033373605894
1245804543180517376
1245804541800579073
1245782415982964737
1245716177269280768
1245716112278532097
1245451883822661632
1245421342217961475
1245416573982117889
1245406148204912641
1245384569576206336
1245384527809257473
1245341393670848514
1245338877012758528
1245335106375446530
1245323777635991555
1245320005027131393
1245154090688098304
1245154019028406272
1245152316359159808
1245150210868891648
1245146358664663040
1245144056377860096
1245143407594549248
1245140178764738562
1245109868333281280
1245104062938349568
1245103778950455298
1245081932020494336
1245081665145364486
1245079371414675463
1245071431102271488
1245066685398294529
1245059868970627072
1245059834078248960
1245024071034814464
1245023244073254914
1245019904010575874
1245013301274333184
1244997245293953025
1244997029945839616
1244996463765192707
1244765769189261313
1244761725645225984
1244758394550063109
1244704963479175168
1244688162712162304
1244624227669606400
1244357410086682625
1244332244287647745
1244314534690643968
1244302229030555649
1244295484648407040
1244295306763800577
1243999923089149952
1243994449526562817
1243993047354007552
1243993046624227328
1243987472402522112
1243983697457676289
1243978542511161346
1243977176401264641
1243970321876684802
1243929730816057344
1243675776291127296
1243665757499768833
1243663476570161154
1243659028573626372
1243655576346939395
1243655357853040648
1243653049203261441
1243642205006372864
1243642203550945280
1243592367116095490
1243565547234656258
1243563805579382785
1243545710655569925
1243530572326211586
1243322893406294018
1243322289741062147
1243304716148396032
1243304659625938951
1243241270174257154
1243240513299513349
1243236037150806017
1243228754459217920
1243218051111190529
1243216686121181184
1243216676671434752
1243212381783760898
1243174868759314439
1243030622404317184
1243030168588955649
1242974051750076418
1242974050068172800
1242942823026110467
1242942781309497344
1242941744725078016
1242941743219302403
1242940469828599808
1242934927898935298
1242922480362295301
1242890640482078725
1242883653371379719
1242849928667377668
1242846191416684544
1242846003948118020
1242824815624491008
1242821838901829639
1242821837546979329
1242807791766712320
1242807536455163906
1242807214575935492
1242806713507557377
1242797845926772742
1242797081183617024
1242796347260108801
1242657076138164229
1242635310049177601
1242623293963866114
1242623292181303297
1242582670116376581
1242582639015583745
1242582537316306945
1242578567940186118
1242578257133830147
1242567330682601479
1242561755307483141
1242550089308164098
1242501930011832325
1242492801901834241
1242438037532966913
1242434957554913281
1242247965894496257
1242211915545415684
1242209480286273536
1242209477992034305
1242207533571411969
1242188258462892033
1242186241111732230
1242181980487331841
1242180291680251904
1242179068562493449
1242172336331264003
1242168333539192835
1242168318347411461
1242155581332500492
1242153974456823809
1242132842160717825
1242106147034857472
1242100562109267968
1242099221135843329
1242094803556458496
1241938816224632833
1241904929628979212
1241904927879974913
1241891161813528587
1241862575073177601
1241858924002906112
1241776560782401536
1241775029941043204
1241765263118413824
1241765237424037888
1241744556191895564
1241716561418821633
1241509635540029445
1241499667046727682
1241499539657416705
1241499127579643904
1241469408888881155
1241442694074941440
1241428263865630721
1241420258977689601
1241413761589805056
1241413760788713472
1241413759375159307
1241411097023963141
1241396755339653125
1241383393360850945
1241382288992108546
1241379156526542849
1241362395974504449
1241355102142828545
1241353741581930497
1241353683427827713
1241174644180344833
1241160969541365761
1241143542380138501
1241142161585864707
1241132066064019456
1241128408408621057
1241128032577994757
1241127672794808323
1241127117481541633
1241111018832637952
1241108373849997314
1241106955336388613
1241106709092995078
1241104825795973120
1241103813274226690
1241102342851899395
1241102341283237891
1241024445617188866
1241021249171738624
1240986925265272832
1240744487296655368
1240721820980035584
1240718569253421056
1240658901357539328
1240657122075062273
1240641196889956353
1240635694659313664
1240634564785115139
1240467650205147140
1240430833258901504
1240425833703133186
1240408083945439239
1240407026330722306
1240387695232389120
1240383281301983235
1240380396401016833
1240363344999170050
1240362996150480901
1240362993843679233
1240290447852961793
1240290445651050496
1239996721649909767
1239956415080431616
1239953772392009728
1239892580269203457
1239892578994176001
1239753896794435584
1239678779150172161
1239678777795530759
1239582962494124032
1239570433361555456
1239568322221481985
1239568091421564928
1239362415189463040
1239325722507911180
1238855275395891209
1238695104015216641
1238695102836617219
1238695101775392769
1238695100835860482
1238565519839674370
1238563614728040449
1238528377251913728
1238527874132516867
1238525787311165441
1238523657825193984
1238473767468351489
1238257972926701568
1238257972108759043
1238257970640834561
1238186302660644864
1238147545701941249
1237910177866801160
1237863945127378945
1237838127466717187
1237832345199300613
1237824480409518080
1237777696152850434
1237752465107410944
1237515348372369409
1237481373889331205
1237481103050579972
1237469979949359111
1237469978758123523
1237446166377308166
1237415302197108736
1237411669309108226
1237115405895901185
1237115404507648003
1237105173937426438
1237087962472632321
1237084484878643200
1237082900610330624
1236720272260153347
1236714409571033099
1236307230498136066
1235659978435776512
1235659976724672520
1235630507695710211
1235630506517000192
1235321118489227266
1234991130317479937
1234977435092844546
1234940143322193922
1234920730363617280
1234911238758465536
1234911237697363968
1234911236590047232
1234911235604389888
1234911234241200128
1234911233196908544
1234911232244768768
1234911231150100481
1234904934161813507
1234881201967595521
1234589696858169346
1234589696082219008
1234589694995857408
1234457419750748161
1233763884433055749
1233763854150230022
1233417216978231296
1233415605967040513
1233173209173893120
1233167662705934336
1233143522959745024
1233135754735443968
1232846093093933056
1232817296869142528
1232789339740024832
1232759819024654336
1232419826368491521
1232415483716161542
1232353426652254212
1232076945334185984
1232076943333478400
1231993545667620864
1231656625599131648
1231300142038425601
1231241608017960962
1231232977591586817
1230978537164857346
1230926752618295297
1230923878949584897
1230913758056329218
1230913701823340544
1230908642205032449
1230904418637316098
1230169159046254597
1229917878373273600
1229806695305617408
1229478052821979142
1229469624212869126
1229468918277967872
1228471320138190849
1228402923748646917
1228401552538423301
1228372579754356737
1228358254763421696
1228357513931829248
1228357512543469569
1228066304667660289
1228065933266161665
1228033745086767104
1228014202587095041
1227993867879960576
1227694563789328384
1227692928606392322
1227668138042576896
1227403670200995841
1227360208176979971
1226990053278339075
1226979982464954374
1226927256087429120
1226927253885419520
1226634069498355712
1226537154744082432
1225902151936901132
1225870823061413888
1225870818934165505
1225810537893761024
1225798107054645249
1225796703535747073
1225622902873239552
1225607467997986816
1225506326069096448
1225186676810665985
1225186675871166466
1225153119396470786
1225092790264193025
1225091957522862082
1225091681214746625
1225087305909665793
1225084201705320450
1225082468874752000
1225078441390809088
1224900251796066305
1224878043166056448
1224846211045347328
1224770219329146881
1224454832116813829
1224427592993951745
1224427591639105536
1223624340572426243
