1286078711549304834
1285678792212713473
1284505642858946565
1284505641470627841
1284182422591016961
1284153833791332354
1283491724346765320
1283153559526285318
1282421485777367040
1281367664066166784
1281365207739183105
1281336736099049478
1281300021976203272
1281229250369118208
1280563498444034049
1280527853520633856
1278813609565605888
1278426831952269317
1277715580221620224
1276584009271828481
1276575452904202248
1276354772187185153
1276308310661181442
1276221334561980419
1275869174062080000
1274037204197744640
1273656553246244864
1272964762343739393
1272644341685719040
1272564524080484360
1272556853684244482
1272259985083432960
1271598368448487426
1271512201933791234
1270096979901788162
1270096979281031171
1270096978622451712
1270096978001657858
1270096977309687808
1270096976621850624
1270085500364357633
1269004818032386048
1268987658547724289
1268681376812994561
1268681375479214086
1268614472484167682
1268578533124771845
1268002401128263681
1267959405863149569
1267597335649009664
1267597334835331072
1267183706663530509
1266827533430984711
1266460970311974914
1266017161794981891
1265781852981342212
1265682563311550469
1264938272662401024
1264590984194789377
1263580559076286465
1263513380876410881
1263491290446036994
1263475050558238720
1263227475376640000
1263217065344864256
1263199461146312709
1262851185981239303
1261740703085817857
1261725603524489216
1261341527776751616
1260986949747322882
1260665024231682049
1260253817804898305
1259969969393205249
1259512520727040003
1258806723676176385
1258806722669555714
1258476443752792064
1258454822010998784
1258115379731353600
1257733045639016448
1257711286760194054
1257353326808752128
1256318338239811584
1256291664987074561
1255941701396463619
1255618437306626050
1255533036646674434
1255237510940299272
1255236956583268352
1254805309308178432
1253775722776330240
1253754629294362627
1253742198614622208
1253728966881542145
1253468678403829767
1253419688236773380
1253351121311215617
1253113376479367168
1253059085043486720
1252724906812456964
1252724905331830786
1252670377005899777
1252632436552368130
1252624279621025795
1252624278627012611
1252321580937592835
1251248274289410050
1251215010002501632
1250857950580793346
1250520553674375169
1250103427683753990
1249861935740399618
1248049374170660865
1248003904899440640
1247668282791952385
1247644272003817477
1246460644272091136
1245809426977697797
1245773676039077890
1245411354904875016
1245140753585778689
1245120594674360322
1243605942278684672
1243302706011398146
1242857634484674562
1241025324005146624
1240729908457938945
1240346910554193921
1240312654973018113
1240295517852180480
1239997068401348615
1239690156342378498
1239669686431817729
1239630928621772800
1238867377623838721
1238163212090081280
1237856274886193152
1235659039624720384
1235616673073369088
1234967814424928258
1233460264147746817
1232017402134745090
1229809736444497922
1229518899441520640
1228348705348165633
1227993665731207168
1227667415883902977
1227629126053396480
1227337198275563521
1227320254755483652
1227320253870415872
1225199702423064577
1224874330506645510
1224416789108592641
