1286018893593665537
1285964044055314432
1285941417467052040
1285720552150372352
1285656721768292357
1285631676228435971
1285626102057250818
1285610338927415296
1285565417902178304
1285342669426896896
1285252101204062208
1285246963114487809
1285232039357276161
1284911008214126593
1284852614279172096
1284644600624414722
1284338351303254021
1284180661214093312
1284180659884490753
1284163566904516609
1284163565591683073
1284146271129829376
1284133367714394112
1284133365399134210
1284113310896590853
1284093761560227840
1283951217744453632
1283892031669051406
1283873932672749570
1283863354071752704
1283845989166718984
1283845987153457152
1283831264710205441
1283831170430533632
1283827442902339587
1283794191580114947
1283794190481207296
1283779582005514240
1283463616730103811
1283434281314983936
1283433783371407360
1283424234493087744
1283413880753065985
1283385179952816128
1283134848803241985
1282808432270114823
1282771574811168770
1282694875130060800
1282638944610516992
1282351098146234368
1282347217014194178
1282325507695157253
1282096310435352578
1281952849044414466
1281739699854483457
1281699494061580288
1281699492937465859
1281625822789537792
1281619239657512961
1281293437111861249
1281288256924106753
1281235932654551040
1281193599959474176
1280946022894706688
1280888916611076097
1280888915885527040
1280576467353600000
1280559486625865728
1280538314584530944
1280508439727308802
1280508438204895232
1280291605631696897
1280215378711523329
1280182684493524992
1280182683327508482
1280150273621663744
1279869855865417728
1279452162884538370
1279399813532938241
1279106182712524800
1278799499025158144
1278766641363345408
1278753359227387904
1278719053335597065
1278709768794800129
1278709366280110080
1278680807868116992
1278680656713846786
1278525252822282240
1278494529298018309
1278401977081384963
1278391005021077510
1278391003884531713
1278385314202034176
1278343751992254464
1278172621939642369
1278016062995472384
1277992322668601345
1277720029421846528
1277656302479695872
1277633490675273729
1277633488640974848
1277630985987915779
1277610501665697795
1277284120964599808
1277270090715709440
1276993617912102912
1276901341521215489
1276898398893989888
1276893726401585154
1276652963562500097
1276639879611535360
1276601891258945536
1276571400078266368
1276566886482878464
1276552490293645312
1276538532962713600
1276512733224189959
1276246801620836353
1276219365885698048
1276210084503261185
1276188825014939651
1276178093124784130
1275953633725763586
1275950561909760001
1275876937127407622
1275844384064503808
1275826501930364928
1275826501016072195
1275796341927620610
1275556894015401984
1275442861433999360
1275430564124856326
1275430466926116870
1275186360983396352
1275173480938569728
1275046602332389377
1274860712238755840
1274706878052868096
1274322356677246979
1274042368484925448
1274042367386046468
1274025400356741121
1274021902504394752
1273975068553408512
1273948117956771840
1273781030525296641
1273682359922155522
1273680824647462912
1273672659201601536
1273637840224747521
1273632074117844993
1273618436942434304
1273610958188032001
1273367116427788290
1273329507366318085
1273313402610421760
1273300624629739520
1273265199093551104
1273261700645638144
1273249885064777732
1272983841024638977
1272921939238162432
1272640170068672520
1272616797888446471
1272606047803498498
1272605209831845891
1272575848588050432
1272544626470256641
1272246490510110721
1272155579243520001
1271854774539911172
1271608843601170432
1271560842652377088
1271466036060024832
1271455805448085504
1271439878652395521
1271162802326077442
1271157234664382468
1271129720269176832
1271122096647700485
1271070647360372747
1270805964623687688
1270728677047721985
1270708544359108611
1270690928173473800
1270485642783469571
1270427208629305345
1270395109251653633
1270367821000826886
1270345099189370881
1270143629672296448
1270140958571708416
1270078089876422656
1269676866635550721
1269292199684050951
1269289266565337088
1269016079982043136
1269015952911368200
1269009573756768256
1268968847866036226
1268966569230680066
1268963408361197568
1268939523225980930
1268932184930467840
1268637877845573633
1268629098655633411
1268598732737654784
1268575001596346370
1268554960523931648
1268384626432774145
1268336779117170689
1268326673096650752
1268308983070068736
1268308982877360128
1268275382811328513
1268273109641187333
1268268282391465988
1268265394755842051
1268259910023811074
1268245442141261824
1268214618780045312
1268189787346829312
1268170579762393095
1268165896465453057
1267956351071895554
1267927784514560001
1267894032161701888
1267879472453300224
1267860279238459392
1267808399485476864
1267601515516178435
1267592412316282884
1267496776069795844
1267481551429947395
1267175014769528833
1267150635289452545
1266964876251070464
1266942777633505288
1266758836058284032
1266758299728347141
1266531116166590464
1266522418530717697
1266446382568742914
1266426213851107335
1266364552922517504
1266356974410760193
1266176860691595277
1266125908139741184
1266097349220278272
1266086650309902337
1266053788672110593
1266018252406358016
1265788193246457858
1265714501896323074
1265686549963968513
1265659520925270019
1265651488858296323
1265646013043392515
1265406274407206912
1265331159153680384
1265285527089053706
1265255216527572992
1264949734525018117
1264703645402218506
1264559158864547841
1264297335443636224
1264217134894403585
1263918440986935296
1263834098201694208
1263651821421199362
1263524234250334208
1263270187597529089
1263215997454094336
1263191664669097984
1263101504765952000
1262777030212562946
1262727508228812801
1262496978161852419
1262492175759261699
1262426294639304706
1262410943142731778
1262158270141280262
1262077989941940224
1261676473896796162
1261671441659056128
1261626173081169922
1261391740793044992
1261387957031895041
1261310369739530241
1261293881553039361
1261033809794957314
1261023285048901640
1261019273654304774
1260986865756377088
1260967181476659204
1260698838358208514
1260686995984125958
1260657314186645506
1260617049249701895
1260570493394059266
1260540293276823552
1260286442728800257
1260283274351476741
1260271331096104966
1260268422967037953
1260261972949565441
1260254661308637184
1260240922438250497
1260201563118845958
1259922178285416451
1259890740060176392
1259886161901883393
1259867166763089920
1259848442962198544
1259623261320642561
1259468233565966337
1259262781339156481
1259227539282825216
1259120942187495425
1259105844463112195
1258840657164206086
1258805127290540037
1258783439731527680
1258780019943510022
1258780017477193729
1258764442868776962
1258743133812199427
1258473125756448769
1258457450174386176
1258452787890925570
1258440156471865344
1258440155389665281
1258422588943904769
1258400401495384066
1258400221832364032
1258393270318759944
1258381067259490307
1258324704143839232
1258191141230514182
1258173591776120832
1258163539166011394
1258139489110761472
1258126284779073538
1258073063435968512
1258069955356110849
1258062831557185536
1258062088565653504
1258045982262075395
1258018354335485953
1258009919145627654
1258003578246983681
1257724130364981251
1257701588694495232
1257686109456347137
1257669971901063168
1257473276437245958
1257472544099139587
1257453865781297153
1257378318619488257
1257348542814982145
1257295362194378754
1257293907911720962
1256684720152285196
1256626524997980166
1256613095314685954
1256388565128351746
1256326617078435840
1256317762089213958
1256309212881186816
1256283006240686080
1256280810421997570
1256275629932253186
1256268060056588289
1256255565661167616
1256206744813854720
1256046684427227138
1255935409869250560
1255919995999092736
1255912497107873792
1255912495308574722
1255895397488304128
1255889648863207424
1255598855586025472
1255527262579052546
1255524520976318465
1255519083610636289
1255504949787705346
1255458121117511681
1255301570385805313
1255299517139861504
1255266922071044103
1255254052159598596
1255248937872654337
1255248489270960128
1255227373198417922
1255188182515187713
1255188180690747400
1255150331412885504
1255146963026075649
1254884458718736385
1254855308964270081
1254842554669039616
1254842380706099200
1254826022756929544
1254814066046046209
1254767342854311936
1254478951889633291
1254157062101237760
1254132894420938755
1253772001770196994
1253766765114523648
1253764273584644096
1253752781023989765
1253752464626647043
1253740902608244738
1253716350679355393
1253716348536061952
1253709563687309312
1253689886097408000
1253681347895242755
1253494083529703425
1253453464094605313
1253452224149065728
1253415197584154631
1253393360703967233
1253383134164520965
1253352935230189569
1253335420345020416
1253333686151344140
1253105592257982467
1253093958349213697
1253028473402273793
1253027189135728640
1252996024068640769
1252990360248356866
1252982839399890950
1252930148833214470
1252783124506914818
1252686383107489799
1252669950403190787
1252669217377312768
1252653869504647173
1252647687545028608
1252645799969857536
1252639569503293442
1252631183059488776
1252619875882864640
1252602528832897028
1252596412157747203
1252374626782470144
1252324818751545344
1252303520826634242
1252301721386340354
1252295974376091648
1252290854708039681
1252286112212582402
1252261467971301376
1252261175745818624
1252250528656080898
1251919435725705216
1251890256493805573
1251616681975316481
1251531200956698636
1251329095125929984
1251263018454876160
1251243628573450240
1251240730066071553
1251239986738888704
1251232197912285192
1251140129474961408
1251108316635430913
1250920865652490240
1250915936363741201
1250889425460113417
1250863832555274244
1250860535597457408
1250846419113689090
1250809046908768257
1250809044698378240
1250805917244887042
1250805377081446400
1250782190671212545
1250772518572568576
1250611041022750721
1250502670500184067
1250500560547123206
1250500557300695040
1250497715659825153
1250480509483986944
1250468363622588416
1250461411618275329
1250461409927970818
1250445208518615041
1250439114874216449
1250426491638149120
1250416082323673089
1250261607608975361
1250193341305798657
1250155805770383364
1250127877762416641
1250127875166126082
1250123493599072257
1250118969492635648
1250110794504822785
1250109128409845760
1250089852646895622
1249870317037719554
1249867409365893127
1249866044228993028
1249762754661158915
1249747734455881729
1249291171643428864
1249145528979521536
1248701420523728896
1248700255236997121
1248694780072267784
1248677449614995458
1248672094759469056
1248655005890068483
1248382522037112833
1248338831138586624
1248321791522717696
1248316173386735619
1248309705597956109
1248266897025622019
1248032878631542784
1247967013747777536
1247967011503837184
1247952484221550596
1247952481843326976
1247947609119117314
1247943571321356290
1247922646756601856
1247904773795237889
1247904770578198529
1247904056900587520
1247708527927472129
1247694450043879426
1247691850233888768
1247636477686710274
1247623746791387137
1247580212298166273
1247568570541801473
1247561710904520705
1247561707645546497
1247346057585086464
1247261909881102336
1247260987360763910
1247228185818824706
1247190481357938688
1247190477797052419
1247153507850952704
1246961755265392642
1246805835529048067
1246785490172379147
1246595830024482821
1246458991879864320
1246449403734503424
1246132502219108353
1246113238208651265
1246090081359859714
1245836314991345665
1245825895778127873
1245802498805432320
1245730422438363144
1245730403400507392
1245717556477952003
1245707970706538502
1245476060935880704
1245476058289356800
1245437203007799297
1245430781746597888
1245430780148531200
1245430684208050182
1245411136020897793
1245390880112087047
1245373910704697346
1245369439568179200
1245369310715011072
1245369308030664706
1245368678419517440
1245359951716978689
1245359950827794432
1245355630384349185
1245315201370595328
1245139488726269952
1245113254315245568
1245106903203622915
1245091750563262471
1245087218948947968
1245079844599324676
1245053744578007042
1245024670077894657
1245000516708556806
1245000514707902464
1244956261403242497
1244704351966433282
1244704349684731904
1244287134971895808
1244277459396300802
1244277457089449984
1244250344281890817
1244246283109445632
1244003821417828353
1243641474442498052
1243624535317983235
1243624087466979329
1243609586201919488
1243609584813641730
1243603133944782849
1243595436730040325
1243584325603467265
1243549555142131713
1243284876926889986
1243278340489990145
1243256845529210880
1243254685563269122
1243242885329362951
1243228627325550592
1243208000887816194
1243203637649854464
1243178242703593478
1243054448273952771
1242976065158549504
1242969664541593605
1242912184876912643
1242875885679783942
1242843267496017921
1242843266422276096
1242808360195555328
1242590214352187394
1242512784417591296
1242504794826252288
1242485371230978049
1242477724507217922
1242464789508562944
1242461960291209219
1242186640912715781
1242170880714735617
1242149111077486599
1242139211542794240
1242128893261369344
1242128891759808517
1242102114593247234
1242084491755229185
1242083256419389441
1241917365723504646
1241580666309001217
1241455515592462339
1241371144449667072
1241365841553301506
1241123710104408064
1241042483603296258
1241038028694577152
1241006029229432833
1240789874384437248
1240765082507902988
1240731585495924743
1240731583209930753
1240668390009823232
1240621787970404352
1240412088847290375
1240374731452416002
1240365996935909379
1240365993765023745
1240337384866283520
1240337383691882498
1240302700224565248
1240302664841400326
1240291490879987718
1240034278928519168
1239991161625993218
1239983928980668416
1239983250380128258
1239978834172223490
1239978832985231360
1239967061389930504
1239939744886292483
1239925592335802378
1239923318410616832
1239923316565172225
1239890904447582210
1239757851414970368
1239757545880915970
1239631759702216704
1239553985234812928
1239337426411282433
1239337423890456578
1239218470262312960
1238871482190659584
1238871479976157185
1238820961882902529
1238584365594148865
1238562542684966913
1238504861223784448
1238468506653466628
1238283639416291328
1238260174781132802
1238193836226199555
1238144257111855105
1238091932804493315
1238057147373502467
1237990888112087040
1237875985476759554
1237875981764849665
1237860080009089036
1237860078163648512
1237840929924382726
1237795593281568773
1237795591629012992
1237777663022059520
1237754817101156352
1237735114542583808
1237729822195044353
1237729821230280704
1237546420879540224
1237527639398612994
1237527540937318400
1237495081231409152
1237487203753889793
1237487202176774144
1237449072560222208
1237448900170133504
1237430754294018053
1237427637934534659
1237426742014414848
1237421621352312834
1237417516605083649
1237413855900454912
1237413854877007873
1237412532383633408
1237392762158198785
1237379499219714049
1237358271536738305
1237157497816911872
1237157497078759426
1237141071475412993
1237118775520038916
1237031136142020608
1236700884991705092
1236652899838509058
1236455533927940096
1236388249091874816
1236309717686931458
1236003615338360832
1236002615953108993
1235940711943548935
1235940711087947779
1235940709653495808
1235930395444723714
1235678976485425153
1235673618626924544
1235657905174646786
1235657903610236931
1235641351309492226
1235641349866696704
1235598132781756423
1235598131426979840
1235598129644396544
1235580233341792257
1235578537811329024
1235406190567403521
1235297422412255235
1235290109425180676
1235284232328663041
1235282710924529664
1235255562415329281
1235239568976338944
1235211976177070085
1235204600275316737
1234982547014090752
1234975166892920833
1234964654058807297
1234912985409376257
1234879818115813376
1234862299346866176
1234658101019672576
1234613773492727810
1234604474578210816
1234539467270168576
1234510901405003778
1234455995520356359
1234261240408662016
1234259738298175488
1234138828065124357
1234138827062697984
1233845890286333952
1233776440321036290
1233776439096270853
1233487429912399872
1233461687023472641
1233458622815985667
1233432610409533442
1233430250505326595
1233406502347538433
1233382997795254272
1233381726518468609
1233144967226384384
1233137438090047497
1233116666617356288
1233108255360069633
1233108253745319941
1233107830623866885
1233107829554319361
1233104504532480000
1232852273685987330
1232842041853386754
1232762498593558534
1232762497175883776
1232752728063008770
1232752082505129992
1232743025153015823
1232698263159091200
1232698262068527106
1232669443718774785
1232418564084322305
1232340457864212486
1232313566490955778
1232104597008920577
1231745449037586432
1230963306560729088
1230959109245210637
1230913483396567040
1230900813566038016
1230862237692301313
1230649265254522880
1230591208424165376
1230496074181246984
1230187144968392704
1230180735652368386
1230168162114646016
1230133686353321984
1229874228171804673
1229872181066248194
1229836325429370880
1229836324544401411
1229810534125572096
1229810532644990976
1229514300101931011
1229145341594918913
1228838068913934337
1228523662069858305
1228502940807094272
1228434405968007173
1228385682017660928
1228361679014109184
1228049195694723074
1228031085096906753
1228025752161071106
1228012730931535873
1228004124425441281
1227996220192428035
1227722842365734922
1227722182240997376
1227697990468612096
1227696456158654464
1227685051871252480
1227679223298564100
1227651710677549058
1227645136617791494
1227621847958724609
1227598724588851200
1227341054761934855
1227327050366750730
1227324835098959876
1227302930723852289
1227301355871703041
1227294449782476803
1227271125018738690
1227254381105553409
1226991042299342848
1226969556025036803
1226955252122947586
1226953218434981890
1226903036641107971
1226900244723650561
1226890821116530688
1226868533080010752
1226336540760125441
1225980364910448645
1225970081106186241
1225844643641921538
1225838028972843008
1225791560312291334
1225584810078482433
1225584516066107396
1225563807860297730
1225545275747512321
1225545274615062529
1225539247609958404
1225530053385170955
1225519707442352128
1225494368079032325
1225461070816518145
1225448620561965056
1225421789649653760
1225285694756655107
1225277933159374848
1225188170956001280
1225132987014139904
1225084210576347137
1225072973490610182
1225066307680448517
1224891802395860992
1224888690578726913
1224887225470660609
1224881601164840966
1224864578636582917
1224863346069032962
1224863343774781440
1224826541844193280
1224803564918231041
1224800788536610816
1224791097727180801
1224790998682914817
1224788510005256197
1224785948757463040
1224756445830356992
1224750679685783553
1224430055570530306
1224367215690092544
1224092072141053952
1224015425480155136
1223749470954889216
1223716106927558661
