1286074957257150465
1286074955281702913
1286019393936384002
1286019393076572160
1285955663340986368
1285730780480770048
1285698817417936896
1285602787510935552
1285602786772738052
1285575342737035269
1285256978617577473
1284848955797512192
1284446068718080000
1284237963426172929
1284187244442595331
1284187243645739008
1284124543049764864
1283854065261334528
1283854064397189122
1283854063608762368
1283774102587744263
1283774101799264256
1283748354225307648
1283519608687939585
1283519607719047169
1283434983567261697
1283434982636232705
1283434981558087680
1283182942567763968
1283182939552063489
1281952032346300416
1281952030672773120
1281316472468451329
1280593905961107461
1280593905180958725
1280593904199442432
1280576756865433601
1280576753086410755
1279452805154115585
1278696256244781057
1278695754278854656
1278130895682244608
1278130865994948615
1278130864724029440
1278081195381751809
1278081193943216136
1277606040058593280
1277606036090818560
1277606014242652161
1277404897277771777
1277404879208812546
1277027795072360450
1277027792958431233
1276643107203960835
1276643105253572609
1276598671552008192
1276582045351915520
1276184346068688897
1276184342226755587
1275942484753989637
1275475041761853442
1275475036296617984
1275421409611853825
1275253085091377152
1275253083266744324
1274769634894458880
1274769631882903552
1274708105142644736
1274708102177308674
1274483465048776707
1274483462926368769
1274136901625282560
1274136900824109056
1274136900022996998
1274115971796566018
1274115971029008389
1274061908237152256
1274061907268374528
1274061906354069508
1274061905590661121
1274025448964530177
1274025448058519554
1274025447181991941
1274004916751785985
1274004915027873793
1273778742033289217
1273419012085633025
1273419010370043907
1273381427606958082
1273325219936116737
1273325219093102592
1273325218317164546
1273275474173665280
1273275472441458689
1273064304829444096
1273064301633339392
1272942739206914049
1272942738376478722
1272675015167787008
1272675013263491075
1272564055736188928
1272564054981259264
1272552016380923909
1272552015588208642
1272552014833221634
1272319747565277185
1272319744629227521
1272254608832954369
1272254605733265408
1272143678589591552
1271503729343283202
1271503728378593281
1271503727644606468
1271423287244083201
1271423286484832257
1271423285587304448
1270719835127726080
1270719833844277248
1270719832699269125
1270508454055235584
1270508452419420163
1270361275219009537
1270361274216579072
1270361273381851136
1270067196492996608
1270067195700228097
1270067194983067654
1269817398921740288
1269810452151914499
1269810432887455745
1269793622112841730
1269793593990012928
1269782310020358146
1269782306400669697
1269473323479678977
1269473305549037568
1269268420983500800
1269268420207542272
1269268419360313344
1268973131928080385
1268973130304774145
1268670418078044163
1268612663749328900
1268612663006892035
1268552145248423936
1268552142811471873
1268552138927603715
1267554469690118145
1266511999028117505
1266458127047823362
1266458126175404033
1266458125235892224
1266382388977905665
1266382388180942849
1266147069653327872
1266147067589787651
1266045509745197058
1265741317868527616
1265741316849360898
1265741316077555720
1265714374045466624
1265714372984307720
1265714371222736896
1265306406015700992
1265306404904226817
1265306403897593862
1265085909491482625
1265085904626102273
1264659267224829952
1264246509639471105
1264246508431564801
1263989868012634115
1263989866771165189
1263989865613594624
1263923684336709643
1263923682990317569
1263923680356241408
1263545236023922689
1262748202865852416
1261657091464400904
1261657090583650304
1260940241768263681
1260940241059426307
1260243785621086208
1260243784794877957
1259933993174212608
1259933992444399617
1259576184955973633
1259117359907946496
1258821254741721090
1258821134763593728
1258758253028220929
1258758252319387648
1258758251526737921
1258410769697452034
1258410768858480641
1258166637481648131
1258083492732305410
1258083491935334400
1258083491121631238
1258083490358349824
1257682683246903297
1257682682416431104
1257682681468456962
1257399102851211272
1257399101899116544
1257399101030891520
1257399100045172736
1257314247500902404
1257314246301331456
1256928580312936449
1255946857580236803
1255946855705436166
1255946852727480321
1255610381646663689
1255610380124131330
1255610379222343681
1255544458357149704
1255544457493127168
1255544455270223872
1255544454372560897
1255161313111785473
1254844686319181833
1254844685333520388
1254844684331081731
1254844683433451527
1254844682435268608
1254776312306085893
1253820023753388033
1253820021870034945
1253820019588370433
1253687521843859456
1253687521004998656
1253407127609192448
1253407126736834560
1253085933114724353
1253085931759960065
1253051521769574401
1253051520901414915
1253020034315804673
1253020032973578241
1252645834216390656
1252645827849465863
1252637395222245376
1252637386141548545
1252352655709499392
1252352654178541568
1252329864264376320
1252329862217547782
1250571539344314370
1250506639670722562
1250506638869639170
1250467768669032448
1250467767792349186
1250159504446164996
1250070261212340225
1250070260365000705
1249457404774924289
1249398799577088005
1249398798595559424
1249010672001863681
1249010670286393351
1249010668239347713
1248782114734080002
1248782113660428289
1248675874515439617
1248274168526880772
1248274167637704707
1248035103114170369
1248035101470003201
1247982106971684865
1247982106069827585
1247958663580581891
1247958662200647685
1247166288717365248
1247166278004957185
1246490687878705152
1246439631966658561
1246439631048015873
1246439630255394816
1246133656478875649
1246133655619219459
1246133654834864136
1246086359351164928
1246086358482980873
1245748595602661376
1245748592192688129
1245730146537082883
1245730145111072768
1245423317730971652
1245169745432915968
1244676948678324228
1243906433378377729
1243906432359170048
1243630027088035841
1243341135797510145
1243341134144962562
1243286519525359618
1242867147354898443
1242867146339860480
1242821510055821313
1242513864983527425
1242463973997309953
1242463972671901696
1242180449125965833
1242180447620214785
1242097194158755840
1242097192896270338
1241843607499354112
1241712163078758405
1241712162252480514
1241712161380016130
1241104397960126464
1241104396412489728
1241086580263194626
1241064796105162757
1241064795241144320
1241008439394000897
1241008436655128577
1240820793061277697
1240820791706517504
1240681423713054721
1240681422639300610
1240272971840851969
1240272969827573760
1240084020446232576
1240078667058950144
1240078665419014144
1240078662768173057
1240051707058499584
1240005921595588609
1240005920098324480
1239932541152284677
1239932537293737984
1239581872063229952
1238946171890143232
1238839306246127616
1238839304539066370
1238613440907874305
1238613433035247616
1238517117181480960
1238257351083413504
1238257349250473984
1238257347501400066
1238243210826264578
1238197422486159362
1237847208382226434
1237795300070301696
1237795299168595969
1237795298195488769
1237795297356664832
1237795296337420289
1237473706072584192
1237377503003643904
1237048935698628612
1237033577835044866
1236704653573832704
1236704626633781258
1236704575979171840
1236423417001324545
1236423409694846984
1236423399347494913
1236031530872590337
1236031529853345792
1236031529010311169
1235974029808406528
1235974028885716992
1235943811009953792
1235943810191982597
1235242095293722625
1235242094442274819
1235242093565616129
1234547612591759360
1234547611803299841
1233497270643044356
1233497268696834051
1233497267694440449
1233441710149120000
1233441709188616195
1233400406904123395
1233196857637167104
1233196856055910401
1233081374250323968
1233081373122007042
1233081372132171776
1230883780103168002
1230883779117506560
1229875810603085832
1229875807859937284
1228707737674113027
1228707736721985538
1228373875458805762
1228025333607206913
1228025332575457280
1228025331501731841
1227739242777935873
1227701541899034629
1227701540850409473
1227701539801903104
1227647624859258880
1227285063517208579
1227285062615433216
1227285061487206400
1227285060467949569
1227255829671399427
1227255828882894848
1225804282575937543
1225804281527312393
1225804280634003461
1225215072764645381
1225215069887266817
1225114794115641345
1225114762272497664
1225114759965696002
1224746895609868288
1224746894792052737
1224746893944803329
1224746893173018625
1224746892401221632
1224379020252459010
1224379019275227136
1224379018390183936
1224379017341677569
