1286053712444755973
1286047540081823749
1286015173531246592
1285960486891200513
1285960485762998273
1285960484416638977
1285644735319769094
1285644733453414404
1285626244567097345
1285357982474280960
1285357980884578306
1285357979261448198
1285337396972789760
1285305811594510341
1285243974157045760
1284978255355772928
1284978253711568896
1284540654647992320
1284350044469067776
1284350042162298880
1284228390388629507
1284162525660094467
1283843656647168011
1283843654818435075
1283820159422144513
1283805121256751109
1283792933251174400
1283518593221746691
1283518591934107649
1283518590889660419
1283518588616421376
1283459024948690944
1283421851654512642
1283179048852758532
1283150253185814528
1283145852878553089
1283145850819162115
1282802719653339136
1282781423913631745
1282781423175376902
1282781421963272193
1282781421019570176
1282771559996743680
1282764969432383488
1282724867863977984
1282056622286802944
1281950311096049664
1281948559642750976
1281686059340820481
1281686058346799104
1281686055171678209
1281663153873526784
1281663152611045377
1281333190293180419
1281320864626155520
1281297572985012226
1281254284475150336
1281016568927989772
1280580770894098432
1280569908204572673
1280547890344136707
1280547887412383744
1280299869035466752
1280213425491230721
1280209990540804096
1279446873284046849
1279145386603577344
1279145384145813504
1279105123248074753
1278779204423778307
1278724753050738689
1278716865444020224
1278416941900857351
1278405343316500481
1278405341382926339
1278124307714015232
1278101484685742084
1278101483880415233
1278051099510034434
1278051098188754944
1278029990098022400
1278016715666972677
1277768051073716230
1277768047697240065
1277756592050573312
1277756588565180419
1277647809236414465
1276953445627355136
1276915694668591107
1276650429494034432
1276591408019881987
1276572761645776896
1276567223977607168
1276557476591284224
1276322881551708161
1276213431377571847
1275902015386857488
1275858172083929089
1275847666065440771
1275477756718055425
1275459682346373120
1275448027973513218
1275219941592109056
1275159292560183302
1274725743646453760
1274446930987192322
1274416729737707520
1274386533504528384
1274000057759600640
1274000056165773312
1274000054894854144
1273762508004896768
1273762506004205568
1273762503974105088
1273710196020457473
1273665536975605762
1273641071336177668
1273638586278125569
1273363032543039491
1273337775513833472
1273329816163495936
1273286733162000384
1272963419747094528
1272683558017081346
1272658714001133575
1272586826763481088
1272229010093813760
1271603522002395137
1271471524294332423
1271183103608991748
1270812565728264193
1270812564583321602
1270812563429822464
1270808818507792387
1270808816410640386
1270808814082760705
1270795775006642176
1270515884294131712
1270429646337855493
1270412134179110914
1270411912841494528
1270389008342884353
1270094996356694019
1270016738747461632
1269413359008571394
1269029352429281282
1268989110422630400
1268972150574243840
1268972147952713729
1268956192207929344
1268675397312376832
1268643089083781130
1268623589718274049
1268576802815033345
1268334915025637376
1268329475504308224
1268329474237612032
1268329473377734660
1268329472526344195
1268329471616188418
1268329470634741760
1268329469372182534
1268329468487241730
1268329467329593345
1267833188593909762
1267555793697681412
1267536924149002241
1267516442280427522
1267235030146957312
1266439300746547203
1266151127525056513
1266120093462921218
1266103566219034629
1265739421401440258
1265739267311009792
1265701512946290689
1264922053158883328
1264332047197372418
1263939843324862473
1263899581085089792
1263893083806146560
1263883872254689280
1263535961058803715
1263235301117505544
1263170331126181889
1263145973922041856
1262483758734868481
1262460210087591936
1262421299672080386
1261787259742883840
1261781307031457793
1261400968937250825
1261388937123241984
1261382360039292929
1261375609554509825
1261371321230843904
1261360038909808640
1261336482197000203
1261074060097679360
1261021180720549889
1261021178803691527
1261021177386074114
1261021173816664068
1261021172269015047
1260685319680253960
1260653592312025089
1260304194818408458
1260304193555963904
1260304192608010241
1259997770015965186
1259975369173712899
1259913804030377990
1259913803094986752
1259913802096787457
1259913800934985728
1259913799857057792
1259913798686781447
1259913797277569025
1259517302535577600
1258895602030608392
1258496005290577925
1258456471106473987
1257757851319242753
1257723707721756680
1257457479832797185
1257422750802739203
1257406002921603072
1257327024231809025
1256326409686970369
1256292365477666817
1256273901233078274
1256256182127296513
1255920515979579393
1255558999518457856
1255528788760375297
1255291583181832192
1255277741861191681
1255259134477455361
1255249896455704578
1255169690273546247
1254886287502307329
1254864460336037890
1254852312784396290
1253780240264040450
1253767185450835971
1253758355803381760
1253460174528020484
1253440870830899200
1253426074496557057
1253407513069924353
1253119898236133382
1253100268864114688
1253076323880308736
1252760702818934785
1252710280217481218
1252709732894326784
1252709731417939968
1252684368717455361
1252641067800891393
1252624984993927169
1252323489434009613
1252321889898450944
1252301253993918465
1252248616472907776
1252248615302676481
1251261982076022789
1250945319472373760
1250919642836721672
1250565818733039616
1250545401435955202
1250533606528700416
1250528435237277696
1250483492183367680
1250141955436302336
1250141954614181888
1250141953615958017
1250141952823234564
1250141952038916101
1250141950856105993
1250104887276421120
1249781334647738368
1249735334071422976
1249366667236433922
1248782807234523141
1248697446244528130
1248658784010018817
1248317576855224320
1248317575378894852
1248281167041830912
1248034502401810434
1247986360104955904
1247943123369709574
1247611549335932930
1247278348360986628
1247278347207479303
1247278345898921990
1247278343344570370
1247232407251619840
1247215147720081410
1247190073449250819
1246099035628474369
1245866676383449088
1245823565276033025
1245809730154463233
1245769777282506753
1245751865456852992
1245480512782827520
1245403423190724608
1245078412240334850
1245066079518494720
1245058026467258368
1245041417237471233
1245028614304927744
1244783648651517952
1244706776358010883
1244706775082942464
1244706773770088449
1244692115310903302
1244681599691689990
1244028419798523904
1243665825606897664
1243665824205979651
1243665823228665857
1243665822171762689
1243665821081251842
1243665819969748996
1243665818979913728
1243665817688051712
1243568615749713921
1243348970191101952
1243216883106578433
1242932752854536193
1242910035082194944
1242882629466091521
1242854077819748352
1242854076897021956
1242854075655430146
1242626671288692739
1242587497814798336
1242566670104788992
1242566668859191297
1242566667500208140
1242566665826643973
1242492119228481536
1242482139574272002
1242264393095589888
1242248582394048512
1242141478375342082
1242134963744432128
1242134962821726208
1242134961458573316
1241860867274113024
1241860744578125825
1241825825273634819
1241817677930344448
1241814864936472578
1241429906594172929
1241419047339585541
1241411900551729153
1241105482057736193
1241072149793779712
1241072148388679681
1241066475168731136
1241063418326589443
1240793203202293764
1240733493581287424
1240379115334782980
1240328361932709888
1240318798604967939
1240307152339828737
1240066637207728128
1240052795706937344
1240043736316260352
1240028988157943809
1240028986178187264
1240028984890535939
1240028983598735364
1240028982206246912
1238613058991403009
1238589916050833414
1238589915199397888
1238574778799325188
1237545273066278912
1237529922077372417
1237510277500813314
1237456941422497792
1237405384744349698
1237405382882004992
1237171194220199937
1236742734825893888
1236681833745715201
1236052939728465922
1236002550983335936
1235380890504699905
1235380888663359488
1235380883038916610
1235357309607567369
1235357307963420674
1235341229178707968
1235002518234685440
1234983892886573056
1234983892018331648
1234983891099774977
1234654223008071686
1234632741838368769
1233543655467577344
1233524408880451585
1233515188852228099
1233438457990610944
1233198128515424259
1233188062248620033
1233165025696796674
1233164341421236225
1233164340410355712
1233164339538006016
1233164338216816640
1233164337323311104
1233164335607730176
1233084251270242304
1233067769756712961
1232458756514078725
1232440957007589376
1232104673496027136
1232080766147928064
1232067371914944512
1231019554194616321
1231019271456575489
1230992344075259904
1230964870444654592
1230321926465368064
1230279331223625729
1230256044682731521
1229507703657000961
1228491616387600386
1228439687594987522
1228439682675068931
1228439677369229312
1228439671836938245
1228439667235749888
1228439662433329165
1228439656628441090
1228426770363355144
1228352375003451392
1228087201407414274
1228072910058872834
1228064599620145153
1227715573531992064
1227435658139930624
1227401180990468096
1227393631377600513
1227378564909207552
1227372524452925440
1226979544244137984
1225971259214893057
1225901890862538753
1225901712550043648
1225885274623873025
1225884072288948226
1225882470215753739
1225870817541730311
1225473977117749249
1225218297437790214
1225187367587282945
1225143303873560576
1225106409886507009
1224849618078457859
1224809234648444928
1224505349560000524
1224465500798963714
1223413153100378115
1223405416417116161
