1286018710172508163
1286017154656210945
1285697574482182150
1285663095692627968
1285619211549769729
1285604789607374849
1285381365656100868
1285319561114456071
1285249337799442433
1285227113507950593
1285216695448219648
1284995465864519680
1284995464857878528
1284465096325050368
1284231140094746624
1284231014601101313
1284230925732257792
1284198670053912578
1284190995614228480
1284143409599524866
1284143408815247360
1284128275623817216
1283891346890162178
1283891128987787265
1283888050414727168
1283888048506384384
1283745210674155525
1283462624143908866
1283436249676763138
1283183251759214592
1283142535481888771
1283108046902788096
1283108046051385347
1283108045241888768
1283108044579262464
1283086239936270336
1282723694620684289
1281957467023454211
1281760249100337154
1281760106049351680
1281759992673112065
1281698960772673536
1281592268600815616
1281343926763495424
1281279503252312066
1281249113586241537
1280897141020508160
1280896416202870784
1280183771426414593
1280167665169031172
1280151659314905089
1279861334973329408
1279554159373701121
1279524231320043520
1279405577396015106
1278836354722541570
1278813501583171594
1278784277723914242
1278697919797964800
1278479694850121728
1278479630564036615
1278466257893748736
1278437679328301061
1278425106952396803
1278415516269522945
1278394274585944067
1278155162746486786
1278086888566542337
1277927294829461504
1277766373050142721
1277743914141638656
1277629744167694336
1277234922282012672
1277011579310047233
1276915292183158786
1276648771972141057
1276648771166916608
1276522483328471042
1276316231226851328
1276251401094651906
1276213096806219776
1276191303899009025
1276181380288954368
1276165344198111235
1275959366634672128
1275912187278753793
1275912178554540032
1275790352197341185
1275528476200706054
1275518958880411653
1275488191387258880
1275465582742245378
1275440291982348288
1274535643071369216
1274522698106974208
1274522696001507328
1274522693732380672
1274087856290619393
1274063556330295296
1274063554887516164
1273733289015197697
1273704014358761474
1273686448416440320
1273659802212843521
1273630292352413696
1273622426853740547
1273323103347781632
1273313843599552518
1273269076178210817
1272998944679788544
1272981896952262656
1272626453193113603
1272595746714501127
1272244513059344384
1271555742340964353
1271496173451436033
1271496147216084992
1271496121853054979
1271479377679835136
1271479376534818816
1271092664134492160
1271092658879057920
1270865818113449984
1270839489146105856
1270814928501432320
1270788739745406977
1270422536925466629
1270422533381279745
1270422530159972364
1270422526955532288
1270422525097447424
1270405116030603264
1270395048841162764
1270083842863443973
1270083838354567175
1270072151018745857
1269696703558451200
1269346594610085889
1269329964794552320
1269302537167011840
1269302532691689472
1268996758069219328
1268971739020693504
1268953105237970945
1268953103950385156
1268621523754946562
1268604742005121025
1268594199454273537
1268576336865562624
1267934291654316032
1267816770791804935
1267795919489110022
1266837840312315907
1266733291434061827
1266733286006628352
1266733284811329537
1266471061299826688
1266389655836078082
1266147284615671811
1266103357149777922
1266080884387647489
1265998710028337152
1265768493095387136
1265750714929864708
1265729538505486336
1265677713509093376
1265677711101607938
1265389383059988492
1265335037756674049
1265293802731909124
1265058099930509312
1265058099263660035
1265058095761436678
1264929137099190273
1264653698363523073
1264543274200707080
1263544741418930177
1263279898615074817
1263253027798073344
1263205742707949568
1263190255894749185
1263152510916866048
1263151952453668869
1263144266932662274
1263134906168770560
1263124194084216835
1262883167926697984
1262732236312285192
1262503230174617600
1262471739252015108
1262468975029608452
1262437555716456454
1262437553388617731
1262437552532926464
1262160436864188416
1261694204524232704
1261478647631773696
1261368835283836929
1261337933031800837
1260970628695429121
1260940789854679040
1260940787916865536
1260939663436656640
1260711857507229699
1260711856668389376
1260680179552313347
1260559692918636547
1260268504034480129
1260256644589633538
1260228997746700289
1259930756048195592
1259589972874661891
1259248626129403908
1258787265406476292
1258531722024501248
1258531270016917504
1258531185073909762
1258517234269315072
1258468599540461570
1258407904870309890
1258406572608421894
1258126385526321165
1258103489479290880
1257766750587928578
1257765611578576896
1257744771398991872
1257731787473600513
1257730448706469889
1257702841159954433
1257435918430023681
1257411168068567044
1257411166558720001
1257411165770088448
1257411163882762240
1257369329412292609
1257313008088281092
1257312995316662272
1257312783873396745
1257041431023226888
1257004686936281090
1256724721569345536
1255929661835665408
1255606521410576384
1255538052736442371
1255531550277599232
1255531549178630153
1255260448397692928
1255236994550112258
1255189573891690496
1255181894695768065
1255172521894305793
1255166160766668800
1255148810117844992
1254798408147230721
1254768324115824640
1254177317951287300
1253687192007987200
1253482268061884416
1253458681699741701
1253445968327933954
1253425914932674560
1253425698011639809
1253422898842238976
1253390440835026944
1253367785436131328
1253341146979266563
1253337564682973184
1253015320270340096
1252997123697782788
1252989687884546049
1252978626489974785
1252977001478176768
1252947652855152640
1252933061404241920
1252933060032528384
1252933057927135233
1252701853177073664
1252635709107605504
1252615591761936385
1252579085215129601
1252377808338214914
1252339939859038209
1252319313266081792
1252295964108472324
1252265771918438401
1252218855008669696
1251566744205963266
1251528196815798275
1251528195897262081
1251165232837406721
1251141030533095424
1250923581766356993
1250897239951716358
1250872267967533058
1250861313548525576
1250837934741340167
1250519464413728770
1250487232051515392
1250487106818002945
1250153099559415812
1250122397354790912
1250100551238516738
1249787329000230912
1249787328362577920
1249766991814066177
1249766986252521473
1249737344653111303
1249737342996205568
1249713679043645440
1249415635681120261
1248793472343171076
1248736265916350464
1248645304838225921
1248430498331803650
1248352810061762560
1248319933844467712
1248319932565250054
1248319931453751297
1248314909458403330
1248234463890456577
1247998342317162496
1247975852710793218
1247958117805182979
1247657793450119176
1247638485273640960
1247633012612911105
1247626107031113728
1247604670085967877
1247551688099184641
1247521283044073475
1247222540277370881
1247196154372263941
1247162340799385605
1246881934019637252
1246213657639428096
1246150830211969024
1246092136430346250
1245861002635177986
1245861001527832578
1245856034981400576
1245811074965929986
1245775145597272065
1245751894124920832
1245751892497457157
1245425701542490112
1245382354304196609
1245323662334537728
1245323661596295168
1245323660946288644
1245323660262617088
1245323659494985729
1245323658672762880
1245323657737637888
1245038146758344709
1244747261659275264
1244689598892003328
1244663674247221248
1244011583849758720
1243996205878841344
1243726715991601153
1243577067360452609
1243207887872233472
1243207884730781700
1242991686491521025
1242969200525742080
1242961479990681602
1242841153248145409
1242827678459269120
1242827677607907328
1242505822837575682
1242272712371961862
1242272710694232065
1242245217325105152
1242171759366823936
1242149109122940932
1242113168127688704
1241868343973380099
1241419447337996301
1241181015751757829
1241181014929661952
1241181013457473543
1241181012715098118
1241181011045756929
1241181010374598657
1241092078777577477
1240721055360180229
1240688590943694848
1240687742612201473
1240627487262019584
1240455821395472391
1240455820682428416
1240455819780595715
1240300629018501121
1240011543850475520
1239991402303492101
1239624797002379264
1239563896064806912
1239563894777053184
1239563893191696384
1238689460843425793
1238689239430201344
1238499890306658304
1238477504417062913
1237845299755749382
1237773257937498112
1237752791256440832
1237184178174734343
1237008486292127744
1236677429848084482
1236029442142670853
1235996066513707009
1235963147149811713
1235735556367118337
1235735550402785280
1235641478749319168
1235626320832458753
1235596455747911680
1235570809508433921
1235378666542116865
1235321117490978816
1235293791621439488
1235290746581811200
1235290285346877441
1235287292404736003
1235284102460432386
1234993460987469824
1234957262009044993
1234953082695561217
1234915760100847618
1234891536841629696
1234849995280527364
1234607194512986112
1233521658398486530
1233521656859066370
1233465734493278209
1233123097638850561
1233121141750980608
1233120491180896256
1233114499479109632
1233053504694112256
1233050148298686464
1233022849536970752
1232771562538844160
1232768051176759297
1232766810283552768
1232728822941933568
1232674106610454528
1232477882636591104
1232464815911620609
1231992840609243138
1231202931002806272
1230928603178815499
1230848924216414210
1230648029872566273
1230605049329573895
1229896749931732994
1229793978935058433
1229777280781692932
1229777279145988099
1229523037394997248
1229523035218206720
1228484318642745344
1228387304689012736
1228323704851050497
1228099132428103680
1228013030887317505
1227996659105267715
1227636387962376193
1227380908698804226
1227331108116815872
1227278789710876672
1227237446959738882
1227043071998746625
1227018162992013312
1226966726094577664
1226924592477982720
1226870446945075200
1225866402403409927
1225846382835257345
1225567079023235073
1225496883327635458
1225432016730152960
1225205638168535042
1225195499579465729
1225127002807635973
1225111290760323072
1225060863054434304
1224732592135720960
1224732590814498816
1224732589606494210
1224732587844952065
1224453432334929920
1224406277255835648
1224344469752905729
1224344463423811586
