1286060789460348928
1286060787384102912
1286047042930970625
1286047041542553601
1286047039353126912
1286011493364965376
1285943915326169088
1285942245439479808
1285936360545759234
1285764071896342528
1285759128430940160
1285678415073378305
1285673730342035456
1285669865169330177
1285649000570519557
1285569859078828032
1285319443669610496
1285308323974324232
1285217996466724876
1285200107034546176
1284963090581327872
1284459065402372097
1284459064525758466
1284218132710797314
1284216191234564100
1284165281007501313
1284161028742414341
1284151343704346625
1284143427920297987
1283809728867508225
1283803790114795522
1283761273033957376
1283463353243926528
1283439919101247488
1283439403768205312
1283419536985915394
1283416033383112715
1283150160932069376
1283123965561634818
1283107914325078016
1283094997017952256
1283092114319048711
1283090220708245504
1283033419606364164
1283023441608704001
1282787754208890881
1282752778243317764
1282733738028343298
1282724251380977664
1282711523543130112
1281943828132507649
1281725104356024322
1281725102007226370
1281636425964847104
1281617519325974534
1281617042848854016
1281364334849949696
1281308132770287619
1281273215596335105
1281273214489026565
1281243451162595328
1281243368786399233
1280995730296111109
1280913359085473798
1280904046484885510
1280630106046844928
1280531558416474115
1280215927758499841
1279434726089121793
1279434725107654656
1279434724193243136
1279434722784002048
1279169122161627136
1278761761437626372
1278755232743411712
1278735021906550784
1278713138674892803
1278694259605024774
1278445617736531969
1278415862689644546
1278357080945106944
1278357080081121280
1278340804218667010
1278312055188131842
1278100819674566660
1278096130786680832
1278095580485517312
1278037522975805440
1277986338659328001
1277967181645402112
1277967037361315841
1277936970195443713
1277917374100975618
1277768944057823232
1277768943135006721
1277746631530643469
1277746630612135939
1277746629622317056
1277746628665978880
1277746627688779777
1277746626627620865
1277688485189685248
1277659690709721091
1276973949637836802
1276565758684913664
1276515560956801024
1276320875701288961
1276253561102499842
1276236921535152129
1276196273239007232
1275894942704062466
1275884537772474369
1275869606020820992
1275869017585127427
1275833339958755328
1275546989481144322
1275508743527161856
1275494451419525120
1275102722312806403
1274087350243676161
1274031617145790464
1274029498439217153
1274023916198146048
1274023915132780549
1274023913035620352
1273967518978359296
1273739184247799817
1273725385486852107
1273725384018874368
1273725382517194754
1273725380940226560
1273725379228971012
1273725378075508737
1273703187611033602
1273657718029549570
1273629685117865985
1273609954893664257
1273366206674853891
1273366205827612672
1273366204875517954
1273341602459770882
1273341601289506817
1273341600228347907
1273341599125327872
1273341597988552704
1273341596910698496
1273341595698581504
1273341594557657088
1273341593391706113
1273341591617486848
1273324635661221890
1273313770836824072
1273305015332016132
1273003822693191680
1272681767720402944
1272657112905191425
1272646990757867520
1272615553350488065
1272573602743963648
1271493127270957062
1271150368068689922
1271145371335606272
1271144737454592003
1270825453314506755
1270822114317275136
1270802773781688327
1270773970502127624
1270769800801910785
1270749364181499906
1270486407765725186
1270475763473514496
1270448049203134464
1270425019991146497
1270413573911646212
1270146355953111040
1270145726870441984
1270041837005398018
1270034756072345600
1270015126708670465
1270007454022225926
1269438235530362881
1269299781760942086
1268957028082475010
1268663659577950212
1268611016843296770
1268378402303680513
1267649988831690756
1267578642089074688
1267554152944730117
1267543995762257923
1267136076877086723
1267136075585159177
1266915521322254337
1266368700699025408
1266148033185677312
1266116181888569344
1266076188273004546
1266062475205775365
1266062270922141698
1266047768000413697
1266006310560116736
1265774723016855555
1265774721955778560
1265729122690576387
1265719422460628993
1265684843087757312
1265376981442576390
1265341410615705600
1265329808596250625
1264946536301158401
1264914537364545536
1264715668479455233
1264194371152310274
1263919763299983367
1263914424894664704
1263884434715049985
1263593171373527040
1263532876706037762
1263518925482057730
1263179270421188609
1263149498890584066
1263080783364800513
1262827011120287747
1262798680270266368
1262488265711595521
1262488264189100034
1262488262284730368
1262488259726389260
1262488257784397826
1262488256647757826
1262472496667938816
1262458287909371913
1261769573302521856
1261769564133773315
1261395913416650752
1261335007311867904
1261299920323203074
1261287718245396480
1261098125839798275
1261044754625765377
1261023850952884224
1261013153065861122
1260673485438935040
1260673483786387464
1260673480862859270
1260673479323594752
1260673477486489609
1260626393932730369
1260603760730128385
1260253905134510081
1259939694256820225
1259926469477875720
1259542951216254976
1259466040565805056
1258829355259768834
1258821184386412546
1258452952278335490
1258452951082958849
1258430801408131073
1258194632674095104
1258139980205035520
1258139600373059584
1258130680111869955
1258120226866069504
1258111214053449728
1258038726422298629
1257795408627150853
1257729719535091713
1257728873959231491
1257428538845794305
1257415629247823878
1257415628153065473
1257367360467619849
1257031223710494724
1256643347923505159
1256620549842886658
1256329289999384576
1256271553714696192
1256266081876000770
1256266035201794050
1256251250372460545
1255978019749072897
1255897431390277637
1255662402168918016
1255612611946782721
1255590558950719488
1255590297800790017
1255573425306906631
1255573423683702784
1255573420097654789
1255510156730929156
1255286198504955906
1255267679369416707
1255249824120741888
1255246903719198722
1255195901938761728
1255195900147830784
1255119577425555460
1254932677184180229
1254866986175287301
1253848541090516998
1253753910822658048
1253753909899931648
1253753908964589569
1253753908008230912
1253753906653466631
1253753905424588801
1253744073636286466
1253739388615393280
1253405665344831494
1253387513575755781
1253382285115756545
1253368531468632070
1253291174921674754
1253096245389860870
1253096244366454784
1253096243317944321
1253096240100913164
1253049083352276992
1253041646486331392
1253031754463686662
1253031648284889088
1252745172221337602
1252671735599714307
1252607303976726528
1252607303007731716
1252355545316511757
1251510795298648070
1251213253860036613
1251189366178951169
1251189321887035393
1250894992454942722
1250894991469281286
1250894990303166464
1250875596772605952
1250860368563441664
1250580069376036876
1250571591316111361
1250563332391817216
1250528952021651457
1250505614259884035
1250492307327070218
1250444914082578432
1250210232430735360
1250176818130358279
1250167122669559809
1250153575835205632
1250134994430853123
1250134824616108033
1250089127128829964
1250075257278550017
1250075256188010496
1249858715731111937
1249789455432667139
1249787364836245506
1249756005984088076
1249721379127267333
1249352391167807494
1248753748979130371
1248753747616038914
1248753745250455559
1248753744042512385
1248720457760747524
1248662366570655744
1248636369053929474
1248342084333047811
1248318282861510660
1248295333064515585
1248277326477000706
1248025380449067008
1247999779566583808
1247978848857337858
1247957992206667779
1247957991053234182
1247952203941371904
1247940636461981701
1247638420136001542
1247638417686568962
1247606366241505281
1247594039135875074
1247577044638203907
1247567221821517824
1247557776760504321
1247557775691059201
1247552507162824704
1247294816590999554
1247255639199449088
1247255555690856449
1247239699892252673
1247215628232130563
1246465694264365059
1246128103233064963
1246103702806695939
1246101229413031939
1245866717336621056
1245852271595970561
1245807277417943041
1245756509918724096
1245478667632984066
1245475999623634944
1245470998784172034
1245436582229954560
1245415468539826176
1245407374476816387
1245358483085672449
1245066440308404226
1245022791994310659
1245012191398543360
1244749757681225729
1244713120754552833
1244707584419995649
1243915753465630720
1243893100499607552
1243680316058894336
1243680314939052032
1243616846068187137
1243603958070984705
1243603956762378240
1243603955394977792
1243603953838931969
1243603952907812865
1243603951607521283
1243580141000941570
1243567938856194051
1243283550708826113
1243283096151060480
1243283093689110530
1243265419445747718
1243241659405664257
1243229900045246466
1243215568284594178
1243211723525554177
1243176863893196801
1242942921315438595
1242918121586991105
1242900378624102401
1242887828310278144
1242815144104730625
1242561576000946176
1242554403552452614
1242532644254109701
1242251314333200388
1242163245567352834
1242163243864522753
1242149616952446982
1242129089047257092
1241857814341070848
1241834737871831040
1241790563495616512
1241070049013764097
1241069950648926210
1240752650741788673
1240734600055459846
1240734598973329408
1240734597933158400
1240734596842520577
1240683569653088257
1240677770079997952
1240616510160285696
1240452251409354752
1240443403910987778
1240374228404371457
1240338034916241410
1240338033704144905
1240322108997226499
1240322107755638784
1240322106472235008
1240000850690543617
1239995086353633285
1239989882421821440
1239975541924458496
1239956582605172740
1239956581476896770
1239947971443200001
1239606824200011777
1239603273176436737
1238862211805782023
1238834777974857731
1238833907879088130
1238620665525293056
1238607121505226754
1238594161114300417
1238581853361065984
1238528490460327937
1238497934708219904
1238478754055434240
1238241527241023495
1238212170334253056
1238211175906770945
1238176146732302341
1238127461784788994
1237888616182890497
1237883502533562370
1237871654539128833
1237808608580116481
1237800018440065025
1237758985392062465
1237556854214905861
1237556037831421952
1237509472488009728
1237495733567328257
1237495117575053313
1237401355649798145
1237209933529178114
1237209931935354881
1237129589182410752
1237106439669321732
1237106438658568192
1237092155241496576
1236760606520246272
1236760499762667522
1236725512409616385
1236705616913186817
1236411538828910598
1236055076109717506
1236008195799334912
1235980075989901312
1235973324301271043
1235673892838141960
1235655187231961088
1235654690412662785
1235581463598370816
1235360140234276866
1235349100025065472
1235348590475628544
1235294891447668740
1235267514222837761
1235245935137083392
1235238932687749121
1235194339158040576
1234928187773157376
1234927753289441280
1234842264884711424
1234592042514341890
1234591919302418438
1234590465078501376
1234558654445166594
1234282272150310912
1234192457727979521
1233559057727991808
1233510390451056645
1233510140663476224
1233510139145093121
1233510135399665668
1233474067421896704
1233431787759710208
1233387725790875648
1233184003022315520
1233179187491541004
1233149810338824192
1233112061397192705
1232817623059951616
1232801818595545088
1232778530976673794
1232732402663010309
1232697178268872707
1232693634618798081
1232693633930977281
1232693632660115461
1232456075258892288
1232448096715456512
1232435524180201473
1232394837531357184
1232343938318688261
1232343914830389249
1232111915318546432
1232037281009147907
1232037223484268549
1231984647602688000
1231964873531281408
1231941854251249669
1231639864048640000
1231247276401520640
1231035883119206401
1230914985141903361
1230647487909842945
1230507402564259840
1230280907476602881
1230280356961701889
1230231570033913856
1230215537340436480
1230191360067743744
1230188100997013504
1230188090393841670
1230174204022185985
1229931760319975425
1229887368880099329
1229839832022736898
1229839830139494402
1229839824305229824
1229839818101862401
1229812890900844547
1229812884517064704
1229812876879290369
1229812869077831688
1229468235067797506
1229468232526049282
1229114241677963267
1228441821564620807
1228432628178706432
1228381956976631809
1228081174213472256
1228006398778368001
1227973050446028800
1227965520722440192
1227733394865475587
1227684139987591168
1227624529985445888
1227343542273630208
1227343540692377601
1227343535151702016
1227343533587206144
1227343527757176833
1227341442349248514
1227340454825517062
1227026507173912576
1227019099252887552
1227018816116445184
1227018815223017473
1226982844804796417
1226979068102479875
1226966172077260803
1226887295304949760
1226695056469430272
1226695055462817792
1226695054376480768
1226695052665262081
1226158744230297601
1225403770235957253
1225166107868323840
1225163682172350465
1225163621434646528
1225155593805103105
1225056485186523136
1224915526742368256
1224840489469345793
1224814401515114497
1224773158441574402
1224758188962197505
1224739393295962112
1224731183373848577
1224541014737719296
1224453074367827974
1224429217443713029
1224429216533549057
1224429215422001154
1224429214243467265
1224429212930576384
1224417188439785472
1224105213918756864
1223677787644551168
1223651671231868933
1223638560026365952
1223638263744880643
1223447238019637250
