1286078366001635328
1286073789118320640
1286033905208954880
1286005591446401026
1286002769879617541
1285998579870568449
1285985083892129799
1285665852524621826
1285635784687661056
1285635783005798400
1285595928360091649
1285595927282098176
1285595926468472832
1285595925562503169
1285333665019342849
1285296482476855299
1285275325484670976
1285275324398424066
1285265716011098112
1285238048830169093
1285238047567745026
1284880681789796354
1284635688584073219
1284563590142259201
1284518364514332673
1284518362660380676
1284354603891462145
1284354597155463168
1284225050921533440
1284225049579401216
1284208961676349443
1284208960690626561
1284208959495208960
1284178582160527365
1283823809934635008
1283823808026161154
1283806493104578562
1283793885039394816
1283793883680378886
1283506646933741572
1283440182159704065
1283424137898328070
1283169942452539392
1283169940867026946
1283114122817810432
1283114121790214146
1283063757405663232
1283063756294164483
1282766751902478336
1282738778289901568
1282738777342062592
1282738776352186368
1282419460394102785
1282343963303669760
1282026877461262336
1281981577019498498
1281694684746842114
1281679929822908418
1281679928547840002
1281664489126014979
1281649390793314305
1281623962213122048
1281382157383073798
1281362863605583873
1281362860963172352
1281348441873022978
1281332301473800197
1281302592140849152
1281302590127517699
1281277260037869568
1281277258490052614
1280985260352663552
1280954814570979328
1280924614923743238
1280891759384559621
1280891756687523840
1280891741755899904
1280637722357428224
1280578513280663552
1280578511842037762
1280556053785182208
1280556052581318662
1280214934266146816
1280172802142867456
1280144384579821573
1279988443930439680
1279852640118112256
1279852638436286464
1279807249532112903
1279490160850276353
1279399564491939843
1279127773743808513
1279082481426161665
1278765383831285761
1278720186598731776
1278720185755721732
1278683992225656832
1278683990719959042
1278683989713334272
1278493593980682240
1278463482376138754
1278463480849367040
1278463480035762176
1278443979495833602
1278443978434772993
1278399371046944768
1278399370153668616
1278387911679979525
1278387910648176643
1278387909616447493
1278094158360698882
1278094157328912384
1278094156368433163
1278094155034624006
1278072109785366529
1278033212854411264
1278033211625476096
1278009385789390849
1277998799781322757
1277715376458080257
1277715345646723077
1277715311001841667
1277715276423933954
1277715237945454593
1277715208149127169
1277708420867448832
1277666817138462720
1277666816089894912
1277666814701580289
1277666813497815041
1277653355054223360
1277653353842053125
1277653352554409985
1277608839337123842
1277315834629799936
1276953443991683072
1276908145424515080
1276591056885350402
1276558358565306372
1276531230981468160
1276531229093965826
1276321313301442562
1276321312244408322
1276321311384571910
1276321310415769601
1276246832356745217
1276246831425560581
1276246830406344706
1276201846122700802
1276201845233508353
1276201843639664642
1275934228123996160
1275911582338502662
1275896053921910784
1275617823725944832
1275558101412913157
1275558100364414977
1275481243631718401
1275454812419584004
1275454810989359104
1275174904887943172
1275174903742894080
1275156603591962625
1275119440120680450
1275119439026020356
1274779116214956032
1274688522495102976
1274521680833064961
1274371431862693890
1274103379816599553
1274061891342483456
1274042305515786247
1273767737182097410
1273767736221536256
1273661756846379008
1273634418905800713
1273627080446672897
1273627079473537024
1273627078441795586
1273627077137305600
1273314467925770240
1273310718067183617
1273310717060558849
1273291817740570625
1273276781219495936
1273276780288389124
1273276779164135425
1273274544694984710
1273027576030588928
1273004926898040832
1272982365317537792
1272982364503920640
1272969312391880704
1272969310420566016
1272665260902813698
1272665260177137669
1272634988698181633
1272612339875905536
1272591120690745345
1272237145185452033
1271857859882606594
1271857858091630592
1271547826342727680
1271510234918502400
1271510198927134720
1271482374862315522
1271482372488409089
1271155240750821376
1271142873329733639
1271136931913613319
1271136930248474624
1271136929027969032
1271134335664619522
1270823048824922112
1270785300772474882
1270766859512619009
1270488794354135042
1270488772757594113
1270472677539696640
1270472666567380993
1270443097374240768
1270404032465702915
1270113374899253251
1270078802467717120
1269343302966480898
1269298004374073345
1269041310523985920
1268958129284358144
1268958112872050688
1268618524827648000
1268573228294864901
1268556362134495233
1268556345223122945
1268554991125573632
1268334414381158404
1268331583439855616
1268331548253794304
1268311199982268417
1268245314164662272
1267605180666777601
1267605179509211136
1267605177319731201
1267555472103612417
1267555470895648773
1267555468890816516
1267555467301130241
1267519514658443266
1267199172639244289
1267168972719489028
1267123676211818496
1266761288975294464
1266504593757913088
1266486580757303296
1266473955055058957
1266473954040053760
1266419993064996869
1266142205426626560
1266062858095407104
1265795388864421888
1265387230735941633
1265357032132997120
1265321361481883648
1264904047905079297
1264541660547035149
1264300067441254400
1263907482176536578
1263822230598881280
1263575855973961729
1263572694274097155
1263530299406901250
1263530290967871488
1263504544203505664
1263212903878086656
1263197804005998592
1263154257026408449
1263154255898312707
1263154254803603459
1262858066711715842
1262824862697086983
1262824861115785224
1262488127794565120
1262457929346752512
1262424470918135809
1262424470007971840
1262095542081007616
1262050244411355137
1262004945198481411
1261687855224684544
1261642559069147136
1261472702700937218
1261472701614612488
1261472699659874304
1261472696363298816
1261472694547238912
1261472693188202498
1261422567891451904
1261400965871046656
1261370770158088193
1261340572054245377
1261311761908629507
1261311758439976960
1261046127169875981
1261038577657364481
1261031027801239553
1261023476829130752
1261008380786700292
1261002185237823489
1260721488153341952
1260691288619233281
1260681237062189057
1260681235900305411
1260681234767806466
1260586634724114433
1260313889683705864
1260313885195874307
1260305032190341121
1260305030835580931
1260305029426229249
1260305028251877377
1260305027064832002
1260283603507961858
1260257193137504256
1260257192051126274
1260257191078113286
1260257189861773312
1260257188498608129
1260257186233700353
1260253404208586752
1259966512540127232
1259961533909606408
1259961533011984395
1259928800609161218
1259928796511318018
1259913259194503170
1259913258338836483
1259558826119802880
1259513531184975872
1259468229363335168
1259196438560624641
1259151141000171522
1259134041778946054
1258864250988236801
1258834147499540483
1258811401033756673
1258805897721196544
1258800267727966208
1258562259825147906
1258524511105806336
1258509411418603522
1258494312200863744
1258464113262579714
1258447121226903554
1258139473541505026
1258116824245256194
1258094405162086404
1258070365768683520
1257814834579734528
1257803615424610307
1257803613231034372
1257769113860145155
1257754532597182466
1257754524468547588
1257754522757337088
1257754410043785217
1257739844853391360
1257739843813154818
1257444896924827648
1257414704462303232
1257389248614993922
1256976814552956933
1256931515788693504
1256614427870162950
1256569126664810496
1256327535115173888
1256304885886324737
1256282311085174784
1256263417591205889
1256003805482758145
1255950046794743808
1255897199440998402
1255883603336200192
1255648059058511880
1255632959769436163
1255625408315297793
1255610308057419778
1255595208873410560
1255587659755347968
1255580131759980544
1255285784728518656
1255270570423472129
1255240372621623296
1255202622761566210
1255186703481999365
1255186695193935872
1254893085122629633
1254870460648640515
1254870459734163460
1254870458790543361
1254832685014384641
1254821774535114754
1254440097589669888
1254394801656643585
1254145657104936961
1254130558344429569
1254115983725395971
1253851218008371200
1253836117985628163
1253828568615981058
1253812753313259522
1253517518079094784
1253451837572816897
1253451836570456066
1253375583624425472
1253366841701019651
1253044308065882113
1253044289657069568
1253035845465980930
1252981868477153280
1252959377994264576
1252959377100808192
1252959375821586433
1252959374944931841
1252959372688404481
1252673457596194817
1252650808652566529
1252629392502775810
1252348818575654912
1252326171150352388
1252322499813150721
1252298219893260288
1252298218890764300
1251903384841383936
1251858087452962821
1251548545384984576
1251523891115286530
1251273080384753665
1251223908688281600
1251208054303076355
1250880429462376448
1250880428543815689
1250874879467032577
1250846418878648322
1250831650033983488
1250831649052516352
1250559584768573442
1250544429082918912
1250532173289062401
1250506679478673408
1250485706142765057
1250485353401778176
1250448395111718915
1250189589530185728
1250159390835032064
1250136744797798403
1250120428548481030
1250120426681925635
1250119684709646338
1249842302354251776
1249819654442242048
1249801794978488320
1249411965782384641
1249321372662169600
1249049577904312322
1249004279630835713
1248958981760049152
1248733903659171841
1248724938581618689
1248705344936857601
1248664591657250824
1248640680890597377
1248384878971719682
1248339904586645505
1248332177634463746
1248032375235178496
1248007761494855680
1248007759955517443
1247996388182495241
1247986783561945090
1247986782450388994
1247986781343145984
1247645327160737793
1247642059940470784
1247637774976442369
1247584930940452867
1247566282259652608
1247298039024246784
1247270380621819904
1246875251906052096
1246829954840608768
1246784653660471306
1246573260776427521
1246543063478161410
1246513388261384193
1246182265580904451
1246180675927060487
1246131422999588864
1245827294020632576
1245825836382650369
1245788089194123264
1245765489172897793
1245765487545536515
1245748747390324737
1245455899298123777
1245425702557470721
1245395543334977545
1245395540432609281
1245375195998834689
1245115919606722569
1245098560175116288
1245092013483188224
1245072927969685509
1245065576944472064
1244738672760504320
1244731124577951744
1244685825473949698
1244666973193199616
1244338536402128896
1244301913006510081
1244251428136288256
1243976151204315137
1243940361770328064
1243659060592775168
1243637271171141632
1243597311420305408
1243597310568861698
1243597309662855168
1243597308874362883
1243597308048166915
1243597307280588807
1243597305699340288
1243597304080338944
1243597303006605315
1243597301958008833
1243576542233591816
1243576541218574339
1243311802643087362
1243311801586135051
1243251374126534656
1243228837896499201
1242980944933519362
1242923756877754369
1242923755795623940
1242896570540064770
1242896569411796998
1242873425657581568
1242873423765872640
1242873422608285697
1242873421010173954
1242866458335629315
1242866457391910913
1242556796314611712
1242545226146873344
1242511537673310208
1242511536431796225
1242483322548338688
1242483321596186624
1242449365190561794
1242270848754614277
1242270847223697409
1242270844518268928
1242194410521034752
1242171758334980098
1242141606968516608
1242141605538250753
1242119969640460289
1242119968520581120
1241888924957585409
1241888923938324483
1241888922503970821
1241830086896164866
1241830085046472707
1241768380354396161
1241756525254901761
1241711224783613953
1241439434945544197
1241394134700544002
1241348838289543170
1241095063230271488
1241055657333309440
1241046271848259586
1240744973575880704
1240744968857235464
1240722206839025664
1240710945006964736
1240710943366995971
1240710941660065802
1240710940175118336
1240710938451415042
1240704197521268738
1240703694368169984
1240703691616911360
1240460045466374144
1240460042131865602
1240390019862462467
1240386322067533826
1240352272518770688
1240329711852621832
1240329710149787648
1240307594788470784
1240075003284029442
1240074998867546113
1240002987172528129
1239959764584542211
1239959763326205954
1239959761212358658
1239953870874271745
1239925896439640066
1239925894648651782
1239721869240152066
1239721867365306369
1239673858027933704
1239627493272739840
1239617458539057154
1239617456349630464
1239617454525034501
1239617452557963271
1239573746631028736
1239573743099314184
1239327176903852035
1239327176031383560
1239327175075119105
1239327173049298944
1239219807880388616
1239174512979017728
1238857421185003521
1238812123981111296
1238690920415088640
1238506388659277824
1238495124805615618
1238495123207589895
1238475001336119297
1238475000308477952
1238474098721914882
1238474097773903879
1238216225588744193
1238170394076610560
1238162900843483139
1238162898649788417
1238147781367345155
1238147780318760960
1238147779417059329
1238143357689487360
1238143356586385412
1237880572468277252
1237880547377967104
1237845812685631488
1237815557920972800
1237792904690589697
1237770811404095496
1237770810183516160
1237453173197025285
1237394357868580867
1237151178712023040
1237134588373278722
1237121016322818048
1237100087077212161
1236781359605186563
1236768676948455424
1236683638307250183
1236664228880277506
1236304161328726016
1236088383203614722
1236066650350211073
1236033816776466432
1236006641675403265
1235678975768182786
1235656327663247361
1235633864976076801
1235309040495816705
1235286389131866112
1235269460879183872
1235261819893276679
1235240820229443585
1234976850239090689
1234964802767904770
1234932814342213632
1234890817359294464
1234887673472569348
1234629563105382401
1234613409305571336
1234606971069878277
1234586778712952832
1234258452194713603
1234219599064944643
1233844458845855745
1233799092939165696
1233753795076603904
1233497099901243392
1233452109078630401
1233428502319423489
1233427348806127616
1233427347732299782
1233187558814650369
1233172476739407872
1233153600723005446
1233121642777391104
1233120421664509957
1233120385102684160
1233108418833133571
1233105940452446208
1233094196560564226
1233084387153063937
1233079461970620417
1233077260124594179
1233070563897139200
1233040725060784130
1233040700926808073
1233040677707173888
1232814373334331392
1232802523016310787
1232789440088756225
1232757224365121536
1232719475260215297
1232708993036029952
1232470332801290241
1232419562538360836
1232407440907554816
1232407439976300547
1232402524319162369
1232304787670040576
1232032448948711426
1232023793910059008
1232011420956528642
1231605871236571137
1231375181647577088
1231212435534684160
1230949059004755968
1230901292387749890
1230605545268080640
1230560290510532613
1230285192033644544
1230270433762652160
1230250710714863616
1230220657964781569
1230206433196748800
1229955096299102213
1229949291361456128
1229949288840663042
1229918520080650240
1229891115471556608
1229574780011065350
1229405139292708869
1229100229263273984
1229042748227039233
1228725661591691264
1228680364941381633
1228446317740867585
1228423669078249472
1228401019215917057
1228380894722953217
1228091481644077056
1228081117498093568
1228076380073709569
1228035662332530693
1228023531784437761
1228003020639801345
1227721541867036673
1227698896719110145
1227676244420038656
1227659997208883200
1227381804954374144
1227366706483326976
1227351605885857792
1227321407555555328
1227304399065796610
1227034516729917440
1227019416078094336
1227003197862141952
1227003196960387073
1227003196167639042
1227003195278360582
1226596631530917893
1226551332460351488
1226506032584650752
1226319995988316161
1226188944724955141
1226158864288141313
1226158859947036672
1225886954195226630
1225856971649277952
1225849210374893569
1225843092097576960
1225838266529800192
1225796453748088837
1225616540755734529
1225584963363328000
1225532116839960576
1225523111061327872
1225203320614158342
1225187352034926593
1225187350915043328
1225187349270757376
1225187348297789447
1225131516235341825
1225105569159184384
1225105557146808321
1224876743137419264
1224870282776797184
1224757125236215808
1224757124196184065
1224497850878513153
1224482770539491338
1224482768140324864
1224437402170724353
1224416779289710596
1224169412225380354
1224105213813911552
1224052485440057350
1224037881414606849
1223969320402743296
1223606930691821576
