1286060648271675392
1285964202893611008
1285952918844321792
1285922225477099520
1285739766730850305
1285727768546811905
1285724491570610177
1285673519020466177
1285662074543144960
1285643472771452930
1285626709270814726
1285605361613975553
1285560409416699905
1285267696322588672
1285222786760421377
1284536112195809280
1284534660324884481
1284283392742305803
1284211843641171968
1283941580252930048
1283883755388768257
1283883268820148224
1283839387005005829
1283823796777029637
1283780427589783555
1283780272396345344
1283491629169598465
1283457900032266240
1283457505499250690
1283128975317970944
1283127072219639816
1283053904910004238
1282849711481917441
1282769894002630656
1282751530760888320
1282714183285571584
1282680481977425922
1281718660722298880
1281695376471461891
1281674443157385216
1281648286978301953
1281590415540576256
1281401895026929664
1281378082507689984
1281290804900831232
1281234026548719616
1281038770385674242
1281037566561652736
1280927399522324480
1280904670983184384
1280237732611133441
1280140927844016128
1279460433288626177
1279101091834101762
1278761663160823813
1278690317143871488
1278490931063291904
1278443635332218881
1278074906207571977
1278058246188740613
1278043010027175936
1277968275247267844
1277765057062019072
1277747494701731840
1277705802183315457
1277663299145007104
1277651868227944449
1277640537504432135
1277629947557920771
1277624634964414470
1277604340950335489
1277068389048033281
1276682748619558916
1276594598392012802
1276548446229606401
1276515945725509632
1276333787673235456
1276315397625700360
1276314925028257794
1276278582512361472
1276261936171286529
1276254808354283523
1276207824092254210
1275924130303483906
1275904147095785474
1275794114945191937
1275432795427540992
1275430571330674688
1275430557179097090
1275159768550834176
1275097034694033408
1275067346567102465
1274725868250767360
1274724309681033219
1274371923171069952
1274145348563468288
1274062804019011584
1274024675237154817
1273994611405586433
1273981569477246977
1273763141982265345
1273715066081337348
1273680837486182402
1273635488822427656
1273459009295659008
1273382825992040449
1273300000664059907
1273298425359093761
1273295785883578370
1273062337658961921
1273005500012072961
1272952237573246976
1272934276493971457
1272925744184901635
1272892259470622734
1272582290040852481
1272530711753474050
1272526573581807618
1271135102525943808
1270853773473259521
1270811104533504000
1270711238998265856
1270488200478416898
1270454402193797120
1270438611117387782
1270084133008674821
1268639340340678656
1268626140375273473
1268575403154853896
1268268200892026885
1267806974588211201
1266152098074329096
1266147539704840193
1266099607123234820
1266088514241912833
1266036835165274112
1266006578135695362
1265749691465183234
1265710816239792128
1264957043603111937
1264345410551848960
1264257314460180484
1263986430868705286
1263986429442633733
1263986245186859009
1263909758819618824
1263891423339962374
1263890499791962114
1263142531975524352
1262918394845814784
1262752370775203840
1262533540530487298
1262450486986358785
1262420354590486531
1262390277064581122
1261417902026051584
1261340908211052545
1261310667560308736
1261280459595616256
1261082387829702656
1261063775211393025
1261048709086957568
1261045621458440192
1261035799748976642
1261018489155977216
1261003383265206274
1260987369475489807
1260955706682982401
1260925470322896896
1260759347010904065
1260729099607257088
1260698919799054336
1260668733883908100
1260638479677042691
1260608340004143104
1260578193377046530
1260572137070497792
1260224136561020931
1260202151957213184
1259845308651048978
1259521186301726720
1259140870626054153
1259140178200977408
1258804177280655362
1258767088824582144
1258396790879117312
1258390727857524737
1258194627552780288
1258188583271358469
1258119135424393216
1258079418704113666
1258049248588947458
1257814890183561222
1257771214036185088
1257716928090722304
1257686761821679616
1257671614344429570
1257453965207384064
1257433671474216960
1257365665217949698
1256363359135567875
1256325628095115264
1256259586731859968
1256229457431605249
1256226477491830785
1256035984824729603
1255987868750708741
1255964487577976836
1255931064356425728
1255599593456308224
1255496712996749313
1255306580037447682
1255231367438311425
1255194835465777153
1255194789596839937
1255161254118817797
1254862978026860545
1254832185321885703
1254781811961393167
1254774086225424389
1253798517212143617
1253795190168596480
1253795161672486912
1253685360388964355
1253517545539280896
1253443625503076352
1253380171169751046
1253346483870588932
1253337373489786885
1253007529057161218
1252988131189690370
1252974182641676288
1252736429836447746
1252268120439435264
1252264609593069568
1251270713509662730
1251186498365464578
1251148709405982729
1250925865275404302
1250894396318515200
1250892078176968705
1250890479811600384
1250883655339253760
1250865333063294977
1250847953486581766
1250830370142146560
1250807999020642306
1250786248375107586
1250772941245165568
1250544430248980481
1250536392524017666
1250533052452921344
1250509222464323586
1250493250538024966
1250493132313169921
1250490225798918146
1250474042131460097
1250456852929880064
1250433131074613248
1250219837105803265
1250186931675090947
1250183774312239105
1250159712743669761
1250099607071264774
1250094808967917569
1249729352872398849
1249699096761417728
1249693679092195330
1249450660501880833
1249366859620777986
1249035074814820355
1248755137704796160
1248734155342561280
1248710710189842435
1248671300299689984
1248658420389105664
1248625936544628738
1248625933562470401
1248625931771469825
1248619243819511810
1248422817718124547
1248406507898564609
1248345312504287239
1248332438360723458
1248285703328411649
1248249513468284928
1248243232758091777
1248051207970660352
1248037977718247424
1248003795344211968
1247978782193041409
1247977819810025472
1247947407175888896
1247894466654015488
1247667973973659649
1247547528125521920
1247336423453265920
1247336394185412614
1247269883248881667
1247225034193715202
1247222316922212360
1247197724203724803
1246440596094492673
1246439997391220736
1246177273314770944
1246151556023685122
1246090009402376193
1246076440350576643
1246070301286453248
1246069521787609088
1245902679748022272
1245799745026736130
1245711628450103296
1245487030857072641
1245402202405044226
1245352311267917825
1245352063963475969
1245173702024667136
1245173123412037633
1245151238037090306
1245019412660457473
1244823876175106048
1244823616698621954
1244640646767546371
1244046707098365953
1243962853415141377
1243723170353426433
1243704727868788738
1243665498920947713
1243647938733187078
1243631368741040131
1243630781714567168
1243602503486373890
1243378915508281346
1243364118888738817
1243308388152422403
1243236272723955714
1243206073592487936
1243176796884959234
1242947597599375362
1242807626322280455
1242564472616648704
1242542981879644166
1242470291214868480
1242230058418425857
1242175569250463744
1242166333258846210
1242159887704080390
1242104407518523393
1242087898587021313
1242076626512482304
1241552359714631680
1241152506773803008
1241124201265860609
1241047099459997697
1240994649109651456
1240831743734747137
1240831638864572424
1240829735523045376
1240684885603430401
1240679268037820416
1240679077603835908
1240667693486874625
1240627909431263234
1240475856184774656
1240475224363225090
1240416523635826691
1240387310698532865
1240350123714117632
1240295115500945408
1240044356502986753
1240041892936585218
1239976094314332162
1239976015469961217
1239950173662580738
1239934855355473920
1239722425790726144
1239722326310162436
1239719071354163201
1239667171543973888
1239599340039163906
1239599322251083776
1239599267498655745
1239392077751992320
1239385810870448128
1239273089944387584
1239197732117655552
1238950695782449153
1238627202821959685
1238627169187831808
1238625604234289153
1238607305937166337
1238560117764882432
1238252702808842249
1238230789965438980
1238228036891414530
1238214213773987840
1238178341414469633
1238176953536065542
1238162156257980416
1238162134166573056
1238147368333254659
1238128264306143233
1238086700750036994
1238086572240703488
1237792252266676226
1237775881545879552
1237525228000952320
1237523899572563970
1237449337984167936
1237200880560201729
1237194443058483201
1237124023445839875
1237118721413599233
1237074166332952579
1236713416724828162
1236668164622225409
1236343454948626432
1236064816248352772
1235997484096409600
1235958682409721860
1235725363659116544
1235648906882662400
1235626349106249729
1235581822978965504
1235580330729525248
1235579161491787776
1235576616409014272
1235402353882218496
1235387338773192706
1235327389850316801
1235298993728622593
1235275517525397506
1235258825831309312
1235048083626446851
1234988861085761536
1234896273217552385
1234893757889290241
1234893461620477957
1234848651396210688
1234626795527442439
1234617862880473089
1234546070564286464
1234493791089954817
1234284855103545345
1234178518470340612
1233756521269485569
1233487971220889600
1233486576426135557
1233473902455721986
1233467403759214592
1233452138841411585
1233442936160968704
1233425046124797952
1233393142642225152
1233220366371360769
1233157359851061248
1233108479587606528
1233079924900220930
1233073229767610370
1232785803220279299
1232781277478170624
1232764850373263361
1232742321302753286
1232719536287297536
1232712211816120320
1232681831759253505
1232458441286811648
1232394261691293701
1232362867938201600
1232062584930611201
1232060453448306688
1232007351747645441
1230876714839965699
1230592618410762240
1230228952582643712
1229905226372702208
1229850672692068354
1229775267671003141
1228422813322629121
1228415276003160065
1228389680799895552
1228013977755537408
1228004709740548096
1227994015112585224
1227991812708675586
1227964834269913088
1227964666820751360
1227964544686776320
1227964522737983488
1227772495283048449
1227627742679764993
1227627664590168068
1227336585542324225
1227306718125752320
1227303373906612226
1227279944176279553
1227261914985762816
1227238518654742528
1227019606398775303
1227016181476884480
1227015180724457473
1226876154595901441
1225919286570573824
1225841658069241857
1225836861945499648
1225823838287650817
1225812533216284672
1225564085984600065
1225561232222150656
1225547296202510336
1225528690244751360
1225499437084135425
1225458209705648130
1225207520828035073
1225199991108620288
1225187025877438466
1225184077906661378
1225171273216679937
1225170357704896519
1225169695743074306
1225090276051558401
1225089416504467456
1225045427285897225
1224812800964550656
1224768436544462851
1224468932565794816
1224455484398129154
1224449157332529153
1224395157048610818
1224362356483948544
1224339469391757314
1223398009519644675
