1286052769313574914
1286022249586274305
1286022248424525824
1286022246813900800
1286013140988125186
1285969937291411458
1285967843465424896
1285922553182089216
1285726251634831362
1285650753781035008
1285605454752690177
1285401521413210118
1285401520033259520
1285362351991029762
1285328123257552898
1285288369946341377
1285263447144509440
1285243072901611520
1285009024199667712
1284933527130316800
1284639089950552064
1284571138740432898
1284518294955925507
1284336767571824640
1284278208116912128
1284232155011244032
1284201200775127040
1284155908508049411
1283914313900728320
1283892408892174342
1283869263745318913
1283838816344735747
1283793517098291200
1283578984379355138
1283508385581686787
1283476425027223552
1283431131950518272
1283189535376060419
1283162986862043136
1283093648993923072
1282827149917880320
1282751650826907649
1282734235707678721
1282464759028174848
1282389264085454850
1282344215112871937
1282029138631471104
1281981576889405440
1281739986585317377
1281739984349933569
1281709786740949000
1281664989334568961
1281636034799906816
1281619188486778881
1281607741472215042
1281607620818866176
1281377597700677632
1281377597000003585
1281347399122743298
1281347050144227328
1281304866141372416
1281259584758460419
1280939712933433358
1280896281645387776
1280652819540951042
1280573356610408454
1280532024298618881
1280210335140655104
1279920494049808389
1279853049943478272
1279807251033645056
1279566411044716550
1279535205250826240
1279520359071584258
1279490158497280008
1279444861842644992
1279203269043200001
1279173072252100609
1279127772787605511
1279082473276596225
1278840882578374661
1278810686815076353
1278795721542639622
1278765388277461000
1278739651197579272
1278730714054373378
1278503909988818944
1278490951519023104
1278478495379668992
1278403020817084416
1278392920178114560
1278392917237936128
1278357697948258309
1278116108633948160
1278070926400278533
1278070925200707595
1278061020867637248
1278061019726778370
1278048914810318848
1278048913619128322
1278025510891724801
1277995311798067201
1277753719606697985
1277663120828313606
1277647887166562304
1277632920706928640
1277391330545668102
1277353580043919361
1277324136134529029
1277028942596255744
1276987716358545411
1276962503214292992
1276666556018126848
1276621255605653504
1276608530343231489
1276608529076555776
1276591057824858112
1276553309759946752
1276307939981062146
1276291226677977088
1276291225658822658
1276250689518395392
1276188064839356423
1276182793966555138
1276182792368459783
1275866283662143488
1275820729737441280
1275810781196623879
1275579391272202248
1275549194380427265
1275513053858213890
1275459989075832832
1275217003926650885
1275184712273797121
1275142469085270019
1275142466535133184
1275097089979174912
1274854615821869058
1274810825363140610
1274735133468262405
1274499430180323328
1274495245762220032
1274416730794844163
1274129838966595585
1274054340487999489
1274009049244278784
1274008853206773762
1273767451281498112
1273749149100445698
1273749147573719043
1273747292978401280
1273747291644612614
1273706912715063296
1273643513893326848
1273639186445275136
1273382413335330818
1273329569248866304
1273303140767588353
1273274663838396420
1273017834902298626
1272972793890713600
1272972792313647106
1272922825771364354
1272890341260251137
1272657666553401344
1272605932208312320
1272605930392346625
1272582139742056448
1272543211848896514
1272319157166473216
1272272600992026624
1272242904740663296
1272204904111669248
1271921537050796032
1271880265346854914
1271859057012473859
1271593123727228930
1271547825587916805
1271519102641803264
1271463381749444608
1271427030261923841
1271230738764005380
1271155961433030660
1271155959696625665
1271110007329824770
1271064643683987459
1270848773208539136
1270848770301976577
1270747799198601216
1270747797898375169
1270723670005084161
1270472527538724875
1270381979360530432
1270381977687003136
1270339865369067521
1270143409408409602
1270111955932635137
1270111953294327809
1270068797383290880
1270068795680448513
1270022300499402752
1270022298859376640
1269977480653410306
1269720786941759493
1269660393284104197
1269418795631644673
1269358400246292480
1269298001794613248
1269048858333417473
1269018659038494720
1269018370067881992
1268986450298777601
1268986448658731011
1268938559832145921
1268890316331003904
1268694020714229760
1268663821801009161
1268627818684067843
1268626672078782466
1268573230689738752
1268528177686745089
1268331635063304205
1268236213812633600
1268236212311150594
1268195084413079557
1268194107039547393
1267970095034372096
1267970093805383680
1267955608520622081
1267883665037672448
1267852058524356608
1267822333986652178
1267609425390514176
1267609423385632769
1267591506254233603
1267567074127290370
1267517577183596544
1267210007570837504
1267210006627143680
1267210005750493184
1267210004521607168
1267210002915143680
1266138244124749824
1266087669274152961
1266044311352860679
1265767475678810112
1265719036341637130
1265675525240098824
1265362264258994176
1265336578739757062
1264990097440530437
1264990096043827200
1264675760176091138
1263960897904664576
1263872449243779078
1263627563194253312
1263596423188058112
1263090764269203458
1262895813388390400
1262865615905161216
1262779714579705856
1262548525751119875
1262389981722468352
1262087604435947522
1262087603446149125
1261687857497817088
1261472002251972608
1261280168691236865
1261053676874903552
1261008380497293312
1260995036444950529
1260995035094347776
1260963081707913221
1260917782687989762
1260674902392258561
1260617427500634112
1260617426422693888
1260572280528257024
1260572279316131843
1260555394608435200
1260359099067166720
1260328902402076673
1260283971348451328
1260275985309749251
1260275984466616322
1260238303279722498
1260211531985412096
1260211530588737536
1260193010173657090
1259966515173928961
1259924590861660162
1259875916454473728
1259830621087469571
1259604125278445570
1259558828456083456
1259468230181167104
1259151144313487361
1258909549282512896
1258879600467173376
1258834051340910593
1258817800057098241
1258817799235031040
1258811401549811715
1258789003672707078
1258743454206590979
1258547160846462978
1258473135369785344
1258473133960544260
1258426365361008646
1258405757466394629
1258405463558893569
1258381203113205761
1258381198927237121
1258170708749881347
1258153413533224966
1258117430284636161
1258117428858490885
1258063983887646720
1258044956289183745
1258018682955091969
1257807032918380550
1257771076492439553
1257746888322805761
1257701589583831041
1257453603389952001
1257414232318128129
1257385379776380930
1257367122625396736
1257350001149325314
1257346877592403973
1257310629242605570
1257022114693079043
1256659722914037760
1256614428205649921
1256380382318071810
1256361507950153731
1256342636555718657
1256313815169265664
1256297337267163136
1256252036607365120
1256222993845452807
1256206740909154304
1256010446827433984
1255985535090335745
1255931480322322434
1255904542719463424
1255904541175840770
1255844351437164552
1255635299167846401
1255572559262650369
1255527261912076291
1255501270707773440
1255501268996558849
1255481965815320576
1255285795008786432
1255255474058014720
1255164876684554241
1255119826470809601
1254893082421624835
1254821698995658753
1254757191141085187
1254485397393948672
1254440099724406784
1254123010711224321
1254092557426049025
1253836119352975366
1253806487262187520
1253805919923605505
1253760621838921729
1253730995385380872
1253715322802073601
1253700541038972928
1253700539046604800
1253685124530679809
1253670023895359488
1253444633344061442
1253434398973681669
1253413896716599303
1253398232169713666
1253353253628194821
1253338826786746372
1253307636721897472
1253111342657163273
1253066044731584513
1253035844308537346
1253009339687882752
1252990548438212609
1252966951028228097
1252945249627848705
1252748955122831362
1252718758461751296
1252694427556032513
1252628164833992707
1252582864664682497
1252367943695863811
1252316413014028300
1252316411529170944
1252265770039439360
1252219213542043649
1252046843686588416
1252045219685527553
1252045217550577665
1251993980591636480
1251948683647574018
1251677141625827329
1251631592960856064
1251571197076217858
1251269388189290496
1251269299991347201
1251255406053203975
1251254106385080320
1251236712040353792
1251236710287118336
1251223905307553792
1251199409934696457
1251178606438412288
1251133309192507400
1250937015668846592
1250891717827428352
1250862775611518977
1250816218631561216
1250770925013745665
1250574627195072513
1250544500168110086
1250544497190109186
1250529328263094272
1250453832670289923
1250408538544824321
1250219789710249990
1250195444145303557
1250174015882375177
1250136742268551168
1250091443634319360
1250046145281306627
1249857400758128640
1249774353400684554
1249729057631207425
1249683756467675137
1249442165274497024
1249366669555912705
1249321370695225344
1249087326640386049
1249015603995660289
1248958980895825921
1248766462216503296
1248732513809416194
1248695621420290048
1248678820535840771
1248641902762745857
1248400047764578304
1248384904166903810
1248362551412289536
1248324801984376833
1248279506336522240
1248234209015001089
1248000164343599105
1247962414814916609
1247939766034849792
1247917318438637569
1247871820520468481
1247683073891651586
1247632441155686410
1247630226944737280
1247615281930928135
1247600144310288390
1247600028694134784
1247584675373219840
1247509433539846145
1247366689768996864
1247365851726086144
1247320685870899200
1247282937252413440
1247192341112184833
1247169692470587399
1247147544959946753
1246912999375417344
1246829954802778119
1246784657481297920
1246595910122885120
1246565711784194049
1246545538541027328
1246467568229105664
1246422268651220993
1246203324572917760
1246184188631568387
1246159570701082626
1246159569648341002
1246156047527686147
1246116805262835714
1246112218971807744
1246112217784823809
1246082527434924033
1246059878847639552
1245871134500966400
1245840936103542791
1245814481890029568
1245803526221107202
1245803525294247938
1245778512016965636
1245778510326743042
1245747622201241602
1245720391193997313
1245697492261322754
1245509501542748160
1245478547298217984
1245474393607864323
1245455992411881474
1245440800357416961
1245410603742703621
1245387557489258497
1245335106425778180
1245146358794706944
1245108610121650177
1245078423132942337
1245078421807513612
1245057283115102213
1245016754469908480
1244972715401859073
1244777930829553664
1244731125249040387
1244709686898802688
1244671749205221376
1244636122946379777
1244636121847541760
1244421582971437056
1244376284555337738
1244369380064059399
1244315887257018368
1244270588107030529
1244059195172769792
1244013896500994049
1244012298932490240
1243945950336466944
1243908200874852357
1243696807793668096
1243642468987437056
1243606210806452224
1243568463911612419
1243522911253590018
1243334419060002817
1243310604535894016
1243289120639553537
1243269592442601472
1243255228721479680
1243222184174260233
1243222183062777856
1243206078017359872
1243160779211374593
1242972031789993990
1242928712796028932
1242866754335973379
1242819267168436225
1242811495643320320
1242594544597729280
1242557933403201536
1242545066679447554
1242526586106191873
1242522832900362243
1242522736993415169
1242507099910873088
1242499766468186113
1242498753711484928
1242498727069331456
1242487968339804163
1242461224408932352
1242214350477238281
1242180286017929216
1242180285065834500
1242180284155604993
1242180283237126149
1242180282226282496
1242147848894001159
1242147847556005888
1241572232628969472
1241448241008427009
1241107245263237120
1241031749964095489
1240986448909631488
1240825151790501888
1240790156258488322
1240693314602422272
1240684461454311425
1240669361184129024
1240624063204089864
1240427770120937473
1240382470819897346
1240306970634014720
1240261673023238144
1240050281120968704
1239995524549353478
1239989883386634240
1239971953403760640
1239944583632449537
1239929582683373570
1239899286252339201
1239711798841888768
1239710371654635520
1239695441433894913
1239679916582621184
1239676566742994950
1239657693695987712
1239631268288933888
1239627494677811200
1239618809012662272
1239582194726625280
1239567509264744453
1239559547192311810
1239536898428637185
1239340604603142145
1239295304714739712
1239295293004414982
1239280612848123911
1239265106048868352
1239197158324273152
1238978216116850689
1238949747332956162
1238906492465623041
1238857423949086720
1238626656580972547
1238585631749500929
1238570529063223297
1238540334088380416
1238495032526716930
1238449732789256192
1238253441324969985
1238208141470208000
1238177951675559937
1238177950840881155
1238132895245414403
1238132643444731906
1238087347104813056
1237836936062160908
1237821292113539072
1237770589194137603
1237770588220985344
1237724960203747330
1237483366737416192
1237441971918123008
1237414928446873600
1237407867591786496
1237370026308636675
1237362570899550210
1237167643116867586
1237158610129399808
1237137326071058435
1237137042271764480
1237137040912920577
1237120978783739905
1237094456307912704
1237045485266845697
1237000182820003840
1236728393661444096
1236335803523047432
1236290510114807814
1236094213701263360
1236048915494920193
1236018716715945985
1235973419440566273
1235928117153157120
1235686527235170308
1235611031998795776
1235565733020647424
1235324450364588033
1235293939826970624
1235248643931860993
1235222368475328516
1235203341476560900
1234961752124575744
1234886252614365185
1234840955179741186
1234644660137713667
1234599361524289536
1234569165152948230
1234551792215691265
1234503412231917568
1233844387454439425
1233799092729524225
1233402000093650944
1233173851883872256
1233170653341241344
1233150261222346752
1233149811060178945
1233128408604954624
1233110126556520449
1233108427011952645
1233108424776388609
1233085012142108672
1233074312715948033
1233029014803054593
1232832722902499328
1232788932481273856
1232762908934836224
1232761493910888448
1232757223769677824
1232712176638427138
1232711932018225152
1232666878310539265
1232666629273784321
1232425035349950464
1232405771306049541
1232349518559088642
1232349517611229184
1231941852334415872
1231624764361498626
1231262373358358530
1231020783545155585
1230975485523283968
1230972093539463169
1230945287356608514
1230900501333630979
1230900500243124224
1230870584818589701
1230870583774187520
1230668638417571840
1230668636270014465
1230664915356209155
1230542882555101191
1230501985301991424
1230492301228531712
1230250709079273472
1230173433721425922
1230173430416277506
1230136471497117697
1229858123525038080
1229803701906419712
1228352557300535297
1228352556243570694
1228104061695778816
1228048118840606720
1227732866768879618
1227727043166601216
1227662366810075136
1227350221950275585
1227320130906001411
1227302207332155392
1227302206409449472
1226966567751020544
1226918516906852353
1226918514025365507
1226641928881672192
1225917155822096384
1225826560990572544
1225510065848934400
1225501917951881216
1224741602712850435
1224694097539031040
