1286059575381303297
1286053959183085569
1286024207873318914
1286001413424918530
1285961762190364673
1285672568134021122
1285617473404964866
1285235315037425671
1284502203038916608
1284502202036477953
1284502198911676426
1284174876509700096
1283847697431171072
1283847694331543553
1283841805528825857
1283509793408385024
1283502028602441728
1283449108804644865
1283449102269911040
1283420569803853824
1283403924939120641
1283147297518493700
1283145551974993922
1283072086613925890
1283027903421263875
1282423572523356160
1282423570765885440
1281700658438189057
1281685527469740034
1281327210926874636
1281282000423391233
1281267243616264193
1280980433786802178
1280980321169747976
1280968250264780801
1280945676453625858
1280945674956177408
1280622865134608386
1280225301272944640
1280225299519754241
1280220164437553152
1279864844833914880
1279864840606158852
1279804132728156161
1279435660496187393
1279120221576421376
1279082475696750593
1279081239358722051
1278817267413856256
1278817264469520390
1278803886715793408
1278793488021282817
1278793342084579329
1278463644691562497
1278446485210890241
1278443412124053506
1278435787009392640
1278427908948873217
1278054381011849224
1278054375559225346
1278046108049162242
1278040353216647168
1278019401783169024
1278018051498262528
1277981394434576384
1277971770197241867
1276630020304375808
1276603207649832961
1276244669723291650
1276217808586711040
1276203026546659331
1275831205720621059
1275821816200732673
1275819854373834752
1275793344061476864
1275788064560996359
1275481009845415936
1275481008851296258
1275466515366719488
1275451116520525824
1275425504405962754
1275424990138073088
1275185759956459528
1274802800673898498
1274432239451897856
1274087772731707400
1274049876066734081
1273703277255950341
1273682729046065159
1273682726613377026
1273677764449665024
1273665947723800576
1273665944812994560
1273368592042602502
1273354209459568640
1273354208054595589
1273007268339093509
1272938924487385089
1272936516449382405
1272664738183483394
1272645651545890822
1272642243267100672
1272642242331672576
1272608962207256578
1272548497217204224
1271184701856849920
1271184700888027142
1270805761929723912
1270795126558937102
1270784476793233411
1270452445626368004
1270431562371342343
1270103409060872192
1270103408012296202
1270101271920377857
1270095850665136128
1269025512896241677
1268983850568466434
1268588116786454529
1267874596549689344
1267511481538686980
1266436592845172736
1266435892488613894
1266118618544300034
1266065701888045058
1266049588689059842
1266048263163174912
1265715644860792832
1265696621033066496
1265696619917434889
1265409288509575175
1265363761507991552
1265359309682196491
1265336664232275969
1265328154505330690
1264919116835704832
1264563313716924418
1264225832802885632
1263939363106426880
1263916018159816704
1263916016721149957
1263889840032137220
1263878263274946561
1263506388543778816
1263196965992632322
1263185425943977986
1263161753556434944
1263145244046098435
1262818980588290048
1262794826535370753
1262791059177910277
1262779977524826113
1262502220618248194
1262488994077650945
1262475891847892994
1262468587303944192
1262441254039760896
1262423404789018626
1262417526606180354
1262412833989541889
1261372124263927816
1261322845545791490
1261046585879904257
1261020229758529536
1261020228152066049
1261001629643476992
1260970386243702785
1260669007218311169
1260640027232612353
1260615895073927168
1260607672778403840
1260602449938784261
1260601401350270978
1260343747579187200
1260318899851137025
1260299716962779137
1260284424396161025
1260270160897880067
1260258026973519875
1260255868702142471
1259929442316681218
1259901106768969728
1259891543210688515
1259539373500043269
1259503909682458627
1259173993350934532
1259173990989467648
1258875684769988610
1258867426567098368
1258867142574968833
1258463306865614848
1258444311764631560
1258427648113627136
1258142422514765824
1258142421562638336
1258134801036587008
1258126273815154691
1258117886226423810
1257789816047120392
1257761025870397443
1257760483215540225
1257750232084987908
1257719539644747779
1257714388561248257
1257422329702989824
1257376448437985282
1257374909686263813
1257352856946032641
1256319350249791494
1256286174936776708
1256267217508929537
1256267216321777665
1255945139907936257
1255940205686730757
1255938722543005696
1255927762738720775
1255927760708657152
1255606100424089605
1255576028430417920
1255576026383634432
1255564996320378880
1255212352158433280
1255182233041854464
1255167302728855560
1254888585280606214
1254866741991297029
1254847321550000129
1254846128706772992
1254826393025810433
1254811507172552709
1254440097769861125
1254105628433362944
1253800451432218629
1253800309027229697
1253772573734772736
1253769241683275778
1253764369617489920
1253433835158532097
1253425014075883521
1253361252472102912
1253352100622368768
1253072266671394817
1253045910642348032
1253028338177843202
1253013327124541441
1253013325681745922
1253006028779794438
1252989995503230978
1252729679775174656
1252659487007281152
1252627708829458433
1252618610641600512
1252608572233564160
1252608571126284294
1252021848235278336
1251926031876812800
1251910932374192130
1251891954260025345
1251880783645749253
1251637068637384704
1251617049798938628
1251614359194865665
1251292287721779200
1251232964760997893
1251218339403350017
1251218337360744456
1251203733398134784
1250885256850350080
1250835023927873538
1250820804847206400
1250820111256227848
1250807854849830914
1250806831808741378
1250544428495691776
1250530101470601217
1250530098249453573
1250516212813045761
1250171377434472451
1250157044730036227
1250148211236442119
1250148208392769541
1250135892607590408
1249814373381611520
1249812266138165254
1249803540496818176
1249789454094647298
1249779610331557888
1249779461769347072
1249759795764232192
1249119889845084162
1249116630333915137
1248663430908821510
1248644113983066112
1248627641042731008
1248370102778675201
1248355004827734016
1248351643806191616
1248347452652097561
1248332377958633475
1248332376587059200
1248321283017883650
1247952439850020869
1247924666523627520
1247890796570742786
1247665066931032064
1247631664462925825
1247625414371090434
1247601165069692928
1247584671493488648
1247573135576182786
1247568915980529676
1247315346387865600
1247315344508751872
1247247550584889347
1246861452906041351
1246176899149303808
1246156011578277892
1246133472315478023
1246133471036260352
1246107006748024833
1245835822013825025
1245833289476104192
1245833286552702977
1245816717537935361
1245797764916748288
1245795461132357632
1245778561425956867
1245771444694528007
1245771442886709248
1245439036786913285
1245427974310068228
1245410604224933888
1245399038092021761
1245395511059890177
1245109431081340929
1245108609748537344
1245094351073673217
1245081253428297728
1245070608465100801
1245065767911075845
1245065764496977930
1244980767547166720
1244772966463950848
1244772671272947715
1244702936908906498
1244695191971381248
1244682510078009345
1244681608583680002
1244624512668381186
1243962484450627584
1243938502687051776
1243619056839786496
1243619052137955328
1243591244980289539
1243591201271447555
1243539421011607555
1243529049072418816
1243529047633727489
1243308456423063553
1243308453914910721
1243308450764984323
1243306028130803713
1243242696489271296
1243241695782866945
1243194749202452481
1243185719666978816
1243171432173092865
1242917602969739266
1242916870795210755
1242890103061721088
1242881435696017408
1242876892547604481
1242862613173846019
1242860169337372673
1242857460127408134
1242556798730530816
1242534159039553538
1242522673357479936
1242521913882263553
1242181900262916096
1242179654741524482
1242167230214832134
1242166043415580674
1242154908482179078
1242149350505091073
1242145451459125254
1242145142695440396
1241853558322081792
1241853069069111297
1241766841833455623
1241760043000872961
1241520718266990597
1241492280390889474
1241492278088171520
1241492275907133444
1241486336743350272
1241484497650102274
1241472092752707586
1241169259566436353
1241140144847151105
1241086682503565312
1241079323018354688
1241076499509362690
1241076497416413185
1241071156830093313
1241044153447874562
1240735708245041153
1240731158037647360
1240707357467791360
1240707354573688832
1240684317522759680
1240678656839684096
1240675883503038464
1240394474456526848
1240393437674975232
1240382793881960448
1240377396248838151
1240365704441999360
1240364835411496961
1240330612336218115
1240313538067005440
1240307903116062720
1240307899332726790
1240300901262336000
1240300040377204738
1240271015516798976
1240019902540505088
1239973888051695616
1239973645406982144
1239938155576528896
1239706531555352578
1239702829461274624
1239697661969776642
1239689423966605313
1239674406097629185
1239674187347787779
1239658840855117824
1239655289110106112
1239655047786565632
1239655046930931714
1239305410391298049
1239303666605207552
1238819670280376327
1238617086273994754
1238583415810732032
1238582356635553792
1238581653376765952
1238580552455852033
1238562068850237441
1238485279020900353
1238485276944740353
1238255243789570048
1238204368152821766
1238187022386442240
1238176874905374720
1238175567217856513
1238173108877635596
1238172870381051910
1238165900190244866
1238057455491350528
1237860081443586049
1237832830257958919
1237829068176994306
1237828231543259136
1237808563860451334
1237760804499402753
1237506501444501504
1237450265550299137
1237449939749425154
1237449161684979712
1237448975092977664
1237424894662414336
1237410333184208896
1237385683624505344
1237378464438792193
1237376542868717568
1237190897122541569
1237082408157143041
1237078291179278337
1237053029779636224
1237029395933560834
1236088171932286976
1236054787369701376
1236054786128179202
1236052226919014401
1236028001294393345
1235672609787801600
1235671944994881539
1235661174911512579
1235627313963978752
1235626988297056257
1235307531825709056
1235307004887011331
1235214459020472323
1234956180415483904
1234943338337488896
1234942302201753600
1234888066684407808
1234877325134700544
1234851932939988994
1234577017200369670
1234148673497505793
1233872678198616064
1233864178072530945
1233511956700680193
1233507614501285892
1233438568720355329
1233438567453675521
1233438565641707520
1233136318550618112
1233120014292615168
1233099000909369344
1232766192257028096
1232425445284601856
1232397334249705473
1232397332907544576
1232392982214725634
1232317242362208256
1232317241208852481
1232317240135036928
1232030661806088192
1231991734642585600
1231973468398333952
1231296660023709697
1230247938317783040
1230183675045797891
1230183665973551104
1229889054361165824
1229888168897515520
1229831743101919234
1229422736063303683
1228686831174242304
1228434993359343618
1228413339556028416
1228409016793124864
1228399527427739654
1228366880043339777
1228354226146959361
1228080155102515200
1228065659948589056
1228050496390389766
1228050495434035200
1228028776652603393
1228022884540592129
1227739655644295174
1227707985193029634
1227680946121592845
1227617597245362176
1225914241871380481
1225886215599280128
1225541422893457410
1225504590713511939
1225477232422006784
1225117421675196416
1225117413768941575
1225115976317964293
1224866895456882688
1224841161057144832
1224819881759191040
1224819878403747840
1224806455871754240
1224806455066472448
1224806454105989120
1224798143906295809
1224721721787371521
1224460172908732417
1224434927501856769
1224339795650007041
1224112430273441793
1224112428797120518
1223652228881436672
