1286046347477618688
1286046210487455755
1286037617390362632
1285941348940619778
1285926868630278144
1285926324851351553
1285925474129018882
1285680044807987201
1285671884567257096
1285661481598685185
1285627401926565889
1285586765353570304
1285569227521495040
1285281531435646977
1285210635706540033
1285209885702000642
1285209842504916992
1285209815829172226
1285209769574371328
1284868029013282820
1284813726730932224
1284813665498288128
1284505574063964161
1284505563288698881
1284505224355500034
1284504799904505858
1284503448512270338
1284503323538751488
1284502397918871554
1284502397092614151
1284502396299808769
1284502395519721475
1284502394693464065
1284502393783279618
1284161528716042251
1283854001533001730
1283801723199541248
1283801282768261128
1283757767149400066
1283757156706201600
1283569405008449542
1283428485667721216
1283420188289925120
1283394076822450177
1283391806663729152
1283390387802038273
1283169756313522176
1283125005140795400
1283124602332499971
1283090482525077504
1283083417396158467
1283063118915145729
1283049430342606850
1283049289640534016
1282778040959995904
1282762461557465093
1282747703601106944
1282732882058977285
1282732784675704833
1282732442588241921
1282731984901545985
1282703299804897281
1282664607706943494
1282355901731667968
1282344290832744450
1282343552740143105
1282089491608612865
1282089490761342983
1281742583551733767
1281742413015506945
1281742412046630913
1281677773048819712
1281618097590411264
1281606258659917824
1281606055303274498
1281605213032517634
1281594801717161985
1281594100664459266
1281372679606611969
1281247548523581440
1281225789195853825
1281222775806603266
1281005492861644805
1281005439937896448
1281005332928569350
1280939845779697664
1280904420809748482
1280895354288975872
1280894261676957697
1280894186372452353
1280894122191196162
1280894036883263488
1280892958376689665
1280886173137866753
1280858945993744387
1280608424334700549
1280608231723872258
1280588000855035904
1280587454328852481
1280215777455607809
1280215552837988355
1280200828582793226
1280177175719809026
1280171403950555136
1280133056368689155
1280133055496302594
1280132687118979073
1279397219897151488
1278761449922461696
1278761304149368832
1278716288882352128
1278715358787100672
1278676264413540358
1278675904168955907
1278409407991353346
1278407630671810561
1278402536765087745
1278402388462915587
1278382664823832578
1278371693073960966
1278371352551084035
1278357734413545472
1278080935364263938
1278080662508130304
1278080404197605376
1278069779413295105
1278056578449649666
1278030207442616320
1278030081806479361
1278027663383449601
1278027501743325189
1278022502472724484
1277987399403003909
1277677782290628617
1277617480610058247
1276651283487866880
1276642246914383873
1276556880236732423
1276553781866631169
1276550551317209089
1276532567911563264
1276518057565917185
1276316607518777345
1276315981472829442
1276239363584786436
1276239298476625920
1276238540083511297
1276237977455394821
1276236459809349634
1276230247009181701
1276228289732980737
1276195668344930308
1276178715140112386
1276178609691131907
1275902854415482886
1275883704838164483
1275883135008374787
1275882966342868995
1275867033993912320
1275865562648895489
1275865150931828740
1275864821632839680
1275864820869410817
1275844137447759872
1275825408756375558
1275534963509727232
1275521391639617537
1275519168889094144
1275515887026606085
1275514306910707712
1275508592968417280
1275503248582021120
1275502201209839617
1275502060176322562
1275501745695850496
1275463688196104193
1275453333503803392
1275437275732512768
1275436863826755585
1275176861883129857
1275168061180522499
1275138486694219777
1275131627451056128
1275125580288139264
1275125462839242752
1275125252083912704
1275099085125623811
1274729704688365570
1274503453172289537
1274428208495177729
1274428129663160320
1274416829243494400
1274416828463362051
1274416827637080066
1274416826773102595
1274188374916706308
1274186415337701377
1274068729014489094
1274064200684503042
1274064026717376515
1274060224555614209
1274058250313502720
1274026874658852865
1274026692164702209
1274026519501975552
1274022083039825920
1274009580318740482
1274006729022472194
1273974230867116033
1273760030152630273
1273704252159021056
1273702898409635844
1273695667957923842
1273690515431731201
1273688811336339456
1273655720408502275
1273654885351907329
1273654069350010882
1273650806961639425
1273644354977087490
1273644354247315458
1273644353496526848
1273644198906998786
1273628095887613965
1273612868995485697
1273389522873659393
1273360516656832512
1273352641595260935
1273351456146575361
1273341170438017025
1273341169607544834
1273341168814784513
1273340027242774528
1273335783240413191
1273311431610548226
1273308168584605696
1273307874320625665
1273299323065978880
1273299251590815748
1273290110486839298
1273290109874511880
1273290109245415425
1273286361311858689
1273270246850400256
1273270245151723522
1273254542164066310
1273254449738387456
1272996888518811653
1272996848563900428
1272996847905320962
1272996847297146880
1272996846269497345
1272996845560700930
1272977047141433350
1272973091942129664
1272970185423630336
1272931060020645890
1272930861239996419
1272924271233380354
1272922275369627649
1272904397010468866
1272903716950151175
1272883159655424002
1272883072443310081
1272882829844676608
1272882640971083778
1272638089937240066
1272629833135251458
1272611475836854272
1272592125880868868
1272583230550614017
1272574831226216449
1272536443538333696
1272531795226112000
1271473560457011205
1271473328029564928
1271436116407848960
1271435037678940166
1271435036760453126
1271435036018032641
1271435035237855233
1271435034487066625
1271435033870467073
1271435032306110470
1271175146380943361
1271166160889958401
1271164376578510848
1271157313987055622
1271155438688653318
1271143887642525704
1271129123725938690
1271117722584322048
1271113252936785922
1271109591196151809
1271109555108352002
1271102905387450369
1270845427185786883
1270844695447580673
1270811561335160833
1270811305407131654
1270785231860240390
1270749228759953414
1270741610381414402
1270741100848795653
1270717190312878081
1270713952079618053
1270713780935094274
1270511797158719488
1270497470305492992
1270458464498827267
1270448347363581954
1270448312479612930
1270440204134998016
1270436145051176962
1270430871233888256
1270421329863487488
1270419505819389952
1270395573510844419
1270367230321180672
1270348604918706178
1270046761063780360
1270030635537752073
1270029153908260868
1270028756393082882
1270001157864374273
1270000023477129220
1269996802897567744
1269996801614061568
1269995984504971272
1268983141223587843
1268959491032309762
1268956926508969984
1268956152500551680
1268924747649290243
1268923175141859330
1268713540459933697
1268713505353609217
1268713412013559808
1268679922501013504
1268642417407901696
1268573203754094593
1268568104252125186
1268526544760291330
1268525583786360833
1268524254917787649
1268361208144572422
1268360831483498498
1268360301516292096
1268348852387618817
1268339333972529158
1268338942593699841
1268331293911199746
1268325428596441090
1268315285204791298
1268276049349050368
1268266534134259717
1268224420151283712
1267877157386272769
1267822332610895873
1267647715401519104
1267643247561768960
1267633550980984832
1267627465163358208
1267626692023107591
1267623846250778624
1267621380230701056
1267621257748590599
1267621095701712896
1267616544332361733
1267616449608155137
1267584511598043148
1267579182030229504
1267566661722345477
1267524807186358272
1267524109375856640
1267524108385955840
1267524106976722948
1267524106200768520
1267519513572052992
1267492377993916419
1267491750677024773
1267471152164847617
1267470996191227904
1267468869767254017
1267443599639293952
1267442410432446466
1267438938949632000
1267434681189965832
1267434212384219139
1267232340557905920
1267161669953781760
1267151965538091013
1266548174442938368
1266547481459949576
1266545533084217344
1266535386093957123
1266424549777776641
1266423907130712075
1266423608282406912
1266401418124185602
1266399726674554880
1266386647899398144
1266354024120569856
1266170159590453254
1266124235136737282
1266109276046733312
1266108907849728001
1266099079458717696
1266098914270367744
1266098742756880384
1266098631041564677
1266058717709185024
1266042866771595265
1266033893855105024
1266029699945369600
1266025170663325697
1266024857260752898
1266024856468041728
1266024855511732225
1265999015105179649
1265740421004656643
1265739909903585286
1265734613328171015
1265714926879997955
1265714749834252289
1265714604463796226
1265712821612040192
1265712693136306181
1265697111989006341
1265696973979553798
1265693953665445888
1265446213505224704
1265369698616725505
1265360025234653184
1265343371511566342
1265332790003933187
1265319812751859712
1265313411442802688
1265295627635888128
1265295626805354496
1265295414900805638
1265283100118048768
1265282530774745088
1265280199798775812
1264915903751376898
1264915766505324549
1264914429432549382
1264914276386517000
1264914275602239489
1264914274855596033
1264914273907720192
1264913434652614657
1264734481417736193
1264734389155573761
1264606024708820993
1264564780838326272
1264561616995201024
1264283094795853824
1264282932124016641
1263957141557325827
1263956891778105345
1263946297578590208
1263936945186656256
1263936499118231553
1263927234924105728
1263927128996941825
1263922427618353158
1263922295875272705
1263885888779673600
1263885728297213954
1263885727554813957
1263885540346286080
1263885442031681538
1263863263437164544
1263860922386448385
1263854568540168192
1263848185975451648
1263837135716716546
1263836442125570048
1263639651396587520
1263600433471389697
1263600341012135942
1263531982383919106
1263530009467256837
1263483731970592768
1263468300069191680
1263466638332047361
1263214651069935617
1263213128675966978
1263211627786186754
1263203014485082113
1263200289542344704
1263200149662322692
1263200039448522762
1263172194500333568
1263168114029666305
1263167223037861889
1263167068553306112
1263149517848948736
1263149208082821120
1263113272724774913
1263113206828093440
1262875358623301636
1262874957488566272
1262814790981910529
1262814727778045955
1262814630654730241
1262791003632795651
1262783766478630912
1262762297610682369
1262761692380839937
1262752386482712582
1262752258703233032
1262746886944874496
1262738916131643392
1262736905747271680
1262496215008239621
1262495372859056128
1262492474053988352
1262492348572938240
1262467604842774528
1262467604100325377
1262459741349036038
1262459008214020096
1262446360315465730
1262446359380180992
1262445209553637378
1262443798820511745
1262442629838573571
1262413063053066242
1262412962838478848
1262404163763408903
1262377655162322944
1262377532709638145
1262375991902638080
1261471075507990530
1261470857047597056
1261470669037953025
1261399407720665088
1261385949247758337
1261381660810964992
1261381542238138371
1261375956008210433
1261364283763421185
1261357551087648776
1261356947711954945
1261336841917251584
1261336675399106561
1261285875373281280
1261284677274537984
1261284077476417536
1261031231023722499
1261030965520019462
1261030611013246977
1261029846534283265
1261009909811994624
1260993965224005647
1260993874945806336
1260977538849026055
1260973085911547904
1260972400411389955
1260970320401510403
1260970129271197698
1260970012187283457
1260939149479215105
1260938950904098816
1260663891601903616
1260663739503820800
1260663689247633412
1260663364281384963
1260653632044687360
1260643583805272065
1260643254422437888
1260642002187816963
1260631041942990848
1260630940092596224
1260621598094213121
1260621306728525825
1260621041132601346
1260620591775744000
1260585749365362689
1260584719764373504
1260584623345721345
1260583709679460352
1260562813833162760
1260561657119588352
1260561402957348866
1260560101104066561
1260345468518891521
1260327937225695234
1260327595721330693
1260305007880081419
1260291457476419589
1260279732572168195
1260279445790883840
1260279034098917376
1260274601801715712
1260269720432979968
1260269524399591424
1260256353781768193
1260256262182391808
1260255963887566853
1260255340173680640
1260238882525904903
1260218943970689024
1260218708607340544
1260218036772114432
1260215681842282497
1259909239507750916
1259870968324988929
1259869786336567297
1259869729671589888
1259869528667930625
1259868330162298880
1259457507883352066
1259457507069767681
1259456904092418049
1258924325421408258
1258846571174793216
1258846570419818496
1258846569593556993
1258841095158538247
1258838959859339265
1258838816426733576
1258838399965945860
1258838031387279361
1258823094682169345
1258822256769327110
1258818117356191745
1258814709542912001
1258803342685470727
1258801907549835266
1258784562458644481
1258781347528806400
1258775672639623178
1258774090011283456
1258751128608681990
1258751002519506944
1258520120680304641
1258495656660029443
1258470623631851521
1258470622918819840
1258466389125447685
1258464358956498944
1258448278749802496
1258445023449952256
1258422428017057794
1258422369284173824
1258418919855046656
1258418288536825858
1258408309272567809
1258408160097980416
1258141531296485383
1258133998615887872
1258133618024734726
1258133521140527104
1258098901766283270
1258095787118145537
1258095668742311936
1258091492129693696
1258090878612246528
1258064136606494722
1258050578812481537
1258050241191952384
1258047282047520768
1258040149444907010
1258040051990233088
1258034600422539264
1257992654211756032
1257760867967524868
1257759939218587648
1257759728022757376
1257750363601612802
1257740002534084613
1257733268339908613
1257730284788813836
1257723334000869376
1257698513653202945
1257670044961701889
1257663436164653060
1257663185978621953
1257659283627487232
1257658389217316864
1257449547216936960
1257449274734006274
1257441194323427328
1257440502556786689
1257440501294411776
1257440497070673928
1257435747856121866
1257433545922002947
1257425639629619201
1257424209527046145
1257423789299818498
1257423754373799936
1257423028268515328
1257422640853196801
1257408257934659586
1257402708786634753
1257402608018481153
1257400182930636803
1257400182108495873
1257400181286473734
1257400180485259268
1257400179453550595
1257395521452486659
1257395320243269632
1257395319173713920
1257395318305492996
1257394978306822145
1257394977191137280
1257347014687428608
1257346604098629640
1257346417561133063
1257334622360416257
1257328722975371265
1257306715734736901
1257305504847507460
1257298251620982786
1257295224382070789
1256358131866746880
1256341999785054210
1256334977131659264
1256334975940452352
1256334685262581760
1256320404685123584
1256308579746803714
1256305643125829632
1256305454705258496
1256281362014842880
1256281135996448772
1256269890643689472
1256269546102587392
1256248136114339842
1256241367195488256
1256223742751051777
1255947155212324865
1255946992120934405
1255946991428870144
1255943232783089665
1255931366883155968
1255931184841928705
1255918076144615426
1255917943004807170
1255914270816194561
1255913936517566464
1255913565820772353
1255913127042002944
1255860225799790593
1255860095390552064
1255845574487744513
1255654369497878529
1255653686963056640
1255651442012106756
1255601959064788993
1255599298701647877
1255591480753881099
1255591385929056256
1255556215616258048
1255554809970769925
1255548200557187072
1255546175199027202
1255545941412720643
1255541598768824334
1255535534266556416
1255532886062702593
1255526583869280256
1255523249351544833
1255520655409393666
1255518067125374976
1255517935457710083
1255517756142862338
1255511240891404291
1255507062139781121
1255506904958341124
1255506751245496324
1255236509281783809
1255234040027910144
1255232560063557633
1255227859930681349
1255227446145753088
1255227039638007813
1255201461216120833
1255200994050351106
1255167619595984897
1255164535603974144
1255148578713952259
1255146749343064066
1255146389345984513
1255145590230376451
1255141536238460931
1255132942638051330
1255132611954962437
1255132478177673216
1255132280437137418
1255128407798681600
1254894948576571399
1254858034234273793
1254857895595802624
1254857152465780737
1254855346167754754
1254855070178476033
1254841590390181888
1254841000712900608
1254840958719574018
1254840597065732097
1254826936376885250
1254826838469337088
1254826650094747648
1254826508104990722
1254821587334938638
1254821586219270144
1254820968540897280
1254820781059641347
1254820139201114113
1254781447459631104
1254775751313743872
1254775343224766466
1254775276778582025
1254772420298174465
1254765763996631040
1254533534284423169
1253783510306955266
1253782473936338948
1253782473156308992
1253782472418111491
1253782471671496704
1253782470849449985
1253782470056652800
1253779656769179650
1253779231731077120
1253778990143283201
1253778852003876865
1253754795258793985
1253754081988022272
1253753731281272832
1253753363445043201
1253751911880196096
1253751629817556993
1253738859923374081
1253737824635031552
1253737585727483904
1253722352933908484
1253721932123570176
1253700512865832961
1253700028486553600
1253699899138416640
1253445071917273095
1253429835243728899
1253429587809153025
1253429281721475072
1253427204941164546
1253424335697543172
1253422497954848772
1253420184301256706
1253409206482268160
1253408665106673670
1253408499951759360
1253397164392357888
1253396667719655426
1253395907581816835
1253048637296443393
1253047877401751561
1253045012423729153
1253044088020099073
1253019197124329473
1253019196017070081
1253013830113931264
1253013829119860737
1253013827744083974
1253013826888482818
1253011438588907522
1253010040417640456
1253008728493903872
1253008566673379334
1252973278936924160
1252973105938681857
1252957995442548736
1252957950513156096
1252784447705006080
1252710873606619138
1252710578407301122
1252710302090760200
1252710037526634496
1252669651601014788
1252669582843752449
1252668253991776256
1252652350994554881
1252652157586808832
1252651867139715073
1252651501115359237
1252633632507863041
1252631394343440387
1252631128151855105
1252627758007627788
1252621309898612737
1252612932241887233
1252612828302848000
1252612669942763521
1252606323704938497
1252356010183806978
1252353076494663686
1252352994978394113
1252336010521989132
1252335884562817024
1252335759195070475
1252335458203426819
1252335195061211137
1252315235014324226
1252315077191127043
1252276879517790210
1252276722050924548
1252267010005831685
1252263782212161538
1252233932516417537
1252232333916160000
1252232241582706688
1252231976645525504
1252231744855502857
1252231671077888000
1251939909524430850
1251584569784119297
1251517421934051328
1251262162552664064
1251240909259378691
1251240220026118144
1251237809786105856
1251237648724832258
1251212475825033218
1251212475086901248
1251206960554348544
1251206713946095621
1251184252491833344
1251184064637304835
1251183819069231105
1251170560073228288
1251169082357014528
1251168678369988618
1251168392268132352
1251147057739399175
1251139311292108802
1251139161446387712
1251139160615854084
1250873312739241991
1250873119910264840
1250872952868016134
1250827444245929985
1250827443520364550
1250789077995204608
1250789004833959936
1250785110816890880
1250783666504183810
1250782752179453954
1250780108757127169
1250779931342241794
1250515814534569984
1250515601124208643
1250513648482750465
1250512843503546371
1250503726718160896
1250500932376440833
1250498252018982919
1250498110146711554
1250496701024083968
1250496341744267270
1250496207392247808
1250496154690822147
1250475224182796292
1250473892512227329
1250457241699917825
1250433474185445377
1250432996122841088
1250425809442992134
1250413300845854721
1250238821846921228
1250182476179398668
1250154069618036736
1250136053127708684
1250107934698323970
1250105585275736065
1250091464975155200
1250091404602290176
1250091252160356359
1250055166721695757
1250054876488437767
1249789481324089345
1249788962673250305
1249783292091662341
1249782621774716935
1249776732661563394
1249774532430266373
1249774380504289280
1249770192290414594
1249695515417153538
1249693799007338496
1249321812917456896
1248599136011784194
1248334169350029321
1248285294589284352
1248285151945203712
1248265256717123586
1248239966704013317
1247979441906757644
1247978103630151688
1247968981920755713
1247913906078724096
1247910521300488192
1247900593412136963
1247900243040980992
1247878442235973633
1247614313432481797
1247613491596406789
1247604323489628161
1247604322453663744
1247604321602146306
1247595260815048705
1247579997696638976
1247576028446408704
1247567549501497345
1247566862038204422
1247522940729454595
1247310452276760576
1247237473073352709
1247233457736089601
1247233342673760257
1247197265917358082
1247189495449112582
1247166963677188096
1247158392679956480
1247157156090085376
1247156974275493890
1246965958423478279
1246831205674352640
1246191339865284611
1246190982544199681
1246165596011708417
1246164637055410178
1246164227104088066
1246145711709790208
1246145542331281408
1246142284317577216
1245871335756009473
1245871084580114432
1245812866483175428
1245738562391289857
1245707382166093826
1245452402708418561
1245450806784135175
1245450737997529100
1245450208839860224
1245449035462455307
1245444195155935232
1245441647393099777
1245428017398190082
1245427653764681731
1245426115310768134
1245362664542437376
1245096617629409283
1245096421025558528
1245096308857352192
1245093159488622595
1245082182953111554
1245080488030724103
1245080240063418368
1245049934874894348
1244983355558563841
1244983354803527680
1244983354027630592
1244983353159430144
1244982097711968257
1244727773781991428
1244727201473482752
1244710936386195457
1244708882422824972
1244705621104082944
1244705127686160384
1244694247724457984
1244689642575802369
1244680396140351500
1244679802747002880
1244679389771714560
1244376674625519624
1243700023453462531
1243598237891809281
1243593094349586434
1243593053698510849
1243592955518222336
1243592954012471296
1243592952506712065
1243592950635999234
1243592638005157891
1243590886732247047
1243589754245054465
1243580237402845187
1243547650491920384
1243547252011999234
1243527103003451392
1243526738208083969
1243279701013147648
1243274171951521792
1243274171137884160
1243262445143109635
1243262153278324738
1243258080772739073
1243252877117870081
1243252573567582210
1243245443737423873
1243245282768433153
1243242134305726465
1243241956156858370
1243236001457360899
1243234275828420609
1243233635609841665
1243233634766766081
1243233633827258369
1243233632946401287
1243233631956590592
1243233631100981248
1243233630203322376
1243191756541382656
1242925738334081025
1242925737306394624
1242913265392537602
1242913200842182656
1242912162735165441
1242906441889001472
1242900984210296832
1242899716301520896
1242873015446241282
1242872253420834816
1242872159019700224
1242818442429902848
1242815868989509637
1242815564709531648
1242815562532769793
1242565065997537282
1242565065058013189
1242565063732613121
1242560440443510784
1242560291361230851
1242560189099802625
1242519353632923648
1242510846493949953
1242464650509160450
1242464648089063430
1242464645983752192
1242464643408248838
1242464641516630016
1242462210372374528
1242461755395256322
1242460682546819072
1242458782879399943
1242153295013187585
1242152922198278145
1242070985966313473
1242070908283629569
1241843795018252289
1241767848470593542
1241756685800214528
1241127274801442816
1241127110346973185
1241084338176958464
1241084256593592320
1241083881564053504
1241083880813232141
1241083879890587649
1241083879034949632
1241083878057664513
1241021446840877060
1241019585194835970
1241019322178375680
1241018705242447873
1241015473526931457
1240999908209045505
1240999193239605248
1240997495636987908
1240987662833590272
1240987522462875648
1240669492272861188
1240392871779459078
1240392870999273473
1240392870286315523
1240392869615190016
1240381996985192455
1240286495543635975
1240286275527151616
1239997368688414728
1239941554615222272
1239940839473897476
1238885659961700361
1238816958851829760
1238808785407311872
1238808734694064128
1238803738636279809
1238595045499994113
1238590400987836416
1238564738306658309
1238564537613324296
1238562534879383552
1238562440192888837
1238562229181714438
1238558647900397568
1238558292080832513
1238557633151471617
1238556554229579782
1238555544736215042
1238538895157067776
1238529869794902017
1238528865795964928
1238527236925468675
1238525023846981632
1238522786269794308
1238499761398976512
1238498919530856450
1238498619860361216
1238497452778573825
1238497168354430976
1238496940234547204
1238459080030765056
1238454937434152960
1238454101547024384
1238450326073749504
1238227879781113856
1238187571756371969
1238186936918999048
1238182044125081600
1238171235911114754
1238138556213858304
1238118661346463744
1238108145404260352
1238092977085526018
1237933905686257664
1237929089379577856
1237928010235420674
1237926601054183424
1237866989055545344
1237823524099801088
1237822384981315585
1237819773930659840
1237819650932707328
1237819650089594881
1237819649385025536
1237819648613265409
1237819647837319168
1237819647136849922
1237819646398664704
1237819643236098048
1237811806044934144
1237811077070667781
1237792102752321539
1237792101326356480
1237779866407354368
1237779778893160448
1237776618631954437
1237509304250335232
1237504732895289356
1237503687309684737
1237502986181582849
1237502985191804931
1237502201620090880
1237501699763384320
1237499001223761921
1237498997973176322
1237498922538582022
1237498880587169792
1237495010649616384
1237493512620425216
1237492082698223617
1237492081872048128
1237414132967710726
1237398806020460545
1237392177606479873
1237391131194707969
1237389422028394501
1237388822549114880
1237384504358195200
1237372346358521856
1237372137217961984
1237093494126231552
1237092649104035842
1237092648386789377
1237008909807824896
1236663690746789890
1236661392901619712
1236660349543288832
1236660346619920384
1236660342853419011
1236660335433650176
1236660332871004161
1236660330308284417
1236660323832258562
1236660321676394496
1236660317410799620
1236660316102066176
1236158496514637824
1236061399371206657
1236061388747034626
1236019047323570176
1235981234506993664
1235962273803440131
1235962273019187204
1235962136117075968
1235941391483711488
1235926300042371073
1235671112731611136
1235660113458978816
1235658840970080257
1235355721761468416
1235310983301738496
1234973792482365441
1234969099396145153
1234949014304559104
1234947774547943424
1234933707116552194
1234933705019469825
1234933702666444801
1234933700590219266
1234933698258182149
1234933695510958082
1234930718247182338
1234930716619743237
1234860430004277248
1234853714164408331
1234514287302991872
1234304476380614658
1233903273754660864
1233903273016537089
1233903272236376066
1233903271355568128
1233903269866606592
1233596467727785984
1233450832097615875
1233427711751852033
1233427513403203584
1233427511909998593
1233427511171846146
1233427509942902784
1233427509083070465
1233427507728330752
1233427506675490816
1233427505735925760
1233427504955887616
1233427503869497344
1233424957713141760
1233424463368200192
1233424462332223489
1233154264802918400
1233153620482428929
1233112748927700994
1232802720630943744
1232802474819543053
1232786212194267136
1232785405541572609
1232752236406677504
1232742855808028673
1232740886892683265
1232724336412430336
1232708004249821186
1232686520001269761
1232685735872016384
1232424112120848388
1232424111202328580
1232422960771817474
1232421941274869760
1232388661179813894
1232388659455889409
1232367067426443265
1232354471168049152
1232320853418938369
1232319921150996480
1232319920467259394
1232303029958909952
1232137589097979904
1232092083898507264
1232043941312311297
1232043602659942400
1231996161315278848
1231995107106267139
1231979999198089222
1231972149780516865
1231968974436536322
1231968972742037505
1231967253320675330
1231704800821202945
1230674155084886016
1230673999174172672
1230673998431883264
1230673997714612225
1230673997026779137
1230176055220146176
1230148057766993923
1230147618002685955
1230146227204960256
1230140016661278720
1230139224684400640
1230137787980095489
1230137055025549312
1230137054337564672
1230137053607792642
1230137052949250049
1230137052215304198
1230137050797674496
1229890495658307584
1229829476881747975
1229801470738010112
1229798395113590784
1229789493986840577
1229788824336728065
1229783336127803394
1228402057553551360
1228376663077068800
1228345144644120582
1228330480937918464
1228329704463175681
1228329699618758659
1228315321657888770
1228174692747370497
1228126370854834177
1228125314259263489
1228116556800020480
1228114433957863425
1228113449152061440
1228111854796509184
1228104305296711682
1228073101474308097
1228072799845191687
1228066650341158912
1228066649611423745
1228066647606468608
1228061819379515394
1228061303526350853
1227993634651430917
1227969044256612352
1227967689144008704
1227955247102005250
1227757697535225857
1227752059895676931
1227695454198095872
1227643952288993285
1227643884806774784
1227635295547461634
1227622765202722817
1227615971239698438
1227612865181425665
1227574824349896704
1227573924512157697
1227377628098826240
1227376847845052418
1227376332906123265
1227375758886219776
1227348490348527618
1227333346398740483
1227331742790537216
1227328814944063488
1227328317713473536
1227327841425068032
1227325065014005760
1227325058957352964
1227323027563655168
1227321560043806720
1227321101937717248
1227319680374800386
1227317399814393856
1227317156687368197
1227315041571155969
1227312087535362049
1227311623804739590
1227311475439566848
1227311088989089792
1227310134050926592
1227287915635658753
1227013129898512385
1227013128916996097
1227006223482048516
1226961650105843712
1226961094079647744
1226960872351916034
1226920485004496896
1226919059628929024
1226917838285418498
1226895614434316288
1226887805059682304
1226877375218114560
1226541342869856261
1225970364074819585
1225969990312112128
1225969989146030080
1225969724510605314
1225886807117705222
1225884917155934211
1225847672583729152
1225835453322059781
1225767547162759168
1225521337684414464
1225474487170277376
1225473589547278336
1225472265044840448
1225472080076034055
1225452418453864455
1225407394676662272
1225407226770317312
1225250424019705858
1225248795685945345
1225200907530506240
1225195238714683394
1225193980930949121
1225146656448024577
1225139245687373829
1225130902617018369
1225102412337373187
1225102321400545280
1225102310121996288
1225102053049094144
1225081260080619522
1225068276088262658
1225067446903721985
1225058206742990848
1225053960047923200
1225049006293823490
1224922141583454216
1224918199281553413
1224911930889994243
1224911109133623297
1224897550781755392
1224893490108280832
1224893020107169792
1224891792191107072
1224889452285308930
1224889447440887814
1224887715679932416
1224884271162298369
1224881839921344513
1224881826109493249
1224881684346216448
1224881435317809152
1224881077472366599
1224880780385693701
1224879861988237314
1224879037295874048
1224878577235177473
1224875619021991937
1224820381913178112
1224820381162311681
1224820380084449280
1224820379308449792
1224820378230542336
1224820377387401216
1224820376271826945
1224793412790050816
1224791552830197761
1224791211862564864
1224757536227778561
1224479706709471237
1224468951746457601
1224444744157126656
1224443740871254025
1224442815138000896
1224432401666859008
1224431789336215554
1224427210494349314
1224427182711300097
1224425956691140610
1224424023767109632
1224423366968446978
1224421909347082241
1224421501220409344
1224421486900936704
1224420302324740098
1224417586768752640
1224417293964320769
1224414483377987584
1224414470941835267
1224403816042442753
1224401989234196480
1224386237626290178
1224386224267452418
1224386193388904451
1224376315211657223
1224375071139123201
1224374847700131845
1224374813684387845
1224372667211571201
1224372351342694400
1224372146161573890
1224372132886581249
1224372121582931975
1224372109822038016
1224372098400956423
1224369916180160513
1224369867538735104
1224369523022868481
1224369408237359105
1224369398485524480
1224369364742410240
1224369326007951360
1224353699792814080
1224327241871646721
1224327212184363011
1223743846904991745
1223437984462229504
