1285947217258450947
1285913866434682880
1285691441700888577
1285652565909295109
1285643853316464640
1285609018870956033
1285566144414470145
1285328784070250500
1285300249284796423
1284840804654227457
1284336736789843968
1284258914780024832
1284233729897123849
1284227569878016000
1284135195407515654
1284126882691252226
1283836548069425152
1283831758748897282
1283824709122117641
1283804781425893379
1283783803329183744
1283510121293844480
1283467632088317952
1283466046859599874
1283464249940021252
1283452739134029824
1283446226550218752
1283432992095064071
1283385828022972419
1283377926579335169
1283376746633531394
1283171570857508867
1283140323347136520
1283106756911083521
1283104699097518080
1283062285532045320
1283041692371824644
1283037048782422017
1282743026201305089
1282704529226637312
1282700220577570816
1282684109421252609
1282659270295719938
1281974020976541697
1281973086724788225
1281319852565766146
1281296413071159296
1281292289416052738
1281265994586095617
1281251859207000065
1281216998568050688
1280982564438769665
1280942874046201857
1280895384672448514
1280885858573455360
1280571371953610752
1280552328941244422
1280551082419277824
1280478985798004738
1280145920806486020
1280129116176551937
1279820388743155713
1279421136124686336
1279421047306096642
1278761608223703041
1278757835040534528
1278754058254168066
1278750286106947584
1278704306582097922
1278702104417382400
1278699431395831808
1278695961829822465
1278674792283963393
1278406202473447426
1278403665531895815
1278402422721916932
1278397474613481474
1278374091070885889
1278373579986534400
1278373258690265088
1278341070271787008
1278035949021204480
1278034097521274881
1278033028716036099
1278032302388412419
1278030189675655170
1277965166303252482
1277706984150781952
1277644062254927872
1277607348677292032
1277279888177795072
1277236433481326592
1276680394306236416
1276677877715484672
1276674105299709953
1276622489615990785
1276571892586098688
1276565623112433671
1276560299223584768
1276326609717538816
1276272686940000256
1276253343313285121
1276228623905808384
1276208319519240192
1276207509922033671
1276202177141387267
1276194922794815491
1275866328998596608
1275865834729193472
1275859953857843206
1275851999007907840
1275836082551218176
1275779729396846593
1275525045994086401
1275473696870858752
1275471290527334401
1275152745285267458
1275150205290233857
1275148140472152065
1275124933220282373
1275117337780371457
1275113061335130114
1274719203719872512
1274090764256120832
1274090056312147968
1274078511679131649
1274072668858351624
1274034207992344576
1274033353767993344
1274031669130002435
1273948648326549504
1273776319906676737
1273776002410389504
1273775830972260352
1273775785350963200
1273775729759653890
1273775636566417409
1273652874560536576
1273648444259864580
1273639110788485122
1273622161614409728
1273620582500876288
1273337637923885059
1273305746936127488
1273298828880420865
1273276254716940289
1272963991363629060
1272953848685121548
1272953279664791558
1272692753034612736
1272691919236235264
1272612079846010882
1272567470289833986
1271551392461848578
1271085651505696770
1271082257009303556
1270839798069157888
1270807744912732168
1270801497199194113
1270799535665827840
1270775620956565504
1270718739994955783
1270698551903993857
1270499558154481665
1270452746400010240
1270413883329720322
1270396917487460357
1270358469070241793
1270171366113804288
1270064234324467713
1270063376413208582
1270015943062753280
1270011961284202496
1269997411545604098
1269773082224398336
1269771643515273217
1269653988208672782
1269505346659332096
1269505039065853952
1269034174834520066
1269017162318045184
1269006145236107267
1269001251360038914
1268997817638535175
1268991133444603905
1268987772813152256
1268987365881774081
1268954962484178946
1268947301541785600
1268945682817257472
1268944409468571649
1268943614643703814
1268943453750206464
1268918078827528198
1268395053241831426
1268309622554800130
1268309309370204162
1268305834724995074
1268249913411932162
1268248585059041288
1268247819414011907
1268245981172240389
1268245733871890433
1268244810638299137
1268243109869207552
1268241035966046208
1268213062714249219
1267898756177035265
1267898024891744257
1267824238066429952
1267821788852936712
1267585308025110538
1267579909561556993
1267579844629495808
1267576071316176903
1267555375336828939
1267550696775323648
1267527093430226948
1267525658755899393
1267114331017220096
1266484215811620866
1266466873723494400
1266425974712909824
1266366477814255617
1266366246372573186
1266366185047683074
1266108117978435586
1266095021809438720
1266094828980502530
1266085578136850433
1266084856305537025
1266057854659833856
1266055289893257218
1265752829588897795
1265698746890948614
1265696737378910208
1265693834509508609
1265692199238479876
1265690766447464454
1265685759627067392
1265680681482452992
1265679234720301059
1265663929616867328
1265640006334451713
1265426855718539264
1265425552707653634
1265387808354717697
1265368170333954049
1265337323790753792
1265295317936869376
1265290399381413888
1265281553225129984
1265270713138794497
1264998617238077440
1264927873351196677
1264620988714672129
1263882712760401923
1263836128009994240
1263646209153142784
1263619552950321152
1263558616864436224
1263551918040907776
1263549246176927748
1263528828573491202
1263514712920260608
1263513564091949066
1263115017588703234
1263112902690684928
1262889282617970689
1262836984092991489
1262834867672399872
1262832662575808513
1262831366644871171
1262830902595518464
1262773558784266241
1262727307875270656
1262495068692283393
1262494876744257538
1262472159424909313
1262451745554345988
1262411150152675328
1262393746332758023
1262081142317961216
1261317919507509248
1261314624407900163
1261107806062731264
1261102280302043136
1260940729771270144
1260657955692703746
1260656876208787457
1260636614210052104
1260635176440336385
1260617388946571265
1260611017115082752
1260610202384117760
1260583625604677635
1260341488292151302
1260275648775573504
1260238022018322434
1260237844515295235
1260229308934750209
1259930367936606208
1259897814995349504
1259884259763986435
1259853332845342720
1259606205242257410
1259577331754110982
1259513260623216641
1259512166216011779
1259281544805564417
1258883282323869696
1258859938576818185
1258832251078479873
1258831533588254720
1258830848289275906
1258822725646323713
1258820712321568768
1258818952219615233
1258778648531869697
1258768096858382338
1258766044640002049
1258765319864233989
1258763992174137344
1258758001357402114
1258538668802764801
1258524613602013185
1258418222640095233
1258409365448667137
1258404918697885697
1258113185594384385
1258087780334305283
1258081243658403841
1258043036682063872
1258033995943641089
1257785922323701761
1257783318701015049
1257727653982818305
1257726652131540999
1257724111108931593
1257713064843120640
1257712935373332480
1257689968438317058
1257415640681525248
1257414607041368066
1257409609486254081
1257377764832940036
1257335713714122754
1257329119706128386
1257324702953070592
1257324665631993856
1257317072821841922
1257315207459684358
1256956468005388290
1256927487470080000
1256595880989294593
1256292868173553666
1256291751087804420
1256291543582937089
1256290948847370240
1256289380513218561
1256288638243090432
1256287888167391237
1255993591106809856
1255991154237112327
1255916332673052673
1255887100639150080
1255643418434449417
1255542361469284352
1255524009778823168
1255506258003742724
1255494576808300544
1255494060875419658
1255248154053795842
1255241509986881537
1255212429170049024
1255212197233524738
1255192701626208256
1255178477994737664
1255171283035328515
1255170393670901761
1255162875515211776
1255160611618590722
1254907125761019906
1254905706127536128
1254905177703960576
1254867596056211458
1254867175329935361
1254787295565058048
1254772465403740160
1254769222405615616
1254470297299943424
1254032571660406784
1253795477281267713
1253775445574799363
1253761733308698631
1253715500175065088
1253710423511175168
1253708627048873989
1253707917695557633
1253690739164397568
1253458795398823937
1253423255882313734
1253417753202929665
1253364574633558016
1253360544121323520
1253357441460436993
1253348406384308228
1253347894888935425
1253346260309991426
1253345518748647424
1253343105522302977
1253338760164433921
1252990763732029452
1252969681192960000
1252964313356210177
1252961990236143619
1252698135283073025
1252661179480227841
1252622884234805249
1252619362659434497
1252619275153670144
1252614032386920449
1252325251423371265
1252324417327292417
1252323191055417346
1252314132587700237
1252298975052541956
1252290828195725317
1252290517922177024
1251220018995564547
1251219144818806784
1251192941592403969
1250777728946708481
1250777472745996289
1250775803433975808
1250555174952873984
1250489495373447169
1250472644597682179
1250450307705909249
1250449804255207429
1250445490900078592
1250419655447117824
1250150553138716672
1250149169311952896
1250148660542922752
1250146354338435077
1250145960090578945
1250143085306294272
1250142818070396928
1250141962264551424
1250139499792928769
1250136801269989377
1250054471293468674
1250053943012589568
1250051295202983936
1249791403258937345
1249699481311948801
1249696009673940999
1249690491031097344
1249367231865241601
1248628126382505990
1248607558375362567
1248606518657892352
1248605740073463809
1248412228547567617
1248399494950993920
1248395435749720066
1248392518904868872
1248380895741894657
1248380736840691712
1248283328593235970
1248267587143774210
1248254873814077442
1248254334829281282
1248016391883698177
1247969848455561224
1247924747876339712
1247899615325634569
1247892159149170688
1247891950222495744
1247891302332518402
1247633286345756672
1247554043255324673
1247549294472769539
1247544062833389574
1247318362088181760
1247271662187352064
1247222056929898498
1247193708317093900
1247165123179040769
1247163555293597696
1246832817310437376
1246788177018474496
1246499871659565061
1246213623124557824
1246180833297383433
1246114924641882114
1246076702083743744
1245894702282530816
1245803171429126145
1245803081100603400
1245719292609548288
1245487286210433025
1245425699214757890
1245425599910461442
1245421924211023872
1245418151048667136
1245414626474561539
1245414375063785477
1245406017480994823
1245395481854967812
1245371457359790081
1245359632425549826
1245355027478335489
1245352198592233472
1245349214781165568
1245087515566055425
1245060624641646592
1245060547315404801
1245057372894224388
1245036427915735041
1245035778914254849
1245034921875460096
1244997512265637889
1244982653851492355
1244703273761812481
1244695116528451584
1244694427089723393
1244689327508066308
1244636826725429248
1243988333254107137
1243673422015729665
1243667244330221568
1243655668625747970
1243655585905737730
1243655380305154048
1243644628248780806
1243628047171026945
1243604197125300225
1243601428662251520
1243598912306503680
1243559538701283333
1243558559012528131
1243558337339408384
1243541255998574595
1243540710684491779
1243537650142916610
1243323507989241857
1243318885341954048
1243315616284622857
1243315140067495937
1243311696132935681
1243310951425871875
1243302378604019714
1243292520701808640
1243288899679588352
1243187745104814089
1242933690684059653
1242873919117365249
1242873321642999809
1242633470809120773
1242485432937598978
1242468315156680704
1242222316093915136
1242165893691564035
1242135946037952513
1242115744579620869
1242101792911081473
1242099698418270209
1242099038813650946
1242096135273144320
1241750180598288385
1241127498831798277
1241126388603682817
1241126386036879360
1241126383843188742
1241125896909717506
1240751819669811201
1240749728758927361
1240749727244828672
1240749725072216064
1240671105850933255
1240379149740584960
1240354379573735429
1240337929345646593
1240027101216079874
1240021705034211330
1239992537705861121
1239951500417413123
1239948766947540992
1239947234696970242
1239920295932243970
1239639100187127809
1239610380101529602
1239305516045737990
1238938918680170502
1238919122399956993
1238727199223668736
1238651205074780165
1238539422234300417
1238492044101931010
1238192543914958850
1238192239714729985
1238182599362777090
1237809864631635974
1237740344831328256
1237053098394255360
1236997916301996033
1236650376293519364
1236637797181722625
1236287988604309505
1235977651891863553
1235959396372529152
1235649560929808384
1235563331815170049
1235319983288266754
1235319327802486786
1234930963131621377
1234930791546789888
1234848685713960962
1234496167553196032
1234162589116125185
1233416819521622018
1233136159783604224
1233114074654789632
1233109747697668097
1233104724989239303
1233058255095681031
1233039080541151232
1233037613831000064
1233036915747717121
1233036587434422274
1232720692640206848
1232719364765429760
1232704006092402689
1232025822929784839
1231947387137978368
1231584747673001985
1231207008650645507
1231019870210359298
1230880701723107333
1230573497258299392
1230516334494134273
1230245953510215680
1230150252759592960
1229919423961669633
1229801524802523137
1229504791614754816
1229420237788860417
1229068707139379200
1229057847503179776
1228695460463939584
1228405855302946816
1228333074582294528
1228324278367608833
1228066406438260736
1228065248562864151
1228055400005742593
1228019008739389440
1228007013344567296
1228005882799312898
1227976517906575363
1227970683549863937
1227699128538456067
1227698734722617346
1227687374479659011
1227644747399008257
1227608299916251136
1227356061386055682
1227349955108646912
1227339298225246209
1227288095705436160
1227286304154673152
1227285203934158855
1227282398536228865
1227279881840414721
1227276111077183489
1227245910490517504
1227238106551578624
1226981329272758273
1226883523514007558
1226861374132744192
1226521134293635073
1226498231166631936
1226158747875266562
1226135843334770690
1225850717493235712
1225796359023931392
1225796308180635649
1225568076751605762
1225534175459127296
1225530206137520130
1225528456651452416
1225526871804260377
1225524756759355397
1225491784853344256
1225485241063702528
1225439031535816707
1225437045599940609
1225433973314093057
1225192189803843584
1225189340608978949
1225170496368599051
1225170155833110530
1225160176191320069
1225132419394822146
1225130721351815175
1225086970549895170
1225083030861238273
1225080039747866625
1225071581535272960
1224891420386918400
1224887457528852483
1224880273449541637
1224799637577633792
1224798399364587521
1224788742046732291
1224787976946884609
1224743756999593988
1224741874143023104
1224464389572583424
1224344091728785410
1223687753738735617
1223627729649750018
