1286063975189188608
1286033776213098498
1286003828924416005
1285973378109759488
1285943265573961739
1285940410976616449
1285761230230020097
1285742355996237825
1285731031182704640
1285698567341051910
1285671388213215233
1285618995232727040
1285618994175762432
1285618993454288897
1285618992598704128
1285618988937089026
1285618988236574723
1285577774753886208
1285577773847904256
1285577769255133185
1285577766709100544
1285386762865401858
1285356991272177667
1285335927678578688
1285307742052327427
1285274020141690880
1285249357537669121
1285223752998031361
1285219158574104576
1285217471973253121
1285036454339465216
1285008772029710336
1284976308322263040
1284942585996251136
1284919181725450240
1284887976187580416
1284851234294370309
1284653367055257600
1284613668554944512
1284491111004803079
1284311678801379328
1284288524276183042
1284244634798100484
1284225043468361731
1284219571742834697
1284189372791828481
1284159173882597378
1284129729910472704
1284089366978138112
1283948032598274048
1283936403773100033
1283919846862778368
1283904579680251910
1283888893054447616
1283881611906383874
1283867705657954309
1283856680720056320
1283832018216730624
1283817210260205569
1283817133722525696
1283816862762098688
1283798296042102786
1283775575996407811
1283772180019511296
1283772125069934592
1283764322599161858
1283752961097764865
1283723607626186752
1283584386382753793
1283499577816031232
1283469630451793921
1283462698781614080
1283434146476560385
1283403192500457472
1283226189184860161
1283212938933919745
1283178713329221632
1283143481121107968
1283101577398620161
1283101576207507457
1283101574592712705
1283101572642361345
1283046592811905024
1282865650529112064
1282832683228213249
1282802987576909826
1282775053705179136
1282741834914070528
1282705386538176513
1282705385615429633
1282705384755597316
1282705383920996361
1282705383145037824
1282678417146540032
1282481871725531136
1282450162871410690
1282434308351959047
1282394797978849281
1282363844007002114
1282329367113338883
1282136848136056832
1282107907446763520
1282076953563013120
1282053046076346370
1282015045573017600
1281980568591187968
1281775970332979203
1281744261508104201
1281712804223791104
1281683108379734016
1281654922765914113
1281624723756113922
1281593015023198208
1281415595767078912
1281383131770228736
1281354694644822018
1281329528648765442
1281294296381943808
1281272654217883649
1281243301870546946
1281185196277149698
1281048174610616320
1281024518836809729
1280990545247195136
1280958812850176000
1280925869200912384
1280903974519005184
1280873020710703109
1280275835824467969
1280251173077999624
1280217702573850625
1280193291808583683
1280165861202948096
1280137675303862272
1279942136624902149
1279925023944216576
1279900864866443264
1279869155840147456
1279832917078933504
1279832349467987968
1279802466490556418
1279776042329096193
1279557099547222016
1279532185540628481
1279495946901037056
1279462224537550850
1279441384886489088
1279413654434258945
1279192698612862984
1279165771172605953
1279145386775654401
1279098326923829249
1279073161116442624
1279049505128640514
1278830562308808706
1278806151388434433
1278783502230720513
1278736693986643968
1278710269640916993
1278687872179212289
1278498405665382400
1278496670905442310
1278484028908339202
1278463896387497984
1278443008560517120
1278420107824295941
1278414634173829123
1278398338350661632
1278396975898152965
1278395696933228544
1278395656449806336
1278395108518436866
1278393795558727681
1278393486132330497
1278373802947166215
1278347882005843971
1278346844192616448
1278323974234091521
1278315535923634176
1278315448585592834
1278315334924206081
1278123150899916800
1278107044822650881
1278076090939068416
1278073085997039617
1278048408713007107
1278028527611207681
1278004871707451393
1277982766571958272
1277958063467757569
1277779134123573248
1277761014700797952
1277739120874278912
1277714961255534592
1277695331992559616
1277670417809973262
1277647600481599488
1277565520297033734
1277565484750299136
1277456681170014208
1277451371747434498
1277451273403580416
1277341377467158528
1277337779739987969
1277319281752051712
1277319260596056066
1277319236193525761
1277316078008504322
1277303428809621505
1277301541058367488
1277299690204209152
1277287713742471171
1277284252959289344
1277089847459676161
1277086873912053760
1277086750083551233
1277070929319940096
1277070841113653248
1276627705719635969
1276617983071150082
1276587029246038016
1276554062113042434
1276520339833380864
1276468413083389953
1276339145653223431
1276306430279049216
1276279502738460672
1276251820449337344
1276220363093864448
1276188905914527744
1276158706720391177
1275957632466128896
1275927433183723523
1275900253737115649
1275870809874214917
1275866787205316612
1275839352443191297
1275838861910761477
1275838664677834752
1275806134239019009
1275617365733134336
1275611853264228352
1275608738171441158
1275584171084308481
1275552210445795333
1275526037879885826
1275488423982305282
1275434937680908289
1275381157559926784
1275200392192643072
1275189236065603587
1275160126916161536
1275127159971966977
1275107278782226432
1275069278237138944
1274874494763450369
1274840269305806854
1274798242295771136
1274751937292857344
1274718727783829504
1274711923850907649
1274524689688395777
1274497007265001472
1274467563343425542
1274435099472216064
1274406410495950855
1274401905842835461
1274374701599666176
1274342237929746432
1274154130790121472
1274147705699229697
1274115493800996864
1274085294778847233
1274066575331594241
1274030936406069248
1274001744087977986
1273783304924262408
1273738472180854784
1273736666319130625
1273734647726383117
1273697489170821120
1273666535274557443
1273663557440278532
1273637153097072640
1273482582123073536
1273482503047839744
1273436771301429251
1273409843748012034
1273379644972994560
1273345671085449217
1273319246928375808
1273292067863695360
1273254822603440128
1273073880194863104
1273045694354354176
1273014740269203457
1272987561150078977
1272961472264617987
1272958872379162626
1272926660145250304
1272897467634180096
1272843872637538305
1272714763785641989
1272682551514001408
1272652352445542400
1272624670118801408
1272603279072116737
1272568047329370124
1272543951577329664
1272334005115867136
1272313620496437248
1272280905030283264
1272247937700032512
1272212957502398465
1272177976751382528
1272004693754097664
1271989232941150208
1271961047205888001
1271931351554375681
1271899894421303296
1271874225276624897
1271845284595863552
1271814833864769536
1271625838681677827
1271600169251827712
1271572486883176448
1271539519817420800
1271507810795175936
1271477108749922308
1271446909677236224
1271263198851842049
1271231490257453056
1271205569202978816
1271194549084250112
1271174363769827328
1271144668042944512
1271115727466950656
1271081250254544896
1270895778165329926
1270842929846747137
1270833870108102656
1270808704443539456
1270773651982487556
1270742627651145728
1270449084667756549
1270419389007802368
1270396991500103680
1270366540806811655
1270179306858254337
1270154644464046086
1270144383271264258
1270144371279761408
1270121174010396674
1270092988102971393
1270058259353829376
1270028312178556929
1269999371405361156
1269791155870449666
1269785713412726785
1269756521027702790
1269725567055564800
1269703774370758659
1269695368188452864
1269660639590354946
1269637990189424640
1269625113743437825
1269617927550099456
1269615400322465792
1269614801262710785
1269614220351545344
1269481708379951106
1269474637928423425
1269471961962491905
1269470818163195904
1269470217681469440
1269463442861236224
1269440032114462720
1269439491426713605
1269424080475656193
1269387496057700352
1269375762089426944
1269336373787492354
1269336372885815296
1269336371967266816
1269336370994184193
1269318635736068097
1269290701839204352
1269268304465743872
1269253036691656708
1269091136779325440
1269066222462734339
1269031493705310210
1269000288289071107
1268966314552504320
1268934223379005440
1268903399627476992
1268891739978416128
1268728748825862144
1268704841255157762
1268682443734859782
1268637483899785216
1268634377409327105
1268604933164593152
1268594797020876802
1268574985804754955
1268544288004112386
1268366360964288519
1268271421463187460
1268242545244397568
1268216954189381632
1268181896044744705
1268038153216167936
1268001749031362560
1268001708212391936
1267980853755424768
1267974780856291330
1267962226494889985
1267942568597303296
1267936405851947009
1267917400730750976
1267909349839712257
1267881415737143297
1267851719955877890
1267837845512892417
1267837361800523779
1267823786113429513
1267815273840738304
1267769541892980736
1267627983357050881
1267608812011368448
1267592260419563529
1267552834331054083
1267529926502223875
1267505561505075200
1267409698590011392
1267248494961713152
1267223343998083073
1267217541157380096
1267184599286906883
1267161276641394688
1267157898234335233
1267150885844652033
1267132984009691137
1266940454429503489
1266918718875066368
1266899193387343872
1266869749415161856
1266844583662665731
1266820424471588869
1266799285338877952
1266738887327543298
1266550646867587074
1266546034009878528
1266520448042274817
1266497295392157696
1266477097092091905
1266460553385398272
1266440168816467969
1266406195058798592
1266373479508717568
1266196530119225344
1266191530391334912
1266158311776243712
1266138178953474048
1266133270368051204
1266132353715449862
1266129045869211649
1266092766393782272
1266084313164103683
1266084287880794114
1266073899739029505
1266072454050525187
1266072423700533248
1266044813897498624
1266008071639142400
1265826877643427840
1265808879302119425
1265796427189387264
1265770254631911424
1265735525970870279
1265706333313142784
1265678451329073159
1265674876452552705
1265646187107045382
1265432662820478976
1265416423016456194
1265377667777511425
1265374396207620096
1265314501588422666
1265313817602523140
1265289084806684673
1265240452011372549
1265102101937565697
1265072909652946944
1265045479013916675
1265013770058940427
1264984325906292737
1264954881959268359
1264921663189082112
1264739965696724993
1264708508403953664
1264682084389527556
1264658176948842496
1264621938086785024
1264589725936975873
1264563049912053760
1264378332768022528
1264351153698959360
1264317934836432897
1264290504151232512
1264257536934293505
1264232371139854341
1264199655698477063
1264023243238723584
1263992037315141633
1263957057016864768
1263930129526542341
1263912856023715840
1263895652465025025
1263869983517315078
1263837519411474433
1263669021364363264
1263651292318101504
1263632417849356291
1263596943315308546
1263596403353284608
1263596249149607943
1263595879686041600
1263595675650007040
1263587435264356353
1263568496849494017
1263534774464901121
1263504324056846337
1263470350261604352
1263282109793386496
1263248387400273921
1263247632291381248
1263223976374878208
1263193024261230593
1263187486110597121
1263162068582256648
1263127591533211648
1263100412653174784
1262928277980581888
1262907429014040577
1262903112202891276
1262880082999349254
1262872661685727232
1262840198045589504
1262809243876384775
1262780554883129344
1262750607296905216
1262568155139858432
1262538962863865857
1262511532266491904
1262475796620476422
1262447610964697092
1262446101619245056
1262417411963117568
1262384696207437824
1262202496040136704
1262179953556312070
1262176574956277767
1262146376143691776
1262115422150643712
1262084971352608769
1262070047524229120
1262055778942214144
1262024825209589766
1261979775788351489
1261868397995966465
1261841002094100481
1261840992589791232
1261840107897667590
1261829099913383937
1261813432099188737
1261795627941363722
1261780716355858438
1261752530792583169
1261722331916926983
1261693391106043904
1261662437184401409
1261499047107596289
1261472183613894657
1261436699747348480
1261404739377467396
1261380551925211136
1261378016963428354
1261372527038746626
1261346773211189250
1261346636162199552
1261338301383839744
1261328793148493826
1261324696936742914
1261310894547636227
1261298146623315968
1261296991084126211
1261291082861731845
1261285704874651649
1261103254605369344
1261083424422604800
1261072550236286977
1261062116330614785
1261056510832058370
1261056195693023232
1261056182770335744
1261055858282242049
1261053650971037697
1261052961733648384
1261043552496373763
1261042854543032322
1261032840084553728
1261013159076335622
1261002536640753664
1260996800384827392
1260996273378938880
1260990154770178048
1260966459943137281
1260966459158728706
1260966458349273088
1260966457514565638
1260966456445014017
1260966454943498240
1260966454133915652
1260950999558053888
1260922058726428673
1260918001391583234
1260917344412581889
1260904328916873216
1260740906203910144
1260740524761329667
1260740455622475776
1260740361296572417
1260740341512245248
1260711169024823296
1260677698533289987
1260649764766400513
1260618810509258753
1260595203485978624
1260586850231578624
1260416581068361728
1260351801020297222
1260342255652610048
1260334185102761984
1260308515886903296
1260283853463334912
1260278436259672064
1260263048171982850
1260231508616454145
1260211627456110592
1260021897359527937
1260012314268438528
1260010522532929536
1259989664955535360
1259967267862970368
1259946882786144268
1259925492108414976
1259920305956552706
1259917534201077760
1259901333005430784
1259877425342627840
1259858246346641409
1259820828977500160
1259643346265530369
1259641445344071691
1259621760770719746
1259156424480813056
1259125722217660417
1259110965406248963
1259110783142805505
1258922130525376517
1258859216024080387
1258835057453617152
1258814521206079488
1258814464486490112
1258808632642134016
1258783215374028805
1258748738169905153
1258483601580195841
1258453039851151362
1258424602365005825
1258390628255358977
1258213000575623169
1258191063463809024
1258165394201702400
1258142996710686720
1258119592515260416
1258095936825409536
1258072281063886851
1258051896503304192
1258027234067009536
1257849311511142400
1257832352203640838
1257830221262323712
1257819922488528902
1257819869954871296
1257789669548396550
1257732542410653696
1257713919507918848
1257675118945460227
1257494222992748546
1257430259093450755
1257356564639473665
1257329637354434571
1257296166586388480
1257292425489457152
1257101383217680385
1257072946205491200
1257048786595168259
1257014812736970752
1256984614167433222
1256947116884328455
1256759631176708096
1256722889157443584
1256697220012875790
1256667524458074113
1256649115284504576
1256635563802853376
1256604106719809542
1256571390972608512
1256388938857615361
1256348263424446469
1256343388837863430
1256324479602446336
1256309666377658370
1256278727467638786
1256273761797640193
1256049743945502722
1256028815723241476
1256010595863793666
1255999161150910464
1255995848686661632
1255965649937072133
1255935954176491521
1255905000267460609
1255876337560178688
1255875304540659712
1255849886949486593
1255665421304295424
1255633964418633728
1255613327943667713
1255582122460565509
1255531982605488130
1255289456900427776
1255262230175719424
1255217084260384769
1255217082716819458
1255217080825196546
1255217078723846144
1255189205887651840
1255125111314808833
1255114044744380416
1255113544363839488
1255113206579822593
1255112672053518336
1255112492726079489
1254943032413216768
1254941903847436289
1254916738191372290
1254894866129203200
1254892201043206148
1254885280672292871
1254853320214286337
1254846845584580616
1254846727015841794
1254815068262285312
1254775431275794433
1254757690330537984
1254629165212598274
1254623403631394821
1254622235710668802
1254621948237287430
1254598129720143872
1254583542824255489
1254551330204467200
1254528713720500224
1254494203943374849
1254459978305482753
1254426759627329536
1254412666619039749
1254229625263226885
1254223288202641409
1254219141277462528
1254191459005132800
1254161511813013504
1254126531145842696
1254097590444077056
1254069404796514304
1254039489598623746
1254039202376884224
1254038501412220929
1254038477760606208
1254038218233843712
1254038054311952387
1254032914653810688
1253841653997146112
1253809189966581761
1253781759403024384
1253750805431070723
1253717334952378368
1253689904153931777
1253520286873317376
1253513491148877824
1253490842410467328
1253459385407414273
1253431702648754176
1253418208897318923
1253403952617570308
1253403769607503873
1253400293603258371
1253368537105735680
1253340099569307656
1253123579144744962
1253086255841193984
1253050062118232070
1253003367279996929
1252996585719382016
1252768079957897217
1252739391061032960
1252705920297193472
1252676728226488321
1252676224947798016
1252420791527968768
1252398394019962888
1252367440232632329
1252364218549932036
1252335982692761601
1252302512305999872
1252271306600517633
1252251174423506945
1252224498180386817
1252068044173529089
1252044059192881153
1252013357046960133
1251982654557130753
1251962683072675850
1251959753669898240
1251923263556448257
1251916576267415552
1251915395944124416
1251894377808564225
1251891302762979328
1251866388790050816
1251681671373438976
1251650968992845825
1251625803156242435
1251591829511946241
1251561378613059585
1251530173029191682
1251501232411168770
1251495156928430080
1251491713903923201
1251319283549798401
1251285897632415750
1251285309888880641
1251256117356662784
1251247006187749377
1251225666525310984
1251225515014438914
1251194209702260738
1251187563597107203
1250908443243839488
1250896497593348096
1250845617707986945
1250844404320894976
1250815117031342080
1250810682297196546
1250775701810106368
1250766971299299329
1250624603266916353
1250600799148707840
1250580414869065728
1250549964331089920
1250518101306769409
1250518100526628866
1250518099692003328
1250502377037336577
1250494851226972170
1250487060147904514
1250460625765126145
1250435208018628608
1250417088994267137
1250240676408766464
1250224066704916486
1250205444330663940
1250174238545170432
1250171231896326147
1250171216515805184
1250146052910579716
1250112582314319874
1250086069707603971
1250079615156023296
1250048912947392512
1249878036717109248
1249857652470906880
1249838274689912833
1249822168759885824
1249816213582163969
1249816083902717952
1249807867068026880
1249807780699164674
1249806314051530752
1249787942962442241
1249765090599088129
1249718718470520832
1249679681856684033
1249514815623659522
1249474267684667392
1249474192048828421
1249473970652549121
1249473695875305476
1249473490060787713
1249373713579094022
1249130527963131904
1249129953909760002
1249129149148663815
1249129003778220034
1249064522322718721
1249062065995689985
1249038250267873287
1249035505502695424
1248750607801831424
1248726700302557185
1248699521137364998
1248683584073932802
1248667560637108224
1248644659837976576
1248614712507424771
1248420180507660288
1248388219974176768
1248362299061981186
1248330338666938369
1248304921213952001
1248272205571481600
1248239741822054404
1248083965321199616
1248057792654643202
1248023315677163526
1247993116667162624
1247970709369958415
1247933157770498052
1247933156893884418
1247933156147240960
1247902771560337408
1247876598923063299
1247725100670963712
1247687237338365952
1247663444259680258
1247638026953646080
1247630214978560000
1247605814497599488
1247574105806630913
1247541893178720256
1247535910431772673
1247517506119577600
1247514714323611649
1247358686156201984
1247328487402332162
1247305168657567744
1247304537892888576
1247288221840453632
1247258319955333123
1247257267860168704
1247230340688740353
1247225307247058944
1247193346872762370
1247164406334541824
1246966602647601157
1246939926635175943
1246938756915105799
1246905952990871553
1246877746711736324
1246877012267954176
1246872482499497993
1246849581649969152
1246815607967760384
1246798998112833537
1246617049306185728
1246590625236967424
1246558664581734400
1246533498690850816
1246506571347013632
1246171696958144515
1246148461608738816
1246143372668162050
1246140817489756166
1246137161507897345
1246116501104365568
1245896551706374144
1245891033059201024
1245890990482874373
1245890977237172224
1245890863269634050
1245890725629353985
1245866856088342529
1245813001233596416
1245777769184649216
1245746992824844288
1245745292353441797
1245745053605277699
1245744133437894656
1245713345010778115
1245527368967413760
1245510256433627136
1245502924501012481
1245493898643939328
1245475779170967563
1245442560614707206
1245439341977051136
1245416136369307648
1245380904312340480
1245352466645835776
1245176809148186630
1245151139995189257
1245124716169441280
1245094265614548992
1245069854530510850
1245041417283608577
1245013986317385730
1244990833956237319
1244799573610000385
1244780699019808768
1244765599655432197
1244754023359504384
1244718791361257474
1244693625469952000
1244659903278379008
1244626181397393410
1244433410795483137
1244415039865487361
1244392390649163776
1244373515899252736
1244343820533334017
1244318151418023936
1244293488893497344
1244271594911854593
1244077062517919744
1244060956541341697
1244039817316319232
1244022704631615488
1244003326665961473
1243969353147547650
1243933617404776448
1243902411816615937
1243854495924305920
1243710396537569280
1243707225031524352
1243695548961632258
1243680700827676672
1243661826719649800
1243630369406177290
1243603694010146817
1243571229593718785
1243539772393410560
1243361849887920136
1243336432502091777
1243331766661844992
1243325371010797570
1243320578028658688
1243307491770818560
1243267478416953350
1243242312269844480
1243209345204195336
1243207453535240192
1243207405707694081
1243178139620179969
1242997700418768903
1242991483881492480
1242991291157360642
1242985929591136269
1242975806084861954
1242975552379801601
1242938309074022400
1242904587029196802
1242876149543219205
1242853066690498561
1242851487169925120
1242817010146226177
1242648147412672512
1242622477982822400
1242589762499698689
1242559060030795776
1242538789106364417
1242531377918013440
1242500172183040000
1242469025826975746
1242298443663630336
1242234850616229888
1242068079787552768
1241899653135831048
1241798946122543105
1241534002097504256
1241524608022519813
1241487791604805632
1241441753334460417
1241112335877537793
1241104672112459776
1241055769602162689
1241052145782226944
1241043320194957313
1241042064357199873
1241011861388169217
1240862100647485440
1240778335074111490
1240689994496446464
1240662060465139714
1240657358814150656
1240654699306594306
1240654614078291974
1240403104174088195
1240398099463446533
1240372904992243712
1240342957871382529
1240318043483336705
1240296697055633411
1240288274150764545
1240279791342944259
1240131118730534922
1240101387704418305
1240083749632528386
1240073683600801792
1240038563464478725
1240038562659172352
1240038311227527173
1240034884858646530
1240002900971212802
1240001828999376899
1239994411183988737
1239966728525877248
1239922419336437760
1239894786498269184
1239889916986884096
1239748205237149696
1239743861548818432
1239743577678393344
1239738977948704772
1239738688604639233
1239738680593592324
1239737715131899905
1239714063950594049
1239708282534666245
1239706434692136964
1239693267916251137
1239680593371119617
1239677782071836678
1239647374609432577
1239621179708715008
1239617175457017856
1239587480032219136
1239572809078226950
1239572640341385217
1239563391909400578
1239559412710244353
1239559233689001986
1239539078497996801
1239535620248264704
1239534420324909056
1239534031823347712
1239533784757911554
1239533439306604544
1239532465422848001
1239529410807595010
1239395673101029376
1239395272884727810
1239263850744238081
1239256083178364930
1239153119298289665
1239153105989746689
1239010678939115522
1239005443617423360
1239005347647455232
1239003365650071553
1238980228275482624
1238951539328389121
1238928638420099072
1238919198023319552
1238896174641397768
1238829485056765952
1238821943241039872
1238821807744061442
1238821544828252161
1238668352807227393
1238652799627509761
1238650304339443712
1238614814261424135
1238602473109164033
1238591187247915009
1238591164640448513
1238556184484777984
1238546307146448897
1238525985454088194
1238495786637410304
1238465335998779393
1238450819281928193
1238447351498448896
1238279438049202177
1238260923418267648
1238260634602672128
1238259901136351233
1238248709034520583
1238228776925847553
1238197822895226880
1238168630442901505
1238152882924511245
1238137173322264576
1238104457914826754
1238071126229688322
1238070517653024769
1238070295627431936
1237941058945810432
1237938626702585856
1237894574644899840
1237865321463083010
1237863117511520258
1237846140290084864
1237831157049409537
1237803726162755591
1237773023689748482
1237745844872413185
1237599816768565248
1237530425209348098
1237528411905462273
1237499974642008066
1237472802841808896
1237472637057728513
1237472523039711232
1237471788944236551
1237468280400621572
1237449643061059585
1237413907418861569
1237381191751340032
1237226008534794241
1237202011227127820
1237173573640507393
1237140103488622599
1237110659357294593
1237105958733729792
1237094627859185664
1237081215301083136
1237057811151851520
1237039524317888515
1237034711714877446
1237021508666626048
1236998861652209665
1236969406095392768
1236809424297054209
1236778470665007106
1236748271332270081
1236737797450579968
1236733074643222528
1236732136914407427
1236718072427212802
1236688628299882497
1236658944082423810
1236654654525587457
1236480255382167557
1236367764152922112
1236341591561945093
1236331281593651201
1236330748287868930
1236325167351111681
1236306108089651201
1236296464076341249
1236295599458258948
1236287628695216128
1236131205243863046
1236105284512186368
1236072317521821696
1236046683819184135
1236038343642583040
1236011416336977920
1236003337524457476
1236002880349523970
1236001303664496640
1236001133447045121
1235978700610572288
1235943468612141062
1235763495087505416
1235763482387152897
1235763029649821701
1235734088553652224
1235731829552017411
1235731810618880000
1235731673083523078
1235692061623545857
1235667883423920131
1235666414259888128
1235643491729969152
1235610524512997383
1235415553671680001
1235414005734412288
1235390071773081600
1235362138048196608
1235328919076827144
1235302746439290880
1235302698943160321
1235293947796348934
1235289569588908032
1235287797864505344
1235287611981299714
1235286998333755395
1235286402985873410
1235284168839491584
1235268520922845184
1235241741453840385
1235228710317543424
1235085995004981248
1235085921709481984
1235078274524385280
1235073731220795392
1235065493817421824
1235062730417152000
1235060539253981184
1235022650927390721
1235009312881135616
1234982385524985856
1234953696317820929
1234932557323608070
1234924271262191619
1234902106756304897
1234901463933050880
1234901369267609601
1234901326120783877
1234898295824187396
1234896948177625089
1234895806852993024
1234895622093910016
1234895540476923905
1234895459363278849
1234894885653794817
1234885869523406848
1234884508421382145
1234884205055823874
1234883270455812096
1234882507906134016
1234866622747283457
1234859576203210752
1234855712406282248
1234851875947720704
1234851445419233284
1234850889543962626
1234690041647108098
1234687421440253952
1234684117658193920
1234677123941650433
1234649189927096320
1234640443574497280
1234619494439325697
1234588792046133250
1234557083065831425
1234531162384629760
1234496433543245825
1234346125689155584
1234343009140891648
1234312396807606272
1234308678963978240
1234280007192596486
1234274679998697472
1234250077255782401
1234240748847083520
1234210298132942852
1234181357338681350
1234173246771286020
1234152518751571969
1234152315751456768
1234149087236284417
1234149014498631680
1234148971137945603
1234146880214503431
1234119302787272704
1234069519297019904
1233989405892915201
1233870307779338240
1233863936908414978
1233857670140039171
1233832344135618560
1233817924777005056
1233817790768992261
1233782967803269120
1233781002281025539
1233779307253727237
1233529750892707850
1233461097526681600
1233205229706936320
1233145538398375936
1233144197101891590
1233143899251781635
1233143804934459393
1233143598557913090
1233111877682593792
1233089944530407424
1233088706757758977
1233073153565433857
1233066809449943040
1233050914426118145
1232880553663352837
1232839855563997186
1232839780314030080
1232838686842195973
1232816164398563328
1232780124317089792
1232752057121169410
1232751753650634760
1232750715061309445
1232750538342662146
1232744844281499648
1232708636667006980
1232630085490008064
1232532287398514688
1232501695311220736
1232498337305128961
1232495548852097024
1232493933592100865
1232484591211929600
1232476813357510657
1232386782475509761
1232353683876302849
1232289894434836481
1232153998540435457
1232132735831101440
1232127973555363840
1232127617572200448
1232116029263880192
1232115820987375617
1232060923919183872
1231953919028404224
1231754177736364032
1231669813346369536
1231669783478714369
1231668751373873154
1231630297789280256
1231607648388169730
1231440652128272384
1231425448015519744
1231383672798023682
1231358506772684800
1231326294463266816
1231312824464371712
1231302890268102658
1231265896615829504
1231247022235226118
1231241234167074819
1231111856061739013
1231111468340240385
1231095039100538880
1231089004876976131
1231059537001500672
1231021807546712064
1231021708473073665
1231020697771638784
1231017321587544064
1231016097236676608
1231010597380206592
1231008031619477504
1231007810038587393
1231007076429651968
1231006487104720897
1230993350766972928
1230965920090271745
1230936728015450112
1230904767125188610
1230876078253780993
1230743976350584834
1230730386113646592
1230694884081684480
1230662923481014273
1230633731091656704
1230602777203576832
1230571823147831296
1230543385783459842
1230511173864312833
1230316356115017729
1230315142828740609
1230307668851675139
1230304818209730560
1230299082205388802
1230271092092293131
1230236111202471936
1230213375759548418
1230208428817051648
1230183514655428608
1230147024109981696
1230131426500067328
1230127059545935873
1230106110364831745
1229967340256845824
1229941419382431745
1229908200436072448
1229885803247099905
1229850319061864448
1229815338537189377
1229804382016897026
1229779220806668288
1229761815191658496
1229729428185473024
1229723042508611584
1229722310174806017
1229718522479226880
1229718514958766081
1229718350739144704
1229718325166518273
1229718312029958144
1229718252617699328
1229718129514885120
1229718101207474177
1229605707084976128
1229576766424961024
1229549587511181312
1229514355466809349
1229482646381715456
1229455970662666240
1229424513202323458
1229243822523076608
1229215459527933954
1229210100759453697
1229198154026717185
1229182669629657088
1229153225728610304
1229150829170421760
1229150753685524480
1229147419050332160
1229121013377425408
1229091066176925696
1229068920188882944
1228850984136216576
1228820281814175745
1228789327964053504
1228788494098731009
1228760387136262144
1228730439990312961
1228700956117913601
1228698227744104448
1228659831634001920
1228517788630818816
1228486834675646465
1228460192670605317
1228459849907888128
1228456384280350724
1228453821589966848
1228429205039243264
1228394476525248512
1228366952462073856
1228365535638884362
1228335588044132353
1228324482340638720
1228324335904886784
1228321063034998785
1228195911685165057
1228195853317234689
1228154142507487234
1228126208484769792
1228097267783143426
1228066565477797888
1228029068538531841
1228003147592933376
1227973955320983555
1227792257828261888
1227763317244035073
1227737144887656448
1227702164220342272
1227669197515378689
1227639501599600640
1227612256248246273
1227612225310949377
1227611064197668864
1227609223435104256
1227603938549125120
1227592172746223616
1227590514347823104
1227589373459402753
1227588629742149633
1227586963244486656
1227573017502507008
1227477605517012994
1227451606662291456
1227434261369774080
1227434185989787649
1227401684361433090
1227372240255062017
1227341286367100928
1227314610912534528
1227286908490985479
1227284663422640131
1227268812170563584
1227256478047899649
1227107836804653056
1227070250417418240
1227056982370193411
1227056427077980160
1227056161511419907
1227056111301341184
1227039045219426304
1227029307098378241
1227029214664237061
1227012369215348738
1226977640432783360
1226947441330515970
1226918500565843984
1226897613028544512
1226687624154406913
1226672148095393792
1226192743136886784
1225985394199744513
1225977523906936832
1225953255353651201
1225936267143208960
1225923797624201219
1225919466145505280
1225877478381694976
1225877305798668289
1225810029040848901
1225798419635109888
1225798381207015424
1225628290741940224
1225605727139565568
1225484803648237571
1225459637757120514
1225443036005621760
1225441486952595456
1225416052374409217
1225385298328248325
1225297589140172806
1225248239269621760
1225238430356951042
1225207979718434817
1225196966331768832
1225180045397954560
1225173682294792193
1225110397444902914
1225106479075725312
1225105430197739522
1225104847399157760
1225081906833903616
1224880572037652480
1224872890341953537
1224867485800779777
1224854902842617856
1224845831209132032
1224700048510005257
1224699593667096576
1224698894191407105
1224697882835636228
1224687184848072707
1224562578245980160
1224515583527604225
1224515029866815489
1224514495860572160
1224514259322834945
1224487354347479040
1224485896222842882
1224484003991957504
1224480120099962881
1224478418122813440
1224477574438563841
1224475909236969472
1224475680781619201
1224475401499676674
1224422886468878338
1224400646138253320
1224400603650174976
1224399800717709313
1224355504937492486
1224354978283892737
1224339056932335616
1224338914116325376
1224330351931265025
1224330341667786754
1224324221892952072
1224205278771601414
1224118131922259969
1224117915533946885
1224117851633655808
1224117605881065472
1224091124844892160
1224089033619492865
1224088223045038080
1224087558939926535
1224066302001795072
1224060396279148544
1224060383310295042
1224038899195969537
1224038036780068865
1224032632712957956
1224032619211513858
1224031687342002176
1224031659378515969
1223999466899955712
1223999450294693888
1223999157540741120
1223998631138799616
1223987437057253377
1223970361412399104
1223778813643051008
1223764155670368256
1223750123164844032
1223726970606743552
1223687208739143680
1223687208697118720
1223657764775481344
1223657513125466112
1223637029000531969
1223622784560975874
1223596172129992706
1223441590481498120
1223415166332616705
