1286035529314820098
1286032230423429120
1286001060704903180
1285670537080049671
1284337735323484160
1283866730352312320
1283752246870790149
1283742024362070016
1283515310939803648
1283515309140451338
1283503354010914817
1283503352115068929
1283208143921651713
1283208135591841794
1283155829504520198
1283121918279811073
1283121548568797187
1283121545012023297
1283121542843584512
1282810789691371520
1282759212465037312
1282747192860647424
1281953803730919424
1281608716727582720
1281332045101268998
1281012574755131397
1281012571240357890
1281012570472828928
1280942451231019013
1280942449863602178
1280942449171599361
1280877623426584577
1280316702438428675
1280287887930654721
1280272512409120775
1280177940614066178
1280157410905272321
1280155246510125062
1279436235510071296
1279183235906449415
1278821089041362945
1278821088122806272
1278756218731933697
1278722032004366346
1278700844817559554
1278440896464379905
1278405890249457664
1278324411226042374
1278324410261426176
1278139141067288576
1278028527569219584
1278018902241525761
1277711689581035523
1276938848484970497
1276896889498210305
1276896361724731397
1276625606185226243
1276619517838360577
1276610770738876416
1276608200599535619
1276572394681962497
1276533595151249409
1276256036958154760
1276230842889703428
1276182071438909440
1275517748060307458
1275172834990526472
1275166181574488065
1275166180152684549
1274096836706476035
1273978892349571073
1273640244940857345
1273640217203879936
1273623876547813377
1272892315489783810
1272589591158104066
1272580138367148040
1272561234819284992
1271558078882775041
1271493718147653633
1271467435632340996
1270750660724764675
1270728562627182592
1270011103884513280
1270011102026444807
1269407066810171395
1269045277048045568
1268674301479223298
1268674253597048833
1268613092570656768
1268608449547567105
1268599382636744705
1268581990640599045
1268579427748925442
1268579426914177027
1268579346551275525
1268558127890227201
1268184207911772160
1267836815555395587
1267464229398949889
1266813584971096066
1266496178574721027
1266496175647141888
1266496173931626497
1266085230370344960
1266020308047233027
1265807815333068800
1265807788141432837
1265807766989438979
1265807750992465924
1265807316592537601
1265755315372535812
1265710499221700609
1265353656712548355
1265338360211668994
1264922921320869889
1264227673850744834
1263952271399948288
1263850932061732868
1263574934149832704
1263492265927901185
1263478845493121025
1263222701805785090
1263222700996268033
1263222700220309505
1263222699356192768
1263184834899435520
1263161866907459586
1263081467644719105
1262907226425098240
1262563467652993029
1262520792572665857
1262518219400773634
1261762815473442819
1261388492942094336
1261388491973447680
1261388491084054528
1261388362415435776
1261049436706390017
1261034738510413824
1260668822211530753
1260356576336130053
1260356575488868352
1260356574620647425
1260356573379072000
1260271472188194817
1259870612199215105
1258833943605936131
1258513110677118978
1258507537386582017
1258467530139742208
1258444343175757830
1258131014808936449
1258100212918358021
1258066602349793282
1258059874379931648
1258048590355877888
1258048589235920897
1258048463650066432
1258028622004322304
1257774436255703040
1257723854774046722
1257686962363944961
1257485311111827459
1257377694528024579
1256999462972436481
1256969308581826562
1256623459251228673
1256384814925721606
1256306275920629760
1256306274817331202
1256306273819267072
1256306272787402754
1256306271671783426
1255866894369918976
1255606320197140482
1255541328768794659
1255541118860759042
1254811109191831552
1253702356203720705
1253438547828318210
1253379260317929472
1253378883409391616
1253378773430480897
1253339937870577664
1252723690623639557
1252723689344446466
1252658884625305600
1252631998650298368
1252326605097250820
1251253076595560448
1251155006314569728
1250936638500483072
1250806832647602176
1250806831745826819
1250806830990843905
1250806829862526978
1250486837363331073
1250463133656920065
1250223484002807811
1250112236582047744
1249804638305628161
1249312812247273472
1248675952957313024
1248315811422523399
1248036603798446082
1247951182699659264
1247941176214392838
1247659401940537356
1247621973330493442
1247314093352067074
1247224669033373696
1247224668110626819
1247224667120832523
1247224458001223680
1247184858067107840
1246864710181453825
1246468606570921990
1246468351494443008
1246235827795038209
1246168099541352449
1245836347614560256
1245781214205825025
1245748317050503170
1245748316136263680
1245748127543549952
1245747697669283841
1245707812195442688
1245461408298536961
1245439247240364033
1245438532673589250
1245385857546293250
1245356926587805696
1245345267597139973
1245345157240754177
1245080462244171776
1245049721707618305
1244988887421849600
1244731387602665472
1243613305303896064
1243535351244783617
1243257497357398016
1243257375638814720
1243257358018646018
1243216593229885441
1243197299695722499
1243182345575968769
1242959266467778562
1242959265607933952
1242959264651661314
1242959263779164164
1242959262772584450
1242923123843964931
1242841761682243585
1242841760289734657
1242468970998964224
1242444811598270464
1242164482832465925
1242127524781572096
1242094709759258624
1242093289639153664
1241132678969262085
1241130328128962563
1241130327185264642
1241130325478191104
1241130323892736002
1241130322839953410
1241078111627874304
1241078110797418497
1241078109849427973
1241078108779884547
1241078107815268356
1241078106842181632
1241078105877479425
1241058862586900481
1241049311032549383
1240748183044718593
1240716124527960065
1240716123387150337
1240628597863432192
1240397753349476352
1240397751952846850
1240397749868167168
1240397747787890688
1240397746160447488
1240397744298176513
1240311699632201729
1240069953119813634
1240069952117174272
1240069951010025474
1240069551620046848
1240063754928369665
1240063754064277511
1240063753263218689
1240063752336179201
1240015931696386051
1240000690845614082
1240000689700470784
1240000688614236168
1240000687632781312
1239368042381008897
1238882657494274048
1238882656798101504
1238882656110227470
1238882655371956224
1238882654663200770
1238882653945901057
1238882653098647553
1238882652381483013
1238882651550998528
1238238213422166017
1238172045646667780
1237945963865661440
1237835429828800514
1237781287085264896
1237781286313431042
1237781060588535808
1237462404780503045
1237462373511901184
1237462360325009414
1237462295195922434
1237462149250854913
1237462085031821312
1237461978844745728
1237420118176673794
1237413935944523776
1237408529155346433
1237408447802589184
1237400979672379392
1237400897103241216
1237400252455493633
1237400251360821248
1237400140467646464
1237380478124032001
1237059650392072194
1236665181129904128
1236096090493120513
1236072814450532355
1235667135025774592
1235353535694491649
1235353525527416833
1235219427274166277
1235218044298944515
1235203033493123073
1234978925542965249
1234977566340943873
1234619641110155264
1234595158114607104
1234555496545357824
1234544143361302528
1234487331425595392
1233524569430011904
1233524348125839360
1233518169354100736
1233151044944900096
1233130373808345091
1233120174984790019
1233093286400872450
1233042037148200960
1233041212527038464
1233025941745676289
1232742239698325504
1232742203233128450
1232739181866160137
1232724556030365696
1232724505308663814
1232671063391297536
1232393563352203266
1232379824162922498
1232379823395364875
1232379822623645697
1232379821503778825
1232071426548604928
1231021809119760384
1230987819293827072
1230981567218167808
1230962455934885889
1230935786322890752
1230935785488224257
1230935701476298753
1230614573285347329
1230570737448226816
1230570736563183619
1230513879379214336
1230513878313902081
1230513877512851461
1230513699695341572
1230227908117123072
1230159635484749824
1230159634746531840
1230159553981034503
1229801072220344322
1229801071473831936
1229801070660136961
1229800870365278209
1229414195298521088
1228424591506395136
1228424590508150784
1228394241229041666
1228032998571986945
1228020333317382144
1227960380099526658
1227664626063675392
1227661162814279682
1227634733171052544
1227633229764710401
1227631851558359042
1227615330324942848
1227399450898894849
1227399376135507970
1227386721630814208
1227386618081873921
1227384756406538240
1227384709795192832
1227315551007133696
1227315546389143562
1227308067584389120
1227263501154111488
1227013749959254021
1227013749002862594
1227013747111272449
1227013745995632640
1227013744959598604
1226539676523212807
1225856105953230849
1225811149133840386
1225799518412775430
1225799363219410945
1225533354373787648
1225502762093379585
1225493802359627776
1225493628312788994
1225227402382585857
1225205503539785729
1225204937346502657
1225204936687915010
1225204935945486337
1225204935043710976
1225204934305599493
1225204933496053760
1225190379588329477
1225130919205462016
1225130883855929346
1225123845650120706
1225123136154324992
1225100138823258112
1225071849454915585
1224893629321359367
1224892283755159557
1224891649224069128
1224891523365580800
1224890130957328390
1224889878414090240
1224886744539172870
1224886516071256067
1224885218051608577
1224883442900512768
1224882729487142913
1224882639116611584
1224882327609843716
1224880072814972928
1224878473237422085
1224806643331977217
1224806641398374402
1224408359153152000
