1285700638261874695
1285582605732192256
1285277818713251840
1284370296796065793
1284370193788084224
1284370117841899520
1284119824730411008
1284116870212259845
1283825001997766659
1282784720628191233
1282784719445340160
1282717292657287168
1281343618842791936
1280507478757736460
1280250707006889989
1279445243746713602
1278743562629328898
1278467384400060417
1277992328909729792
1277715003487985666
1277639552149204996
1276589105414111236
1276315965656088576
1276315964817186818
1276289066485645313
1276289065487384581
1276221343114104832
1276188517782167554
1275579203493269510
1274749161737461762
1273964948541124608
1273707989015330818
1273671182693400577
1272181016082472963
1271509121930584065
1271153217347485697
1270046352484024326
1269270634259009536
1268241947350765568
1266490712377393154
1266437847969644549
1266437846551932930
1266120812194664449
1265760744383156224
1264894950052966401
1262858588608962560
1262818740191797255
1262747673204944896
1261482945958862848
1260932455751495680
1260645547473465349
1259944959064641537
1259483020614078465
1259154046721679360
1258862709925392389
1258841004767162370
1258831121523118085
1258819769693810694
1258465992616935424
1258054932390871041
1258039242544025601
1257741941703393280
1256302023856861186
1256302022485311488
1256302021365374978
1256291507801411584
1255183823303774214
1254871290370043905
1253673787704442883
1252718885234761728
1251231428832092162
1251190560850939905
1250819432865300480
1250440914452938753
1250420536900866049
1250064224094740483
1249377688487448585
1248711219818700802
1248309843414392832
1247541109225426950
1247182985704734722
1245355324720250880
1245069892509990915
1244632237875900417
1243596836654505987
1243573124886663174
1240384511558500354
1238837602725302272
1237750477007314954
1237493550020988929
1237379779843719168
1235330255134564354
1234892807296442373
1234844493523947523
1234589467366785025
1234566708989505542
1234553789799190533
1233097244196380672
1233055453329940480
1232681905121873920
1230870723490729984
1230499573388521472
1229796051214839808
1227676579934937107
1225819842252591104
1225805893469638656
1225107704601022464
1224372842671808518
