1285984683898150912
1285761334966198272
1285759153840033793
1285556809454030850
1285226380150616064
1285220982966358016
1285209077329678336
1284833334036762627
1284832825263497216
1284832423612735493
1284794119961944065
1284789634812260352
1284604670049161217
1284563125342072833
1284476196584140800
1284470266601578497
1284460084710576130
1284210223398428677
1283863628580638720
1283863162069098500
1283859268958146565
1283858853256404999
1283853086696644608
1283852546315096064
1283852366320734208
1283711260740202503
1283710993198129155
1283565965645623296
1283490187704774658
1283489069138423811
1283108748823875585
1282277104055459840
1282277008089780224
1282276953710637056
1282276895963451397
1282276876946411525
1282104562413903872
1281238905795284992
1280861630570672130
1280240474574524416
1280239801745190912
1280201279462047749
1279167076989534208
1279166987978113027
1279154968952520704
1279024692746235905
1279022949715120131
1279021518689898498
1279020339750674432
1278639750866522112
1278639716863299584
1278639373265915905
1278638149418258432
1278637908921126912
1278637829661298692
1278055530733371394
1278045812468187140
1278044984713924608
1278044530860851201
1278009214674354176
1277971934785892356
1277962032235462660
1277938392903430145
1277934760917073925
1277934102516203523
1277742270343757824
1277693175126208520
1276936181230587904
1276934126021611520
1276907668075089920
1276839821999255552
1276838906630193157
1276838834324545537
1276551675562557440
1276523565240717312
1276523478523547649
1276523229524492295
1276355105416241157
1276354666880696323
1276354575071657985
1276307817746628609
1276283325490102273
1276283305927852032
1276282859834281990
1276274762717806593
1276216690905354241
1276211044248023046
1276197666020634630
1275165014803046404
1275164968715988995
1274332202940223490
1274165804846678017
1274165537610833922
1274021434025746434
1273976693200424960
1273692731840311299
1273679433753407488
1273678952813465603
1273674002150588417
1273662993998454784
1273662933508251649
1273662848699371526
1273662659636989955
1273567965280178178
1273364813687783424
1273340317970894849
1273340166585962497
1273339667543404544
1273339656990490625
1273320579580547073
1273290771853185029
1273262974468268032
1273262157430509568
1273097440070115329
1272878303867744257
1272357648550318080
1272357265333456896
1272325283023126528
1272325048146280451
1272324709103792128
1271583485300482048
1271435760072351745
1271435077789143040
1271286431684505600
1271216748721836032
1271216233459965952
1271134088544636929
1271046884845654017
1271028811023495168
1271027290714116098
1271027088011780096
1270657410429079552
1270657109072531456
1270438296171184128
1270435670759280641
1270430557663563777
1270430271574286337
1270387557386387456
1270358963960320005
1270349801666818049
1270341862356901893
1269997169269972992
1269996942232297478
1269993191689814023
1269799721629110279
1269799063576367104
1269797724943192064
1269797433539792898
1269794967322574849
1269708308417519616
1269707555552493576
1269706824158261248
1269704866642960384
1269703185213665282
1269670143266893824
1269662612968681478
1269136591563481090
1269136532444778497
1269135727037747200
1269135136492335105
1269076631764811776
1269048786065788928
1269048670005198848
1269048198565330948
1269011361847218177
1268991428828463106
1268991190994694144
1268949394759565312
1268881150895968256
1268876512524107776
1268875797777039361
1268875450698383360
1268700858964938752
1268696912959623169
1268688033190199296
1268686382983249922
1268685396931760131
1268684291413872642
1268684251135950854
1267500900068864003
1267500740102303746
1267454625336176642
1266380298490720258
1266082286434484224
1265847641298079744
1265846653917036544
1265845709795995648
1265834891737956352
1265715120916901889
1265662421412298752
1265656940455215105
1265449686338543618
1265449600153944064
1265449470273228802
1265449415302688769
1264605179376218114
1264194597644832771
1264169241001033730
1264028261220265984
1263549398493081602
1263428595697045506
1263428567775547395
1263428539329716224
1263428440751050754
1263428232277364736
1263196293654077440
1263194492879896579
1263192102160281600
1263133028769058817
1262802733255581696
1262802168035368964
1262781686229630983
1262762204417470464
1262564269515833345
1262564235621609473
1262564218391453696
1262564200423055361
1262564145129558022
1262435572196478976
1262408723986874368
1261711552534786048
1260919305945985026
1260919058708430849
1260918995764551680
1260669922298007568
1260669776323661831
1260618569714413573
1260595281969766400
1260191370318413824
1259823284994048001
1259466292479823872
1258497686845763585
1258457081729990656
1258364610073235458
1258364435288199168
1257975724671209472
1257975348370780165
1257974336448868352
1255264195194621954
1255178512585175042
1254781255788294150
1254523564876849155
1254083097550884866
1253043636209582081
1253036291035406351
1253036227902791686
1252978626028584962
1252413508651634688
1251612211275010049
1251518388578418688
1251514766876643331
1250862846122045447
1250860976724983809
1250809922394169346
1250800019411697664
1250417774083682304
1250242908730597377
1250175641401655304
1250164968785350657
1250164418035531783
1249756657711808512
1249755927697334272
1249755201613049857
1249371726590468098
1249371665223557121
1249344613942468608
1248736432744730625
1248685390531354625
1248337575271694339
1248052426776641537
1247248926538977285
1247129283220422658
1246815137941655552
1246490450200006664
1246488822071857155
1246439719367512066
1246187731899813890
1245190657225998338
1245189522847039488
1245140218673586186
1245134629746728963
1245126693125308423
1245126438883385344
1244411422911668224
1244300612214423552
1244008214523523072
1243720540562620416
1243627840790200323
1243285734016024578
1243236975471144963
1243235961758273538
1243235536514494464
1242551242192281602
1242549507801452547
1242547194760232961
1242546471507046408
1242546149313175552
1242497421395009537
1242490696948383745
1241697925803249666
1240738293920215044
1240247922383609861
1240244908344082434
1239593399331753984
1239277215944192002
1239276619207933953
1238514379341139973
1238496793186492416
1238481044732551169
1237806898839257088
1237790645605085185
1237790469142216704
1237767498574987265
1237762615163658247
1237734351187709952
1237733418500263941
1237121795163029505
1237121502761320455
1236338506768801793
1235952308648849408
1235584460839501825
1235256417210294272
1234598372390076417
1234561553053159425
1233117774584651776
1233117604212039681
1233117291237314562
1232779121714921474
1232774224324026368
1232756761293135872
1232710281463287808
1232685778872020994
1232409716443230216
1232397156021043202
1232377154668765184
1232374478853857281
1230986672915013633
1230582423987085313
1230088647225073664
1229865274435919872
1228066012475613184
1227664742287802368
1227234647932899333
1226973227618099200
1225923268537987074
1225919117225578496
1225886225384529921
1225867107713343489
1225807040410476548
1225802515884781568
1225790766926254080
1225790748240568320
1225416454515970055
1225215038329409538
1225174944591630337
1225119039569190917
1225113954113945601
1225103544136740866
1225102939527831553
1225102595112546305
1225101839949094918
1225101212372082695
1225101010940710912
1225100591699054597
1225100448392187906
1225099977963266048
1225099866432557056
1225099659863121923
1225075227304087552
1225074897245831172
1224381259008397312
1224348254588018689
1223620969744551936
1223609345402949632
1223426104771465217
