1286079646333833217
1285748579429212160
1285748576715448322
1285748573959749632
1285748571556450305
1285723278347325440
1285723277319639040
1285723275503505408
1285723274425577472
1285723273477660672
1285404881671651328
1285404880610496512
1285404878454558721
1285404876944662535
1285335276571840513
1283884697442017282
1283884696569548802
1283884695533559810
1283840200888782849
1283840199810846721
1283840198435049472
1283479531865681922
1282755440254881797
1281687740384456704
1281293672353542145
1281293671422480384
1281293670675873792
1281293669824413703
1281293668792623104
1280310455760715777
1280310454510850048
1280310453160292358
1280310451109335040
1280210581442740229
1278731723795247104
1278731722851586049
1278731721874329610
1278502783688347651
1278502782899716096
1278502782002237444
1278471974138888192
1278471973186809856
1278460335318536192
1278031121134104576
1278031120211337217
1276648663671099395
1276520601029664768
1276520600182362112
1276520599259688960
1276520598349451264
1276520597397348355
1275888512106184719
1271608472996589568
1271608471121727489
1271608470052241408
1271545091304366083
1271545090226425856
1271545088875868160
1271545087420444674
1271520552046546949
1271520551345979393
1271520550486228994
1271344726919098369
1270810095375527937
1270531131386089475
1268399523640066051
1268399522184560640
1268399520594964480
1267944090223677440
1267579828468940807
1267579827328036866
1267579826447298560
1267579812798922754
1267579811322630144
1266207729540005893
1266207728739004416
1266207727698817024
1266207726859886611
1266130662819614721
1266130661141876737
1266130659518681091
1266130656339333122
1266130654724579333
1266130653457809409
1266124285606797312
1266124284591837189
1266124282788184064
1265865791418793987
1265865787937521666
1265865783638441986
1265865782174593024
1265865780354338822
1265858278698999809
1265858273166659584
1265858266946551810
1265858265864339458
1265417589200752642
1265347411632951298
1264959968987549697
1263534272209719297
1263534271358214145
1263534270548754434
1263534269651132418
1263461516814278661
1263461514658418689
1263461512255082497
1262944657735995392
1262915281825009665
1262915280814080001
1262915279194951680
1262915278117232640
1262915277018345472
1262514354571882496
1261493596143878149
1261493595124744192
1261493594017402880
1261493592645939200
1261493591425384450
1261493590183890945
1261493588858454016
1260951025768415233
1260951023591489537
1260371548210429953
1260371547149213697
1260371545987350528
1260371544074784768
1260315918250512392
1259983522523230208
1258443106875252736
1258443105876967430
1258443104845287425
1258125341761175553
1258077742198935554
1257866377152663553
1256358507013722114
1256358506149658628
1256358505235329024
1255968229597552644
1255968228754567180
1255968227806646283
1255319114438057984
1253486669006802946
1253486667912155136
1253486666943168516
1253486665764679695
1253313131146813441
1253313130198904833
1253313129108439040
1252992613734649857
1252769431308185600
1252769430511157248
1252769429546569729
1252459668124905472
1251353446076215296
1250875421698252801
1250787269994336257
1250787269147004929
1250787268043956231
1250572584221016066
1250572581498957824
1250572579108241409
1250572576570724355
1249851648836583429
1248712697681764353
1248712696863903744
1248712695962046464
1247953892471496709
1247351716628045824
1247351715566944258
1247038543752388611
1246531916783902727
1246244441045819402
1246244436398481408
1246151741000818688
1245871211713662976
1245787775212888064
1245518096925962240
1245392796737048578
1244012089263271936
1242765270764204032
1242279328785686528
1241484779809374212
1240633919013154817
1240100032881164288
1238713168047685632
1238256428873388033
1238256428235788289
1238256427455729665
1238256426709024770
1238114559845687301
1238114558709043206
1237874428358217728
1237874426646917120
1237874424742678534
1237111635031887872
1235379221318467589
1235379220626526214
1235379219808636929
1232825228318978050
1232825227647836163
1232825226834124800
1232798120267960321
1232798119588454400
1232798118787342336
