1286061552853028870
1286061550676193282
1286056276695420929
1286056275898507269
1286056274984042497
1286048076818526209
1286048075828658182
1286048074545201152
1286029410940968966
1286029310105538560
1286029182011572227
1286029130824376320
1286004736311922688
1286004734541860865
1285997054028853253
1285660286494662662
1285625044383805441
1285624919494139909
1285587392053878784
1285583593864081408
1285327016842018817
1285327015646826498
1285327014610849805
1285327013297913856
1285319658405539850
1285312271313514497
1285295657776033795
1285295656580583424
1285295655510999048
1285272967656681474
1285272966872338432
1285272966046121987
1285249129296404491
1285232012727586836
1285232011238612997
1285232010039099392
1284616638457942016
1284616637426147330
1284490868716691458
1284449159370735616
1284149271927939073
1283832693059465218
1283832124051804160
1283832122801819648
1283759929489334272
1283410385777942534
1283402320907309056
1283402319313489921
1283402317191053314
1283184827622141959
1283110013591068675
1283085587210276865
1283054729409564676
1283054728600051722
1283054727756996610
1282804657983807488
1282804657203666945
1282804656335446030
1282804655463051265
1282800221202907140
1282052342125342723
1282052341257187329
1282052340401483777
1282017894751182849
1281992178231803905
1281662132887707649
1281643911337979906
1281643910121447424
1281643908867424260
1281588376181800963
1281586914450190336
1281586381928767488
1281586380775333888
1281586379613442049
1281332429479833600
1281332428297076736
1281297798579830785
1281287760972832769
1281241344883806218
1281241344112017415
1281241343344488455
1281241342413279233
1280956430682673158
1280956429659181056
1280944838268063746
1280941015529111554
1280607960067190786
1280607959157026822
1280603575052369920
1279431305487417344
1278776837066407941
1278762703201415168
1278728860926988288
1278714782254804994
1278714781353103360
1278714780480679936
1278714779570487298
1278439646838603776
1278439645890609156
1278439644913434625
1278439644007448577
1278439643042717703
1278040869753491456
1278040469486870529
1278040468505464836
1278039846645313537
1278039608232640514
1278034734635872257
1278034733486800896
1278034732413059072
1278034731377065984
1278034730232025089
1278034729158291458
1277772284334309377
1277768560719343617
1277768560018886656
1277768559242801152
1277738756162945032
1277738754967568384
1277738754090958849
1277738753226874887
1277721581746348033
1277721580555120642
1277721579678507008
1277712259658153986
1277712258748092417
1277712257758171139
1277705292915105802
1277700766321577986
1277684579390885888
1277683805751558147
1277683804807860224
1277340221181497344
1277340220187426816
1277340219247939584
1277340218199343107
1277340217196904451
1277340215850545152
1277340214827061249
1277340213950459905
1277340212922912768
1277340211719163904
1277340210645422083
1276628652982177793
1276586650408280065
1276546251903897602
1276546250318495747
1276542194053263360
1276542100977442816
1276531980855914499
1276531979262005258
1276531977244549122
1276528102961790976
1276320316160081923
1276214654839242752
1276214580184743936
1276213568195747841
1275863922441179136
1275863919723241475
1275863912450310145
1275856747547197440
1275813165436108802
1275813164358254593
1275813163246727169
1275813161774571520
1275542619091853314
1275542617829314560
1275513412529905666
1275489780445446145
1275489597183660032
1275489595782766595
1275438402381336577
1275438400892399616
1275438398832996356
1275102427759415304
1274717854160564224
1274388566626521091
1274387936059043842
1274387934918193152
1274387932741275651
1274069709391122434
1274069707222659075
1274064069205676033
1274049977749209088
1273995425989701632
1273987288582819840
1273973323567947779
1273973257587302400
1273697392626409477
1273697390067888128
1273697383478681601
1273679522265792513
1273675985888690178
1273666053445476353
1273639671365603330
1273639670258307072
1273346999958548485
1273346997433573377
1273346994292101121
1273336376541528066
1273336168797667328
1273336167359004678
1273331647962849280
1273301882744778752
1273263228408205312
1272956063290216448
1272956061595635713
1272956059687288837
1272906488944775168
1272890315754651648
1272639479686324225
1272639401517027331
1272631643870760960
1272624113316704256
1272624111995535366
1272587840396972033
1272189298436182016
1272189297567895553
1272189296833966080
1272166909350342656
1271856186044841984
1271856148229107712
1271855961532256267
1271559759104278528
1271559664338165760
1271547419889676289
1271543281990672386
1271491575588290567
1271485725423407104
1271485724597145603
1271459491721236482
1271459490362253312
1271451377504522240
1271451328754192386
1271223602713681921
1271168954879356928
1271168953512079363
1271160899919904770
1271141885642407937
1271090731994710016
1271085759177601027
1270819099577323520
1270819026323849216
1270818978953334789
1270785378895777792
1270785281650761729
1270729513975111682
1270720653381918721
1270720601238339585
1270521059868053505
1270514106437636098
1270510626545324033
1270510576494673933
1270510513710141442
1270132890228207616
1270132854471774209
1270115935836352514
1270115877535580163
1269665397911019531
1269392011062321152
1269293975120293893
1269293974163992576
1269291837317173248
1268998955205099531
1268998954106204163
1268998952973672448
1268990584070582275
1268990549249458176
1268988483290509320
1268988426583490560
1268984784954560513
1268984612568682498
1268984496671653889
1268956227247181825
1268649333202829312
1268627984220598277
1268602582953533440
1268595513642926081
1268583219944927233
1268572591305998336
1268566440631848960
1268566366690443267
1268566310881046531
1268264789375139841
1268243645377007617
1268243567052537857
1268243489088770050
1268233177430138883
1268233140834840576
1267931879082254338
1267871470023254016
1267850128687337474
1267850015222960128
1267842075590098944
1267821897665802246
1267821844423274496
1267821825179783170
1267811359997206532
1267811254892142594
1267622963408449544
1267622880919138307
1267622794440957954
1267612687397249026
1267505619856166912
1267489744201699330
1267489683774361601
1267485209601212418
1267206148068950016
1267206032662675456
1267205950810750989
1267205891377463297
1266890388557778944
1266812447320653824
1266809566106390530
1266808734719905798
1266468426509418497
1266372265228165123
1266371687810953219
1266369059836186626
1266354311308759041
1266354221571551234
1266348058171904001
1266174781898006528
1266174663421579264
1266174643943149568
1266152229716799489
1266151237495521282
1266087794583224321
1266085542883733504
1266084691989467136
1266084633252413440
1266084609726578688
1266036023894642690
1266035955657555968
1266035932379131905
1266023442828181505
1266021866050912256
1265776386494607363
1265776347554734081
1265771066435284994
1265770996537135104
1265767256853798921
1265767121390374915
1265767021737803777
1265714478580142082
1265659374632079366
1265659334140334081
1265656524782919680
1265656494084800513
1265634485921632257
1265377232912089089
1265362594812002310
1265335845101371392
1265331807605731328
1264934249699909633
1264249594294214658
1264227928818225153
1264227674094014465
1264227605571686400
1263928332195897344
1263928291221737479
1263886594848718849
1263870861808984065
1263870830259458054
1263858417703227393
1263838740100853760
1263828782030426117
1263828736119574531
1263825967891525634
1263825920831508480
1263525413990662144
1263525364548218885
1263471239978418176
1263471175172263937
1263471009585344514
1263168111102083077
1263125211479752704
1263112384148889603
1263112299402887168
1263112273209561088
1262763419498762243
1262758329803104256
1262737183926104065
1262737144004644864
1262460036573474817
1262459955677888513
1262096862695223297
1262083593599356934
1261474142198661124
1261474011915194370
1261473916582875139
1261473824681472000
1261350276226785285
1261350205435379712
1261336632399200256
1261336608806252551
1261328880037695493
1261328779537940482
1261328401832521729
1260953137046839296
1260944268572725249
1260676561348550659
1260340403137634305
1260333434192498688
1260333377170870280
1260328183175446536
1260328103341101056
1260325188442472448
1260325170981593094
1260321960019582977
1260314460859904001
1260314386763300864
1260314314864558082
1260314228998787075
1260314133322502145
1260314050220765190
1260313988186980358
1260303843600019461
1259987551621914630
1259971601463947265
1259971555293102080
1259498428767363077
1258868390124498946
1258868296872611847
1258859522870951938
1258831559806738433
1258803215694471169
1258790671999172608
1258778418453323776
1258455826836197384
1258443170561622017
1258434029763940352
1258429096834609153
1258428927149838346
1258428885357780992
1258401782444830720
1258149789566468099
1258149390272933888
1258139275440336899
1258139198537728006
1258105589835665409
1258104326666551297
1258102063797501952
1258101984936288256
1258101962006028289
1258029485661868034
1258029175451127811
1258029100402434048
1257759607302377478
1257755231775055872
1257746890516463618
1257737128349442048
1257729387941724162
1257729214419275777
1257720114461446148
1257675572945264640
1257667723334647812
1257422915953401857
1257422899138486272
1257413105950306306
1257407725358788608
1257406774044504065
1257406742213861376
1257405852488740864
1257035657928720391
1256679441692004355
1256356088179560451
1256285039031091200
1256270911138942981
1256257537239846915
1256257452720472064
1256255457620119558
1256255354276585472
1256255335473577985
1255950604599472140
1255909500810395653
1255909373530050562
1255906240183623683
1255652524360679424
1255652463740366851
1255650378584129542
1255650351816019969
1255564149523918849
1255564112349802498
1255518858900881411
1255502416365195265
1255268115790934019
1255268024145391616
1255252758044782599
1255235975497875456
1255230332942651398
1255189045711380480
1255134679390253059
1254913295137542144
1254885132059594753
1254884219513450496
1254884181613727745
1254880699045330944
1254794696712499201
1254788107095822339
1254772287561060353
1254409901377347586
1254047514279514119
1253790953636270080
1253790914205671430
1253783792050941954
1253774742093512705
1253768196429172736
1253751849712259081
1253477504435666944
1253385500821520384
1253385445867692037
1253385414947340293
1253374013214203907
1253362496142008321
1253362394287550465
1253362360963694593
1252996229895684096
1252948941504643072
1252948845421637632
1252948770326806528
1252695461644972032
1252695419597045760
1252688795226574854
1252686034246217728
1252686005041270785
1252684109132050432
1252654840393670656
1252654789680300033
1252642097313832961
1252642056884965376
1252640673267961857
1252640605328388096
1252606252951240705
1252606211234713610
1252365345370693632
1252365068630548480
1252338096433016838
1252268177352019969
1251288944270086148
1251288611489800192
1251250504455401474
1251250301857865728
1251223741088108544
1251223679096291329
1251223523240087552
1250901636777758721
1250901579152097281
1250868588413628418
1250843296156524547
1250843252229578753
1250795343006109698
1250777740569128960
1250490675940012032
1250490574269972480
1250481156069502980
1250442506132770818
1250436632840290307
1250416084479442953
1250167759020982274
1250136660349792258
1250136440781955073
1250117274910015488
1250067617211199488
1250067472801300485
1250067456833585152
1250062576094007296
1249772439984312321
1249768367847813123
1249351567666343938
1249087456525287424
1249087409855356935
1249087205211021315
1248738966674665472
1248738831014211589
1248718304975491073
1248633823023312896
1248633767750774784
1248045462399201280
1248043471853826048
1247994375969390604
1247962442795278341
1247945123364823051
1247913585751269378
1247913515542892549
1247913430046191617
1247913356293541888
1247880028894961665
1247626917555167235
1247608514903769091
1247588878858452995
1247581948165447680
1247197107687211009
1247157691061088256
1246485592340340736
1246468778575179776
1246468280245772289
1246467915165073408
1246407077574082561
1246181287385272323
1246150928253825026
1246149580397457418
1246147485258694659
1245870391299420160
1245870342020583424
1245765713039671296
1245742536918011911
1245717102092259329
1245717047947988993
1245413121470193668
1245401486978355202
1245390425529204738
1245380908561170434
1245355823578185728
1245347157240053761
1245347065070333954
1245101061519675398
1245093076630200320
1245093025795256320
1245084426914205696
1245084373323481088
1245077666547609600
1245040431873822723
1245026659721502722
1245012500720111616
1245012475461976064
1245011797884702720
1244693160724480007
1244690487476457472
1244690452718268419
1243636667568795649
1243635128351539200
1243607468854235136
1243596621784416258
1243596509242896385
1243549962513809412
1243549895904067587
1243549831374741512
1243549804963209223
1243262119275102215
1243262044880744449
1243242946230706177
1243184359047381001
1242903055743541261
1242902987573473280
1242902853737381889
1242863565712883714
1242464621866303489
1242464579101192194
1242451823199428610
1242445700484542471
1242189009906008071
1242188638047346688
1242149112948183041
1242141513255182345
1242141463506493448
1242141220572463108
1242140726995095552
1241551504198324224
1241525728832819205
1241400867464589312
1241150965287354369
1241083082549137408
1241026692254138369
1241026206046261249
1241026171145531397
1241026043139559427
1241011819378065409
1240748891106148356
1240741801692147719
1240741753927413781
1240741682909454343
1240424360793575425
1240371711205351429
1240314561749757953
1240311158751584261
1240310976479715328
1240310436907692035
1239956568059371520
1239665945066569729
1239556948565135360
1239315001074163712
1239014596276563975
1238878820712808448
1238680151241699328
1238241414191988737
1238090535912583168
1237838260841385984
1237817180261056512
1237788886232948738
1237486946278166536
1237454506117541889
1237454419781922818
1237402146179559425
1237381218150371328
1237381173703323652
1237131287493820417
1237044958860922881
1237044908520865794
1237044861305532417
1236698191887839232
1236667996841684992
1236338349922803719
1236337448873066497
1235629146094604288
1235583292784570369
1235335781985775617
1235335745717637121
1235321618848714752
1235321552876564485
1235300731084828674
1235300652437381120
1235243770012151808
1235242230400659456
1235239587586494470
1234881989225963522
1234863223611981827
1234858154502041603
1234857874448404481
1234857851438407680
1234844490822823936
1234844461382950912
1234561613316804610
1234555008374525953
1233495231523360768
1233144235458801678
1233082437015625729
1233080094836613121
1233059487663247366
1233054410303057920
1233053708239372289
1232776097764462594
1232765473076449281
1232765184063803393
1232764607904854017
1232764484650926083
1232743755289178114
1232733943033683972
1232727348400787458
1232683003169705985
1232426438730665984
1232426171255676934
1232425788609355781
1232368201134215170
1232327319999713282
1232100032003944448
1232091796764753920
1232058141006876675
1232017733686059009
1232007872860577792
1232006113278808064
1230603582237487104
1230560546077888513
1230537958421344256
1230236793758502913
1230236739744169984
1230222495518728193
1230205409782194176
1230196777829138434
1229884898279919618
1229841491331289088
1228433479769169926
1228433435393511425
1228396174337544192
1228385145805320192
1227993410797260800
1227725025228312576
1227720429017673728
1227720358402445318
1227710511170584576
1227701665916243968
1227686498000134144
1227684481974317056
1227616743805378561
1227609730484523010
1227609554671685633
1227598741311512576
1227321406347710465
1227302531203846147
1227300014889873408
1227297497812361216
1227294981599064064
1227291387500093440
1227262754089730049
1226991615551692807
1226991570102235138
1226914200339042306
1225825422019088384
1225824952542269442
1225536246786772993
1225532870325723136
1225511633335832581
1225507427463892994
1225439395186118656
1225162429530693633
1225144362285391875
1225144318383534085
1225144262557347840
1225144157989167104
1225144120294944771
1225093844938756096
1224832253781585920
1224807689865388032
1224807642306093056
1224800772803698689
1224735348841906176
1223751528126779392
