1286063541137678341
1286063540047089665
1286063538067439619
1286058952350892034
1286058950421610497
1286052723826266122
1286019402396205059
1285971439171121153
1285945643870105602
1285945493873463297
1285692331291795457
1285692330054488067
1285690383922540546
1285690309977034755
1285657325169184768
1285657322954600449
1285639349955178503
1285586775419887616
1285579555718168579
1285579554661322753
1285374153793601537
1285307906234224641
1285290741380587521
1285280145226555393
1285266294372208640
1285266293067780096
1285266291880857600
1285256547434717185
1285219185145139200
1285205340972290050
1285200731629395968
1284629794232172544
1284582061475536896
1284574356891406340
1284564083736535040
1284559068745662465
1284547331686387713
1284494665295761408
1284494663655841793
1284451578741653504
1284451294523031553
1284320406011355136
1284257008951189504
1284235623151394816
1284189426759929856
1284124159963025408
1283916438399582209
1283907413024952322
1283899858605281281
1283868254398754816
1283868209616244744
1283806112286945283
1283786602314190853
1283764577533140992
1283563860981669890
1283482486375428096
1283482485129707520
1283478172718301185
1283432290593497088
1283432289452654594
1283181156041658368
1283156757787947008
1283138836617465857
1283123887241297921
1283114879809982466
1283090629828935683
1283073912348254208
1282779237955641344
1282773223826956293
1282764080885960708
1282740706533146628
1282720879093395462
1282720877029793792
1282703362446823425
1282410231285391361
1282410230144532481
1282390353618796544
1282299481661243392
1282095401622011904
1282080220527427584
1281998229408751617
1281998227638759427
1281983749878689796
1281949160183398400
1281943524058030084
1281941516068564994
1281657272008146945
1281600458742738944
1281598661508706310
1281595547602898945
1281593446910877696
1281309775217733638
1281309774370521093
1281297507650281475
1281297500398379008
1281287001099038720
1281264187361067008
1281226874937651202
1281226873247346688
1280918428623257600
1280903770013151234
1280893181496786946
1280867662952828928
1280843251944226818
1280551628735741952
1280529051019608064
1280512990828285952
1280478715168919554
1280249475332784128
1280237668966764546
1280226666015490048
1280172269394935809
1280168800072146944
1280167987908096000
1280087538640859137
1279814398073331713
1279386760460619778
1279370665347428355
1279155152310751232
1279148317247705090
1279135415396708357
1279117166458163200
1278802254129180674
1278799076704882690
1278793486536450055
1278780847877914624
1278742932422627335
1278742930094768128
1278496866158731274
1278439339819782144
1278439338582380547
1278413693672460288
1278367037207777280
1278347170714976257
1278347169804713985
1278346575408967685
1278116269171126272
1278080088135938048
1278071224380338177
1278070253248024578
1278067097944367109
1278039266245910530
1278025726717984770
1278025326069776386
1278008094627368961
1277997734037876740
1277977857520631809
1277977658123415554
1277977599587651587
1277966545222696960
1277960260540645376
1277954297762889729
1277953363070590976
1277937701371760646
1277937302870855681
1277768546739724290
1277752597185732608
1277749948398866432
1277727056688812032
1277727055506018306
1277714605528231936
1277359236893335554
1277318812057120769
1277276128647020545
1277276018831736832
1276943086434869248
1276942447004844032
1276940682754695168
1276938723230449667
1276912513939013633
1276640834096705537
1276615424441044994
1276589206467379200
1276584295482744832
1276486345066713089
1276316578376794112
1276313476412116992
1276313073515728898
1276252820505796608
1276240024363810817
1276208679788982273
1276146327605428225
1275881744277950466
1275813443199815681
1275785239730819074
1275785238900363266
1275578414532120577
1275569053910908928
1275533555003805696
1275520892173529092
1275503088707796992
1275503087923466240
1275503086912618499
1275463669128867840
1275453676639776771
1275445768963284992
1275443896730808321
1275437596106084353
1275405615725187083
1275183475906183169
1275156231716552704
1275094596847050752
1275052960830152709
1274768526788698112
1274681865643921408
1274378717360422912
1274331072801705984
1274041869790523394
1274029954188132358
1273997188088180741
1273975420531154944
1273975417192558592
1273732265877606400
1273729015359119360
1273706972920139776
1273695838502563841
1273621621618683905
1273592023732363266
1273591708262051844
1273358806853050370
1273355141408788480
1273355139903098885
1273319763608027136
1273277413934407683
1273229976192638980
1273229973806108674
1272922762856861702
1272922761959219202
1272882617017384961
1272618532082200579
1272618530140237827
1272547104838336512
1272547104137805825
1272531235592704003
1271889184412884992
1271848556467572736
1271553766685368320
1271425653812887552
1271425373079732228
1271156081922899969
1270815367699496966
1270815329833422848
1270798086236000262
1270759289469259777
1270748131198631938
1270717508031352834
1270711429428137986
1270403973426659329
1270403293886496769
1270402931376959488
1270398562413707265
1270363555964084225
1270131752883929099
1270097858641920001
1270080280250982401
1270080278929833996
1270002973691850758
1269765796525412352
1269332253613711366
1269006591807950848
1269006590763577345
1268986704758812680
1268713482041655296
1268688573827604480
1268688569457131520
1268678939196743681
1268678935820357633
1268663810258341894
1268604514782699520
1268604513662926851
1268577502357643264
1268554750611591171
1268554749844033536
1268540197035270150
1268518704515559424
1268341965130784771
1268339311415562241
1268324869965479936
1268297239971201024
1268250785093124098
1268222914668658688
1267962622986670080
1267962622281949192
1267962621585690624
1267962620767866880
1267843168227274756
1267803918286884870
1267803130164654083
1267608796446195716
1267574338133295105
1267574336258543617
1267565103626498051
1267559192744902660
1267519124483321857
1267519113875861504
1267481814731493376
1267128958430130177
1266839495434997761
1266779668310634500
1266389439636439041
1266083710274854912
1266069570814689280
1266007416820416515
1265987209557139458
1265985446984761345
1265792906641768448
1265756922898034688
1265742556702392320
1265723461021958145
1265723459574824963
1264903984436953089
1264903982771732481
1264900065367392257
1264713827519791105
1264713408605237248
1264708510958391299
1264602057853419520
1264574048572518402
1264556758510571522
1264235894376202243
1264163713608810497
1263931387960274951
1263907483933794305
1263881056480104448
1263877592362422273
1263864880312070146
1263864878042841090
1263489157504081922
1263228662830301184
1263217557403766785
1263201238889398274
1263200537283092481
1263199944116232192
1263188107219869697
1263159156661456896
1263159155872931845
1263159154459447297
1263103497190309889
1263093935787913219
1262939463623286786
1262827533411799041
1262810016211513346
1262776354812178432
1262776353738428417
1262776351213395970
1262771858178560005
1262731550837428224
1262578667567357952
1262576991561228294
1262576720294576128
1262573008654401539
1262475248202584064
1262475246327791622
1262430013959307266
1262360096148983809
1262155048232136714
1261827235356594176
1261816249304207362
1261725956957487107
1261725844617166849
1261658505842438150
1261649461962518531
1261649398129463296
1261647172233302016
1261634399122206721
1261468850341756929
1261468848634527744
1261415541140422656
1261405597263675404
1261367258791608320
1261367257776750592
1261351023949430784
1261350719312941056
1261350718339977221
1261270191444570114
1261080222738329604
1261080221849210881
1261080220884447232
1261079297672073217
1261023410152407043
1261013042613096454
1260977803434119171
1260954037899464706
1260940427777257477
1260935617577443328
1260927814292910080
1260717941164834816
1260630335857070080
1260588683012591616
1260540148888088576
1260367401318785025
1260352656800956417
1260352357747040263
1260311793626423298
1260294685840400384
1260276405469958145
1259966973351530496
1259966971707305989
1259952971728773122
1259899091527634945
1259844153476775938
1259562788210573319
1259536980645421067
1259536769189588998
1259515620011409409
1259227189683224576
1259156522480947203
1259149451941285888
1259133424624963585
1258945632888410118
1258945138811899904
1258866694690353154
1258857662973915137
1258857661812129792
1258818568852029442
1258798923658993664
1258797722766843905
1258789837869592577
1258735737786322945
1258462235887833088
1258417902446940164
1258381333216313349
1258381331899265024
1258115221232762882
1258104246513393664
1258104244806311936
1258100480078643201
1258021380769153025
1257740191487442945
1257718272885211136
1257718271786332161
1257717633568452608
1257676988321607683
1257676986610266112
1257662091575676928
1257644740297863171
1257435971324436482
1257424078467670023
1257419463592480771
1257377825885224967
1257323985915658242
1257323983894048769
1257305454104866819
1257298910214832130
1257298908142862336
1257298906322518018
1257000918006018048
1257000911072870400
1256626433033732098
1256571914551787521
1256404438962634757
1256340058753445890
1256320991677972480
1256272311080161280
1256213397139529728
1255972368368967682
1255972366846496774
1255968122177273868
1255924901908799488
1255899461487857664
1255898241629110273
1255898240114925569
1255598594096234496
1255561469275635718
1255547901998227456
1255515329125588992
1255515327884132352
1255507124232376321
1255468886633394179
1255293566068367361
1255257109622591491
1255239834731532295
1255235688028610562
1255209777929637890
1255182862242009094
1255167943320756232
1255125765206585344
1255123669099130883
1254882660587057154
1254857465016889346
1254822484555304961
1254807121985540102
1254791902886494210
1254464083530788864
1254440855907246081
1254133975070773248
1254106308774711298
1254106289627693058
1254106260380823555
1254061383529922561
1254057502431477760
1253851512381542406
1253830360884011008
1253668605000024064
1253504766367367168
1253504092959313920
1253453964995108866
1253325113539170306
1253324222035828736
1253324167165829121
1253126560267280387
1253123564221468672
1253064343547248641
1253050468709945344
1253034986401341440
1253026762788831232
1252991851025620992
1252973533707239426
1252949442753372162
1252755714956840962
1252741158456999937
1252741156024303617
1252698253474369536
1252673476890157058
1252657348256116741
1252649534192340994
1252634910814285826
1252634908926844930
1252623706251309056
1252587024168751106
1252411553501941760
1252328007508865024
1252320798041411585
1252309902611144704
1252291170052509698
1252290407326769166
1252281366919725057
1252235227881041929
1252229448587456512
1252041134601371656
1252038749401292800
1252037914990706688
1252027337870360576
1251899299597778946
1251891796193554435
1251652940273770497
1251640298956034055
1251582730695061506
1251541090294956032
1251541088088862720
1251493757524086784
1251321375584894978
1251292941710233603
1251253378308616193
1251199117537292295
1251139885123108864
1251139883692961792
1251114749326221324
1251114572645367808
1250956935148552193
1250866013568151552
1250519955948347402
1250519952240623616
1250503741742120965
1250451462674620416
1250419289959682048
1250242228649447424
1250191192781963264
1250148864449024001
1250129600325267458
1250129598303686660
1250108496898674688
1250108368531984385
1250105504547954691
1250105502719258625
1250066503904514049
1250066502784626691
1249787678381543424
1249777347361996800
1249767574293921792
1249401355296477185
1249360878354472961
1249062048903856128
1248966074156093440
1248954636771434499
1248779654141489152
1248709407820652544
1248699662309175299
1248685858422751233
1248674598759157765
1248653471315828743
1248616117578240001
1248377686898049031
1248367843588128771
1248367841906249734
1248305541052538882
1248283969923231745
1248064378592808966
1248052103907606528
1248048629832704000
1248006677858619392
1247993659238252544
1247983619081154562
1247978851382308865
1247971267480870912
1247937399709147137
1247928740539179008
1247927527454183424
1247652553174716417
1247624585127899136
1247620705077903364
1247584479000039427
1247573162163941380
1247566903150813184
1247534805127802881
1247255585264930818
1247248829684080641
1247173852788072448
1247167097152524289
1247134625937399809
1247133451632943104
1246940983050330112
1246921889639026694
1246565094080856068
1246497184230649856
1246480186822086658
1246474192817659906
1246416668584263683
1246197355931750407
1246118928671223809
1246108969959133184
1246040410050437120
1246040153145122816
1245827016001232897
1245801924999471107
1245790190960021506
1245737972537982978
1245528255433715719
1245513146305064960
1245484932694188033
1245461518487031814
1245461517631393792
1245437376471629830
1245437375494438913
1245437374630412295
1245415701285912582
1245415700371562496
1245394268686090240
1245356030386745344
1245356029082206216
1245158585614688258
1245133219558756353
1245110465111490560
1245071220917309440
1244987272186953731
1244787559391166464
1244759491100512257
1244725445460967429
1244717072590032899
1244712612824330241
1244703080668684289
1244308214612725761
1244308212599447552
1244306398453915657
1244306097109897222
1244066108472205313
1243996464633860096
1243995225321766913
1243958881082097664
1243721305528074241
1243649730112077824
1243642508673978370
1243642507340271616
1243637245455872000
1243621590274846720
1243618589606903808
1243616119941988357
1243615997791256577
1243335243064578048
1243286803085438976
1243259882217897989
1243249859995500544
1243226097455640578
1243223176257196038
1243223175019855874
1243222537577926656
1242916933600714755
1242895061194616833
1242894959461744641
1242876734296465413
1242828055191658498
1242794905799450629
1242536756496543748
1242514526924406791
1242512688787402757
1242480159955079170
1242480159049027585
1242479369634951168
1242259095324897283
1242250556418281472
1242186181212868610
1242169172580327429
1242165752993546249
1242144787500843008
1242114763922046976
1242086925151977479
1241856655173636096
1241818048182595591
1241782052187504640
1241527042463719424
1241526611247345670
1241521866222841869
1241473345478164487
1241417040587620353
1241405761655365638
1241370506357542912
1241342120436412417
1241189085919809539
1241167054884999168
1241055854390128651
1241047850378764288
1240995770305785857
1240825767396806661
1240745391215296512
1240729914254462977
1240729107031298050
1240714322311032838
1240700600003604480
1240688410450227204
1240674064445984769
1240631605829476354
1240457268526710786
1240406839524757504
1240400804072370178
1240383934485221379
1240383932014551040
1240347206156193792
1240336824763060224
1240319398587568133
1240298377818103810
1240278544174940160
1240070052461842434
1240056887690891264
1240031885293740032
1240016842871226368
1240003881679171584
1239999009147797506
1239989503147814913
1239944550992486401
1239921457536303104
1239914305895763969
1239701278701301760
1239683006253666305
1239646040594223104
1239567428948045830
1239359932652273666
1239238435086512132
1239238408330973184
1238961678122917889
1238846448906665989
1238817773041614848
1238693649824743424
1238693648650448897
1238528490779131906
1238508189819326464
1238286374299631616
1238242302025437193
1238240114331049989
1238185137172631553
1238131815430455296
1238131283760484353
1238131280971272194
1237886126972493824
1237785805457940483
1237785803683762183
1237785108163309569
1237690663531089921
1237448145505828864
1237448144352415747
1237448142720729089
1237394626375376896
1237381169144041479
1237151085414023169
1237140709523755014
1237111316785106945
1237111128712511488
1237072243609534465
1237072242833530880
1237059522289709057
1237022815049723904
1236736983176810496
1236700359910883329
1236694623147483136
1236401704142344192
1236401656532742145
1236298460674097152
1236016247835439104
1236016246971396096
1235992084806590464
1235977995078299648
1235951338367967235
1235762901903904768
1235714811377434624
1235668502494810113
1235656007281303552
1235620044878630912
1235620043855212545
1235327524701429767
1235245707847708672
1234992013130395649
1234923109263826945
1234923108294971395
1234879604642516995
1234562346661613568
1234562344447074304
1234530317517705217
1234525858674696192
1233864831024926721
1233768891626573824
1233747177706528768
1233514502852939777
1233478241148637184
1233478240339140612
1233467305566310400
1233452238561009671
1233432242564849665
1233196725327757313
1233196047289085953
1233047078374387712
1232769618655219712
1232769617887682564
1232769616893677570
1232418856406310913
1232397462918324224
1232397461425180674
1232385464608403457
1232385325923786752
1232369911286071297
1232332178232684544
1232110866348244992
1232069595147706368
1232069593478418437
1232044959529865220
1232043989039243267
1232032700602646529
1232032318933655552
1232015517965221893
1232015514777550848
1231730981557673984
1231654124925652994
1231296293726760963
1231295829333479424
1231226676052463617
1230980553446391808
1230953824879357952
1230945829927694336
1230617134109208576
1230589407247425541
1230580318433939462
1230266231967637507
1230213114228023301
1230213112592314368
1230182361209491456
1230176838418300930
1230175522954633216
1230143154856349696
1229885939926945792
1229828201704312833
1229774719966208000
1229498956062871559
1229402963992551424
1229119790096244737
1228806199975518208
1228715205712076800
1228499013940514816
1228457400602112003
1228435596273688577
1228433439398998018
1228433420231094275
1228417809899806721
1228416433081720834
1228416359056445447
1228302181243158529
1228071893653049344
1228053236051042304
1228034497427443713
1228034040340590592
1227741826913853440
1227686069740675072
1227664746419302402
1227414596320931840
1227323687403167745
1227315226409918470
1227303865244168192
1227276890479714305
1226990576576421894
1226990575884304384
1226990574974185473
1226990573896261632
1226944673291362304
1226930602714304512
1226602215609163777
1226590281530822656
1226522199726661634
1226220153173659649
1225917153586622465
1225900271047495681
1225864001063727105
1225858814957801478
1225856999159738368
1225788721641017349
1225544878127534086
1225523311742005249
1225523310844370944
1225442091377086467
1225201900733321217
1225188615338307589
1225175346544287744
1225112827532398592
1225079775041085440
1225058566840647681
1225058526269145090
1225050304019881985
1224888891800530945
1224888652943282179
1224878113479385090
1224878071632756743
1224875799540531201
1224875571164930048
1224872821656096768
1224872458559291392
1224870238694649857
1224865358688989191
1224784985862889472
1224773605822750720
1224725562205331456
1224375567639814144
1224151427133648897
1224071053556748289
1223991408035581952
1223401952656216064
1223401694157004800
1223400048593133568
