1284499724981227520
1284499724117127170
1284499723173363713
1284443277140414464
1282089235290501126
1282089234342584320
1282089233616961539
1282089232400560136
1282089231712739329
1278083594846691330
1278083593743544322
1278041768987103234
1278041768139816960
1278041767246471176
1278041766395027457
1278041765560320001
1278041764708974596
1278041763849134082
1278041762976665601
1278041762121027585
1278041761173196806
1278041760053309442
1278028400855330816
1278028398980411398
1278028398066118656
1277711599843901441
1277711598719774722
1277416014888796160
1277416014079295489
1276318615533424641
1276318614614937603
1276318613574750213
1273629806618386433
1273629805691404289
1273629804223500289
1273629803124609024
1273337003204055042
1272539477399998465
1271614227095175169
1266467971209273345
1266467970101972992
1266467967988088833
1265673011669196800
1263841201364652033
1262755930392760320
1262451637550866434
1262397459873103872
1248064472385835013
1245824166609092609
1244002375989420032
1244002374303260673
1244002372088725505
1244002371119861760
1244002368943017984
1241522538108379141
1241022491377782785
1241022490530414592
1241022489263845378
1241022488341028866
1239315698121310214
1236826374863826944
1236826269737779201
1236122265089175552
1235749617096105984
1227642225733046272
1227642224701321219
1227642223669514241
1227642210377764866
