1286018674722328576
1285696727526322176
1285696726196682756
1285647281111404545
1285647280138334208
1285644945953624064
1285644696388284416
1285587527114665985
1285325627860627456
1285231344117833728
1285231342804967425
1285231341458665473
1285231340066082816
1285231339051134976
1285231337587322883
1284510038011322368
1284104437594759169
1284104436625952774
1284104435199889408
1284101342714363905
1283776296682770432
1283503134665584645
1283415659397951488
1283414726601474050
1283394112054534144
1283102310592393219
1283097023273631744
1281257445340348417
1281257072873615362
1280682954805690368
1280595388651786240
1280595387372507138
1280245424411021315
1280245403334647816
1280192832721039366
1280192787732992000
1279490834996645888
1279436195014025216
1279436081457496066
1278675531769221122
1278376011495768064
1278376010161979400
1278355794472427520
1278342348850769920
1278319470524710913
1278319469425766400
1278319467605495808
1278006687476199431
1277652474984386561
1277606895910518785
1277606894736203782
1277606893654020096
1276559359712075779
1276528482038755328
1276183965465038851
1276140398117822467
1276140397031456769
1275816729768321025
1275805357374349313
1275805356262907904
1275540598888583169
1275483350195736576
1275449331215032330
1275445142355234817
1275445140136423425
1275118073822003202
1274717708970582021
1274349715145056260
1274002333542879233
1273638167438999557
1273638088724615171
1273638087948632067
1273239121348214785
1272976682710941697
1272973408238780419
1272937881485676546
1272930183192985600
1272878828780769288
1272635450935652359
1272575233325760512
1272203625738260481
1272169354977849344
1272169354252214276
1272167658935316481
1272167407407099905
1272163128923447302
1271550679144902657
1271515097459044354
1271506295598780417
1269274605480554496
1269274578007793665
1268964760936157186
1267495270415314946
1267495269563879426
1267495268720705539
1267495267873574912
1266893842516783107
1266092612135596032
1266076806140047371
1266049730297159680
1266047637163331584
1266047635586273281
1266045673725706240
1266035813332275200
1265995299761336321
1265995244631461888
1265801690500018176
1265801689304621057
1265748727517642752
1265652544640094208
1265336179312005122
1264930470195847171
1264720889687478274
1264674811084709890
1263912496362029057
1263556778408755200
1263556776886243330
1262782469914398721
1262782468945575940
1262782467896938496
1262782466672254979
1261464023188439040
1261464021946912769
1261464020751486977
1261464019577106434
1261464018486779904
1261377953650429953
1261365321438380032
1261278804611399680
1261278758885044224
1260913725235757059
1260644893854072833
1259455807852285953
1258846461258801153
1258795980331286528
1258795061065760769
1258534672054628352
1258501712098271233
1258476685730689026
1258393915461455874
1258392197495492608
1258381620270247939
1258381461977214976
1258380977317064705
1258045524814508032
1257779814833979394
1257767782046932993
1257317191130550278
1257004383235182593
1256207780807168001
1256203047807713280
1255492148880965632
1255244900498575362
1255225052133502984
1255213980148269063
1255142749801549826
1255132868046491648
1254792881962921984
1254753820304912384
1254083348487712769
1253772223262973954
1253454512993505282
1253454511374508033
1253454502931423238
1253311273644761089
1252701144637415424
1252589058708119552
1251912141621395458
1251535754477608961
1251173952543772674
1250428068910395392
1250427607729860611
1250425988149686272
1250423705936613377
1250247334967087104
1250113015355256835
1250112970300043267
1249763178583666689
1249318018917847042
1248714322710331394
1248699369110614020
1248329334135365632
1248317439420620800
1248056791017107456
1248056746662400010
1248051814047666177
1247687626737451009
1247630710720155651
1247630643682521089
1247618105771261957
1247615431067697155
1246949114786480129
1246853567635472386
1246459241923317760
1246207840244686848
1246108949440532481
1246108907249991680
1246107311753617408
1246107278996111366
1246107234129588226
1246107203221827585
1246074477449904128
1246053409691553795
1245864386490597377
1245820429954101248
1245820401525145600
1245781445945278465
1245763236630269952
1245747647144767495
1245508400420737027
1245461570206957571
1245412143056465920
1245412140925751297
1245004585221177344
1244654094427488259
1244654081077137408
1244622112079437824
1244589639945662465
1244438165735211010
1244332660350164996
1243607596071870471
1243597329829167106
1243519739571437574
1242832632448200704
1242519562857349122
1242519560764481544
1242457631106764801
1242457440148430848
1242435054971822080
1242192812180979712
1242086405930655756
1242077347555262468
1241750061077401601
1241745911191080960
1241393520243609600
1241393519115358208
1241354588369936385
1241133446673715200
1241098278059548674
1240744452257394702
1240735158493470720
1240702084951007234
1240650478985318400
1240629654471553024
1240593921937416193
1240448587697393664
1240448556743483393
1240395884191498240
1240365330385567746
1240337314318102530
1240268282361413633
1240123714383085572
1240106124986265611
1240024225332834304
1239992341752098816
1239992242762330113
1239992196012691456
1239991647355666436
1239931259314409475
1239931239433474053
1239911424945766400
1239911361041371137
1239699048136933377
1239676305702076416
1239674969610768386
1239674716153163776
1239674416021360648
1239651055325057025
1239635629543170054
1239631179084640257
1239617958042894337
1239585552757907460
1239578789757272065
1239578555186663433
1239575733950795776
1239544700857696257
1239539938611343360
1239307036984303617
1239249066116210691
1239197284547670016
1239192848270012417
1238558936715886596
1238558894227623936
1238557261192212480
1238551573950758912
1238550654441992193
1238476754114789376
1238473490120007681
1238232485902929925
1238198276840730624
1238158389496209408
1238158388699299842
1238158387243896832
1237818388434558977
1237766114047922178
1237484321767862272
1237443450267750414
1237420581416505345
1237419879025848325
1237419289403146242
1236719834055884800
1236459378217291776
1236302081343930370
1236083636555911172
1236029538552950785
1236015191306973186
1236002859675598848
1235991197933543425
1235969172905119747
1235737445100138496
1235620058103152642
1235550363417182210
1235329002535112707
1235329001704615938
1235329000739950596
1235328999326392321
1235328997917106183
1235277289845387266
1235266563814707201
1235217497818910722
1234976469425590272
1234953647626358790
1234953619897753606
1234614427334381568
1234494714990252040
1234494714277134336
1234494712050044928
1234214929588215809
1234199763840643080
1234197558370672640
1233558930967625729
1233515412060622850
1233515177724784642
1232782664932917250
1232782454202740738
1232781992120459264
1232781723114573832
1232768818193281026
1232734822310850562
1232459597782216704
1232458519476985857
1232397339408637957
1232360929670651904
1231410134297071616
1231314971700727808
1231019568019202048
1230944159894319107
1230944150872305664
1230926008943071233
1230915038547980291
1230906476199317505
1230891845900742660
1230891813612945409
1230582462427881473
1230582139235770374
1230531009134895105
1230528620789215232
1230482383062913025
1230482375529947137
1230245832408084482
1229436564058583043
1228409589131075586
1228390162826031105
1227724483529670656
1227717167577169920
1227416374563233793
1227416351737815042
1227367555255455744
1227358212669747201
1227358211734409217
1227358210006364160
1226905808665022464
1226871287349379074
1225876851912069120
1225791900709523461
1225789031834902529
1225785765671718912
1225778570129297408
1225509137175412736
1225507532875206657
1225464185959657472
1225188360429371398
1225172083619127298
1225172082708959237
1225172081572286464
1225132070655217664
1224911693114957824
1224906310493315073
1224906309713244161
1224906308689764352
1224906307251118080
1224906305938378753
1224906304831082497
1224906303778238466
1224906302922678280
1224906301861453825
1224906300473167872
1224863127411613698
1224837115478978562
1224817389184999426
1224815892070109184
1224078380779425793
1224049480338755589
1223965365207695360
1223965240867553281
1223396419211550720
