1285993639617929216
1285993433031757824
1285993342380257281
1285945819162726403
1285691269696692224
1285691108375265285
1283864047440596994
1281362121532612610
1281302958521626625
1281302957401620480
1281302956197937152
1281302955086548993
1281302953937252358
1281302952783872001
1281302951617802246
1281302950531469312
1281302949394874371
1281302948035911681
1281302946953781251
1281302945783525382
1281302944701440002
1281302943589957632
1281302942411300866
1281302941270499328
1281302940100239360
1281298322913976323
1281294548816334858
1280926586921979904
1279519645243002882
1279519643657527298
1279499925605277698
1279499816595329025
1278373545748430848
1276171172560932867
1275902015395303431
1275893459187118081
1275869645275267072
1275513667669417993
1272343229707542530
1272343146010157058
1271473573476130819
1271208420025053185
1269332487316045827
1269319440396685319
1267977709235421186
1265810268350603264
1265740963231739904
1265693498851971072
1265673146734202881
1265402833790054400
1265326764257050628
1264956140216922113
1264955636976140288
1263496581585743873
1263496500870553600
1262367583698903042
1261818993775726594
1261816825727397888
1261356169437855746
1261348563344384001
1261346702201479169
1261286460096827392
1261284950055071745
1261061227456933889
1260314082374291459
1259500693020266498
1259213299339550721
1259165736045608962
1259162365976817665
1258858675646746624
1258820461057593351
1258802960806612995
1258505636230451200
1258478273430007814
1258471662586118145
1258462099380068352
1258446748420157440
1258441611392024576
1258038287207403522
1258026228608454657
1257780608929083392
1257767522671026176
1257758211211292673
1257746634835812352
1257742385393602560
1255951587043917825
1255951585999495169
1255951584837668865
1255951583755542528
1255951582459580417
1255951581465456642
1255951580379189248
1255951579334803458
1255951578357469187
1255951576193290241
1255951573819195395
1255235550891687941
1253766408237916168
1253716122739892227
1253421817844297733
1253374788141285381
1252666540547325957
1250911049894768640
1250547447799132165
1250527266175619084
1250527262262407176
1250508182755127297
1250228514378391553
1250164423815299081
1250153565429129216
1250149387881328646
1250148066172252160
1250139763551744000
1249388309773721601
1249070968820994049
1248723428665851904
1248718016625414144
1248677878595833856
1248338643229364225
1248336101636476931
1248321027202932737
1248299636265123841
1248295861664116736
1248291472241287168
1248291042501197824
1248250150130036736
1248012034614018048
1247966189092868097
1247947317208113152
1247939764961128448
1247931983285694467
1247627205443588096
1247608331159535616
1247588702190292992
1247577264704888833
1247290092290551810
1247253493259395076
1247250535952105472
1247238141955715074
1247202646437609475
1247202615437545473
1247200761093787654
1247200760158445570
1246253579255656448
1246151481838825472
1246123433982865408
1246123319402860544
1245891817779986437
1245782602080018432
1245782564243156998
1245460877492596738
1245437163237511169
1245437162360909824
1245437161488486400
1245432601797701634
1245088477194010625
1245072055231549440
1245072020041355270
1244714248355418123
1244713894708461568
1244682672414380035
1244682581418881031
1244397499164606472
1244011249664491523
1243653463847964672
1243639256834289664
1243637693428502531
1243637559961452545
1243599506257707009
1243599415560024065
1243599029604364297
1243278370185580570
1243278218230104067
1242842792738664448
1242585557814988800
1242560674523422722
1242547054167109634
1242536335296139266
1242182927640866817
1241887799919497222
1241823266471325696
1241447720243658752
1241438174389231617
1241405207361265665
1241099416087539715
1241099248348864512
1241077046920478726
1241038727528558593
1241038719035019264
1241038537245458433
1240727239920103425
1240408892343029760
1240404865542742018
1240390019161804800
1240386174323220482
1240384985120604160
1240378726002688000
1240310580734496768
1239938402105122816
1239713513884573698
1239707728030969856
1239706575650111489
1239659616646168577
1239636648654254085
1239572224811696130
1239279876294815754
1239274658580566017
1238696004951724033
1238554088243187712
1238531990800011266
1238483472806748161
1238479936425525252
1238210744350638088
1238210657461448710
1238165273955504128
1238165238450700289
1238159589834731520
1237908412849143809
1237851289373020160
1237841726477340672
1237834428426174467
1237821117353656325
1237818485234900993
1237818467967021056
1237818267521212421
1237818206636695553
1237448196013596674
1237447496668000256
1237447309174112260
1237046422333243394
1236804237406978048
1236285681963601921
1236056463597899776
1235971037935923203
1235951270051098624
1235751239658467335
1235750515386060800
1235673400149815296
1235653515441139712
1235630657428021248
1235333339260866565
1235270031036030978
1235216427700768769
1234570967713812487
1234568757160357889
1233494986823475201
1233494533003935745
1233170400005230592
1233146286976618497
1233099637038501891
1232424782651523073
1232412703395897346
1230573333214846976
1230238376000778240
1230226044633792512
1230194084163153920
1229895617566117888
1229865166784749568
1229819868389638144
1229487176238424069
1229441877704876032
1229423971759685632
1228074673646309388
1228070228384456704
1228033094910791680
1228031085143089158
1228019756944347137
1227723238790369281
1227718184423350272
1227717046382841856
1227622606980952067
1227622136975523841
1227615618867875840
1227611495116214278
1227608047029190658
1227356286532116480
1227356285563285506
1227356284510445579
1227356283608731648
1227356282526609409
1227356281633148929
1227356280664346624
1227356279724814336
1227356278760124417
1227356277854146561
1227337333147656194
1227257232527482880
1227256541490941955
1227244649703563270
1227238937577607170
1227017470722150400
1227015746829586432
1225845430417862658
1225829180056776706
1225819007535611904
1225818440994369537
1225544698200150016
1225421342129950720
1225419654878855169
1225413039194812416
1225189364856184832
1225188961167052801
1225145820078596098
1225137011989848064
1225135078340210693
1225110407959973893
1224908566366126080
1224901057773539328
1224899473899507713
1224892194718437378
1224889667360886785
1224887174933422081
1224886766404096001
1224884779977531393
1224882431846731776
1224881927716573186
1224879439114313734
1224878278827266048
1224873899042791427
1224873463619432448
1224776888775630848
1224772459653750789
1224769203519004672
1224417105329770497
