1285931541709848576
1285242165380227073
1285235220757843974
1285235159311187970
1285235056194265092
1283042318078169089
1278317276001959936
1276544556901728257
1276543197133582341
1275125048521654275
1272942698689966083
1271157872144023562
1270830459245789192
1270830389121167366
1270802757130358784
1270462618705281027
1270108949107400705
1269998640719896576
1268948572566937603
1258801691039870979
1258801236301828096
1257322132146540544
1255137533198884866
1254780475454795778
1254774984976723977
1253367012660830211
1252710853658411009
1252684559033958406
1252677598678745095
1252676279532498946
1252674525222879235
1252670703456997384
1252361943827968000
1252361167198023683
1252359083547480065
1252337852282810369
1250816179817586696
1247966525249781761
1245007392611450881
1244636957206069248
1243650850779803648
1243650829921464323
1242846860953468928
1242501554227359744
1242497772189777924
1242455002737709057
1242199506457972737
1242199358633902080
1242179094479024134
1242164982076313602
1240037868778729477
1239903019506061312
1237391577992945666
1235298925948657671
1234517545027280897
1234513569070354432
1233156583951126528
1225836730366021637
1224889318067572737
1224887337945006080
