1286074655493652480
1286068247582867457
1286060297262968835
1286060194947125258
1286060143143157760
1286043475830595584
1286024727660724226
1286022332264468491
1286000754222915586
1285998910956277760
1285992019966533632
1285985389333950464
1285984155612909568
1285972854765477891
1285954608674803718
1285622421635112960
1285597789498544130
1285272118544855040
1285014161479446528
1284204177409937412
1283776878004690944
1283112814354354178
1282679817805139968
1281638294854537216
1281620008792207361
1281278219484872706
1280900946508361728
1279450510035021824
1279169077148135424
1279077735369895936
1278761936562216962
1278749467856928773
1278357252986900485
1278332269724237824
1278001388853825537
1277980286249099267
1277976206483222528
1277636480362590214
1275838761214099458
1273756723140943872
1273730231950553089
1273710898679595010
1273301679371251712
1273293065671921668
1273284913198968833
1272984456777863168
1272623639276421120
1272596544680792064
1272596078207123456
1272208563889270784
1272191165538775042
1271605741606981632
1271485644775161856
1271459900556587008
1270086048358338560
1270006587885674496
1269689874371641345
1269321282362855425
1269310825195438081
1268944166404358146
1268942732967452672
1268640486807367681
1268613184249708545
1268611363926093826
1268572094922711040
1268541892259692549
1267594858153164800
1267558144860778496
1267546444640157696
1266410465757806592
1266374139880697859
1266049639947464706
1265703712749649922
1265681593194119172
1265294439481839617
1263572371342049290
1263550477163212800
1263150248332939264
1262849151189913600
1262493569396486145
1262440139151806466
1261692251110993921
1261342400477138945
1261324505802137600
1261323598184108033
1261022878809677826
1260986551850414080
1260963557925150721
1260961292862570498
1260960684457766912
1260928295652044800
1260594681005502464
1259890193894526976
1259511051286007809
1258929814259429376
1258816548430663681
1258789245763719170
1258155550946103296
1258106187196903424
1258091246259748865
1257827346012229632
1257824101130924032
1257721769013719046
1257706770987921410
1257361283378302977
1257327894864396289
1257327337021956096
1256981919931092992
1255863081449607168
1255593281066618882
1255568786062794754
1255541193083179009
1255531577834188802
1255527741862088712
1255502129076350985
1255199757686968321
1254812632428806145
1254804742787731456
1254801735887065088
1254450175776452608
1254438184336814080
1254124687258460160
1253762920976011264
1253700395991326720
1253361999129350144
1253323825850101768
1253073744609902602
1253057648301391872
1253011214210420738
1252679541836754944
1252321062282543104
1252318320960983040
1251892779564720129
1251532507859697665
1251530925411676162
1251215096681861120
1250828651454595072
1250824638277419008
1250823295638749185
1250507636895858694
1250499772806500354
1250488929985454080
1250468035346956289
1250147460481028096
1249819866997166080
1249755121451401218
1249348192648302594
1248746690808406016
1248647245467209729
1248618717165924352
1248359814452760576
1248296879865106438
1248253842334064640
1248035622884765696
1248005761424216064
1247923765767368704
1247655258093830144
1247630813044170753
1247605887872589824
1247533429651980288
1247206145112059905
1247183147294265344
1247141886541721601
1247139302204518400
1246146677427384321
1246132969007239169
1246112574782857218
1246108434736369669
1245779185970434048
1245756954699608065
1245742007365992448
1245500323956998145
1245465211185721345
1245397841138327552
1245385226022531073
1244628635408982023
1243960839616393216
1243907372151533571
1243612066935603200
1243598572685348864
1243557549606981633
1243316762927562753
1243227148673900545
1242908525963218944
1242880875278278665
1242834113477763072
1242827429304922113
1242558842329686016
1242513421637234689
1242463246184931328
1242137322763751424
1241892097562529792
1241836297997729794
1241825154482745353
1241133377652228096
1240788320105287680
1240772491452153856
1240756360603553792
1240729070976942080
1240716264697253888
1240641243115225088
1240373291761557504
1240358624209166336
1240354212501811200
1240331028197265408
1240325027335208962
1240298998532988935
1240277447456600064
1240015974084087808
1240013886302097412
1239976381250826244
1239928371196211202
1239669035752701952
1239666224260407297
1239632383244148742
1239619649089818624
1239311000840499200
1239220968007946240
1238559227658067971
1238507002260672513
1237175844470050816
1237056202443538434
1236003315424595970
1235652036730839041
1235597462493999106
1235597054052839425
1235283776051302400
1235261150574653441
1235212665359708160
1234972815377358848
1234940857339523076
1234938137023000577
1234912671385800704
1234570110221901825
1234498031107526658
1233510038695809035
1233141729102114825
1233092094987776000
1233092051413143552
1232785868307542017
1232415272306434055
1232348319063691266
1232075806693830662
1231010117119660032
1230974603289333760
1230967293141712897
1230947153050128384
1230598125410078720
1230321367083446272
1229858835088707585
1229467273951203330
1226947002761654273
1225920426821529600
1225875032427069441
1225533899402547203
1225185152210325504
1225184963445678080
1225178271421104128
1224901515065745409
1224836445845651457
1224737940170952705
