1286034859425697792
1286022475130839041
1286007328769224704
1285980531298115585
1285975885242302465
1285685113356005378
1285637570978877442
1285637352770211840
1285564609169170435
1285362868536451074
1285313851882377220
1285313649679179776
1285301041135857665
1285287476467310595
1285257126005399553
1285253766007201798
1284196742028763136
1284142504452001793
1283832516512800770
1283827688780816390
1283760449192853504
1283748800956440577
1283523490193321984
1283477425804972033
1283475406717440002
1283412254206169091
1283409096042061824
1283140794891808779
1283140441588858882
1283125786329985025
1283040857155874816
1282760563702083588
1282760514943188993
1282760305928556545
1282760293723103235
1282754381570543624
1282696372081373189
1282461099393273856
1281644975940345856
1281644958261432320
1281644943530811392
1281611352977612805
1281591363964936192
1281344879860133888
1281328662441320457
1281320545758388227
1281319563855114240
1281310318443081728
1281299400522858496
1281299376791486473
1281264730007535616
1281258111857315844
1281247680514179073
1281231063709364224
1280949526514327552
1280944087273803780
1280944047914434566
1280935694496600066
1280933716127363077
1280890518743003137
1280871173438480384
1280599752170713088
1280572225540816900
1280571957206007808
1280558651653197828
1280487789923098624
1280487313718628352
1280210276978171906
1280209527040806912
1280140745278730241
1279406208848363520
1278741537690615809
1278737369471111168
1278737244325642242
1278733798419693568
1278447045762781185
1278424363390435336
1278101760276434945
1278093455797837825
1278078084282036226
1278028608284561408
1278028385726365696
1277977666851725318
1277735585193644033
1277722469462409216
1277680578998001665
1277680109311406083
1276590586745757701
1276590562653732864
1276582318212288512
1276578115456819201
1276559990715752448
1276559445745696771
1276559379173707779
1276559282503327744
1276557187695992833
1276509730501013505
1276504610883198977
1276325320426229761
1276234043848306694
1276213536193163264
1276172915160031239
1276161800204177408
1275932682816557057
1275860181440778241
1275786854747574277
1275786630113243137
1275785481591103488
1275567317255172101
1275497084691591170
1275497054765277184
1275497020166410244
1275496982719729670
1275436937617092608
1275188745759797254
1275185793468899328
1275181379664445441
1275171766948823043
1275097736589856769
1275088617703170049
1275087416060149761
1275084429245980682
1274702347508371457
1274389797688283136
1274073062376460290
1274072579142189057
1274039290633338882
1274008065017331712
1273709241413636096
1273700114792677377
1273657424247996416
1273648758761406464
1273643045809000449
1273636644911042560
1273613877083885568
1273611929769181184
1273347844821389322
1273330511671328771
1273303455986302977
1273302940799897600
1273295727876362247
1273291917426659328
1272969518755844098
1272968527377547264
1272965838438572032
1272951153509068800
1272612820857827328
1272565699525959686
1272560125501472768
1272290719642902529
1272156082404761600
1271808794083778567
1271637246257631232
1271530281489620997
1271530188514492416
1271530152401539073
1271431329553494016
1271161576360419333
1271155793862316032
1271137039916961799
1271136149084401664
1271070722450915328
1270826623579967488
1270822741751595008
1270732382216355840
1270451804271149057
1270419950516264967
1270409643999801348
1270401394919563265
1270103895646273541
1270069123775631362
1270052341488791554
1270022053421293569
1270022018889666560
1269982746648219653
1269981678556119040
1269261694544629761
1269254966268645376
1269037335607418880
1268983992788955136
1268983964569608193
1268983941370953729
1268926803936075780
1268917995926982658
1268917412973477890
1268907560788246531
1268902896550023169
1268901829565394945
1268715560256311297
1268618709133737984
1268618647229984770
1268618546545741829
1268617608321875968
1268616340631203840
1268597074582556672
1268597010665549824
1268581506181627905
1268581116065337344
1268575913651900416
1268266072119160835
1268265689002934276
1268265420097835010
1268264989355315200
1268264858061082625
1268258321703882753
1268189831491878917
1267896061076611078
1267860444921937920
1267833192477790210
1267827873269731334
1267826557038374912
1267526342616244231
1267474338317467648
1267474315190120450
1267098903905808384
1266888124262690817
1266800339241635841
1266770050981208064
1266769905657004033
1266769683946049539
1266769477938679810
1266769364407246848
1266483697970184200
1266483502406676480
1266479675989262341
1266479511626973184
1266458523401158656
1266456493487984640
1266441734478848000
1266433073782153216
1266409388270649346
1266397415998881793
1266397362366353408
1266098660779180034
1266096778052591625
1266095825895280642
1266095417005150208
1266085552576757765
1266083353696100352
1266046564876902411
1266045568779943938
1266034201847046144
1266034173569097729
1266021297114529794
1266021214486749184
1265810669980581890
1265797560284983297
1265741561570131977
1265741530557558784
1265723812840198144
1265681182538240001
1265680007868940288
1265676421554417666
1265676367296856064
1265667662073511937
1265655412008910848
1265649679548678145
1264958405195599882
1264921599817457664
1264248477359337472
1263998310991433728
1263925760462553088
1263925705898950656
1263915707902853121
1263906396149514241
1263905121659912192
1263900302756982786
1263900117104578563
1263892010513190912
1263885837823082497
1263867616898277377
1263863793916030977
1263863416722264065
1263841115037413378
1263833410109308930
1263829404981002240
1263522160192208900
1263520113032146944
1263517910758236160
1263517012971737088
1263516958819069955
1263146481902596096
1263146005819785224
1263141537317359618
1263141503700021248
1262749600873615360
1262464941799473159
1262120622118907910
1262118510483902471
1261729894951772160
1261469834640056320
1261467458981986307
1261454153819119619
1261444574624407552
1261342050651222016
1261341217645670401
1261326246685917192
1261022393822257153
1261021991387217930
1261021942309695489
1261021769500184576
1261021513639235584
1260994290236489730
1260993649313267715
1260993463601917953
1260993223604015104
1260941823717097478
1260941652803358726
1260941103202738176
1260936739549569024
1260649871981178881
1260649191052701696
1260649102171234310
1260648649912020994
1260648521109143552
1260620464268902406
1260609080856584194
1260603105886064640
1260581115733192704
1260576887144886278
1260242912488587264
1260242693998948353
1260223077822140421
1260223035673645056
1260222906581372931
1260212130906865664
1259981837599940611
1259899048670171136
1259892750532710401
1259892704135254018
1259497271143608320
1259124561636929536
1259121444174417920
1259109616002183168
1258866190073692161
1258846742637957123
1258842331740078083
1258826769752371201
1258826306659237893
1258796276570894337
1258757177793294336
1258749721524477957
1258540013412745216
1258519748670656512
1258509389050179584
1258495845261103115
1258484727729840131
1258479065343950848
1258412257421262848
1258411012715278342
1258399185340108801
1258399162510585856
1258384416981880832
1258384391732113409
1258164220488810500
1258097950032453637
1258081095339454465
1258078122353790978
1257781364612648960
1257781302620717057
1257718505849446400
1257717191295696896
1257716650482204672
1257715313837322241
1257707948358451200
1257707908311273479
1257707737166819329
1257659561328037888
1257490698602901504
1257399535019622400
1257399400311263232
1257398868012081154
1257391895250173952
1257373174439837697
1257370147901378566
1257370101881470976
1257370086328975361
1257369617653211140
1257369459414753282
1257369442947944452
1257369425981984770
1257369419195527170
1257354173861056513
1256319245476073474
1256319187116531712
1256310819706421249
1256310222974365696
1256303986103156740
1256282414881611777
1256281580001165321
1256280862716497921
1256274685920190464
1256273427691798529
1256263817933344775
1256261709888708609
1256259373074087936
1256256721317703680
1255886940299300866
1255881780516868097
1255881779728318464
1255881778889469955
1255876966005313542
1255875734310195202
1255874541915639808
1255871122161229825
1255866324150095879
1255614920340770817
1255614874773848071
1255546327888547847
1255546297626628099
1255521726437490689
1255518730332835847
1255511616243843079
1255249034098458624
1255248981434785794
1255248610293354497
1255244977984192512
1255241115156074497
1255238234818392065
1255235261031743489
1255194661083385859
1255183049450455047
1255182763524751361
1255145006467186693
1255144740770594816
1255137700358705157
1255135506804772865
1254896023719247873
1254895659448184838
1254894912237158406
1254894864061411334
1254894180876369920
1254846134444527616
1254844233355268098
1254771577712865280
1254064297895956480
1254058538365792256
1254056199546421248
1253815059589054464
1253764469819420674
1253753573789233153
1253711043534237696
1253703547528585219
1253703504650219520
1253701983963189249
1253695330538926081
1253694103981903872
1253689209044508672
1253689026873344001
1253687950560428033
1253687530106556419
1253680089574801408
1253455774304612352
1253455057531609094
1253445327329394691
1253436962687647745
1253432958167343113
1253428682976145411
1253418847865995266
1253361638528430081
1253359548028661760
1253359373906296837
1253354316464828424
1253312198438461440
1253311650255552518
1253153405805223936
1253153282496790529
1253153120596758538
1253092198565978112
1253034176590290944
1253034115458310146
1253027742574161922
1253020484352061443
1253003499291500545
1252999525683388418
1252994545249370112
1252968252151562241
1252964731670970369
1252964710762373120
1252964379303251969
1252964325335146498
1252964299254960128
1252953049049509888
1252704182739615749
1252676040289370113
1252670917244784643
1252623306374643714
1252337923011248128
1252279572915204097
1252275707595669505
1252262686995427334
1252258699579658240
1252258220711636995
1252081952980635650
1252080101744939008
1252068311828967424
1252067197385682944
1251921533485842432
1251921520571662337
1251914439747608576
1251255684144005121
1251197732724674560
1251197671215378435
1251197607097049089
1251197459365330944
1251196976445689865
1251157464159940609
1251157435806412801
1250904203452649472
1250854553060343808
1250853325244895232
1250853132646711305
1250840629489233922
1250821000188461059
1250809586313056257
1250809507812462592
1250809435137728512
1250807286236356619
1250806985018290178
1250805893396078596
1250801139886456836
1250800878271041538
1250780986863804416
1250515564747010048
1250515428998332417
1250512054827601921
1250431461095702529
1250431182166261760
1250175184360923142
1250163161736646659
1250148315129397250
1250145640958627840
1250114595802484739
1250053578628218881
1250047403140530176
1250036581454565378
1249849142718992384
1249840036499120128
1249750561701986305
1249724958839918594
1249722170772557825
1249721809920024580
1249669139612028934
1249663558209634306
1249328918563131397
1249323926032957441
1249319095746641920
1249051087908171776
1249003484147564546
1248980875267567616
1248684179321237504
1248683485868498947
1248636606661222401
1248619393153503232
1248614240866328576
1248466769523568641
1248376085672165376
1248287914301284352
1248275505150930944
1248274660460056577
1248250038288961536
1248015010737139712
1247932443736395776
1247926595702132737
1247921171393380352
1247915195424559110
1247912117837144069
1247911683198267393
1247904973066821633
1247720571200290817
1247720405827289095
1247651424953159681
1247619880809095168
1247614924966117376
1247614786256490498
1247579984350400512
1247569271322021891
1247568221693259778
1247529803864879106
1247518741144817665
1247307347900301317
1247286869492142080
1247283458822586373
1247176620861009921
1247176196128997377
1247174532634497025
1247174472379117571
1247174137665196036
1247172119085092864
1246814131971395587
1246212283145039877
1246197031921573888
1246195773668286465
1246129587219607552
1246106551309479937
1246106214326468609
1246085295432482817
1246085295377965056
1246069458743054336
1246068620414922753
1246017599369953280
1245802047884099585
1245792745018527748
1245792167882350592
1245791971286843392
1245790639213760514
1245786969277378571
1245786930475872261
1245756937557487624
1245732509800976385
1245506076474253313
1245473691456208897
1245464616181944322
1245434847667130368
1245433902698844161
1245342280405389313
1245327341057949702
1245322771002830848
1245130338222911488
1245128794911969281
1245126932297060353
1245109759545618439
1245103669588230144
1245075401203945472
1245072694204391425
1245071807473999872
1245042423769645057
1245023712421785600
1245012476355321857
1245009904756277251
1245007776608325632
1245007418955792386
1245003329769439232
1245000477089153024
1244998990866849793
1244998794523086854
1244998495188254720
1244696783915307011
1244685196512964609
1244674897617522689
1244673556748869636
1244672779934408704
1244653347669508100
1244632494302998530
1244609823196327937
1243648547888730117
1243639222298386433
1243604305711640583
1243602948631953408
1243587581712961536
1243578276078972928
1243575107190218752
1243566452940169216
1243562673461059584
1243543044298768387
1243395572058533888
1243349518545899522
1243320460219211776
1243298074505678849
1243297742157418497
1243297502843080704
1243292504272900102
1243287092161110016
1243274572494974976
1243274489141526529
1243252889612627974
1243242517065236480
1243200436276002819
1243194711587926016
1243194523846610945
1243002956909350912
1242944600630755335
1242942926898049024
1242941516739461127
1242941347167944706
1242940774121197569
1242937603474817025
1242934983339188234
1242930432620015616
1242913313467621379
1242910731118542849
1242836890937516032
1242832942512160773
1242828655115542529
1242828547426787329
1242817233019158529
1242787565935132673
1242658765096263681
1242654531537813504
1242653076110049281
1242644245770571776
1242551036759465984
1242536926026104843
1242485576093351941
1242467264730816515
1242461610310021122
1242460816445751296
1242460410332078081
1242448113337618432
1242445575037083656
1242443535174991873
1242442914065723397
1242139990395584512
1242139989753946112
1242120923253104640
1242108366027214849
1242107585383116800
1242095505687134217
1241865137377742848
1241742177849561088
1241399774777151489
1241398739031425032
1241398692873191426
1241334491378896897
1241157264091873288
1241155255825547265
1241155108236378115
1241150153693814784
1241121086881882115
1241109036696842241
1241108715115286533
1241105596792950784
1241082943600238592
1241044884913438721
1241035203621130240
1241034437304950784
1241030248172527619
1241030163917426688
1241023441626521600
1241020972771221505
1241020863329243138
1241020826259988480
1241017976096272398
1240991984388538371
1240778153632694272
1240746618997084163
1240729219828768771
1240728741413781506
1240728703908413443
1240728672040038400
1240726228325326851
1240689463040159744
1240689081656344578
1240688245807046656
1240652994020028423
1240652959874154498
1240643249796153344
1240639914913353729
1240281301476757507
1240030509528305664
1240029549355610112
1240028236014215168
1239987619036971008
1239987434563047425
1239676496282652673
1239676452049543169
1239650179902369793
1239583262504136711
1239580079648169984
1239560554236145670
1239560537601527808
1239560060654604289
1238548090405228545
1238236618487709701
1238235837353144321
1238140403427180546
1238140369860263936
1238109742477664257
1238101615468597249
1237914525631942658
1237909383683678208
1237798082374520833
1237212474652450823
1237177871963172864
1237114148179382273
1237113438889009152
1237106154934845441
1236330882249764866
1236327404852981760
1236313154147082241
1236118387606147072
1236058274824433677
1236054853677350912
1235950514858110976
1235597556098482176
1235583365610262528
1235582414140985346
1235331586419232768
1235257958755430402
1235237063831650316
1234862510412619776
1234855021201838080
1234566711367622657
1234528894230966272
1234527702750834696
1234527377516113923
1234494420554145792
1233831494122188801
1233783485812400128
1233776440031641600
1233495594414624768
1233479522063917057
1233458846485499904
1233431723582664704
1233430890157674496
1233403091707404294
1233144489285496839
1233144487926542338
1233060033098809344
1233046828251217920
1233043676433133568
1232744892218191873
1232713627968430081
1232692841618530307
1232401371112054786
1232383007555760131
1232380629813223424
1232319841794576385
1232316798839775233
1232312903275089920
1232051218270367747
1232012578785763331
1231987797235585024
1231956954412548099
1230877162183458816
1230876921090772993
1230574339654709248
1230564110196101126
1230514408524304385
1230280744896991232
1230181143871447041
1230144336945434625
1229807530618081285
1228390687810433026
1228091983077376000
1228073560343797761
1228073551741276160
1228073550881398787
1227972193918889985
1227731055295320065
1227622705618456579
1227608799474790400
1227388346340536320
1227321524354519041
1227256740523233281
1227254191246266368
1227022686909423616
1226939806397145090
1226938113328631811
1226934474375663616
1226932533415292928
1226932111023771648
1226930511198785536
1226925230058344453
1226194157573693440
1226166294124187650
1225559656300470279
1225526076862009346
1225473227377512448
1225472733859008513
1225435478595264515
1225435478549245955
1225206721221709824
1225183468662947842
1225181144305586176
1225179900870627330
1225179637245935616
1225172824786161664
1225130744042999808
1225087183788183553
1225083294401945602
1225075355561578496
1225071374840029184
1225065472032460800
1225065422833188870
1224912766005403648
1224907662225297408
1224896373369245696
1224896325457711104
1224893375071051776
1224892476978270210
1224890203548082178
1224887604530774016
1224886847056306178
1224886176517099522
1224885730218037250
1224881283966345216
1224879359498104833
1224877603120648193
1224875663208919041
1224863555117293568
1224862303780265987
1224806644950994945
1224781074502430720
1224744281249808384
1224734155931619329
1224718915684720640
1224347308525006854
1223629579753009154
1223426899269079046
