1285682487620927488
1285678363487674369
1285265878704181255
1285265669458722818
1283210889299136513
1283210800384086016
1282759220874694671
1280909224587988994
1280528648106389504
1278395579131924484
1278026089575731200
1278024627768512512
1278024626472456192
1278024625142857730
1278024624337543173
1276247255926923281
1273421546003013638
1273027744000028673
1272296223257628673
1272217058898567169
1272145418219126784
1271517070849642496
1271437806267781120
1270419540225163264
1270357208543485952
1269278085985316872
1269265806904504322
1269000918147706883
1266434639981359104
1266434635355086849
1266434633371201537
1266434632133890048
1266434629101408263
1266133143515549697
1265717592108474368
1265684214848073731
1265653819385544705
1265347077497860098
1263914343302914048
1262848423759360000
1260214125545893889
1260214124027527172
1260190382895349760
1260190382111023104
1260190381309902854
1258718570781052928
1258488206573649920
1258487746395504640
1258487745237995520
1258395129771175942
1258391275058987012
1258077006455091200
1258030336820248577
1257665340525498369
1257485741573189634
1257336606534635530
1257336604986916870
1257336110147088384
1257273463062048769
1257269807310950402
1255675005968539649
1255139826778562560
1254902862511038464
1252713929236774912
1252705017213173761
1252608978909102080
1252608941529477120
1252608906452504577
1252607742377934848
1252226991488741376
1251222170937831425
1251198781376262145
1250897784208834566
1250882919754797056
1250522617498525696
1250522228489322496
1250448416691441664
1250083952116797445
1250067074120065026
1249716515882119174
1249127250991230976
1248381417479798784
1248272362107174919
1247634654896828420
1246888838137622529
1245137825504395264
1245010387378098176
1244767805322510338
1244767803669913601
1244767796413829121
1244661950107303938
1243605604540825601
1243268172247171073
1243260736060690436
1242486255776083970
1242479214747582471
1242479213938171905
1242479212952420352
1242156864969859073
1241011749979111427
1240727171892731906
1240460599068364800
1240448754710450178
1240393050238615553
1240353791284858882
1240288619102982144
1240268514281357312
1240067900397977600
1239933164317028353
1239930061136035841
1239926083832688640
1239915901891350530
1239245126599430145
1238278450315694080
1238194187109048321
1238187082096488454
1238079968531406849
1237925847107014658
1237925845546807297
1237861756690522114
1237822563331575809
1235980910023110656
1235923649586176001
1235691235177689088
1235668663866470400
1235573216690790401
1235320747079409665
1234837543797108738
1233491859147804672
1233486944031649792
1233464569617625089
1232800760485863425
1232752891204644867
1232406743705116672
1232383422825467910
1230536568663879681
1228375018897379329
1227751847529734146
1227354091753525248
1225577480670629889
1225470401335189504
1225192592264044544
1225187050414125056
1225100701635956738
1225084394563567616
1224830149834743808
