1286040169230016512
1285969534701187072
1285689837421551622
1285677299686346754
1285673082292703232
1285650752044781569
1285576630392573952
1285235734622896128
1284510912062328834
1284231051389411333
1284205990901161984
1283462246467801088
1283430151448154112
1283418698599018501
1283186443301552131
1283108011498668032
1283087406586114049
1283044136296251395
1282754799147134984
1282730311588229120
1282698347044798465
1281623541218189317
1281611321839149058
1281587916460957697
1281303303738011648
1281280203457773569
1280928420503961603
1280631194086932480
1280615496539348995
1280586731771871234
1280575104217382912
1280557531631439872
1280540236754411521
1280523176955559938
1280217199672786944
1279387594749591552
1278858931297796097
1278776545717424131
1278747036620374016
1278692846934073345
1278680144576753665
1278456923227148290
1278381000435826688
1278347291674521602
1278319579912118272
1278308093382844423
1278074568121483265
1278056706879172608
1278041054009319426
1278011928699449345
1278010212662812672
1277987773685927937
1277742460157022208
1277742145647116288
1277715174502404098
1277711234264113152
1277705104624439296
1277684953682194434
1277684411677519873
1277668627060264960
1277646206039187458
1277644584248578049
1277618668881481728
1276617335378456586
1276615322490060800
1276594873420984320
1276589544389869574
1276569739138138112
1276561993223331840
1276549478993010690
1276520935449911296
1276497808456065025
1276296718263349250
1276284153416290304
1275522649595183104
1275500339991642113
1275365108261232640
1275210992448921602
1275199919461142536
1275134439169961984
1275112032292012032
1275105559029653504
1274708869701345283
1274042122660974599
1273653427512410114
1273345118473465858
1272992743166562310
1272981336953966593
1272970929249845248
1272937976864088064
1272925590962700291
1272918408292679681
1272911426475233287
1272672946264424448
1272637448426860547
1272588017048465408
1272566021493268481
1272151115417759746
1271553810952052743
1271503785035280394
1271442177118408705
1271140417346691073
1271092116819791872
1270805958671896579
1270463921204461570
1270440635439484929
1270427626075717639
1270101277184339973
1270098178642251777
1268961774293975041
1268946058538860544
1268908922192232451
1268598285721391107
1268301126912413698
1268207921210494978
1267892469275996164
1267886556880293889
1266810938985975808
1266757706091765762
1266543361890177024
1266495692190748675
1266462851507593216
1266436125331243010
1266395524351045637
1266128477641719808
1266122374530793472
1266098405815787520
1266089100492386306
1266069659826126848
1266048966220791812
1266048733432754176
1266040182257659910
1266035467050528770
1266029924999221250
1266016003206643715
1266014450957639680
1266010980032679937
1265661295979872256
1265426455430926337
1265426378666713091
1265379604249882630
1264919843939237888
1263915287252029442
1263914006982668288
1263882974799572993
1263456916832911360
1263243084478939138
1263236993007443974
1263180231113871360
1263163392283619328
1262889361873526785
1262879701502251009
1262866235299069953
1262846868050137090
1262483215652130820
1262475166053011456
1262413233622835200
1261469174238453762
1261456066895847424
1261431525415038976
1261430332630261761
1261391880505274368
1261365776365355011
1261307991862718465
1261020762577817603
1261011861052538880
1260997104111161345
1260974469822263296
1260944926742851584
1260931583336300545
1260702638892625920
1260632452076314624
1260611784278528001
1260290532774944772
1260243683888246787
1259905594565316608
1259864232675475458
1259621994313678854
1259527422749421575
1258890854242177024
1258863365444841474
1258505128761581570
1258487669476265985
1258473166650970117
1258457905591988228
1258133960162451460
1258105098951155712
1258088538672955392
1258087177008959490
1257817137332334599
1257798841996378116
1257790152409219072
1257783664655679492
1257780601798692866
1257771882079715333
1257751882610679808
1257740055323586561
1257712295293181952
1257414864751988737
1257395341017649154
1257371546101977095
1257356813852385280
1257343689124388865
1257340186339553287
1256334055412387840
1256320265471979520
1256269851397632004
1256266315121205250
1255947210220544000
1255619634948190209
1255599834502967297
1255209094845280256
1255161403842969605
1253739742346334208
1253724614569668610
1253462919293153281
1253448660177862657
1253057029855498240
1253003715503706112
1252652706201849857
1252626710668939269
1252622396466638848
1252620422455201792
1252613985138065409
1252342356881244161
1252302953958051841
1252275938659913731
1250806538039693312
1250772200589795328
1250486398475546624
1250452135533260800
1250414400286199809
1250121736554774528
1250086605823541248
1249788534938046465
1249779350200877056
1249394435663769602
1248683937808990211
1248608776157982721
1248355308273127424
1247908237258772480
1247715695569371136
1247668695083737088
1247635617791565826
1247634735045791744
1247558272393117697
1247553439141421056
1247553408057462794
1247182740845473794
1246130801193955330
1246101970865336320
1245081894942892033
1245012109408206850
1244635266012372992
1244380604113793026
1244327628347228163
1244255508632125440
1243640344035631105
1243639420693217289
1243613390041464833
1243253664174792704
1243199955831009287
1243194104504295429
1242928601160388611
1242844933133938688
1242592180381855744
1242213259673055239
1241137184893276171
1241120530066964487
1241115086573441026
1241082251728871424
1241049777023967234
1240778612246265857
1240761391079964672
1240745085127536649
1240697504380801024
1240352505743147008
1240303371694866433
1240062993091760128
1239992930330447877
1239724118410493952
1239578924461502465
1238884168802750464
1238693496153935872
1238517541342982148
1238198211359186950
1238165540440551424
1238153842480594950
1238118293262794752
1237886958107385857
1237859056414412800
1237816249029099521
1237807889688989696
1237790537257816065
1237475580460912644
1237455977600909313
1237450537802620928
1237414903994073090
1237383860809281536
1237368580393652226
1237002132655669250
1236022294474043392
1236001223108628480
1235943963179257857
1235694416234459137
1235678968549740544
1235613136247353345
1235337364349870083
1235241439950499840
1235225991657787407
1234969147156520960
1234951065608577030
1234534066575290368
1233796965596569601
1233450755346063360
1233052955517095938
1232782912950501376
1232760090966536192
1232701221196255233
1232407214876495872
1232317422574723072
1230913376689311747
1230619488359452673
1230588074159157248
1229854390019936263
1229808860870909952
1229400155830587393
1228317721806413824
1228021473962610689
1227995283671388160
1227725064856129538
1227682229998030849
1227635575362138114
1227335626921566214
1227308890389458944
1227300526435512322
1227294631488053254
1227272903835758597
1227261273106264066
1226982187259564032
1225875327555076096
1225838303141879809
1225821844017754112
1225790509068824577
1225602830645571584
1225574131850252289
1225555375153405955
1225541769074499585
1225536503327154177
1225524176435503104
1225509046213586944
1225494599600349186
1225476893996126210
1225444314676891649
1225436144772558849
1225413984980959232
1225195330871943169
1225171336575832064
1225143912714711040
1225117243555663873
1225101016443641856
1224896122159861765
1224889171350892544
1224886747022139393
1224885066620461057
1224883133658664961
1224880786614169600
1224768273738338304
1224437208016310273
1223643717447364610
