1286058440490721280
1286035187533598721
1286030317279678466
1286003974634721283
1285978136799252481
1285967848502734849
1285954667453853696
1285703601789251584
1285692988405022722
1285678117722501120
1285656543459934208
1285629910208454657
1285593687255404546
1285576046633418755
1285377290688507906
1285349333995524097
1285308341569425408
1285291404990853122
1285249188901597186
1284518294423105538
1284484295554469888
1284189095284047874
1284181925951832066
1283860958130077697
1283842520011743234
1283800470218211328
1283767081457065985
1283506625941127170
1283456878429773824
1283430322152124416
1283405147855609858
1283402392126607367
1283142801711140865
1283134506669670402
1283125609732935690
1283083842438324225
1283062823787143176
1283053341682147333
1282836757843673088
1282745956816113668
1282709481957269506
1282703373117067272
1282686953851420673
1282660191704616960
1282441893759135744
1282029704766205953
1281709784392069120
1281687136031461378
1281677491682381824
1281664989305151490
1281645992429805568
1281333250766643209
1281332340225122304
1281299080405286912
1281291500312317952
1281282581611380736
1281282251360276482
1281264124320796687
1280937503810256897
1280932133977100289
1280916218589970432
1280895322273742853
1280849119062286337
1280632686827184130
1280616853015080963
1280571663239852037
1280544431985307655
1280260236176220161
1280213625068814338
1280166671051882498
1280151019402518529
1279916234650324992
1279393624963375104
1279127771428433920
1279082724385570817
1278818230967119873
1278757517611479044
1278736647622995968
1278724301185789952
1278443621306556418
1278436349041881089
1278425645492563968
1278375429099978754
1278367022171262979
1278348667536248834
1278337463396810752
1278328176771563520
1277996317751619586
1277980972030537729
1277958351985483776
1277762751281201152
1277736100749094913
1277669231807651843
1277613929292795906
1277611552175202305
1277377698910933001
1277275224870961152
1277025701611352077
1276982544647557120
1276636358514262018
1276620912154968064
1276595023337992192
1276514804132384768
1276315202812809216
1276300640646463488
1276226993915342848
1276210716790288384
1276197674044272641
1276175432547794946
1276152007204704256
1276152005451493380
1275914243842465793
1275858316535762945
1275858200378703873
1275858141624893447
1275838568049541121
1275819267313799171
1275805123411918849
1275549194292346883
1275503039017881602
1275495561181921282
1275458765693779969
1275437329092448257
1275140210205044736
1275097160187555843
1275088666071904257
1274824416384348160
1274736955025129476
1274462026702651393
1274371433163100161
1274107188798033920
1274063804670803981
1274009047272837120
1273720963499261953
1273700903980273668
1273673964469002243
1273661353304231937
1273649816954982402
1273649181752733696
1273361283669204992
1273337606462418945
1273330148818014209
1273298413543718914
1273262541142188032
1273020026631737345
1272977529624768514
1272977232932323328
1272935762351271936
1272924056640200704
1272622614230548480
1272584232427192321
1272575522896318466
1272570170796580865
1272557245423931393
1272555331990753281
1272287700129927169
1272232720652013568
1272232505379299335
1272232414232883200
1271925313958629376
1271839575523155968
1271578024580964352
1271566326499328002
1271530361357512705
1271526864436318209
1271484777774841857
1271144740843593728
1271132589647171584
1271113561394290689
1271085128081641473
1271069156100706310
1270858172782313472
1270853252523802625
1270830599305981952
1270807292901044224
1270735527902412800
1270729503397023744
1270512884129370115
1270482507314716675
1270386091384807432
1270120923195047937
1270065100297289737
1270037881105420288
1270008336902127616
1269388596814864384
1269381047336103937
1269282903105638400
1269081770516979717
1269076860912181248
1269019546985345026
1269015401020764160
1268968948411838465
1268956776168382475
1268908043913265153
1268907632770899972
1268628502108135424
1268594535912931330
1268565114740973568
1268564937372205056
1268333181918420992
1268301436615565313
1268262746958843908
1268222123736260608
1268208507251298306
1267915992593825793
1267878770595237890
1267875250341138432
1267823865863958528
1267619624377556992
1267554595456397313
1267501792398581761
1267078379032862721
1266876036727345154
1266761285376651266
1266465691462500362
1266438257585373185
1266430212482519041
1266405248417124353
1266142959126433792
1266096906855501827
1266073550353567744
1266071359827980289
1266000190684762113
1265804491347185664
1265803329550065664
1265757168659312646
1265707134018301953
1265701949913083911
1265700415850627072
1265686765962215425
1265664405339078656
1265385025853362176
1265375561918091266
1265347297132646401
1265316450648174592
1265291980344606722
1265283802655490048
1264919146661400578
1264315168600870915
1263960328582377472
1263912730613989380
1263911793044459522
1263892380886822912
1263872828270686208
1263872288878989313
1263849359415947265
1263848446521376768
1263848444327837697
1263809823843463168
1263604215911460866
1263603512006631424
1263568829793304576
1263568294516154370
1263552737410797570
1263541915057885185
1263521646540992513
1263500409190191104
1263480517665656838
1263466509596229633
1263280675542765568
1263213371312177153
1263196544175607809
1263138442428497926
1263117758482522114
1263108864507105285
1262854020328235008
1262788922402320385
1262787240830406658
1262757906174246916
1262518889314992130
1262505749705568257
1262479323707191298
1262453608374775808
1262439827590561800
1262391605404860416
1262144470398582785
1261790123093635079
1261777931056975873
1261468549295431685
1261405101828329473
1261392105907400710
1261338207280680961
1261333891115343880
1261324462345146369
1261300846454878208
1261088663871672332
1261040244197130243
1261024198161555459
1260989301216677893
1260970592842452998
1260955554811383810
1260698491707445250
1260689196680871937
1260673487506735104
1260657986323636227
1260633926198009861
1260632125709201410
1260631718052102146
1260596745760919552
1260560464075001856
1260551714375073793
1260547652082597888
1260525477640404994
1260344054778339328
1260321885562310656
1260276332493185026
1260272013555490816
1260264592783085568
1260263684787638272
1260217743841865728
1260035042295689216
1259984478631575552
1259960488559095813
1259947249070682115
1259940023593467910
1259880518587424769
1259864122239471624
1259843392525262851
1259638047588732928
1259520184391434243
1259218508619145216
1259173203068493838
1259134625974288384
1258835253633875969
1258830004529631234
1258783132721065984
1258783129311068160
1258517054279135232
1258477408438628353
1258472890841870339
1258472760541679616
1258447594780581889
1258441858532900871
1258419867226722305
1258405249041252354
1258395838591782912
1258388665312653319
1258202259785224198
1258146587563438082
1258140667106246657
1258104364490768387
1258079753954828288
1258075404713299969
1258048959127355393
1258042686206074882
1258034977515716609
1257792188009926662
1257749730806898693
1257728576469770246
1257707042300661760
1257688509009268736
1257679378563108864
1257437346867433473
1257431650696388609
1257391287516508162
1257344664199475205
1257332706733625344
1257306384187691008
1257303877633871872
1257295612023902211
1257128792985939972
1257082576088510464
1257068120394600448
1256988044093243398
1256976816256036864
1256705022961659905
1256365154083758080
1256320447764811776
1256289089244053505
1256288833118879744
1256276040843960320
1256265596724969474
1256237776393166850
1255995350327930880
1255955137555836929
1255931395668672514
1255924765640077315
1255914707602542593
1255858802907381761
1255606370176466944
1255574161600192514
1255540023602143239
1255539623524282370
1255533361721937923
1255504604227387395
1255270569488064513
1255245001447129088
1255150869793759233
1255133307760590850
1254888146438889472
1254865654093676547
1254822171152711680
1254774233458020352
1254774012455972866
1254524835079782400
1254126679485800450
1253768883238027266
1253750645137395712
1253716837348638722
1253479750955401216
1253447002014302208
1253399713514209285
1253357288666157056
1253031482953814017
1253008204503621633
1252994985110233090
1252975847839072257
1252749423651799040
1252721448239718403
1252696718862356485
1252666645073494020
1252622531636408326
1252614610500362240
1252351663710470146
1252267132303400960
1251938045764472839
1251256774914707464
1251218739489574913
1251175355358105600
1251162881082580993
1250966408114176003
1250916055112966144
1250896346531409922
1250846216545611776
1250816114701021195
1250559660790341635
1250518913991016450
1250456432912277504
1250430319779385344
1250207170110554114
1250152153425022978
1250097059493011456
1250086340831649792
1249788582014988291
1249765312305737728
1249743114660700161
1249351334014464001
1248748867752988672
1248692028424302599
1248662181664694277
1248602462052900865
1248595154971365382
1248547519719591937
1248401948119728130
1248369243235770371
1248347449590255636
1248296712361447429
1248003196687179779
1247970949967876100
1247943742868402177
1247931181242421249
1247898177249804289
1247611762519814146
1247591162766114816
1247567025414823938
1247563272527777793
1247556595422310405
1247556594596024321
1247556592981151744
1247518091552198657
1247257515739557889
1247235354681278464
1247162645628817408
1247159568423161857
1246951592949153795
1246243271824809985
1246158135280181248
1246115170088337409
1246096317648166914
1246022129436577792
1245815147802886144
1245806988006694912
1245790931032383488
1245721587229372422
1245696612330061831
1245478593259622400
1245473462573060096
1245425179381161993
1245395575832485890
1245374864770379776
1245121233387225092
1245045786666287104
1245013980185341955
1244727550141759494
1244613194158682113
1244016518893109248
1243942889098563587
1243647988628623361
1243582290216787978
1243545217241878528
1243533140322406400
1243344372755767296
1243282659553525763
1243251627567583235
1243218447342936071
1243199610367156228
1243166860004282369
1242907523285504000
1242848768707506177
1242829625367068675
1242546478809309185
1242496608022999041
1242444866887593984
1242438880785321984
1242224204830912517
1242197070263484417
1242194434445410315
1242158288353079305
1242152147803942915
1242138603133767681
1242132194920927236
1242115886611382272
1241878643166625796
1241731574091206657
1241424194472161280
1241175393777987585
1241141017786683405
1241005020419678212
1240759812457213956
1240754130890735618
1240726291072065539
1240661879715962881
1240650139389366272
1240287841038610434
1240027294296674312
1239976065294106625
1239972733414334464
1239648356668002306
1239645939696111618
1239628886331326469
1239593306646106112
1239593029389946881
1238693999994601473
1238603610000429058
1238578003489312768
1238576936533864449
1238572096541855746
1238566001610051596
1238135811830353922
1238134315592101890
1237849537751859202
1237504998973595649
1237465880503730177
1237026502732021769
1236044161205272579
1235961405335105538
1235682719339692032
1235582429529878530
1235578415257968640
1235300260546740227
1235270487061794821
1235240913921888259
1234870760419856386
1234533661896212491
1234528351437623297
1234511394911014912
1233476322602758145
1233422234661814274
1233201261647978496
1233199836750663687
1233155560503201792
1233056703853289475
1232681396457660419
1232433773796421635
1232400696332423168
1232005175189102592
1230931333175742464
1230553671475310592
1228062303968518156
1227992881597681666
1227757452042608640
1227644663831650304
1227322716518260736
1227315726492590086
1227281313222275072
1227274534488858633
1225893860129300481
1225862659578515463
1225846240363122688
1225800553566998529
1225498822786387974
1225482174301908995
1225171278224674818
1225170543638433792
1225163189303889921
1225110926661169152
1224897062896054272
1224894400033062914
1224892995998244866
1224886050138525698
1224884613815898117
1224880837587619841
1224878772559720451
1224872240560463874
1224705500970987520
