1285351248837967874
1285351247642583040
1284891247728046082
1284516359506989057
1284145158414643200
1284145156950757378
1283863378302246916
1283508025987403778
1282390771476258816
1280892600854159360
1280892600170549248
1280549329548214272
1280549328868782080
1280549328222933001
1280527689338826753
1280527688621588489
1279502126629208064
1279497472704950276
1279425035191693312
1278811000335204358
1278746942294679552
1278746941522878466
1277705139059593217
1275822324500045824
1274020565750288385
1274020562445250560
1273707856412409858
1273707855707885571
1273280754374541315
1272980146950193152
1272980146191024128
1272196752892997633
1271484943089258500
1271484942258712577
1270871216308527105
1270871214937030659
1270871213829771269
1270110526127902727
1270110525377183748
1269035600310566914
1266081347199807489
1266081346369224705
1266081344632885248
1266081342435049476
1265309378263080962
1265309377143230464
1264983019573727233
1264235139447402497
1263121013291835399
1262519673876353026
1262519671988912129
1262402033501560832
1262402030787866629
1262171121132191748
1262171116602298370
1262171113968349184
1261470748343926785
1261347424661987328
1260960740342726658
1260695678323429388
1260695677404884992
1260695676272459785
1260611615721959426
1260247678165934082
1259965523955236866
1259965522587852801
1258894192920707074
1258894191528206339
1258806373241978880
1258124844765413377
1258081935441747976
1258060541387509761
1258060538652884999
1257698936397201410
1257378928731267074
1257332336741531650
1255896389122502657
1255896387843231745
1255613831285334016
1255190247366889479
1253783091786797060
1253783090377510912
1253769473447862272
1253463049022967811
1253359426486112256
1253359424573489152
1252983752201994240
1252717366645063690
1252717365634256898
1252717364724019200
1252681208036761606
1252267142545846272
1250830768051499009
1250830767288127488
1250830766528958467
1250522626268766208
1250522625337626630
1250509766390157312
1249837722098970626
1249748107480399874
1249400879586906118
1248756193176309762
1248756191905398784
1247935570208268289
1247935569541423104
1247935568652185600
1247656686606835715
1247656685281390602
1247264192329134080
1247214444465336323
1246242333449785345
1246132759363563522
1245741215670206470
1245741214902738944
1245397765598961664
1245007409392877575
1244719593064710149
1244684790080602118
1244650749512110085
1243626540908318720
1243330392905703424
1243253744588017665
1243212002694246408
1242993603154239489
1242835510759952384
1242579369807273984
1242500877589590016
1242162432673492994
1241789992667697153
1241731960759889920
1241452555416342529
1241452554048999427
1241150003202207744
1241018731754553345
1240720565884813319
1240714739581431813
1240639800719351808
1240405400886947844
1240405400123510786
1240355400630878209
1240337136731271169
1240029983017500673
1240029981771730949
1239986276130045953
1239712355157782528
1239711847063961601
1239701864196853763
1239653107715506177
1239325028350558211
1239283944287358976
1238691124065247233
1238691123381575681
1238691122735656965
1238613566187622400
1238550449734782979
1238238559615713285
1238183670827057166
1238149809564983303
1237823449005002753
1237793338046152705
1237369968091705349
1237072594508996608
1237033446683348997
1236754311251664897
1236368142324109315
1235979385221582853
1235979382776307716
1235736190046932994
1235736186016104448
1235716949465878530
1235338347247259653
1235308451007549441
1235308450147717120
1234930008151482369
1234886049421287431
1234886048334958598
1234886047588397057
1234605735692115968
1233807896636297216
1233542900429934592
1233447025208897536
1233182274041995264
1232715232734302209
1232478386087350273
1232349878682095620
1232349877033717760
1231321448523784192
1231054814890512385
1230596404864679936
1230210291964796928
1229194497726136322
1227996953428013059
1227297498001072129
1226917828944711681
1225879240274513920
1225218060103094273
1225177624902819840
1224783387870879744
1224743809717874700
1224476157438984192
