1286059803828203528
1285701231822934016
1285311817636622338
1283416414179786757
1283176759215697921
1283166012398096389
1283140740416249857
1283038791716884480
1282756114107506688
1280608024684625923
1280598048968716289
1280276592422461450
1278389405456011265
1278006780472242178
1277954328318353408
1277735290241761282
1276595887461019650
1276315793660301312
1276271208749830145
1276233151644422144
1276214570156265474
1275469163230887938
1274050566180745221
1274032536142983173
1273648259542724614
1273300428676042762
1272929931954212869
1272921752138645505
1272627206364319745
1272553450820136966
1271209847606870017
1271196761101668353
1271183288800096256
1270447885067444224
1270403380154904576
1270368553246568448
1270064550763626497
1270039636770009088
1270031654447468547
1270020088129826817
1268288575663112194
1267953208674209794
1267839562291785730
1267839561314566148
1267154878490710021
1266790297339650048
1266780750004846592
1266547605737259009
1266497784213094408
1266482829426384897
1266406438332760066
1266406436969594882
1266406435098943488
1266104708483231744
1266059159662813185
1266016148438552578
1265798291826016261
1265733424184274944
1265645620263600133
1265465580838141952
1265310329430585346
1263528153173155842
1263520639601836034
1263497498670268416
1263492294071779339
1263468159601913859
1263235552905621504
1263167403120381952
1262490519264997382
1261470397138116614
1261436959949496326
1261080510878699521
1260969580022956037
1260706388348506112
1260662193550495744
1259977836892311553
1259965385710936064
1258834312050479138
1258024623108734977
1257960801807278080
1257771222290567170
1257766801406033923
1257680392460607488
1257671793743142912
1257429509076377601
1255993583573913601
1255973481293979649
1255582374101839873
1255562008868671488
1255496235412336649
1255240222985588736
1255160960437964800
1254037947525017600
1253796355555897344
1253791203289677826
1253773282790252544
1253773173474066432
1253733944559841282
1253715825313243137
1253706467154296835
1253702738795528193
1253687639095590912
1253680565863186432
1253448472113541120
1253435467220959233
1253433621744021504
1253365266907619329
1253352246147940352
1253055146705158144
1252673357377568768
1251228572360065030
1251186892911063043
1250851007648665601
1250835867096231936
1250802922214096898
1250512376274747394
1250430732016599041
1250413982915203072
1250052810667970561
1250050700526202880
1249090173398388741
1248728015279923201
1248628556801945600
1248286112512126977
1248286111740432386
1248286110951845888
1248286110125625345
1248238781620158464
1248030361960853505
1248009726023086080
1247989021172731905
1247981705845248002
1247518657124732928
1247216205527691266
1247208698180587521
1247177001036906497
1246504114911150080
1246203324107374592
1246191863419281416
1246108770545160193
1245792438570139654
1245782069982244866
1245758027321540609
1245489871986151425
1245468601462722560
1245432384117510147
1245086141512060928
1245069748611813376
1245057064935792642
1245034953211084801
1245021886611939328
1244990766734135296
1244687021580394498
1243924165926715394
1243598352991817733
1243598352194981888
1243598351385473024
1243598350357798912
1243551565362929664
1243221173061681163
1242981163188334594
1242917070263721986
1242889995091726337
1242879062382710786
1242830851269898240
1242798390200741888
1242599032956035072
1242580495440982016
1242580494480531458
1242580493549395973
1242556333829865477
1242532384953819137
1242462492116365314
1242233731068329986
1242197586053926918
1241482352389427202
1241454535119269888
1241115800229924865
1241013548450484224
1240996894958067715
1240745653858377729
1240721547373010949
1240661470251278336
1240661469240360972
1240646123003527168
1240392105698131969
1240270139754455043
1240013789191430144
1240005977765707776
1240001461976694785
1239940006438977536
1239669082770886663
1239623718659391491
1239576723919962113
1238841704662421504
1238841702724534273
1238538344516239366
1238538343547383816
1238506918643187714
1238506917712011267
1238506916894162944
1238179029511024640
1238179028810506244
1238179028043010048
1237758387233964033
1237511674703138817
1237041463613063169
1236785037732962307
1235973418647867393
1235322848861925377
1234920926543826946
1233523992813850624
1233096190457253889
1233019861695127552
1233004722208092161
1232710359296901121
1230584223683227648
1230214306953822208
1229118245052878848
1227698446032887809
1227625904567980032
1227351901332758530
1227264385753767941
1226987451685707778
1226200972227162112
1225886954497159172
1225864305649836032
1225836025861242880
1225180936423313408
1225154628871954440
1225118544767127556
1225074647609290753
1224819294376288256
1224005004492791811
