1286038647456911360
1285922631183732739
1285599702948487169
1284437734841614336
1283911865798660097
1283015429934522373
1282797835453444099
1282499408660135943
1282093167840505859
1281656240742047746
1281326335588212736
1281296420960641029
1281037527730847747
1280848507797155841
1280640237660712961
1280568397672124416
1280222488841109504
1279498399906238464
1279185592962691073
1278486090064805888
1278486064873734144
1278412293517332480
1277936610642931714
1277735981811224576
1277723313356320768
1276530069297672192
1276144137851502592
1275898702851444738
1274697828959432704
1274499336328617985
1274068109599612928
1273817314484539395
1273262492622389255
1273069548460298240
1272918937093771266
1272586462211571713
1271944556360208388
1271082624044478465
1270833488296624140
1270761907746717697
1270517328615276545
1269335173046382600
1268949166878871553
1268638093604786176
1268333642738290694
1267870338123206660
1267870336076460032
1267523392497909760
1266463525096038401
1265649853994016768
1265030608947945473
1264903961426960385
1263900671847403521
1263405262901317632
1262495671371870209
1261679813707862017
1261401102232227846
1260952084763074561
1260262790708764672
1259584904918073349
1258900540383256576
1258402675349229569
1258037839981424641
1257631317207986176
1257301168398753792
1257029853897011200
1256321960088227840
1256203246009495555
1255944196759924736
1255643919444070401
1255487008220295168
1255149619614375940
1254854883208921088
1254189475502178307
1254036260018180096
1253353541361680386
1253030095205384194
1252735297101664256
1251224011079639040
1251131575372308480
1250789398234517504
1250235266457092096
1249742235807223808
1249379506680406017
1248423361660649477
1248246768552169475
1247671253357518854
1246135001483218947
1245723045857308673
1245329689872338944
1243543502354624517
1243156278807068672
1242143049926545409
1240302316764508160
1239605555704016897
1239222769931489281
1238769060185341958
1238397926281564161
1238150836615811073
1237843129408999426
1236490636389482496
1235952378521808896
1235628531931131905
1233052905172803584
1232741650507714563
1232440288406163456
1231628852268609536
1231356523806412800
1231211597995134978
1231010493457891335
1230570204138213386
1230506494497521664
1230323588827316224
1230226699238940672
1229515838123847682
1228414693456388096
1227406088401760256
1226232584256020480
1225809411400249345
1225396483995963396
1224828357155737602
1224675486049107968
1223672204119945216
1223439263615934464
