1286041314409295873
1286037120537305105
1286035948980056065
1285746960985661441
1285691333362028544
1285373039035719684
1284976643992322049
1284976382217510914
1284973085242920965
1284657780402659328
1284570497192210432
1284569473127788544
1284522403364769792
1284456366606778368
1284264677736886276
1284223886100439040
1284189140121202692
1284137651608653825
1283904559409180672
1283897946484998147
1283896838861598720
1283858152597991424
1282302690660429824
1281731522253520901
1281725969892610054
1281339451692679171
1280977738464100355
1280966820959264769
1280932614250127361
1280834961516486656
1280663499698515970
1280655072448348160
1280643526632648705
1280641289059471361
1280604160774352896
1280553837573681152
1280505192904081408
1280339734443823104
1280337604022583296
1280321869099552769
1280273084847722496
1280272597025017857
1280271225676345344
1280248707611602944
1280205767631687680
1280205766583029760
1280205765253443596
1280205764175499264
1279523137466568704
1279463309155147779
1279461449535012866
1279414624761393152
1279391171899424769
1278845751100157959
1278715427649138692
1278527147527811075
1278476276983103489
1278363154976833536
1278075474154004480
1278034535503011842
1277719709547454466
1277717675087724545
1277689473581580295
1277060478104145920
1277057259986735104
1276975631503327232
1276947982626304000
1276945460637372423
1276894685932457984
1276161634680156161
1275958015678709760
1275861292792905732
1275601650045108226
1275600373626089476
1275586903505612800
1275586547065270273
1275581039495315462
1275576732687437825
1275576334308294658
1275556733058981888
1275271051526758400
1275257198617284608
1274823613779189760
1274820624272240640
1274531039256469504
1274446560127041539
1274175789622329345
1274067201012781056
1273949701331652608
1273946852459720706
1273944230881263617
1273223542558068736
1272349488515092486
1272278163251437574
1272165876712779776
1272148075612692481
1271186654389317632
1271185417753239552
1271183805018255360
1271163425150959616
1271163424337211393
1271151324223201280
1270670898580856835
1270565323696209921
1269836771715698688
1269405347934076930
1269400683960246278
1269334440662249478
1269315864484077568
1269122725194465280
1269106785148862464
1268593994847727621
1268523524001615873
1268500722901024768
1268359687713554433
1268304665709592576
1268303557863882752
1268302582805602306
1268302525431767046
1268301988305031168
1268013011203129345
1268010020291174400
1268009544136962048
1268007983222591494
1267996468218146819
1267994256276426756
1267994120733306880
1267991370368782336
1267989395392643072
1267968306037903361
1267966197984886785
1267966197200543745
1267966196323737602
1267966195422171138
1267966194377785346
1267884812163059714
1267884743275810816
1267880202128035842
1267879146027433985
1267878235758616576
1267868858234425353
1267844249929887745
1267575230509330434
1267406125206507520
1267275401686106112
1267239584485838848
1266750819896041472
1266174967340818433
1266170661011165185
1266122460379992064
1266093793432010754
1266061956886212608
1266046738688868353
1265833086731902978
1265824053941633024
1265820344587366402
1265816049242574857
1265812624337506310
1265810656797876235
1265810326190243840
1265809772487507968
1265808478838362116
1265808132195913729
1265807697200414720
1265807056734478336
1265805844047855616
1265804708322717697
1265801602084061186
1265776525040893953
1265772940467081217
1265772078306865153
1265770291659227136
1265770247182864394
1265770041523556352
1265769877165477888
1265761728605945860
1265761631411339264
1265753939192004608
1265751322554499073
1265750201173774336
1265748982921191424
1265732829390004229
1265629481139568641
1265598160279408640
1265319368109502464
1265318407282528257
1265309178438078465
1265114580180783104
1264170188129402881
1264023212804972545
1264016584852602880
1264011801353748480
1264009646009876480
1264004571250200577
1264001325878013957
1263273336286728195
1263098459952943106
1263071150504062984
1262936741972975618
1262936081697292288
1262874772557328384
1262213174675333123
1262211495808700416
1262209123388710920
1262039826502737921
1261742757854535680
1261693134200803328
1261692728531996674
1261662183978610688
1261641609181102080
1261640873500184582
1261500255985635334
1261499233573711872
1261495031489232898
1261494983963664385
1261478528312360960
1261477374459285518
1261474716491100160
1261474433031712772
1261470102525968389
1261375592554881026
1261374044860907520
1261245076690423808
1261036448125300736
1260753762731331585
1260752381215678464
1260739111394193415
1260730150028824576
1260713966835314688
1260711818194010122
1260699863332917258
1260698345770803206
1260696460661792771
1260696158747398145
1260681124407324674
1260680623255060482
1260680545861804032
1260680211932352512
1260517892963086336
1260441114110300160
1260440724748763136
1260439373079875590
1260187835044376577
1260002847619518466
1259944178542411776
1259803171918155777
1259590826604113920
1259589437228486663
1259519834213298179
1259475639012331521
1259325677783973891
1258937325184266242
1258866081588023300
1258860652128620553
1258859926367145984
1258858835646787585
1258800474385297408
1258708393042345984
1258577373651484679
1258574824999456770
1258573633640947712
1258568628527599618
1258567949474037762
1258567373235326976
1258564879704866816
1258563934942085122
1258563232081551362
1258560420157292551
1258533892505534466
1258533669259501568
1258530573246533632
1258530354199064576
1258529151717261312
1258528672547368962
1258527790795636736
1258527400930893824
1258526678382338048
1258209264507764738
1258208745148030977
1258191561923444737
1258144140086345730
1258143653979193346
1258143543819812864
1258136313477369862
1258136068907548673
1258135980651024384
1258065854442455041
1258065825300447232
1258019371135401986
1257864974501847047
1257860841006927872
1257850906806280193
1257846975225106433
1257845048231804928
1257659100479074307
1257501663860006912
1257476979370196995
1257358075293503488
1257350418079920132
1257080154460995584
1256928923511934976
1256918223448084482
1256300553631666179
1255882960944992256
1255869331721932802
1255840722479177729
1255790094071615494
1255728931145043968
1255690126166036481
1255686299761217546
1255459191751413762
1255443727729991681
1255443353044467714
1255439442065731585
1255437917524238338
1255331023782625280
1255281877893644288
1254459994839400448
1254355914271965185
1254203701205577730
1254191934693933064
1254187316828135424
1254178306955644928
1254175470276546565
1254175260297084936
1254010059513888768
1253826957088718848
1253653170288549888
1253648700255150081
1253515218443030530
1253481936342994946
1253474494150303745
1253452800312344581
1253371944709349378
1253371836672479232
1253371776291176450
1253371511387443203
1253371305480552449
1253324623850041352
1253143303811366913
1253090403097751552
1253090092618522625
1253062228582043656
1253059184473579521
1253053841420898304
1253043010100695040
1253034768591011846
1253034767638921216
1253019557196857352
1252787849516265474
1252712501587869699
1252712131402895362
1252711905116008457
1252708566856798214
1252702059440160768
1252688214608969728
1252688151480537088
1252687523379281924
1252685776669810689
1252685755182469120
1252681844782518286
1252681624900308994
1252681559154589698
1252680831988109317
1252672427328331777
1252659619731697665
1252645565638356997
1252577075686506496
1252450800099614721
1252254065221869569
1252220115980083202
1252194340845346816
1251868727588589570
1251628265162366976
1251565508484304897
1251501600901943297
1251313751959252993
1251200463598424066
1251125441102053377
1250993796462137345
1250923345299660801
1250572295388758016
1250548732640157697
1250453432797888512
1250453431111860224
1250453428880343040
1250453425764122625
1250453424702963713
1250453423461367809
1250453421477462016
1250453420294713344
1250407788100161537
1250239993076989954
1250217085457903617
1250206299075293185
1250200026149683207
1250198381072441352
1250081192319365121
1249710590312005632
1249364150524039172
1249052617931730944
1249003749726699520
1248995626039357442
1248447265821294592
1248444620956196864
1248345231252246529
1248344129291145216
1248305773043691520
1248100399107772418
1247649088021172225
1247484348221263872
1247477088518627328
1247345180077948928
1247344398259621889
1247222858499022854
1247222857496530944
1247147694105268226
1246764857715765248
1246596227468333058
1246566454385872899
1246564955274522624
1246564272316059650
1246559289692622848
1245836098858823682
1244783780054700032
1244349272839131136
1243972945300598786
1243729932297134083
1243724302303866880
1243723439992705024
1243586099714408453
1243579133042581504
1243554656762109958
1243553160377008131
1243489260319236097
1243367673339076610
1242827802027515904
1242816155108216832
1242799060555366400
1242631787995684864
1242614121910206465
1242535847053967360
1242268244993597440
1242267913236688897
1242266782263652360
1242266478575050752
1242252617092419584
1242152422731960320
1242148989492801536
1242141016884490245
1242138795392135168
1242138280587599872
1242129522394357761
1242126441145348105
1242075044135780352
1242064595461836800
1241866709503479812
1241465450594172928
1240033004623482883
1239999376107474950
1239707887959715840
1239581692408532992
1239580571908653057
1239350901166485509
1239350650288422914
1239341473746862080
1239014840288624641
1239014721560416257
1239013011974696960
1239011732082827265
1238965683402215426
1238963543111761920
1238963039787003907
1238961942292725761
1238920977855270914
1238867333730439170
1238859307992612864
1238859015955918848
1238857348443144193
1238599559401607169
1238554483866681347
1238295157335875584
1238282336954994691
1238281152927895552
1238280616812130306
1238275016904622080
1238229137850085376
1238229136600174599
1237925115012276224
1237916052585172996
1237849134670856195
1237843139039121408
1236338172486918144
1235889892816809984
1235385052684566529
1235375580079624193
1235258907913785345
1235248429326008322
1235248427518382080
1235192905637261313
1235171489097420803
1235154201023598592
1235047489792659457
1234616073527463944
1234615617539526663
1234521439765696518
1234088815200997378
1233520719868440578
1231749705975128064
1231743551945527296
1230971814232428544
1230324969437040640
1230299795430002688
1228137176124227585
1228058030597693456
1228056558870945792
1226730842988388352
1226730329337192449
1226690650130780163
1226652546506293250
1226646838004142081
1226518548954128386
1226225577411125248
1225979612351561728
1225935422385246209
1225928240587575298
1225853493031972865
1225832959057502208
1225811361789247499
1225486551813165056
1225478026428919808
1225453837785452545
1225437494923157509
1225250986517843968
1225195281307914244
1225164833055703042
1225039169573048320
1224922241462349826
1224916675486736385
1224898750054850560
1224893975108227072
1224536817887776774
1224442216308854788
1224170125424844801
1224063775885664257
1224063172048498690
1223638150838472704
1223396506931277824
