1285999340981559302
1285990328986738696
1285952097708584963
1285665030290190339
1285608729883410433
1285567656981078024
1285339642515132416
1285308879283392512
1285239565557673988
1284888620420276226
1284503042973474817
1284217851356884993
1284164965440598018
1284107696153735168
1283408985337536512
1283115099104980993
1283074303727206401
1282814341113417729
1282784997452251144
1282734084117213186
1282669768403820545
1282376015449292800
1282326319003574276
1281740805883990016
1281740804957048832
1281740804042760194
1281684434585092097
1281588945214726145
1281575306902622210
1281352073339166725
1281243374029324289
1281243372762599424
1280983122344058880
1280960509521604608
1280884936791252992
1280639357116973063
1280549584029220864
1280513823481434114
1280245061045882883
1280218656652300293
1280147020976701440
1279457248360697856
1279087287997997057
1278808594750877698
1278736937268936706
1278701966810644485
1278681264564862982
1278494675813502976
1278430207448358915
1278373995990188032
1278351895405494272
1278335783355781121
1278028033098690560
1277969335110086657
1277709623970144263
1277661802395054080
1277611721516032000
1277605817907322880
1276964925127241728
1276606238491643909
1276246266641604616
1276198210609037315
1276172530525655040
1275840665956597765
1275833351455346688
1275818261742071810
1275799146616717318
1275777040747290627
1275539087752155137
1275489267935035394
1275434800799612929
1275226244775325697
1275123751059890178
1275056975143931904
1274022893631004672
1274001247486586894
1273996461005553664
1273724959483990025
1273694467527188483
1273650862062174209
1273638852398387201
1273465838331465728
1273428434094641152
1273428433360637953
1273428432693735424
1273428432085569538
1273343807262789638
1273308807855251456
1273301976214835201
1273266898105401352
1273008640497274884
1272933328614756353
1272933326601564160
1272933320410759169
1272933319433388037
1272686421023784965
1272546122331013120
1272530350670073856
1272281331368632320
1271475681088671745
1271152071581016066
1271134604624363520
1271115448835284995
1271090472497426433
1270825890759442432
1270724729326862339
1270706715214909440
1270463125918228481
1270454109070639104
1270358314744975360
1270088710990766082
1270043243414269952
1270008845750976516
1269667988682219521
1268947622326394880
1268899067058413571
1268607239583158273
1268594241980203009
1268563394937917441
1268180505725370368
1267831288804892673
1267594552778674178
1267593338296905730
1267469842837377024
1266447303558270976
1266424460770492418
1266376311322230786
1266115362657099777
1266086811522269184
1265993304912670721
1265819011448819719
1265654700646502401
1265643155417903111
1265447559306317826
1265337692285517828
1265274822071812097
1264948433309380610
1263978228382826499
1263910766295560192
1263883320557015045
1263568265944748032
1263548329688006659
1263203619274395648
1263144911009955845
1262917585487769605
1262898783802798080
1262868328210726913
1262862515102453761
1262784660649783297
1262743199648366593
1262557355981635588
1262437767738544129
1262398308099686405
1262133421213540352
1261435917987770368
1261390598759518208
1261309286669484032
1261303383966826498
1261016152634949632
1260954603132198912
1260745377306853381
1260701598210240516
1260684530211569666
1260627686654980099
1260572917437542402
1260288489389768706
1260183458141396992
1260179688988839936
1260022452622462977
1259929555055316994
1259875483036127232
1259217826507829248
1259166410753933313
1258865018990444545
1258788072134754304
1258782325707624449
1258552425465577474
1258510929798430720
1258470445260705792
1258465090636038144
1258458796080476162
1258412834700038152
1258103609763512321
1258056073740763142
1257813096707641346
1257705224887832577
1257671016920354817
1257394874090958855
1257348202858270722
1257324039996977154
1257316193855143940
1256998601621995527
1256365342059872256
1256332386138112000
1256258441498316801
1256019987178745856
1255919566993186816
1255916343825707008
1255846864253063168
1255641837529956352
1255528099988504576
1255489399057416199
1255262040450633728
1255185385774370819
1254904177852997632
1254833862619942913
1254774339527835650
1254092608500105216
1253712486311825408
1253471647211950080
1253365642624983040
1253359058939260932
1253317885809885185
1253118351901065216
1253022700852969473
1253017790748987396
1252991885687361536
1252962764471111680
1252628204080242689
1252253792898293761
1251905902006931459
1251281476618014720
1251246297966948359
1251174597736759298
1251138746248048640
1250909308113563649
1250890449545551878
1250810508179095556
1250493885240967169
1250420389886320643
1250222112570314752
1250213918728994816
1250150020713721856
1250112112367730696
1250068783324069888
1249724186358157316
1249359313564504065
1249029000418254848
1248725750934536192
1248670383286497280
1248670237093965830
1248356118239338506
1248334545537171456
1248298290967384073
1247969346154106881
1247570996472750080
1247281155847716864
1247150002167844866
1246486013276499974
1246448961512189957
1246073479805321216
1245807600836456449
1245777890094075905
1245765055318315009
1245460959549894656
1245418691728203777
1245375721947750402
1245114631955324928
1245062610762022912
1245023340017917958
1244985271285878794
1243936201473654784
1242893845509128193
1242888469040545793
1242534293697695744
1242469024694439937
1242177216148111360
1241406390465421313
1240746956831539201
1239643496623083520
1238571631326396419
1238528946494476290
1238505109925122048
1238177443300720643
1238111398829477888
1237910774632366082
1237890372535111680
1237840397902077953
1237814561035747329
1237754534673502210
1237746365804969984
1237515859708514304
1237419875682877440
1237393473554153472
1236104521715257345
1236046102627004416
1235953693146648576
1235638398196387840
1235568749127835653
1235564056259334144
1235306945864663044
1235255731697442817
1235252825707421697
1234967280053899264
1234873141920489474
1234603099106553857
1234532560136548352
1233499231073316866
1233424822799142912
1233148228511641602
1233134215027462145
1233061763551256578
1233042842634899458
1233023922888728576
1232686838864846848
1232434555249885185
1232431335270162432
1232380885011509248
1232319102523445248
1232018292568723457
1231998672981954560
1231252562055237643
1230978919169429509
1230550849958662144
1230550511058849792
1230160511678984193
1229475380773445633
1229138588148883458
1228828324111278080
1228398343782649856
1227995634533269506
1227968366524194817
1227626865189363713
1227314531367563269
1227284042917257216
1227264915473346560
1227257502393339904
1227244962338787338
1226951480915234822
1226894253126713344
1225796376447135744
1225555028339023878
1225170499476631554
1225108037687562240
1225061899240341504
1224897122606243841
1224894697916829697
1224889335645949952
1224881257437442050
1224767733750992896
1224754005076848642
1224470043444031489
1224457514319659010
1224350602689425408
1224082732462067712
1223635851185414145
1223461987482578944
