1285706222914674690
1285651111832100871
1285605342517145600
1284631425547997187
1283907700972298240
1283503415763644417
1283223576661950466
1283120908685672448
1282739247691304960
1282729499742949376
1282070246019473408
1282048450981486594
1281672531582296064
1281255824619458561
1280885275510616065
1280554607211687942
1280288971474509827
1279424258029105154
1278816273732980739
1278338305290100737
1277964440185434117
1277779851177582592
1277758568566005765
1277707329950097410
1277702863502835714
1277637060820639757
1277611626586349573
1277608625708679175
1276608019976069123
1276535853976862720
1275958460514009088
1275957597800214533
1275879522580279298
1275868524452462595
1275121485431148546
1275121267239247875
1275073832865288192
1274746616881319936
1274486363866509317
1274104441025765376
1274099996103790593
1274085517437669377
1274025656301559808
1273969251825537025
1273969244762451968
1273969243315408896
1273628479553253376
1273628478546509829
1273628477351223304
1272905494194270208
1272690468749484036
1272690162234003456
1272642860551208961
1272305118533255174
1272199708878962688
1271609208660807680
1271104313784438786
1270790425163505666
1270710740899565568
1270095616220291075
1270093421643005952
1270016982725820416
1269687412961218560
1269343202370256897
1268919293841940481
1268607897283579912
1268599152490971136
1268593013988581377
1268589812593852417
1268203277377773571
1268190148270985216
1267566251720744961
1267563455902633985
1267541253425631233
1267540474673455109
1267482949567549441
1266834777702912000
1266504715849945090
1266504714583228417
1266425025445408768
1266419865310703619
1266131734241910790
1266098506097442817
1266020646460575745
1266020624218173442
1266020561802670081
1266020065817907200
1266019879263625216
1266014253028425729
1265808137149440000
1265801206288584704
1265773319816720384
1265664019173724167
1265370005421596672
1265330769184112641
1264958038823383044
1264613836163817473
1263842110232563715
1263135494793236491
1262820877063933952
1262775776765710337
1262417304589131778
1262416252934533127
1261721452266618887
1261416766376497152
1261416765420118016
1261416764178497536
1261330647261601793
1261105372208693249
1261019062173384704
1260676667275698176
1260648484941651968
1260602148771020800
1260565372996136960
1260311710063374338
1260265031536717829
1260259367301124103
1260257728074788866
1259924639649800195
1259489695496577030
1259314125328523274
1258841471274418176
1258819260991844352
1258466359035428864
1258426040046759936
1258416882631180289
1258416740498903047
1258408827734679556
1258138653836087304
1258064391804682241
1258060389989965825
1257440804211175424
1257392734396129282
1257386993241243650
1257310790194835471
1257106042393157632
1257042968139239429
1256684354337718272
1256389421944930304
1256334432497045504
1256312467401011200
1256304975065440256
1256303262241902600
1255951850987274242
1255912721847136256
1255912720437821441
1255863771819577345
1255597579783548930
1255596875840962560
1255555975827861508
1255240153087594496
1255214651102711816
1255154604414820352
1255139997394407427
1254883052733501442
1254856614902820864
1254852703554957312
1254780529892659205
1254778584146690051
1254572008400211968
1254426501308723206
1254196669228482560
1253786845932027904
1253733281415249920
1253694007844225029
1253693825769517061
1253457355494350850
1253390618031804416
1253367266818904067
1253321891093176322
1253045604810469376
1252997154018385926
1252965287638503424
1252713109598416896
1252597646981763072
1252320165649408000
1252316926262599680
1252316611937173504
1252284274298028038
1252281936308994049
1251594449743986689
1251244489768947715
1251239278119653376
1251239186851561473
1251194051807916033
1251174426483339278
1250893930301882368
1250816621398106112
1250792110837714946
1250791075851251712
1250494886421422080
1250489664454234123
1250455875262783489
1250175197581324290
1250110739584557059
1250093670348529665
1250093318526164996
1249842302232608768
1249723085114179584
1249717252930371584
1249716811232395264
1249364137433616389
1249069556037046272
1248732482591010816
1248684307582984194
1248656094337040392
1248655970970095621
1248365877617217536
1248356017940975617
1248323525368315905
1248315758603624449
1248264136271822849
1248257833210195968
1248252304320614400
1248252257440858119
1248252211672555523
1248036533518680070
1247973960144338947
1247920889506775041
1247920642445451264
1247916442932187137
1247583056774467585
1247560415506247688
1247555782423568385
1247535840663752707
1247329953739407361
1247329319543869446
1247232353468141568
1247216773096779776
1247199686160797696
1247176211920551937
1246490282054635521
1246490281102491648
1246200720468172800
1246191006401409025
1246126388014387200
1246103482324717568
1246081746317254659
1245842529926479872
1245841776344281093
1245824883231203328
1245797053097283584
1245418192262049793
1245141696800751617
1245038617556398080
1245027316956364801
1244763181026811906
1244763096662650880
1244705213287665667
1244667372444823552
1244079915491827716
1244009593145102336
1243657736149241857
1243618857916477441
1243598218363113475
1243555186163036165
1243273896578682881
1243247970343997440
1243224570422800385
1243190403010101249
1242893232419360768
1242891593503453185
1242891591355957251
1242498605409357824
1242498472944766976
1242478894088929280
1242461170897948672
1242453611088687109
1242238947067117568
1242193977752858626
1242177681455792131
1242176364901535744
1242158173127159813
1242120477352628231
1242095873489764352
1242094751928680449
1241754909340585984
1241071871937871873
1241034715563425793
1241026332802383874
1240736165579370511
1240731303546421248
1240692941909180418
1240692938872459266
1240687603176714240
1240419251225321472
1240409623846412289
1240409622546087937
1240409620646187008
1240392013708759045
1240391760532115463
1240391593326186503
1240364773654573057
1240319031019790337
1240316707811528704
1240315893957132288
1240311199717363712
1240086536739328001
1240026275219222528
1240024923101372417
1239946649079873536
1239942185753227266
1239927058370887682
1239726960672202760
1239674455468716034
1239673675424632832
1239672286623514624
1239660267702714373
1239591145702862848
1239258721898958849
1239256170973532161
1238698159603400705
1238520915404652547
1238498360522407937
1238496277794611202
1238188117238132737
1238188116206399494
1238188115107422210
1238188114176286720
1238126990697402374
1238126989724340224
1237857838854049800
1237825320201453569
1237529521210789889
1237134407644962821
1237100491789795328
1236393395951632384
1235976599213879299
1235976597825638401
1235650622961025024
1235601661814505472
1235318639319973888
1234959962339717130
1234890026976239618
1234871380753211395
1234851515338231808
1234525456101257217
1234494165381197825
1233424686987476994
1233424684458422281
1233135810213482496
1233125504640856065
1233060907871326208
1232774650918326272
1232683979108732928
1232456908612808704
1232423706330353664
1232423705071976450
1232331964876820480
1232063810900578304
1231988081139560449
1230875607816384518
1230620475967115269
1230571823235944453
1230529032707616768
1230522047446605826
1230245965870882817
1230174745049604096
1229856014817792008
1229852538918375426
1228403434841395200
1228341403970920449
1228091480482299905
1227698179744903174
1227318049730170880
1226946054098161664
1225913207363166210
1225454356922871814
1225184810865451008
1225147081784025089
1225117891785306113
1225117890208260098
1224909795532120067
1224909216139399169
1224896118129074176
1224894459239976961
1224892722428948483
1224887948916686848
1224886811652169728
1224885885793185792
1224885010634870786
1224883465260281857
1224881249229123584
1224878390525775872
1224873614798921730
1224458738729398272
1224102128899297280
1224044816406761472
1224031715599011840
1223702898384740352
1223702743212339200
