1285693551662247936
1285643524558467074
1285643523845492737
1285313272728686594
1278673875145052160
1278673873823817728
1278535378622963712
1278480221604323328
1278476188340695041
1278441014483615745
1278404465125720067
1278378441121894402
1278365588415545345
1278343490510950400
1278332861268013057
1278329369459666946
1278327575769726976
1278327382567464960
1278325365417676800
1277961573752098816
1277744203066486784
1277612503548166145
1277612502491320321
1277612501472075776
1276520307361222656
1275134972354052098
1271427876416561153
1270700236495781888
1270700235149451264
1270447272329981958
1267520104138448897
1267520102494322689
1266146463467397123
1265803811077197824
1263545867962920960
1261472381937299456
1261378952125448194
1261055524805754880
1260567002684567553
1260566886095425537
1258821641175478272
1258803471853277184
1257385640922136580
1256988396037210113
1255965282998288386
1255845747683098625
1255143976534867973
1253450663385804803
1252389421531320320
1252389419165736960
1250783338853474305
1250783245974863872
1245756137863024641
1245756127918403585
1243629003401019393
1242557348658503683
1242557254311829504
1242176107581001730
1241081043622539265
1240734566039650306
1240701529113407489
1239940638013042693
1239577338943361024
1238575877119709190
1238467907123847168
1235957819482005506
1234872680391770113
1234822451357474818
1234822388522590209
1234822312060444672
1234821774342225920
1234487471934754816
1234151779467694080
1233144558629859328
1233087875748704258
1233028586178797568
1233028440720318464
1232740045838258177
1232027290202144773
1230146935383887873
1229767539963592704
1229767522351747074
1228047595949502472
1227707392504324096
1227663914554531841
1227255581901312000
1227255462376169473
1227255224307535873
1226951165251870721
1226881960209010688
1225817837232586753
1225176344801292290
1224882882814103558
1224835825671819268
1224796956029079552
1224749901831118849
