1284954541461577728
1280259548868157440
1279597870027587585
1237380573573808128
1235725616357478401
1235665668785102848
1235663576276164609
1235636662010593280
1235630215793184769
1235578133279051776
1235450829945147392
1235383283573284867
1235370044760248320
1235369975218569216
1235360844189491202
1235348520384761856
1235348505323020288
1235344580465356801
1235333278628040705
1235316458554609664
1235303891794907137
1235303623174782976
1235283916010946560
1235283862894317568
1235283835526565892
1235276076684840961
1235268394414374913
1235268374965432323
1235253577267978242
1235237942962139137
1235041468512743424
1235012727334211585
1234969526632173571
1234949245779628032
1234940163660357632
1234923146496630787
1234879504784515072
1234850386399371264
1234846882951827456
1234846814727294982
1234686797650722817
1234622257760292864
1234619046823387137
1234564801642319872
1234564692728786944
1234556310705856512
1234554241726996480
1234526122014126081
1234496237946245123
1234314584015745026
1234313365859819521
1233791619956166658
1233534758635941888
1233467570767962114
1233467534877380610
1233407648860692483
1233192489001144320
1233133424971599875
1233123453408026624
1233081197015764999
1233071135786438658
1233070997764481025
1233070886904893440
1233060335432687618
1233059394369314817
1233039236674334720
1233039205821026304
1233039082466529281
1233036086571675651
1233036072323616773
1233013647183613953
1233011141284069382
1232880347005800448
1232827380743524353
1232801001712889856
1232752595774644225
1232744233624272896
1232723972334194688
1232686095273426952
1232684390427320323
1232669516942934018
1232512410449215490
1232503265218179072
1232479081037365248
1232420746028290049
1232385040878841858
1232384625093337088
1232361969291796482
1232358153070747650
1232352439464087553
1232349190992408578
1232152614286110720
1232128217865228288
1232070540602544133
1231951020822945793
1231682752430444546
1231644074593202176
1231255644445036546
1231255368463978498
1231255267742035969
1231249508203454464
1231234343655419904
1231058886444101638
1230958929334669312
1230921147568488448
1230837683066490880
1230568930433019904
1230503904221241345
1230491348253519873
1230350684442198016
1230349606174806016
1230240106231017475
1230240045820452868
1230240024756662273
1230239446353809409
1230212365947473921
1230211894159474689
1229983096348516352
1229918050469720065
1229567947204632577
1229557040978198529
1229527739188772864
1229527417196339200
1229522865055240193
1229484353077510144
1229480911751786497
1229447119657979904
1229446989659676672
1229446889696825349
1229444824945786881
1229208571725910016
1229191605975908353
1228384627552931840
1228191936403525633
1228055880995876864
1228034312743870466
1228012610941046784
1227964881154068481
1227802453820739584
1227779228495699968
1227740262216142850
1227739196145704961
1227704785559867398
1227682583238119424
1227668895194066944
1227658698966872066
1227632221202329601
1227368686358552576
1227361721536389122
1227361394972033024
1227361334347649024
1227360962979811329
1227360953643282432
1227023912824975360
1226954948388237318
1226935550805991424
1226545402125656065
1225824035197640704
1225823977924329477
1225823759967424515
1225788356556095488
1225654722779942912
1225630702651105282
1225630217244274689
1225630155877408770
1225570897312014338
1225570033293807617
1225564556786831361
1225562567604658182
1225562331205246980
1225519382903828486
1225517613041713152
1225419850484535297
1225172367653113858
1225172077520527361
1225170607840559109
1225163720843825153
1225115000710279170
1225085079069843457
1224912965754855426
1224911125545922565
1224899190104391682
1224898065078915074
1224893879721385997
1224890253271433216
1224884677439258625
1224884663853953024
1224884616328306694
1224881191666561025
1224878880391147522
1224782976904564736
1224732264459898881
1224570302514061312
1224554178992918530
1224432639429361665
1224420900117917698
1224410827681419267
1224410251904065536
1224399950643113985
1224395350930284545
1224387514762514432
1224354467346288651
1223795906157449216
1223779277881184257
1223692619731144712
1223651437562994688
1223490557928005632
1223452405574008832
