1286003648259067906
1285595160231976963
1285289354223661056
1285269904556523520
1284564968520781832
1284564966419439617
1283441643845230592
1283103682951880706
1281644376788209665
1281257859993554946
1279444861767188482
1278774315123716097
1278707669013073920
1278395193666924544
1278349481793257473
1278348078697852929
1278016465678020609
1278008525181124610
1277987724532817920
1277716656601563139
1277664175960002563
1275134181153046531
1275109704948240385
1274048049313128455
1274041993493184513
1273990427817975812
1273743925333954560
1273706282688688130
1273676853623115777
1273627390820913152
1273368160201293824
1273080457077424130
1272535620947267586
1272265050561150976
1272246541122703361
1272202176354488320
1269271576018640897
1268916442096943111
1268224973002416129
1267925142296035329
1267925141226479627
1267925140542758915
1266817263430250496
1266425338889994242
1266010218141560833
1266010216879075330
1266010215998251008
1265380119520186369
1265380118651944960
1265362727926738945
1265362727037554689
1264952420767092741
1264570839858663424
1263528059489189888
1263141153190359041
1262803795312066560
1262774368544927751
1262743269064105985
1262444500242386949
1261702956711383041
1261672759349952516
1261473129601232896
1261304015310262275
1261036648772636672
1260978182330609664
1260922787323052032
1260649141207658497
1260255031749677058
1259916694564282369
1259553127235301377
1258775469077430272
1258111652056227846
1257740798831087622
1257695513354395650
1257409585876545539
1257382513670066182
1255593579109588992
1255207837371969536
1254795646839787524
1254785791219232770
1254462746449424384
1254092812284379136
1253849250116534273
1253783105120407553
1253744514092675073
1253733666834046976
1253449087627587584
1253437161493483521
1253379826490236935
1253057626897866752
1252996402889863168
1252709493156216832
1252709492237783046
1252631924499025920
1252616015915225089
1252290648012738564
1252242342809088002
1251971330695729158
1251918481676632064
1251529166777839616
1251216770083536896
1251190137012269058
1251167707044679680
1250867500146929664
1250804258561236992
1250804257714028546
1250799725646884865
1250495128172728320
1250174490216206337
1250163759311736833
1250152527217274888
1249393653551857666
1248330387383820290
1248325950514790400
1247987564910465027
1247967268090380289
1247909877881745411
1247569288350830592
1247547732526608384
1247228217913638913
1247194478944956416
1247180612554932224
1246884512807649285
1246101665016578048
1245436829752573955
1245105352233885696
1245052787756580869
1245015016253816836
1245006817027072000
1244699645848293376
1244660848007811076
1244308339351105536
1243915753171996674
1243638198502375424
1243605250436669441
1243587913700511753
1243549357766565888
1243257862681505792
1243217307679232001
1243184381629476865
1242905457896939520
1242874075455918088
1242833522831876096
1242537211884683266
1242472777589891074
1242472737744060416
1242259122558566400
1242187025656229891
1242117675838554117
1242111682849243142
1242108599943471107
1242102903755739143
1242088242180247552
1241392930541142018
1241027596265152515
1240786889382268930
1240786887964590080
1240725210183188482
1240679375655309313
1240374918677749760
1240366784655568896
1240358687774048257
1240316109343129601
1240308245115396098
1240023431489486848
1239658391972253696
1239575718310395906
1239243981831225351
1238835714449641472
1238834201262206977
1238578441995378688
1238573026796613636
1238499710358429698
1238121749788663809
1238121748966629377
1237826674982608897
1237427757208002562
1237178014951243776
1237057825861492737
1236361675151937543
1235617831766683648
1235266142178103296
1235232142365544455
1234874167905996802
1234851348887298054
1233483065357369344
1233483064027774976
1233447477229035521
1229471245693005824
1228063441027502081
1227304462089441280
1227247945260638208
1226906090144772098
1226566432458203137
1226173846987907080
1225855337686847489
1225851938530570240
1225821713834921984
1225465331340251137
1225461611630071820
1225436628585455617
1225431365346308096
1225182983994445826
1225081286320119816
1225075038128410624
1224904488248627200
1224828009737310209
1224703986944614400
