1285963582728003589
1285610952717631489
1285297737257320448
1284162319023579137
1283877605108854784
1283053065927643143
1282827423772442624
1282768214859055105
1282717484462886920
1280900261326794757
1279432636927270913
1278688472988082178
1278427804388950016
1278345141938466817
1277975740936413192
1276516112570765314
1276233789275082753
1275831324755079169
1275437262667300867
1274822524124176390
1274135497825292289
1273334774854279168
1272618423168765952
1272287700997902336
1272227304723419136
1272166904531243010
1271906555458453506
1271880417860292608
1271491784770826245
1271463630035464195
1270783447892725768
1270128435252334593
1270111472442540036
1270095772873351170
1270088285264715784
1270063079972364289
1270041992639193088
1269312617954377728
1268990210228060160
1268962225798238208
1268897929995190273
1268603243422191616
1268192705303113739
1268188148288368640
1266428026729963520
1266372473114685450
1266107947215654914
1266081725215629314
1266055047982600192
1266024402069708800
1266024400521920513
1265746973338066945
1265732589735817217
1265663902307758080
1265379006658084865
1265349099072733185
1264970707018158082
1263903443871322113
1263641388530520066
1263621447894908928
1263604932558630921
1263490849037484033
1263276522431004673
1263233991898955777
1263211105746386945
1263180155167670273
1263139481869221889
1263109439692902400
1263106544889102336
1262887715898634242
1262848941177090048
1262790794546745351
1262757233630167048
1262466766690811908
1261418628152426501
1261347183112024064
1261018563705479172
1260956466850258944
1260272880648142848
1259953836845924353
1259857380667469824
1259514295806803968
1258778583184654337
1258488737539002371
1258431016861077507
1258184325390127104
1258159005194694657
1258117413423505409
1258043851308236811
1257799280833826823
1257799203184619522
1257763220602978310
1257723002483027968
1257682205771513856
1257463567269462019
1257463566455767053
1257440268674097153
1257396206914994176
1257365712311586816
1256273336310673409
1255620215595032579
1255251081271148547
1255210380604911617
1254881757582811138
1254848676461268993
1254818185360048132
1254055060465729538
1253833821109334016
1253805918422212608
1253758613232984066
1253737060571262980
1253478288883961863
1253454855454236672
1253424803001757703
1253359304557633537
1252966464329592832
1252728930982912009
1252696468382781441
1252641911401328640
1252614583933718528
1252378853642694658
1252298498617290752
1252292350698754063
1251247128266989569
1251195737955803141
1250927917418323970
1250879291182796800
1250570851851751425
1250529330981154818
1250491622724448258
1250442739499573248
1250086284766437376
1249770399614803972
1249431162554122246
1249021905992105984
1248717390638133251
1248690964807417856
1248664198193786880
1248630142827671552
1248355293152645121
1248317534501253120
1248281561742684165
1248263065310814208
1248016323851874304
1247948797357031425
1247898986104500229
1247623446412111872
1247555957372211203
1247289634721345537
1246910944044867586
1246071202604597249
1245876152494850049
1245810738083618817
1245758259887251462
1245501197735415809
1245459673530146816
1245430242048606210
1245383800705691649
1245383798671527942
1245027133862350856
1244769010362834945
1244738672135675904
1244658298995068934
1244406112067227651
1244035557719781379
1244026141112926211
1243657722794516480
1243604653469831172
1243600209244041222
1243260461656748032
1243260459114954753
1243195939705294854
1242829277621620736
1242167134056321031
1240707975360241665
1240020158485344263
1240001088935387136
1239237931489005570
1238908675953229824
1238567713129316353
1238567710277197826
1237826167865999367
1237778466629713920
1237778257652703232
1237763090831327232
1237468243574521862
1237452859827986433
1237434899692425218
1236744739774439424
1236033493345370113
1235408137156349952
1235346786597953539
1235302958168002560
1235273452556349440
1235255261805383681
1234999498457460736
1234976851233255425
1234954199823212547
1234933790486736896
1234886199942242310
1234676952444747782
1234659761519353856
1234520413436334083
1233435503879434241
1233140512208695296
1233050152551796736
1232785734307893248
1232544936563703808
1232409393821552640
1232334012368089089
1232050040132296720
1231616407189807105
1231388941833703426
1231307374469636096
1231303966153216000
1231246310155657217
1230915263975043073
1230659556977577984
1230659488065228801
1230573310871732224
1230573300214108161
1230553948383260672
1228113550033457152
1227731335613161474
1227630928035557376
1227338490725224449
1227320890653921281
1225877113611464706
1225430412094312449
1225235475176267776
1225178015606411265
1225156840201314309
1224920037032636418
1224902556008296448
1224836375666679810
