1286065361499168768
1286065236731101188
1286059190948110337
1286057618629369856
1286056919178850306
1286055559750352900
1286043408637874179
1286036600804302848
1286016931141689344
1286014489616437248
1286003760720941057
1286003740168933378
1286003623512739843
1285997028972036098
1285985804028968962
1285985005727080449
1285970821337554946
1285968314339074048
1285963568563748867
1285956480995295238
1285954049465098240
1285950909416079360
1285945301547790336
1285942307846533120
1285940334451621889
1285939588356362240
1285902106038345728
1285902011515506691
1285901915256164354
1285889670614781952
1285889546933211136
1285889509138354176
1285768121345888265
1285762141518274561
1285760470411083776
1285760398382239746
1285760297265922048
1285751657171685378
1285714228997914624
1285713941025492992
1285707291824726016
1285699665984393216
1285663565781901312
1285662521370857472
1285658814021341190
1285642287641505793
1285631218810261505
1285628712931725313
1285606998256558091
1285606853968310272
1285606747642765313
1285606602624634880
1285606293059903488
1285606194661527554
1285596193284927495
1285595834348908545
1285594182837514245
1285593515624468480
1285570072275279876
1285483015129501696
1285400588235218944
1285400586943377408
1285400138878537728
1285386245821145088
1285354256514646018
1285353843430227968
1285353707463421952
1285353597778231296
1285353402285907971
1285353189642993664
1285314860646125569
1285313688971497474
1285313156030648321
1285313089466961922
1285294404190834696
1285242903481073665
1285241591314051074
1285239310283706369
1285232533479841794
1285226283505381377
1285225756239355904
1285217245191262209
1285200382877069313
1285012251892609024
1285012105263845376
1285012079934451712
1284995476043911168
1284976006613221378
1284974669217456128
1284971575888863233
1284969827338080257
1284962146531434496
1284961300477431808
1284961033795203073
1284960965004427264
1284960825564782592
1284960433875509248
1284956089780326400
1284955897286946816
1284893631346769920
1284893504536272897
1284893398114205697
1284893271727144960
1284893082543153152
1284892797879943170
1284844624360554501
1284723949687894018
1284674083213512712
1284673943794786304
1284673873687044106
1284673664131248134
1284673441556291584
1284660973454802944
1284633577452384261
1284632136344129536
1284632001614675971
1284631873348677632
1284631518321807360
1284579843317825536
1284579842474811394
1284579841652797440
1284579840197300224
1284579839266238466
1284579838473510912
1284579837538172928
1284578619902304257
1284549288400314369
1284547751028633602
1284535297665978369
1284355298296119302
1284317582049210368
1284290582496460801
1284283874797850625
1284281891072249856
1284281656333856768
1284265056524328960
1284241751553773568
1284239976859865089
1284237986864005122
1284230340773588994
1284228533632540674
1284225502883057669
1284219781844017164
1284215925068054528
1284192527898292224
1284190517694066688
1284190230099005440
1284190048812859392
1284189445743353857
1284189264226521088
1284189113042821120
1284188957874499584
1284183206296780801
1284183028466688002
1284182851525791745
1284182706448891905
1284182400063479808
1284182109138104325
1284181279584460807
1284172985759420416
1284165904419495936
1284162152555859968
1284155417912848387
1283953425382699008
1283952255675162624
1283951555767496707
1283940670533701634
1283940027219746818
1283931196582289411
1283922175053963270
1283922065393934336
1283921933185277953
1283914620059750401
1283911563989196800
1283909267066683392
1283909105359491072
1283905750545375243
1283903780367605769
1283903581364551681
1283902484726120448
1283899039717773314
1283896129344565250
1283894533927735297
1283876318438813697
1283874241608404998
1283873950255271937
1283872426728792065
1283859277463957504
1283859139584602112
1283840803769651200
1283837779416317952
1283834004781830150
1283833621464469510
1283833437451935745
1283833212993712143
1283832997691691014
1283832902271340544
1283832719357759488
1283825638906884097
1283814115819966465
1283753210860064768
1283751490008444929
1283750604779618304
1283750543056187392
1283619374801158145
1283617685750730752
1283591442124832773
1283589558076993536
1283583556220928001
1283565866634719232
1283523638482751488
1283511409981091840
1283509428751343618
1283506519082926085
1283506280326483970
1283466899616038912
1283466671966113793
1283466207249813504
1283465517840433157
1283465428510085121
1283465126536982529
1283464987848126464
1283464839948623876
1283464609664577539
1283464443595296768
1283464279228928000
1283451599436775425
1283441731598417920
1283434005577138176
1283414402914381825
1283413167847010305
1283412794746888193
1283386237110214657
1283384990361772034
1283379261642903553
1283227535149604864
1283207086231433216
1283200691264081920
1283200619725983744
1283190092971102210
1283190000788668417
1283178786771529729
1283169149959778304
1283146415506505728
1283146261604888576
1283143833434251264
1283141688236572672
1283141513187336194
1283141398426943489
1283141222740250625
1283140945467387904
1283140818937798659
1283140714537332738
1283110048697327617
1283105886643253248
1283083499671392256
1283083381803061248
1283080640989147137
1283046708004429834
1283045593460465666
1283027843199275009
1283027622184710145
1283025199646949376
1283024959233646593
1282897511850455041
1282886746825359360
1282870479255031808
1282870276133249031
1282868603415486464
1282868532443635717
1282868476730765317
1282868393587044352
1282828218005811201
1282826130504822784
1282826054768291840
1282807560483991552
1282773703185403904
1282773516610179072
1282769880488513544
1282769752721690626
1282766004452556805
1282759863664291842
1282756018854756352
1282749620880375811
1282747811495280642
1282745700967763970
1282745515793358861
1282743691090825218
1282715843537838080
1282715811115929600
1282715609969696770
1282715221015109632
1282715008976158721
1282714930668544006
1282714791841345537
1282711538365865984
1282704531906859008
1282704292781215744
1282703747018297344
1282703626230812672
1282702765538639879
1282693514564907008
1282677308042604544
1282667450035650561
1282604283712561154
1282510824087543814
1282508168174751747
1282471534452449282
1282469990747103232
1282468571893792770
1282462539654127616
1282431833569849344
1282429696861286400
1282428495042248704
1282428230205489152
1282396327129706497
1282389459955183616
1282364031974748164
1282363902727159809
1282363765623869440
1282363583540723713
1282363487579185153
1282363363411013632
1282353666763001856
1282338321830604801
1282338021765861377
1282331955174928384
1282331919963664384
1282303064695701505
1282139953871245313
1282139911395479556
1282139334913650689
1282102353936527361
1282100584930177024
1282099739496820736
1282097307580657664
1282095513190502400
1282095447629160448
1282075435849912320
1282049504330559488
1281989734072496129
1281988112407814144
1281987906907897856
1281987663327789058
1281987497225007110
1281987361233149958
1281975319373639682
1281973719330459649
1281972194810052615
1281966060581748736
1281965859750023168
1281965809636540418
1281840526119931909
1281812900928040960
1281767584660992000
1281767496865861632
1281715648024899584
1281714804244148225
1281714308494135296
1281714253355905026
1281701324393000963
1281698358906834944
1281690944161697794
1281683031997198339
1281681061764898818
1281680844931977217
1281670129621794818
1281668839013589000
1281663938669752321
1281657857415487488
1281652402609774592
1281645952424570880
1281617511285497858
1281617398823555072
1281617264639344641
1281617086213697536
1281616948636323845
1281616731136458753
1281585049159249923
1281421093710884864
1281405693787086850
1281387251570806786
1281384195554783233
1281382895844831233
1281380857144475648
1281366655335972866
1281347900078010368
1281346481350377476
1281337721680691200
1281337619142660099
1281313131764035585
1281308855645999108
1281308234121465858
1281302919178932224
1281302360392757248
1281298424755900419
1281296827065577472
1281296764813754368
1281278068066103296
1281276606166659073
1281258289611722754
1281257962908991494
1281256955386961927
1281255580548640768
1281252620238311429
1281252462972882946
1281252292998594563
1281252130192535553
1281251892207771648
1281250313387700225
1281231561531195393
1281210644868415489
1281208116684546048
1281204009240387585
1281203925769572352
1281096536458313729
1281060494258864129
1281060236481134592
1281060026027839488
1281059905118576641
1281059683277643781
1281059603300732928
1281030952186114049
1281026746406428672
1280999272683638784
1280999164478926848
1280999028847792130
1280996333315219457
1280987687076405254
1280986691281526787
1280958920400535552
1280949901745172491
1280947644844716036
1280937097906597889
1280935524291817473
1280931912307970048
1280931868666400769
1280918540397301765
1280911493366677506
1280902938479779841
1280901704536526859
1280895696170778625
1280895694858051584
1280895693364871170
1280895692391821313
1280895023291281411
1280894042088374272
1280876045336408065
1280872943086526465
1280869963494907908
1280857182641156097
1280725216239456257
1280716146661101569
1280704113915748352
1280703807890968582
1280697899521683456
1280697839744516097
1280665303500783616
1280649356496920576
1280649323160588290
1280649190155018241
1280649068377600000
1280632237340323840
1280594649007169537
1280594168344174592
1280594029260963842
1280569632559034368
1280569620299051008
1280556811683127296
1280556665733967872
1280545813811339269
1280531284960464896
1280531130018680834
1280530956751900680
1280530344261943298
1280529936831447042
1280509740683067392
1280506327081660424
1280502349287620611
1280494850761084928
1280494760692613120
1280494670653489152
1280494639863132160
1280493739501211648
1280493502053277696
1280492531847819265
1280490650811502592
1280330267610083329
1280328232441540608
1280327677229096961
1280322140252696576
1280308260143153156
1280308227440168960
1280307878423752705
1280301440381173761
1280301395984384001
1280301303185526784
1280282957127827457
1280282809328951296
1280278959255519232
1280274545513988096
1280274265061961728
1280261833346048000
1280254485516791808
1280231829249785856
1280230275688001537
1280230249217712129
1280230208935608321
1280229297723076608
1280229259672346625
1280171900426207234
1280171686495768576
1280171550063411201
1280171407608025121
1280135526868230149
1280011671654658049
1279972847725604865
1279910381222113280
1279909399046176768
1279909181466669056
1279907461902655488
1279906841787396098
1279906687722217472
1279896628074176512
1279870374868480001
1279870297965858816
1279857041280954368
1279825812833722371
1279823368523407362
1279823293139136513
1279804627001753600
1279804469664980998
1279804301842493442
1279804185672847361
1279804069297762306
1279620409554419717
1279601201944817665
1279595102587875328
1279595059264942080
1279590179557130240
1279547920828645376
1279537995884851200
1279531734850088960
1279516116847431680
1279479583016812545
1279474650901176325
1279473306765328384
1279470228691390465
1279470102778384385
1279469922108702720
1279469779410202624
1279459664154038273
1279437332626604033
1279437297402802182
1279437234324701185
1279437209095901185
1279428614249787398
1279428581815250945
1279392599376183298
1279392253580947459
1279392170231754753
1279387644007333890
1279387390738489346
1279387339236626432
1279387302876205058
1279275184579465216
1279267258762551296
1279262252672024576
1279252933205344258
1279252255892361216
1279251959967412225
1279251938958172161
1279239146163154945
1279214493147426816
1279208699047759873
1279181807603208194
1279181131422658560
1279176703709831169
1279151745625710592
1279147584544628736
1279145037809381377
1279144363671662598
1279102565486137344
1279102389400764416
1279101990698659845
1279101892438765569
1279101726990237697
1279071252242563072
1279032003229175808
1278875531124105217
1278823871378944001
1278816885073682433
1278816612083269638
1278778270570303488
1278770195482304513
1278761902924017664
1278752641322016769
1278752476196454401
1278752232876511232
1278752116400668673
1278751996212805636
1278751694998900736
1278751582306304005
1278736156470005761
1278701631161458696
1278701422335406080
1278701151093915648
1278701017853571074
1278700861372366851
1278700791264673798
1278685521531682817
1278548095865774081
1278514369672822784
1278513881824899073
1278497816000659457
1278497778658799617
1278463897759092738
1278458323180945408
1278458117890637825
1278450692349362176
1278450558161035271
1278445434663505922
1278437070139260930
1278436941671870464
1278403334664265736
1278389076639412224
1278360206028783618
1278360020003028992
1278359857490472960
1278359738963628034
1278359622059995137
1278359466895986689
1278359233503858688
1278334029255737346
1278321367457259521
1278316962628554752
1278311773188157441
1278193705745178624
1278191289322729472
1278141352002363392
1278108303084511232
1278095305024638981
1278087038634426368
1278067463293411333
1278054729927413760
1278043474999336962
1278039670652190720
1278039633276751872
1278036494674997251
1278017243507339265
1278002664169713666
1278002134823428099
1278001543476924421
1278000425296371713
1277999843332575233
1277999008695357443
1277998383169495040
1277998084396584962
1277995819464081410
1277977664670674945
1277967983378231298
1277965065719656448
1277963140043468801
1277953302718820358
1277949749824372737
1277802481485930496
1277773502813110273
1277768223459598337
1277768144279527426
1277768025148719104
1277767818960871424
1277767690162188288
1277767436188684288
1277701308871565313
1277699139862769665
1277686405477498883
1277680287669870592
1277679329141391360
1277673924357173250
1277669790446809088
1277642474429833227
1277642473465143298
1277642472320126976
1277641841341542401
1277622398255153157
1277613340429148162
1277603660101554176
1277599431458795520
1277442940793769984
1277427707366629376
1277418641802190849
1277400615589515265
1277400441110724610
1277395163212472321
1277390945881690112
1277386814588768256
1277386435385933825
1277386229080719361
1277328816449310720
1277328592888725505
1277304092830781440
1277301169463758848
1277277990964137985
1277272636989542403
1277271392266919938
1277271116998942720
1277270596280352770
1277270044007895040
1277268865555353600
1277268176527437824
1277237793974923264
1277237648612945923
1277094078979530754
1277082429023375361
1277082189813788672
1277071448075407362
1277071407311015936
1277035599619190790
1277035341799555072
1277021852414521344
1277000315124899840
1277000243913998336
1277000000443052032
1276998293143171072
1276997499320819713
1276997486976970752
1276963766786314242
1276958608455020547
1276957343272460288
1276956773581238272
1276956395531796484
1276955568050241537
1276954907468275713
1276930322123206657
1276892133597646850
1276699794451206145
1276690787690926081
1276671904737353728
1276669523597447169
1276666312673177600
1276647974680969216
1276647542176927744
1276640287444529153
1276639476643770369
1276635970113204224
1276621326086701061
1276606576468430848
1276603411895447557
1276589107527905281
1276583993509543938
1276579367347351553
1276578885266665472
1276568499134124034
1276567217749069825
1276565237697851392
1276545456986865665
1276540972164358144
1276539900582678528
1276539457068503041
1276539198628139010
1276538864031731718
1276538441992470530
1276525424873357316
1276523028034142210
1276521953063350273
1276518346561695744
1276515374721167363
1276361622173310983
1276352222876459010
1276350855818534912
1276348838450614272
1276308144642121731
1276303828900442112
1276303790505779200
1276270703185137665
1276270198690103303
1276268765974540288
1276252828927881216
1276234560804581376
1276214193113280512
1276210228221153280
1276207009872793600
1276206900611178496
1276194748387262465
1276192685590790151
1276179528704983041
1276179045550604288
1276178308821114881
1276177927969914887
1276163019630956544
1276162945341407233
1276160099246116879
1275971077663895553
1275963847459786752
1275931904210952194
1275919265070104578
1275916824350253056
1275901112571138050
1275898085877534720
1275897027105185792
1275883601867898880
1275882569641472002
1275878185805189120
1275868626969677826
1275863570249588737
1275861110806151168
1275851580978446337
1275833101881573379
1275825971036409857
1275821933704163331
1275821311646973954
1275820523684081665
1275816483118071808
1275815885492666371
1275799351047139328
1275794725354852353
1275793026900791299
1275640721219874816
1275637397913366533
1275604802756440064
1275604694547566592
1275590786160054272
1275564602244251648
1275564524179877889
1275562702539120640
1275557114652454912
1275555824413233153
1275542935103135744
1275536246236831745
1275536052128583681
1275531438075633667
1275525959110856707
1275514809774112768
1275510025381969921
1275509949662101506
1275509059152760836
1275491432682397698
1275490041834418182
1275489929171210240
1275472146349740033
1275468920145604608
1275454292065841154
1275452413533499393
1275431694246371333
1275268439427346433
1275242344359624706
1275228405869563904
1275205246667669505
1275199044311224321
1275186271317458945
1275173373073428480
1275156160811798530
1275151443884945409
1275136353689354243
1275100355559383040
1275089361537622024
1275087687775514625
1275087392253202434
1274918753587757056
1274902343780188160
1274897376025567232
1274841875870973952
1274755946032427009
1274752944370405376
1274752383277387777
1274752364679843841
1274751976299872258
1274727841381269504
1274716359797047296
1274520142764896256
1274467041026531328
1274466882561568771
1274404363880943616
1274403491981570048
1274401688934219776
1274401436839718912
1274358714540032001
1274347018773659648
1274344546483109888
1274343869388226561
1274343027297759235
1274338214380216326
1274179113486389248
1274170170974470144
1274142211622367233
1274141335553884160
1274140683557695488
1274094654976397319
1274093621244026882
1274082499199741952
1274069943638732807
1274062242720481280
1274052040918958080
1274022545805713409
1274020708264394754
1274011723628982272
1274006306110627840
1274006246039760896
1274006223575060481
1273806221389246464
1273806018804420608
1273768082381721600
1273763868985233410
1273759245054496768
1273700760929234945
1273675481859141632
1273667998465785857
1273667957936263169
1273632858624659459
1273632439156514816
1273631376441520128
1273611346425372672
1273587776651395072
1273586381017792512
1273583876955398144
1273449282188779521
1273426323839561733
1273421465501814786
1273420366376026112
1273417526148567046
1273367824610795520
1273365239237693440
1273363644018032640
1273363630143258624
1273312528584638465
1273303842906681344
1273302986161299459
1273302300434534402
1273301961400619009
1273301445304037378
1273300590295212033
1273299717787656197
1273277062430760960
1273273176127045635
1273264681004797953
1273262624583626753
1273249330523189249
1273246739571585026
1273241425400995840
1273231757589057538
1273228874743271427
1273228837304836104
1273087964130795522
1273086342617014273
1273085238600781826
1273044939497226240
1273005075150094340
1272992991444164610
1272992896774520834
1272992618650243075
1272972319510736898
1272961831770951681
1272946486683238402
1272940109755801600
1272912969442222082
1272904477796896771
1272895924222726146
1272894838439059466
1272890631715766273
1272889210077405186
1272885972800339969
1272884401152589829
1272883992333824000
1272861604309327874
1272836586129043457
1272836441517764608
1272646602021208064
1272642029739098113
1272640352139149312
1272639335959937024
1272638572902797314
1272638293557927936
1272634168392835072
1272614563075112960
1272614478782189568
1272603673776910336
1272553914668216320
1272532805889650689
1272515677018927104
1272359727607869440
1272359660801060865
1272330973816819712
1272324498528718848
1272321032896933888
1272316972865163264
1272288627670704128
1272247504659025920
1272216329542500354
1272194936037728256
1272064979986812929
1272064861992677376
1271996808672063488
1271995157684998144
1271994602774355968
1271977811117371392
1271964755675148289
1271958798844887040
1271956633464127489
1271954448231723010
1271947529752473600
1271907959195332613
1271907803297247234
1271905765406605313
1271892052096278533
1271881153557848065
1271880689953247232
1271864298403360769
1271850393937473537
1271845255927586817
1271844118629502978
1271844047234056192
1271674729926017024
1271666199907033088
1271649854159073281
1271647620629331971
1271646378570080257
1271645231885062145
1271640886565236736
1271640651755446273
1271639815625138176
1271639685761138688
1271581294980366336
1271568185200750593
1271567071122350081
1271561054951075840
1271531621200494592
1271520213024993281
1271516141706342400
1271494846704873473
1271445446808834048
1271441948595777538
1271435876258574338
1271435095690248200
1271435036491870208
1271319347017904130
1271305811143192576
1271304695168954368
1271279445005922305
1271273441572687872
1271268231362174977
1271254236265762816
1271249362421604352
1271244021508132864
1271181561434722312
1271176111918022656
1271175050645782528
1271165138733641728
1271129981247078400
1271121491896098821
1271089043917271040
1271088742606843904
1270973979965022213
1270973931881521152
1270925446918451200
1270869530261090304
1270869373700304896
1270869257757184000
1270827507336396800
1270752979843350528
1270715541762662407
1270606505599889408
1270536147387559936
1270530615784292354
1270530361907269632
1270525545017565184
1270493184116682753
1270411130347773952
1270376828180393984
1270366164355411969
1270352459488268290
1270339281681133569
1270208159643078656
1270208050754813957
1270160044152274946
1270136722332848129
1270084988227031040
1270053156362301451
1270002296101859328
1269991014791475206
1269820380136345600
1269793840627478529
1269779643847946241
1269752994217644032
1269752836738318336
1269752653329821697
1269633099748438016
1269633088234991616
1269633076717477891
1269633049697779712
1269632838791385088
1269488991654445056
1269488334423773192
1269487385940602881
1269487004992978945
1269486258826313729
1269415965483098113
1269415663656775680
1269358231094284288
1269333320371851265
1269332233229176832
1269300264818733057
1269081864305643521
1269056247254269953
1269055346653327361
1269044250114691072
1269038540190560257
1269019004082913280
1268976654984019972
1268975419514138627
1268975329533726721
1268959623316463617
1268959299054850051
1268951143100698625
1268929948829523971
1268927054462009350
1268914408962633732
1268911900366159872
1268894329789050881
1268751543894863872
1268748081408819200
1268726987327025152
1268709697781030914
1268709094992408576
1268695396940943362
1268687482272571393
1268679452168384513
1268664167986167809
1268630649759428609
1268629068808777729
1268588146704429056
1268577275185774594
1268558080524025857
1268525915971022859
1268384621453950978
1268371310712930310
1268370779558645760
1268370550981713920
1268343208372629505
1268333296972255233
1268312546064269312
1268312394708783104
1268310952044191747
1268295755711696896
1268285128817721347
1268269271114813441
1268268468358377472
1268267850319278080
1268260917516677122
1268235485534580736
1268234646418046983
1268209868285947905
1268209806956851200
1268179600196071425
1268027511725686784
1268016788777779205
1268010940999454721
1267993930957639681
1267966083777978368
1267965644907048960
1267965601298837504
1267960180517502979
1267942417157636096
1267915879641165828
1267895156746809344
1267890794075021312
1267881636672274432
1267874787197620226
1267861999628812293
1267857049980977152
1267846727274381312
1267694389280686083
1267691056310611973
1267691032520491011
1267691014468194304
1267654330925977600
1267654267197743106
1267653207016173575
1267630299267002369
1267630023600566272
1267620155909189632
1267620041085931521
1267619901369393152
1267500064735281153
1267499033611898883
1267496589335158784
1267444213014081538
1267326920460341248
1267317176580452352
1267307295630782465
1267304897784889345
1267292002783162368
1267291965814530050
1267286845139775488
1267281867440447489
1267265481238384640
1267169678071234560
1266902807447126017
1266902632175595520
1266831854369337344
1266771728019193857
1266555931338260480
1266528743163641859
1266508116532662272
1266476669784805377
1266471539081457664
1266471185879126017
1266438842262777856
1266405414989713408
1266385006919745537
1266383256137592832
1266376230271463424
1266376182703853571
1266370343976878082
1266369690734964740
1266347738079170560
1266209052633096193
1266182297331662848
1266142457340686336
1266137514420494336
1266117282247307264
1266108562075340800
1266108049468518401
1266100613122854913
1266083925602062336
1266079466020761600
1266059337472053249
1266043597918519299
1266027362384134144
1266024919747289088
1266024120619134977
1266024025538453507
1266005714679422977
1266005683830312960
1266002754805219328
1266002132689252352
1265858566495166464
1265831644646146049
1265830687610933250
1265829398688567297
1265828357649756167
1265828306479271936
1265799270466088960
1265797701255327745
1265772121101176832
1265771679252230145
1265770243860819969
1265757978411405312
1265756273565298688
1265745663037444096
1265740004023840769
1265728703058849798
1265728265332940800
1265717310611795968
1265690876069568512
1265663503735521281
1265654127046135808
1265649269861691394
1265645964964106240
1265632871189893120
1265631345356599296
1265629953413902336
1265629289849880582
1265474870139408384
1265471353790087168
1265470862997757953
1265470542007721984
1265454061207220225
1265423746057170944
1265423704651005953
1265397923950387201
1265393183946682369
1265392083269025792
1265390684187627520
1265381374367723520
1265372383147208704
1265355607059632130
1265342132660903937
1265337582948401152
1265318352639098881
1265307989046554624
1265063913571274752
1265035565449179136
1265010713023537152
1265001273939554304
1265001171975979009
1264994883472932865
1264994710504067073
1264964947940966400
1264961852850790402
1264958552692719618
1264951065226514432
1264951049778917377
1264951027763011587
1264951017331814401
1264924767192182786
1264924736963805185
1264924629560201218
1264757969813532672
1264739204854153217
1264739203780395009
1264738783800569856
1264727878677041152
1264727860662513664
1264697880637390849
1264695998627995648
1264666900136484865
1264639293097566208
1264602464029818880
1264570347782672391
1264569591289667585
1264559394957582338
1264546187517890560
1264543737247444995
1264540920734601218
1264534819351916544
1264398693240717313
1264392985371787264
1264392303650586624
1264391776778940416
1264385294754672640
1264367635677868032
1264363620814614529
1264363404841480193
1264362593470181376
1264307815725875200
1264305236522475524
1264295797950230535
1264287672954216449
1264231404046479360
1264231123397144576
1264214759584305154
1264066228835897344
1263999348741779456
1263994607664197634
1263909280064983042
1263908950908588033
1263888466804461568
1263888201749598219
1263888069079556096
1263860470882033664
1263856062102335494
1263845937073487876
1263655006735085570
1263621856390717440
1263592265324224512
1263592179613659136
1263557496372785155
1263548350873260033
1263518493997031424
1263518409288900609
1263503397044604928
1263501371854204930
1263495010588246022
1263492270864687105
1263467827522162688
1263308997068615680
1263277231809404933
1263272547686195205
1263271652810461186
1263271351093166080
1263265980794327040
1263265897415708673
1263255831317004294
1263226739867766791
1263215948607225856
1263159369106993153
1263137155762749445
1262974068552110080
1262946350733369344
1262926107520626688
1262926030852878336
1262869564972576768
1262822443816759302
1262813717332471808
1262789446455435264
1262771674480627712
1262768260887515136
1262756210358403074
1262755441341198336
1262724742198353920
1262724187245838336
1262571299165126656
1262569206186479618
1262532880598806530
1262528763763609605
1262518937087913984
1262473280205791234
1262455731648958469
1262449867160461319
1262426028137463809
1262424570583298048
1262415359702777857
1262401960285597699
1262392005906268160
1262366473646772224
1262358676041433088
1262254232297562114
1262240475559280641
1262240117244129280
1262185780627165185
1262163269822734338
1262163172602941442
1262163143691653120
1262017683857408013
1262017376872099840
1262017051222093832
1261889311009468416
1261888916073975808
1261869129591472129
1261846480941273090
1261812941508116481
1261797577613176832
1261779870645809152
1261779834851581954
1261755183882797058
1261754778952110083
1261678523388801025
1261676039220035584
1261675825021063168
1261494160059625472
1261488208564686848
1261478615126081543
1261464729593106433
1261458239557742592
1261458172524376065
1261440369113235456
1261440300343529475
1261440166461411330
1261434148490637312
1261433954554376192
1261413111854018560
1261412863614152705
1261387961997746178
1261387961888673792
1261363489609674752
1261362586471235584
1261362511191789568
1261354722478321665
1261334198264057858
1261334196871557120
1261334196871544832
1261311699539427329
1261302101231075328
1261177125937115136
1261131182017658881
1261131107866566656
1261130965285367809
1261113557183131649
1261064024625725441
1261061122636972033
1261057737850384384
1261055768771457024
1261045750995144704
1261037317965271040
1261029971302256642
1261027459610357762
1261008634772885504
1261000012734988288
1260991986158485505
1260991108726874114
1260986098806861824
1260977270447058944
1260945053469401088
1260942910041681920
1260941740346769408
1260941479955972096
1260941249458040840
1260940971283374080
1260925491436900352
1260920347185963008
1260919030057070597
1260792347282952193
1260730017455190024
1260729871510245376
1260726321811873792
1260706557072945152
1260705346982576128
1260700571905843200
1260684882923139074
1260682224065753089
1260680415188303875
1260678485825249281
1260603563144884225
1260571247542403075
1260494994873466883
1260411673417936897
1260362801278644227
1260361981019566080
1260350291108663297
1260346953432363008
1260328648453828609
1260310798850830336
1260286578951413763
1260282817403072512
1260282116337737729
1260280990943100929
1260277445426507776
1260273652932608001
1260272181935607808
1260267421501239297
1260267401024729089
1260260055104000002
1260257757032181760
1260252873872424965
1260251211015565313
1260243145473826818
1260096754130677761
1260095613728722945
1260052825687670785
1260035048469749765
1260034778088108036
1259979613956120585
1259979311563649037
1259979130956906496
1259978944356515840
1259957499223924736
1259938711854133249
1259938659987369984
1259937089254076416
1259913631090634752
1259912944223023108
1259902162051559424
1259896640317489157
1259891956525629443
1259890131277938693
1259870248716599296
1259858241602945027
1259856440870735874
1259853901001625604
1259661527168118785
1259628761625948160
1259628662787198979
1259628639538167808
1259533032492371970
1259533011604783107
1259532979480608769
1259505008304779265
1259503843361976328
1259502631480770562
1259502618558128135
1259502604146507779
1259484942037204992
1259254959985397760
1259227243965870080
1259227164810940417
1259210952983097344
1259210603564085249
1259205051890970626
1259186265867476992
1259185400548974593
1258955707577102337
1258916276769918976
1258904348332974081
1258897576369274882
1258897542013583360
1258870964466544640
1258858527528869889
1258835154065338370
1258827741463318530
1258827707304906753
1258827663487070208
1258826064962351105
1258823631158693889
1258806873542795265
1258805474776043520
1258798730582474752
1258787369437847553
1258777615864705025
1258776910760312832
1258776305551589376
1258775552724369408
1258772985625731072
1258772894546489344
1258745093621604353
1258619585667821568
1258617302188036096
1258570756813803520
1258570711590813696
1258563496356319232
1258554381248626688
1258548839893438465
1258532481709379584
1258523896589869057
1258497010916904971
1258491949369249792
1258458224384073728
1258452325980504064
1258429769898758146
1258398186529452034
1258391932146868226
1258282794792304640
1258220966758383616
1258214957205745665
1258214932350267394
1258211070923005952
1258184354032910336
1258177180695097344
1258139579707768833
1258136398990766081
1258134550028271617
1258128621991899138
1258126953220984832
1258120991336566784
1258112265150009344
1258093870551728129
1258093690884460545
1258064004670349312
1258048136641052672
1258047913181065216
1258041975372050432
1258038525707948032
1258035321997979650
1258028199797112832
1258027822850781186
1257906113715949569
1257903561528098817
1257886799118008320
1257886728280391680
1257886669249757184
1257884164986028032
1257865404581462018
1257854786814177281
1257826918465859584
1257812611028008960
1257774830062977024
1257768037635112965
1257755045770047489
1257754576393887744
1257754554197630976
1257745686382198784
1257742809332736000
1257738525602050048
1257710803748179971
1257706983215509505
1257698409709834243
1257698066359963650
1257674742636572673
1257668580100804608
1257668559376838656
1257668549201416198
1257656467525525504
1257652515195273216
1257554164726390784
1257545720678227968
1257542313271844864
1257538952740745216
1257493628013830144
1257481909782884352
1257470826649182209
1257435980602245121
1257435348193423360
1257434043500675075
1257432466530414592
1257431939843264516
1257424427043651584
1257423912746520578
1257423425360060420
1257420373613858818
1257419321636261888
1257418487372435456
1257386803524513794
1257386763724754956
1257386742707085319
1257386730073853955
1257370227869995012
1257370051101016076
1257369889272221698
1257333034157854720
1257325184089853956
1257322682636365825
1257317195517792257
1257317139540619264
1257317119017943044
1257317086272950281
1257317000180715522
1257316918626672646
1257316747390054406
1257314603014348801
1257280981263773698
1257139046108631041
1257110132833517569
1257110000305987584
1257109847285383170
1257109486147436544
1257109324775768065
1257102402605334529
1257102102255394816
1257100458012717056
1257097486721679360
1257044906855395328
1257038057846345734
1257029919030165504
1257029883496030208
1257029657225908224
1256947766112055299
1256798788259180546
1256795003759685632
1256736115429707778
1256690178778939394
1256679356522475522
1256679230781431809
1256659809140535296
1256630523889213440
1256630181881475072
1256629646310825986
1256622766779887619
1256622101106028544
1256621818359640065
1256621672326553601
1256445789426999297
1256432848015200257
1256423590418763778
1256412970344681472
1256403388348145668
1256397156690395146
1256365591918604288
1256365413845200896
1256364963519590401
1256355785975554048
1256355718833176576
1256346232483504130
1256346115298848770
1256341409763692544
1256341360753295361
1256341334740267008
1256341242234847232
1256335111319982080
1256333246222053377
1256321456985653248
1256321352908193793
1256319419225001985
1256319231723003904
1256318532012261376
1256289738169831424
1256283593397002241
1256281103662321664
1256276725186478080
1256255135312797698
1256247972234326016
1256247481936957440
1256246477539569664
1256228096816152576
1256030860928671745
1256011796177055744
1255972154757136384
1255963102002151438
1255963012063727618
1255962891200729089
1255962749143744512
1255962330493526024
1255939344725991425
1255932277768376320
1255929654239653888
1255922152945053696
1255921956345397250
1255906341719171073
1255899982214893568
1255893249488646144
1255893225430114304
1255877080463675393
1255867396834779137
1255861077247574018
1255701238676520961
1255693791941427205
1255682548492980225
1255682515399880705
1255666563421790214
1255664203530211328
1255661983610912768
1255646841582075904
1255643647611150337
1255640703754997767
1255638967900307470
1255635380797390851
1255597539576995840
1255597390574301185
1255597229592772611
1255596993734475779
1255591914700705799
1255591105569021952
1255591005857804288
1255588054066016262
1255579253233471488
1255578663954739200
1255578618475843589
1255578600285192193
1255523320608493572
1255521529326194688
1255520815761821699
1255511438849904640
1255499585197350913
1255498131883646978
1255493425387970569
1255362139973443590
1255341830021021696
1255341789688537089
1255341722776862722
1255329080930635777
1255329036252971009
1255321643523727362
1255318492175388672
1255286471445098496
1255286426801000451
1255254011579715590
1255249243780063232
1255239487568953345
1255231937817595910
1255219624997793795
1255215196991295488
1255215049624498177
1255214857143693315
1255169902316531714
1255158633500823559
1255145608639205384
1255144301333364740
1255131259916873731
1255100163523145729
1255086859048247296
1255009170119471107
1254990979037188096
1254974732216094720
1254962813946064897
1254961253413343232
1254961222446809089
1254961165068713985
1254955623063715840
1254945036891897857
1254944983947153408
1254944956696805376
1254914265233928192
1254906437987336194
1254901122977927168
1254878651239337991
1254852444778975232
1254850756013887491
1254848641447211008
1254811709484777473
1254810357232738304
1254803100830965760
1254802812724285442
1254784596413046789
1254783163714293766
1254782025753522176
1254780657483440128
1254772643854573569
1254770463797948419
1254738995323432961
1254648148560973825
1254615781666689030
1254614626840559617
1254604652684775424
1254524717727469573
1254504894679015424
1254436387555663872
1254398150955032576
1254212346676801536
1254201305951645697
1254181726139617281
1254175967087640576
1254150965285883904
1254148167173574656
1254063108827394051
1254045623315124226
1253874375452811266
1253841238895112192
1253818010441138176
1253817549457784832
1253813470388260864
1253808420886470656
1253807989766500353
1253799257896898563
1253795510860877825
1253779188957372417
1253774695352037376
1253722086649937925
1253700858920890368
1253695683262992385
1253685870667771905
1253684833617760256
1253683811893653506
1253683620159434752
1253542845761425408
1253522498706014210
1253482661865312256
1253479026062168066
1253471268650827777
1253465000208982026
1253451241415421954
1253450477146079234
1253450369302245376
1253432590318489603
1253430035467210753
1253428705650544648
1253428548221546496
1253426032884903941
1253425752336289792
1253403251568898049
1253402964401639424
1253385406567124994
1253384528552329216
1253384515508039680
1253384355130380289
1253376172035014660
1253353463502835722
1253353437003202561
1253332232946630659
1253328152287313920
1253309223414280192
1253182176746561542
1253120966353317888
1253109837405147136
1253092377817804800
1253084411156852736
1253084163063742464
1253074615137521664
1253074351345201152
1253067303903617024
1253052491299803141
1253043395938775040
1253035197001392128
1253004256254128128
1253004215376424961
1252996074035347459
1252991864694870019
1252978565622177794
1252977906952912896
1252972257011351554
1252972065100935169
1252961959701512193
1252954924846964736
1252951212204232709
1252950363860131841
1252949023524220930
1252948131492147201
1252948051188047874
1252948020619952128
1252923346699706370
1252783539377958913
1252783300604641282
1252712647264473088
1252702441499287552
1252652325413335041
1252627353580253186
1252612336835350529
1252610104953839623
1252597159540584448
1252404502981820416
1252400678820909064
1252396190546550790
1252337533918167046
1252324309193932801
1252318278556381184
1252318261342961664
1252318236261023744
1252275782577197063
1252275151045038081
1252272446645862400
1252255531185700868
1252249909861978112
1252141356471836673
1252110517906239489
1252059942984445956
1252059830715465728
1251952707247566848
1251911543966429185
1251906653802450944
1251706570502582272
1251693499239370752
1251649904528830465
1251596578802016259
1251596488372879365
1251546642504749057
1251545328651694080
1251360849882570752
1251322689924587520
1251298632667500544
1251297045752639488
1251294498077859840
1251280752664338438
1251250470602997760
1251247195938062336
1251229462764675072
1251224633535156226
1251224578015113216
1251221003386175488
1251213965918683136
1251211514008285186
1251211341496561677
1251210655551631363
1251192555372515328
1251192526280613888
1251179138385412098
1251170797177253892
1251155274255134720
1251137909161291777
1251134816151416832
1251133357338931200
1250993095451086850
1250988475039399942
1250984991636353024
1250984915174227968
1250972120873488384
1250970581433905153
1250970066759245824
1250969983158382592
1250966375910129664
1250966114177179648
1250929507407523840
1250929446573367297
1250928530495426560
1250913910301089795
1250893367648624642
1250882505219047424
1250882323219804161
1250874299323428864
1250870068415590400
1250869152866340869
1250829795904172037
1250825303028629506
1250824236714917889
1250789618103934979
1250642451129229312
1250636798641893377
1250636719906422785
1250636706887331840
1250636689468317696
1250636672556912641
1250636651455344641
1250636628348899328
1250612376170266624
1250588952068792320
1250583266396119040
1250575130507522053
1250573938134048771
1250567180657123328
1250555694627074049
1250552080634445827
1250548354657943552
1250545845415575552
1250541495398121472
1250541320785014786
1250541230548832259
1250541200152690688
1250529187447922688
1250477474959347712
1250473883632668673
1250471391280787457
1250460408013451264
1250448034602700805
1250424387171315712
1250278841211183105
1250250653902893056
1250250639197614080
1250250621673820160
1250242439752716288
1250227852928323585
1250223242775650305
1250221584218042369
1250218339873345536
1250203949128396802
1250202582024368128
1250187531322380288
1250186033637003276
1250181843271454724
1250163866501251073
1250163557062316036
1250152650584154112
1250150196723486720
1250149563140321285
1250106798432018433
1250101509280403465
1250099749308567552
1250094990899937280
1250077028969091073
1250048694277132290
1250047714378694657
1249897944678948865
1249888097266880514
1249888052446519298
1249861409036353536
1249861373883895808
1249811673164251136
1249789788040728576
1249789741228101633
1249771474992410625
1249762423214608387
1249741507889786880
1249731771970666498
1249729997276930048
1249729414742650885
1249727827403931649
1249707630756605952
1249702332842930177
1249697011529428993
1249695244460806148
1249529874793893888
1249417927192752128
1249417343245012992
1249411523446890496
1249407418364088320
1249407227389046785
1249407085160235008
1249407043028439040
1249407005464252416
1249406959343656962
1249406951743606784
1249406925214633984
1249325099104100360
1249178408401145857
1249171761779945476
1249171289782321152
1249130446740508675
1249116687737032704
1249116659672993792
1249113618102120448
1249108738759200769
1249103367550300160
1249091471053066240
1249091017250406400
1249080683257114624
1249080174387347456
1249078483986210816
1249060259798429700
1249050912007442432
1249034454536007683
1249007081337700353
1248828081118171136
1248828056036245504
1248778737471983617
1248773233299472384
1248773201083027456
1248773185568268290
1248773161576845313
1248773149220433921
1248773139514798080
1248773105838747648
1248773080601640960
1248728607071055875
1248721182733598720
1248706744676728832
1248701172854243336
1248699747671605249
1248697260956925952
1248676250429857794
1248661468733636609
1248659475294236675
1248607500984696832
1248496525333770242
1248438594215096320
1248410757294784515
1248404986335125505
1248400635642302464
1248399893871263746
1248389660599959554
1248389402096570377
1248372247422623744
1248359479650983943
1248351153177444356
1248344438268518400
1248344315060862976
1248327060159975427
1248310210608889858
1248085376561860613
1248085049511010304
1248085026995990528
1248077926177935361
1248073188530999296
1248073107023081474
1248066838572855298
1248041722061471746
1248008195924045825
1248004307015725056
1247996081574535168
1247986768084783105
1247985903995240448
1247967915728441345
1247967412261027840
1247967347211530240
1247967319910805505
1247967265741402112
1247967175152820225
1247940698818609159
1247890171355258881
1247890155362340873
1247890134344687616
1247714184701370371
1247702954905239553
1247702895715221506
1247660702279430144
1247660316466368512
1247657684700143616
1247656419949785091
1247651123084681216
1247651107888697346
1247651095385497600
1247651081066168320
1247651003316355072
1247644221013667845
1247616413650444288
1247609353592614913
1247609106640355330
1247605936451137537
1247561436341166082
1247560996560011264
1247546934690185217
1247366396062740480
1247360102945808384
1247359963686531074
1247359699076272130
1247359277007683584
1247359225208029184
1247304422931066882
1247304396532109312
1247304309592621058
1247293444969476096
1247275951924424704
1247275882621763584
1247275790640676864
1247251169908572161
1247251014257868804
1247179260432764928
1247178660500525056
1247174830484418562
1247171343453286401
1247170076047892480
1247169837945606150
1247146154346729472
1247028255464411137
1247026887437611008
1246965566344065024
1246965375113125888
1246965357576769536
1246848048384233472
1246848014074826753
1246847996215451648
1246836183620939777
1246654890497040384
1246626387420688384
1246605739507867648
1246605333687984128
1246605282265812992
1246605252444352512
1246605216616550403
1246605201743597568
1246605181275353089
1246603136510226432
1246603114523709440
1246603079371251712
1246603056898138112
1246603018738401280
1246555104741920768
1246496719195361280
1246483152509403137
1246452363352608769
1246451155703484418
1246412552340295680
1246309784438976513
1246308860173766657
1246286503103180801
1246286485646499843
1246286127247421440
1246284576382574592
1246284535857172482
1246284479313797122
1246283564070481920
1246262167717859328
1246248506207043585
1246184683794247680
1246184573295366155
1246184468261543937
1246167618106556423
1246134507490738178
1246134467925889024
1246129310521593856
1246117309774802944
1246116272288468994
1246112418662670338
1246112393417183235
1245888276361330693
1245870716265705479
1245865982230315010
1245862208837312519
1245856366670954497
1245856250182504448
1245853721352790016
1245853705724817409
1245818625052811264
1245816880054579219
1245802475598368768
1245802285680267267
1245765042148200448
1245764922925101056
1245764908282757120
1245700143988518912
1245564446652747777
1245560292488228864
1245554220553699329
1245532596148285441
1245526305900240896
1245525800687931392
1245525690805637121
1245525669322391554
1245525599826989056
1245525581833351168
1245439975321219074
1245425831125626881
1245424471764279298
1245424094558007297
1245419688907231232
1245419649455529984
1245403807338696705
1245363622517321730
1245330112570183683
1245329730678566912
1245318735881256960
1245318703585034240
1245171093968687105
1245167120629018625
1245163522981494784
1245136205475385344
1245136144871931904
1245104272326438923
1245084665947590656
1245084429049004032
1245082365061476357
1245061025969385473
1245060879340756992
1245054715928379397
1245054666750267392
1244902265820983303
1244816998967775233
1244816852880166912
1244771798392152064
1244771548541698050
1244746100059312133
1244699107895189504
1244696027543855104
1244682840194908160
1244632246490980353
1244632221916553216
1244614110945447937
1244531682499342338
1244531660626055168
1244531636919820289
1244531618548604929
1244531580724535297
1244531562164695041
1244531538399842308
1244483839453532160
1244483580472053768
1244474206974246913
1244432719494471680
1244432434424434688
1244431076472360961
1244430927893278720
1244395537660612615
1244395511530086401
1244395489887424513
1244392500338589698
1244392324765044736
1244392311443861504
1244106704087851008
1244106386490998785
1244106348532506624
1244106297148092416
1244050876123185152
1244050779427790848
1244008379955253249
1243968649754443779
1243963920198574080
1243956209025236992
1243954526945771524
1243954440534622209
1243954415121371137
1243954380031885312
1243713602462330881
1243700079678107649
1243687353031495681
1243687290851012609
1243660970909741056
1243649755378565125
1243649691432161281
1243649005508341760
1243648868769816578
1243630301890437120
1243628340130353152
1243624742051028995
1243618216900952066
1243612427209637888
1243612123873378308
1243583483240464384
1243574177501675522
1243574154550562816
1243558846343323650
1243548770266202112
1243547584209334273
1243546532567224320
1243521191601676291
1243399189494501376
1243346496482877441
1243346419265789957
1243344200676098049
1243288924576980994
1243288895304933377
1243288856054636544
1243288777608638464
1243288764891398144
1243274478626443275
1243227247437373440
1243227132643467267
1243227121926971399
1243214528680263688
1243214492135194624
1243200360325488643
1243200319569440773
1243200119475974145
1243176526104924161
1243176332974063616
1243175479441600514
1242975792780447747
1242974575161487361
1242965625036775424
1242965558397673475
1242965496703655938
1242965400243048448
1242964134087528448
1242964105369133056
1242962642785972226
1242948441652764673
1242940612913115136
1242939396984311810
1242933091603304454
1242928400899215367
1242910014131580928
1242816119104208896
1242788711923953664
1242714364039368705
1242595733179686915
1242595707929985026
1242555635461509120
1242555608328548352
1242524295265505281
1242514670252109825
1242509007606231040
1242508890425745411
1242508856644833286
1242508105788915713
1242507938176122881
1242507644394450945
1242467339993563137
1242467210691596288
1242464860593475586
1242464595706613760
1242458795218960392
1242299539131949058
1242273765830144002
1242273745697464325
1242259483709059074
1242240283863134213
1242240260643438592
1242240239835459587
1242187197454974977
1242179287614136322
1242179243204886528
1242145373440835587
1242144177598668802
1242144061609455620
1242143773452374016
1242142644379189249
1242126869052428288
1242126769999810562
1242110113185480707
1241927353741324289
1241907213112926208
1241906274234744835
1241872746272915456
1241861438148415488
1241833646782402560
1241833618147811330
1241818668209713152
1241817645596454912
1241817027939110913
1241817001682763777
1241816965657890823
1241783606558760969
1241773471451025409
1241760301135077378
1241757726075731968
1241757654558691330
1241753616744099840
1241740235547054082
1241697845549436928
1241543983135952897
1241518179756707840
1241502337333694465
1241502301543632899
1241467008098668544
1241463473353228288
1241452625113108481
1241449039826161665
1241446114383060992
1241445896316948480
1241438046555439107
1241438001244364801
1241385172475445248
1241380306969677824
1241192079889510401
1241191801035333632
1241169164779376640
1241169098869964805
1241168648557002755
1241147811355295746
1241146019930398732
1241145783543640065
1241112568007180288
1241081841513365505
1241081078246498305
1241069255636004865
1241066642307678208
1241065344061657090
1241065258485252097
1241058190369980418
1241052468563316741
1241052118909366273
1241049267579621377
1241023264480276481
1241012662928134144
1241012583735398400
1240965462386774018
1240857291630526464
1240838871035850754
1240789021388832776
1240785071751270406
1240782826880077827
1240782396531838976
1240782379523940353
1240782353175400448
1240767726857195520
1240767586993922048
1240767476360716289
1240767430231830535
1240725845234405386
1240724612494823427
1240721884255260675
1240721774460928000
1240720125642375168
1240720021430644743
1240719969937166338
1240719950152597506
1240710907761696770
1240681973372329984
1240681594664427527
1240681048931028994
1240665452256333829
1240663711318228997
1240662279118561283
1240662236915523587
1240476833218473984
1240476811185790976
1240440038430781446
1240430259146719232
1240430211113648135
1240422196067086336
1240421944140455938
1240421820697702400
1240412751731687424
1240411941065105413
1240411916255854594
1240411891752669188
1240391940220256259
1240387131509485568
1240387108352733184
1240379116660162560
1240374501663219713
1240374358121623553
1240374275133124612
1240359300230533120
1240359030142504961
1240357687482880000
1240357657808121858
1240331728406732800
1240330691738570759
1240330349873369088
1240306833874616320
1240306447470247940
1240306106909503489
1240280301378646016
1240126201311698951
1240068069478805504
1240053470562041858
1240053431617966080
1240019234501070849
1240017127073030151
1240012472477782018
1240001633301430273
1240001423624097795
1239986527347802117
1239983903202476034
1239983509449687051
1239983383675092993
1239902510036463617
1239897015108198400
1239753026669350913
1239737936943423498
1239737632567033856
1239713710895226880
1239713559220817926
1239704425800896517
1239698698600435712
1239696256475299842
1239693532111257600
1239623413125337089
1239587665349169152
1239578435082752000
1239568880382685185
1239552947899555840
1239552881319165953
1239552733092478976
1239515924148912128
1239376066793406464
1239375920844210176
1239375212623335424
1239375065088753666
1239332409285410817
1239330721363382272
1239330520930177024
1239252552392335360
1239251669063475202
1239248700985270272
1239015749102034947
1238946882933731328
1238946486836252672
1238897038357606400
1238890089410973697
1238890077473984518
1238890064458940424
1238890036969582594
1238889809004953615
1238804982167732224
1238644182694100994
1238641939072913408
1238601285601034240
1238594668146888704
1238589705790291969
1238582733619822592
1238573982812684288
1238516253683265536
1238502326329061377
1238500429119488000
1238500390674616322
1238500351206141959
1238496520837779463
1238485343021776896
1238480782387281926
1238473551180640257
1238471739534987268
1238470501288329218
1238466075043430401
1238450626541105152
1238403009320751104
1238319636703252481
1238287775776083968
1238284322009989121
1238253923720404992
1238247985626132488
1238245078029697026
1238212793163304960
1238204210530877441
1238181231210233857
1238166673485705216
1238165013627645954
1238160365890023424
1238151028568195073
1238144841336438784
1238125304381689857
1238122301444501505
1238121690628075524
1237897001221537793
1237894812713381888
1237884508382400513
1237869913332563969
1237858523968458757
1237857021614907401
1237856675098292228
1237855097155018754
1237851662393290753
1237850922597810178
1237850911118000136
1237848822170058752
1237834349611036672
1237833363366518784
1237813349137682432
1237803496600207360
1237802147703644160
1237792691586502657
1237786432703520769
1237781837512093696
1237758931063242752
1237750925894332418
1237746950050586625
1237730541174239234
1237565066737680384
1237565050090442753
1237555323117776898
1237535780743950336
1237519559545905152
1237513475628269568
1237506302223339520
1237504903146115073
1237497318338891783
1237493701854875651
1237482288734253058
1237472991212118019
1237448142548852736
1237431832406364165
1237395660879454210
1237393170272358403
1237374830086946816
1237210244767457281
1237210221191335937
1237187979262787584
1237187591339941889
1237171683578056704
1237171217376911360
1237139743038681089
1237129249707999232
1237124264182104069
1237077639208337408
1237044712156082176
1237018287223037952
1237015346529304577
1237006524129644547
1236835579041656836
1236835530207346692
1236835510468911104
1236835467259191296
1236815673885626368
1236797290930675714
1236286318545600519
1236144754292817920
1236109312889475072
1236081622748925953
1236068039126175744
1236035735347703808
1236035695438958594
1236027522330112002
1235974665547509760
1235962648241606656
1235959660152315904
1235953530340618241
1235940341343232001
1235765854874357760
1235747930025451520
1235708419429904385
1235698971948937217
1235687524770643968
1235681100267167744
1235670028709752842
1235667229561274374
1235645597576835078
1235636505282056192
1235635149968224261
1235619834399985666
1235617900884615168
1235609690781831169
1235602971163062272
1235590359041880064
1235574828813488130
1235567929522966528
1235383482123198469
1235345032665759748
1235344621863084034
1235338984039084035
1235330959714791438
1235330922519633920
1235330860863361024
1235322590677413892
1235281682825179138
1235277717240762369
1235269169727320066
1235256356892004354
1235246526387105794
1235241250959364097
1235240867390251009
1235240167323176960
1235216587705257984
1235211611415117824
1235039118926594050
1235028187291078657
1235002198855233540
1234979428515508226
1234970087821463553
1234941724709072902
1234940873781239809
1234931870258941952
1234915106569490432
1234911287903211522
1234910714076319749
1234897197587664898
1234891884084056064
1234891816811532289
1234888249266577409
1234877603963637765
1234871576941793280
1234870206876585986
1234858957547737091
1234858919027249156
1234852851303768065
1234852038888042497
1234664619165138944
1234623445872398337
1234618659219394561
1234613086222520320
1234602412557688835
1234582120112193537
1234564576823435266
1234557892071710720
1234556341626249217
1234555930223747077
1234555913178054656
1234555836896288769
1234555800187756545
1234546193730064394
1234529800435486729
1234527602402041858
1234513769520340997
1234513144875307008
1234505726367797253
1234447976195665922
1234291105052680193
1234240072431624193
1234225466808160257
1234181912127660033
1234176876706488322
1234158708176764928
1233933835907338240
1233872321032720384
1233836367219740674
1233812426287538178
1233762346549436416
1233732535542321152
1233732170394546177
1233576127387635713
1233558251670732802
1233548716486905862
1233532314568855554
1233530118108327936
1233527769532895232
1233509933053669376
1233497360073973761
1233482913414557698
1233459351387541505
1233442855449956354
1233421345976922113
1233414901596553216
1233412954646892544
1233406503022944260
1233392144871809025
1233381544317931522
1233376833103679489
1233189823961276416
1233179199684382720
1233159558857658368
1233151163136118785
1233139882861768719
1233123493891497986
1233085801141063680
1233071736914137096
1233071061232766976
1233063059238924289
1233042740776230912
1233034738367111169
1233032789534003200
1232867285867601920
1232835488915976192
1232831462598225920
1232830829988106241
1232805537894498304
1232802720349900804
1232794972254019584
1232782546464845827
1232773613826252800
1232759549137911809
1232758420190744586
1232757650829565952
1232757461741981696
1232743946452918272
1232735761956581377
1232734403392081921
1232734320516849669
1232734294101176320
1232734256327204870
1232727223813189632
1232725683425730561
1232722475970154501
1232703145949700096
1232700243441049612
1232694033346170880
1232679142778441729
1232678380258066433
1232669858191405058
1232487759643676674
1232486681263009792
1232485432543391744
1232485024303214592
1232484976647704576
1232459229715255297
1232458534454841345
1232438875617808384
1232400556448239617
1232388733728628741
1232341805930291200
1232132127346569216
1232127100624285697
1232120370708303873
1232120349896183808
1232095458841038848
1232057640026591241
1232041588051845120
1232041539263762437
1232038163671113728
1231994613201866753
1231933189163290624
1231631807608582144
1231402225253179393
1231340385810534400
1231340353266958337
1231327345677500416
1231324942567911425
1231324906505175040
1231324866252378112
1231262373979262976
1231042345103175680
1231041445575962624
1231041211051454466
1231041168529666051
1231016515589140481
1230987504364294144
1230987346411048963
1230987307575992320
1230975133327622144
1230929128326647809
1230928569494392833
1230862078891573248
1230726365919342593
1230685174158938113
1230685162163163136
1230679711455383552
1230679436728487936
1230599086539100160
1230598128706801664
1230576733222404096
1230576598425858048
1230515477706768385
1230501737745616897
1230488399900897280
1230480589746126848
1230480489846198272
1230385112870580224
1230229973299945472
1230189168346550272
1230169956857212929
1230139273774428166
1230139223283400704
1229989242182352897
1229981319951605761
1229979026535510016
1229913911945613312
1229912821279838210
1229898256722718720
1229893298371710976
1229891431763853314
1229830016466178048
1229758427083288576
1229648696742006784
1229633668911484931
1229633639027101697
1229598167248719873
1229597075332927488
1229591538113531904
1229522598238646272
1229495644475121666
1229494293158486016
1229494214255239168
1229184314522427395
1229143159424372740
1229080748428275712
1228830096380686336
1228775235073253379
1228731441359413248
1228712320647356416
1228487841283371010
1228441284597018630
1228430727253053441
1228429524146233345
1228405606903668738
1228399689512443909
1228390076725460993
1228388368603602946
1228380887634628610
1228380206458712069
1228377499400376320
1228376791695396864
1228356177807003649
1228350111073304576
1228330926146543616
1228329245916770304
1228328076129513473
1228322625807511553
1228321224075423746
1228321114981572608
1228320065877139461
1228319504561733632
1228319439483031552
1228319399733604353
1228319387976970246
1228319378464280576
1228319364098686976
1228149496988807168
1228125864707141633
1228125823363944448
1228094817642696705
1228071753152417793
1228067927913619460
1228033933767561216
1228025095056216064
1228022472521457665
1227984099257782273
1227967662556426242
1227928524557824002
1227793364629835776
1227774484117098496
1227772861089288192
1227772674740453381
1227765833683931137
1227754438548447232
1227742468982046720
1227738920273817602
1227738751998320645
1227732772535578624
1227718944506753029
1227714335570526209
1227699649181634562
1227691336599515138
1227620087521214465
1227617572650135553
1227610433001009156
1227419620291891200
1227376335384911872
1227358919984656384
1227338641946664960
1227306726497701893
1227291443317874688
1227289314054287361
1227286653183627268
1227286515644063744
1227273650975449088
1227271583934373889
1227255226035470336
1227245693024325638
1227243257391992832
1227056352654172160
1227016144051146752
1227013115499470854
1227013071920672774
1227002241053270016
1226967825736249347
1226921883473469447
1226883818277294080
1226843841359163392
1226670859923939330
1226601923979161602
1226601859277840385
1226175285290250242
1226171372625420288
1226161803643752448
1226154998171623424
1225951881241014273
1225944311965126656
1225942052577456130
1225937185020489728
1225934661798502400
1225907841111859200
1225884494177144832
1225875298329255939
1225870553178869766
1225857531312005127
1225852177295515650
1225842929845051394
1225831715303804930
1225815111954247682
1225784271559970817
1225602964032819200
1225601885853421573
1225599085870276608
1225582391898628097
1225582313351852034
1225545534045331461
1225545051608055810
1225544961078198281
1225529643580743681
1225519880583118850
1225519150262636546
1225510290885877762
1225505211864752129
1225485424275197952
1225469147028639750
1225467604543983616
1225464338774994955
1225428576570368000
1225251434419097600
1225226890119696385
1225226665716015104
1225217462666481664
1225187877170110466
1225179956025622534
1225176064156229633
1225174922625941504
1225164380326780930
1225148539900256267
1225148220034162688
1225147943742771204
1225128496705482753
1225114513575501829
1225095765112082432
1225091504210960386
1225078539931832322
1225077021308588033
1225075872497065985
1225072380575387649
1225054696538353665
1224926183755743234
1224907910561615872
1224897303900803073
1224894801235054592
1224892820714151936
1224892325656236032
1224891908574580736
1224891387155570689
1224890477192806400
1224889744435400704
1224887158940602368
1224886780492701696
1224886479295565824
1224885193460342789
1224884510677962752
1224882908755906561
1224881769150930948
1224881249975701504
1224880215622660099
1224879043406958597
1224878330404577282
1224878191376064514
1224877537060433921
1224876622844579840
1224873960275312642
1224827226186711041
1224763506131701761
1224761379208470538
1224745996602826758
1224716966864281603
1224696570626691074
1224449456935821312
1224426890657718272
1224423730656546816
1224422514266443776
1224420988588384260
1224419242684055552
1224412238116728832
1224408663919599620
1224401751543099394
1224399263461007362
1224399080501260288
1224395710998765568
1224392042396241921
1224382963254734849
1224378276040278016
1224374474948202497
1224340255542841344
1224151151463096320
1224033290576965635
1223790715655856130
1223790513414901760
1223751214552297472
1223721689516736512
1223696182427422720
1223695695779110912
1223695623653937155
1223672363243450369
1223618900044152834
1223431064267476992
1223402309465657347
1223400641957179392
1223400461144817667
