1286035803760664581
1285971742146650112
1285969613742891008
1285690753595764736
1285606894925643776
1285580875397246984
1285575341675864064
1285559239679922178
1285247498689433604
1285042943288651778
1284886387850973186
1284633459667992576
1284557495210582022
1284519533043122176
1284336205484756992
1284298708352458758
1284261921206734849
1284240674288799752
1284209627601801216
1284158888963702785
1284141956340289537
1283940584772833281
1283883144702287872
1283854937731076096
1283854877165223937
1283818224883294208
1283801552306737153
1283788359920496640
1283775670401871873
1283773574554189825
1283610160540286976
1283496566557376513
1283431868663300097
1283430978162176002
1283405245020868608
1283380639065083904
1283375092777484288
1283194281763770368
1283145643238858752
1283143707269591040
1283142506750844929
1283070879958806529
1283052954103230469
1282802067602644994
1282786258369093632
1282784450334674944
1282784045429133315
1282770634309865473
1282711703906648066
1282518975918866434
1281759838800936962
1281622263087927297
1281619547703980034
1281461658079113217
1281357949047373831
1281312744105541632
1281312059074936835
1281305546692362240
1281282472047718401
1281263060230029312
1281261650134401031
1281241393671929858
1281203679111110658
1280950562465501188
1280950457075224582
1280911146522943489
1280894405801586689
1280881391958470656
1280698663065567232
1280535850934308866
1280511338322821126
1280481238260875268
1280480949118042117
1280480947352338432
1280352056679825410
1280266095769894914
1280208755423088641
1280173094108377088
1280173093034606592
1280170800591581185
1280136919461003265
1279809649781456898
1279558889705529351
1279477786294566912
1279413040614707200
1279413021409005571
1279413010587701248
1279412932581953538
1279188251815956486
1279188209847676928
1279188090070937600
1279083613338972163
1278799674401529858
1278761995731374082
1278733604101685254
1278722541117476866
1278707419611385860
1278452570420322318
1278452519048556544
1278421895235416064
1278361875382763520
1278359134304374786
1278357424374796288
1278324379672350727
1278087570283511808
1278087471985762305
1278083695728046086
1278061027209498624
1278052941350539269
1278048105406087168
1277996538762014720
1277962667810885633
1277962389908938755
1277713665110577153
1277712470522695680
1277711748066430981
1277702316775407616
1277678264140603394
1277633086931509248
1277313420812042249
1276913612456673284
1276875629120704514
1276677717824606208
1276613262164078593
1276587092789911553
1276558798749138945
1276551641949523969
1276504186952339457
1276502427030650881
1276502393434316801
1276330625654558720
1276289028392968198
1276270893799530496
1276219718102388737
1276218563381145601
1276188215909679106
1276184262698504192
1276157180635471874
1275981605513900032
1275924305189179394
1275902360426958848
1275892615536312321
1275867918526447617
1275854613325979648
1275845962896900099
1275836393101635584
1275825937578409985
1275820057453625344
1275817966869917701
1275797705227460609
1275796509171343360
1275775231299399683
1275570256996679680
1275570247853056002
1275557958492061697
1275530364358885378
1275502059303899138
1275496885919330309
1275467932475232256
1275442194778714115
1275435011064295425
1275434752670003201
1275432751337013248
1275432742214422528
1275226673332531200
1275174115649912834
1275174113754185729
1275172017701040137
1275095475822235650
1274035528250335235
1274016076674850816
1274010239411662856
1273999488466800653
1273989273222553601
1273970048567304198
1273803163653615625
1273744453241647104
1273741978002509835
1273714519995539458
1273660712230031360
1273643725533655040
1273467301950603264
1273424058433110017
1273376249671561216
1273372841552027651
1273323918863077399
1273308447413583878
1273307422103347200
1273306901070196737
1273306873400303617
1273283436489424896
1273054658987208705
1272981759379017729
1272966149320425473
1272943047500857345
1272926131352633346
1272924223514841095
1272889962715844616
1272654798576287744
1272588418954870785
1272577309200039939
1272565361959940096
1272561163180617729
1272557876045848580
1272200664211435528
1271959497850970112
1271959400979353610
1271878712406020096
1271837030713040902
1271627610368466944
1271607000695222273
1271535443591475202
1271535364432429059
1271535334430511110
1271477502028939264
1271122370028339200
1271115061503971330
1270821493329575944
1270796240717000708
1270794609518678019
1270789548331728898
1270764790080774146
1270758149495107594
1270758148480159747
1270758147477721089
1270758146630434817
1270758145728622593
1270756541273190405
1270753187893596162
1270501501845241864
1270482958013661184
1270428809863606272
1270387401509285889
1270371070898507777
1270082724976525313
1270003346703888387
1269819389945286662
1269634558867226626
1269461794302681088
1269461633748930561
1269262437410316292
1268994535490752513
1268969092771438592
1268961848499621889
1268955779937325059
1268937061274398721
1268931695245504512
1268692488866406406
1268662289655312385
1268622631202435072
1268600717859786756
1268589184631128066
1268568196518379522
1268568195729887232
1268568194945597443
1268568194110947335
1268568193339142152
1268568192554860546
1268568191716020225
1268562650528710658
1268539494812340230
1268383634609844224
1268383623096532992
1268322195232694277
1268304941464125440
1268286911468183563
1268278318585057283
1268245514509787136
1268245270971723777
1268235427212918785
1268211177907257346
1268208990116331521
1268206947418939398
1268200421526507526
1268184052764413952
1268173695010459650
1267977634719379456
1267927995618123778
1267866909107802115
1267608231607767040
1267513471178100737
1267487423933579265
1267175356282343425
1267132520237355010
1267128994480209922
1267128785935220736
1266956693398790145
1266830991601131521
1266805474558644224
1266775625651675137
1266775616701059072
1266572894697656322
1266480820866482176
1266466773064433665
1266454380884131855
1266433865327009804
1266403192356642818
1266401529008922625
1266371131201564673
1266342890101489671
1266146256742727680
1266123731941888004
1266111520641036289
1266081349640871936
1266072647231836160
1266066194399989762
1266058795345752064
1266058343279480832
1266039707969957891
1265769399077740544
1265765683004084224
1265755314609061889
1265752932328378371
1265746509741654020
1265739639626883076
1265686389124993026
1265686383701766157
1265676986883674114
1265616249297436672
1265483879907016704
1265379104683175942
1265317870264815616
1265288792648437760
1265286802279186432
1265073732349038593
1265028656054906883
1265016671036637187
1264970983192092677
1264970406286499840
1264962380515225601
1264962264249098240
1264632896641515521
1264610638128701440
1264590075318415363
1264587281102503936
1264283466075705344
1264283441731964928
1264255700815003655
1264243251978088449
1264243207233310723
1264228426938007552
1264220457185746947
1263937460943364096
1263937372649127938
1263936019457548290
1263916965141385218
1263887885289357314
1263882405095575555
1263875526525059074
1263871436130836481
1263868388734111749
1263865352510943232
1263829312849002497
1263825555666984961
1263805787043958790
1263633538768871424
1263621145238126601
1263608356373245957
1263567878030340098
1263558833517015040
1263558617887838208
1263546830798929921
1263525409163001856
1263524772660629505
1263522756135735296
1263504481372733450
1263504335671001088
1263496523838611459
1263491379247931402
1263491313141452801
1263481432401461250
1263478289903038465
1263477034803748866
1263466502889574403
1263251746392027141
1263251725437284354
1263229070646620166
1263216665409597440
1263216301587288064
1263205970878115842
1263205937495576576
1263193333872177152
1263173697101275137
1263156431127293958
1263142015799373830
1263109820686704640
1263089789001236482
1263089671598374912
1262911129799573505
1262855422240796674
1262841290221371392
1262810034314059777
1262801727880925184
1262801360971587584
1262781023726768131
1262778354077446146
1262777492584181762
1262777342524620806
1262763571064307712
1262760872566497281
1262759917657583618
1262756579033493508
1262727438607450112
1262722448887341056
1262722228103393281
1262616695694413824
1262525689586233345
1262503782753218570
1262473980797161472
1262465397162475520
1262465253138477059
1262462413129035779
1262459142784069636
1262456964145168384
1262450699343933441
1262450428689727490
1262421467096104962
1262415871777148930
1262411580777680896
1262411267291086854
1262401281747906561
1262389085169213440
1262053267191857154
1262025503386501121
1262007950622801921
1261692755245441026
1261669735185383425
1261658991719067648
1261644198887002118
1261491048754352130
1261460703417794560
1261460700523790336
1261460699139715073
1261442386766553095
1261442352662503424
1261406958395023360
1261393758647578624
1261382624825815040
1261380567322562560
1261377322445352961
1261367069741846529
1261366740379996162
1261362299979194368
1261357982576545792
1261357724736126976
1261356138634924035
1261334245479505920
1261332290245988355
1261331798472241154
1261318798428291078
1261318703959937024
1261310711252357121
1261307424834834433
1261306563299606530
1261306295828824064
1261304310899650560
1261303704461946891
1261303636447068161
1261295416303378433
1261255984669958144
1261114661216423936
1261114588407480320
1261114495046422529
1261114083182555137
1261051626250555392
1261033412246278144
1261027193335042049
1261016796674605057
1261016642466742276
1261007491158155265
1260971683101499394
1260958625788579840
1260956814788702208
1260924310069395457
1260916087119585280
1260710647823810562
1260709792001204225
1260700746229723137
1260696460363997184
1260677245179441152
1260673707728609283
1260672351869558784
1260667646657335296
1260662933597667328
1260660215143231488
1260659897777025024
1260659680352694272
1260659232585609216
1260656733233401856
1260654898774896640
1260635653441798145
1260627850211753984
1260624912143843329
1260623256995987456
1260620313882230787
1260615305174355973
1260605800294334465
1260591976321351680
1260584668908445702
1260582188250206216
1260573771561402369
1260572950710943744
1260555896297607168
1260419910594899968
1260381915405828098
1260363865742770182
1260338848103571464
1260328486042025985
1260328400570535938
1260321660709765123
1260313152291508224
1260263655251283969
1260261026706096133
1260255063106347009
1260246551655591936
1260244576985665536
1260243156764962817
1260243137731198988
1260234207495847936
1260220801774759936
1260220328028053505
1260197708100485120
1260197689695916032
1260193007808086021
1260190997717319680
1260190889290477568
1260164423106342915
1259978262610132993
1259978233786904576
1259954946411319305
1259952555406299142
1259952553749630976
1259952549739855879
1259943129425346562
1259940293320769538
1259937101367345153
1259937013396054018
1259935343656271874
1259931922043744256
1259900081999880194
1259900075763019776
1259898770994663425
1259893185867911168
1259893141769015301
1259876557251842050
1259872211483201538
1259872198145249280
1259861406947704841
1259836656556765184
1259562208729673736
1259561506712281088
1259463447521026049
1259231214906552323
1259170108636880896
1259169969742512132
1259169915585560579
1259169725306855424
1259145459370790918
1258934982002774021
1258914539489411075
1258882585838714880
1258865533207941124
1258849401616859137
1258841035729514498
1258837240022740994
1258837142400360449
1258837094522392581
1258825069431791617
1258811969144074241
1258807990225965059
1258807988934057990
1258795430483296258
1258785077900836864
1258781551594213376
1258781447323881472
1258780967008903172
1258780826017370113
1258758542573613060
1258758540585512962
1258758537246842881
1258758533899866114
1258758530384965640
1258758526916272130
1258758521425989635
1258746976344170497
1258535584097726466
1258535509590040578
1258531972088909824
1258501473220153350
1258473878747308032
1258469160662831106
1258466314374578176
1258464530327310336
1258444691193901058
1258433656986710019
1258424705939357696
1258410604219555840
1258409711377973248
1258408982315708417
1258403905836396550
1258400621096468488
1258386666773008384
1258384085325615104
1258181577613459457
1258148206816497664
1258145455441149952
1258132163247079425
1258126569714876421
1258121147243257858
1258121117778182146
1258105937031835654
1258105709851525122
1258092010717798402
1258072882825084928
1258069109528461314
1258066830964514817
1258052626207440896
1258052577880674306
1258050563759124482
1258045567244079104
1258032833173602304
1258032707516456963
1258030096759377920
1258019772844978176
1258019669715361792
1257992253403918338
1257848102616260611
1257783300250353665
1257743476999032833
1257720612363161600
1257720555509297152
1257708604485967874
1257706700334907392
1257702328972587009
1257702274085896195
1257702050697220096
1257695882646093824
1257686056985677825
1257681045442433025
1257671389026193409
1257657320210862081
1257651695548534785
1257651211161022465
1257651138410790918
1257412964333891589
1257392106848608263
1257388776906788871
1257351593260912640
1257342796496855041
1257321405424611339
1257307092219650048
1257304856219377673
1257299071901065218
1257086102462246914
1257070996349124613
1257017261447155712
1256997176921686016
1256997091651522567
1256768729226063872
1256768691783512065
1256768556181729281
1256679344891715584
1256635343778058243
1256635278783119360
1256337984560852993
1256320866259832832
1256320791961980928
1256320019501215744
1256309301284614144
1256303880289353728
1256300251956293633
1256267834885320704
1256267524724928513
1256262314426339330
1256260897624018946
1256253142779510785
1256225863177310218
1256018695106834432
1256011207003250688
1255984181852672000
1255957158136553472
1255957006722138112
1255956647949864960
1255947971763621890
1255947405343756290
1255946869861232642
1255935196312076289
1255894192183750656
1255880946328514560
1255875529938538498
1255863782083104779
1255827009198084102
1255826905435078656
1255700114431229962
1255634068521324549
1255609254570057734
1255603448239796226
1255594952983220229
1255551141091463171
1255547207853527047
1255543947214098432
1255543242684235777
1255537471359778818
1255521778450993157
1255517531613380612
1255516117369528320
1255513226676187139
1255497119760252930
1255483865453465600
1255483684083453960
1255327385915920384
1255298442068402176
1255296474574999554
1255296440865304577
1255296416081207299
1255262381858570240
1255234402751336450
1255218364663939074
1255214862650814468
1255175840737964032
1255171425620688897
1255155433922342912
1255155402460794880
1255128108614762496
1255128072505954304
1255127943380074496
1255114370042023937
1255114308587003904
1255114233609465858
1254888002108772353
1254870049522941952
1254839210571452417
1254832962102755328
1254817030630408204
1254816555478716416
1254784485997965321
1254770496228462592
1254765363335749632
1254508787471470592
1254449044526637056
1254423602805563394
1254143420274278400
1254091756901146624
1254088963243094027
1254088891457572867
1253830653231149057
1253829569699819520
1253804642636566535
1253800837203271680
1253789035581116417
1253781992883269640
1253778435740139525
1253773706024927236
1253745589830983683
1253745279276396546
1253745192534003715
1253745091719593986
1253735767131803650
1253730363135995905
1253728252834832384
1253728215547498496
1253721934476578823
1253696966095179778
1253678803559251970
1253678657006075904
1253489000758812673
1253463790697566209
1253463502989164551
1253458751585206273
1253458750272344064
1253458748611444738
1253440591133843456
1253433732020625411
1253433613342765062
1253420589252923392
1253415451616358407
1253409160697266176
1253405329666248705
1253404317991739406
1253403550589345794
1253392190300094464
1253333906901721089
1253323249980604418
1253321411411787777
1253128458382835713
1253088269153251333
1253087863094292480
1253083438950776838
1253056733943074816
1253052347195981824
1253045111153479680
1253032270329516033
1253028231202177026
1253028144778534914
1253012737761968132
1253006604313780231
1252999539176493060
1252978177212919809
1252972018452004864
1252962968561750020
1252958204281176064
1252789396249640963
1252728071591002115
1252719740247777281
1252719739295731712
1252715606102740992
1252714756076646404
1252707360738627585
1252706241916346370
1252706121812303872
1252637945955323905
1252621648697741315
1252616871511232512
1252599762987212803
1252589349172109313
1252580503351431168
1252387230464671746
1252378344647094273
1252378064090103809
1252366939336237057
1252356224680464384
1252351943541878793
1252346088717053960
1252346084111691776
1252346077354684417
1252346072355110913
1252340602118651904
1252334773810364416
1252332415797911557
1252315099580203010
1252302184252932097
1252298215866712065
1252284061512617987
1252276677847236615
1252275325788192769
1252256935975497728
1252244239657906178
1252218551051616256
1252004615018725377
1252004557883916294
1251909500061265921
1251902204761518087
1251662087178326019
1251618915374989313
1251608001481453569
1251540577092538369
1251540533496827905
1251540521086058496
1251307201769156609
1251299165256200192
1251296967940022278
1251296919843999746
1251289359514578945
1251289344666669062
1251274570406998016
1251274489893019648
1251262164402409479
1251247625183133698
1251235866145697798
1251229651130875904
1251226901391253506
1251219866188726272
1251202311365500928
1251196271093841920
1251193406430330880
1251192580676685824
1251178521508151297
1251174389481160704
1251163005217206274
1251162949378387970
1251151861526061059
1251142522358976517
1250977188578557953
1250956035973677056
1250947573587890176
1250939195943682049
1250938526633517057
1250927400067764224
1250909260852142080
1250908439095709702
1250908063915298817
1250896024589172736
1250893256998760449
1250892851589808128
1250877940352548869
1250869117613223941
1250867104808669185
1250865347114217472
1250834870739390464
1250832625352269826
1250832621967458307
1250832619706646534
1250829418152579090
1250829298468114434
1250820181233934337
1250817608045256704
1250812260844519427
1250811593929248770
1250809877905244160
1250808729295085568
1250804730290372611
1250801327912992768
1250799709343690752
1250799633007329286
1250794332057149440
1250793154493677573
1250758356291260417
1250758157447696384
1250577414650040320
1250563779898880000
1250542014841663488
1250521929301331969
1250513339014418432
1250509357353177095
1250508917270089728
1250496318683975688
1250486849946124288
1250482463761207302
1250468738769604609
1250461117060710401
1250458113561563136
1250440447266156546
1250432678806958089
1250432467938361351
1250425996311855105
1250222112264065024
1250201430775996418
1250200571543502848
1250185786022076422
1250159026693963777
1250157154318913538
1250109339093827588
1250100132718227460
1250092875922186240
1250091595149516801
1250076930180874248
1250060286452785154
1249850647341682688
1249835130694369282
1249802321917349889
1249796809054130177
1249776708909137920
1249757570006474759
1249747112239288323
1249741408333959169
1249736251634266114
1249726983581372418
1249723694219431938
1249716383107166221
1249715101856391168
1249676207802597378
1249328163580186624
1248691377996795907
1248645734049644549
1248352379948486662
1248331517329387520
1248299378722340864
1248286890911989760
1248281223912460289
1248279316531761154
1247977765715894272
1247973882646147072
1247952069111267329
1247942397142667269
1247923801083588614
1247897012407656451
1247891950059036672
1247581996253163531
1247558859461451777
1247548844197457922
1247513827496820736
1247341784117764102
1247341219233095680
1247196099372355585
1247167183160889344
1246989801548627969
1246837163293097990
1246174382432505857
1246124613815451648
1246109813400010759
1246094002950209536
1246092755484499970
1245866663565656064
1245862168387448832
1245797219279790083
1245770727959269381
1245749083702202368
1245746973082296321
1245738241426444290
1245724779598041090
1245721422556811266
1245496283890159616
1245478277097172995
1245477740389769222
1245457533000654848
1245429842490916868
1245414007701483523
1245407394710065154
1245379119132663808
1245377656071299078
1245341978528710657
1245339650090303489
1245175909520269312
1245118549254975488
1245092318199394304
1245013781203357699
1244989101281087488
1244709142956294152
1244660155037315074
1244646330334687233
1244645055949950977
1244363452556234759
1244345330348494849
1244331657617956868
1244313419135750144
1244012373679144960
1244009595049259008
1243916001713872896
1243712822628028416
1243697489569558529
1243697475157884928
1243640795619614721
1243639396362006534
1243637884235722756
1243632733764681733
1243593415205543938
1243576279594610694
1243576092180480002
1243560953859506177
1243538339904532482
1243352861813211136
1243300253761142792
1243243406261919744
1243194341159510017
1243194218128031745
1243010075809234950
1242949388894384131
1242936806833823748
1242935456771211264
1242932227723362307
1242903496225062920
1242899007346802694
1242846810881875970
1242827376217731079
1242684800697348098
1242677437839835137
1242572068706824192
1242550888646037508
1242531520188989441
1242523536327139329
1242521775218573316
1242521288784183297
1242507470406180864
1242482193890508800
1242481689030471680
1242460269554675718
1242460155045974017
1242451857336926208
1242287842006642689
1242202914954842122
1242201909550878723
1242166535847895040
1242158162981109762
1242152585135566848
1242118254010777600
1242109958382071811
1241950309003538432
1241892014536429570
1241887959256895492
1241837449430609923
1241782939702251525
1241782388658769920
1241770332240969729
1241518221511008257
1241467845713813505
1241423050085740545
1241360160339214337
1241121450624499718
1241080637379039232
1241019803801919488
1241018612921634827
1241008649352417283
1240776010620076034
1240729135930060800
1240693467061170176
1240677148303790086
1240662145622212608
1240545548303765504
1240495871533424645
1240430380446089216
1240429493329813506
1240400615601250305
1240400536777691137
1240308229164265474
1240299583646961665
1240290191522267139
1240087662696030208
1240037487499710465
1240035128937766914
1240022414177841155
1240009789960269825
1240008654587342849
1240004941348995074
1239993671782719488
1239980910386298883
1239980909513846787
1239939400991203328
1239904631217586179
1239758216839528448
1239723486202994689
1239648275197763600
1239633652033695745
1239623070572298243
1239585764301770752
1239555287243272192
1239332532962942977
1239321744881717255
1239304724224098306
1239298070338306050
1239220864782159878
1239043890910560256
1238980566801883139
1238878901503434752
1238648061364224000
1238576214408867840
1238574414498803712
1238573482100867072
1238564858465062913
1238548851025424386
1238542399875489792
1238488385649606658
1238453760172703746
1238205504918339585
1238106392780771328
1237840679033692163
1237797660511342597
1237737801678041094
1237552271036010498
1237538484715311104
1237493877642342402
1237469785966944257
1237431745521299465
1237418903699062785
1237383708564316160
1237372985553666048
1237119395794731008
1237098771722493952
1236705131757887488
1235937474469408769
1235930984891195398
1235688932005814273
1235680521423859713
1235611590218731520
1235610801974714369
1235602219816411138
1235556948227108864
1235338255668740101
1235334929686376454
1235244139840778240
1234968796034715648
1234936333405212674
1234912173048172544
1234890296934195200
1234850558890123264
1234850557761916931
1234850555694059520
1234497157882839050
1233570621579239424
1233553125455409153
1233475159639625728
1233475158737924097
1232811607719337997
1232760879747338240
1232760680652189697
1232755065196339200
1232715916930166787
1232703681696555011
1232703674604048384
1232684128019079169
1232510547066793985
1232507152457175041
1232418202816253952
1232371668280119302
1232082602036809728
1231446178862190592
1230515637090504704
1230515635010052096
1230510832477515778
1229886767005929476
1229877163748360195
1229854086213881858
1229627717383065600
1229226920010829824
1228739352567648256
1228476742161043457
1228415751817760775
1228404540648624128
1228364979235151873
1228075635496624136
1228012763085185024
1227968722079485952
1227957250737741836
1227734067661197312
1227676153068052480
1227675985488875520
1227659276950306816
1227367207329361920
1227358868122021892
1227348692182630401
1227347936767565835
1227322781601271813
1227259354740658176
1227252000338915328
1226188299464777733
1225889013875257344
1225885202406420481
1225827352145539073
1225827342251065344
1225786341482430464
1225613627274792960
1225594091167244288
1225585172290195461
1225526509412200460
1225520790633734145
1225507636906471424
1225500211713388554
1225470045112930304
1225446546394750978
1225446525712687104
1225446524626317312
1225446521061154819
1225279165068390400
1225173409736380418
1225173408876584962
1225173407450443777
1225134230403002368
1225082900221177856
1225060095517757443
1224904986435428353
1224896835740938240
1224896464893153280
1224894530996011010
1224892601205252097
1224890605316333568
1224889237360783361
1224887496854724610
1224886794291904513
1224878290856480770
1224866164008013824
1224834732472635398
1224817163858522115
1224806516097789961
1224806512255741952
1224712946099671044
1224700855921840129
1224448237651681280
1224445465317408773
1224439285253722120
1224434378886934531
1224410408854999042
1224182302948892672
1224153127382933513
1223443087206338560
