1286039210365984776
1285652645227761669
1284574466731909122
1283900666868568064
1283844273981607937
1283844272698142721
1283077774140375042
1283077773473525760
1282790228525297665
1282790227866783746
1281971395736612877
1281971395082293250
1281623679076642816
1281623678338375681
1280981439652212736
1280901513662078978
1280901512898785281
1279418198576816130
1279418196764884997
1279151622250168321
1279151620815806468
1278462273388982273
1278082095273906177
1277654838344650755
1276542023382818816
1276542022355222528
1276306672298921992
1275877428385251329
1275877427345068032
1275493452730503168
1275493397961342980
1275134382232264704
1275134381397508098
1274754379837575169
1272308757238857728
1272236645451005955
1269361223201628161
1269303656211517441
1269303647818657793
1269002302914015240
1268939770387935232
1268582274188050433
1268582273491914757
1268264230349869059
1268264229632647169
1268264228865167361
1267830131617198087
1266404919424307205
1266087403883835393
1266087402755497984
1266087401815932932
1265815946582806528
1265815945571905539
1265780408609902594
1264996258101542914
1264899835309764608
1263854545727348738
1263126355622985735
1263126354029170688
1262480822541713409
1262191711683559430
1261381483010428936
1261057688991080450
1260259747393044484
1260237331052847104
1259527600290103302
1258571170934411266
1258570409684930560
1258563824229195776
1258563580447899648
1258563399002267650
1258563356488761345
1258506451997216774
1258408435886022656
1255598278122635266
1255598277346631680
1255558953213321217
1255523932876279809
1255523932049899523
1253779774691999745
1253457705186070534
1253457704091365378
1253457702036045825
1253457700702347265
1252667897069125638
1252629053376528384
1251219783737061379
1251191806018150401
1251191804290043907
1251191802335580160
1251191800976588800
1251191799269470208
1251191797918949378
1251191796362891264
1250837797889597440
1250513530434007041
1250436252974714884
1249330430102429697
1249125553661149185
1249125552717471747
1249125551354363905
1249125550372855809
1249125549257220096
1248699002733899790
1248645329785966592
1248358829764620288
1248358828111953920
1248347065454919683
1248347064125227014
1248347061612941328
1248347060107128833
1248347057729015810
1248009863344476160
1247625462999891970
1247625462005870598
1247546121817329669
1246197548580306946
1246197547728809984
1246197546684502016
1246193856439255043
1246193855717937152
1246175736228085760
1246175733933912071
1245415097025077254
1245415095938809856
1245415095049555969
1245415093946515470
1245129681575305223
1244751389378646022
1243598479680835585
1243542505771204609
1242201592360828940
1242201590632796161
1242201589433217027
1242201587386286081
1241439886781136897
1241439885455736832
1241439884478464006
1241439883232710663
1241023463453855753
1240460901377024001
1238892241827086337
1238892239360794624
1238491026924482561
1238472663825252352
1238159267070345216
1238159266193846276
1237803503751397382
1237472269083033600
1237472267728310272
1237469479140982789
1237430386826924038
1237430298134052870
1236789858305224704
1236789857273470983
1236789855612518402
1235981249627525120
1235341139353440256
1235337769653874689
1235337768915603462
1235291188523126784
1234938356271919104
1234595310888005632
1234546860385275906
1234543508524015616
1233495109498523648
1233450848858013698
1233118207390646272
1232764183328034820
1232428153303453698
1232389230963372033
1232389222172106753
1232389215553495040
1230927363103449088
1230927357734719489
1230599259944345610
1230282598120857607
1229462428699832322
1228379700063588352
1227976051902513152
1227710644461416451
1227697321883963392
1227686176192159746
1227683086034403328
1227661603031654400
1227650087888805888
1227650084525006848
1227650082549518336
1227343412459966471
1227343411520458752
1225816547534438402
1225549289553874945
1225532408294002689
1225511943873671169
1225487377898057731
1225487372634218496
1225150723995979777
1224903932666957824
1224901433004384256
1224892756016930816
1224892665101266947
1224868516916056064
1224169653724950528
1224168784291942400
