1285305799586320387
1285219440544624642
1284515171268952065
1283831013580386304
1283522465092775937
1283448207691911170
1283409371842609154
1283077283557892098
1281598931718344704
1281017802510524416
1280993691633627143
1280906233558568962
1280151485595222022
1279414176243466244
1278779416907264000
1278750724680187905
1278739302671945728
1278324145521115137
1278006379840667649
1277728029104619521
1277695657604571136
1277692232766763009
1277679763826638848
1276548943418195968
1276240510131281926
1275110846985879552
1273984913012817932
1273692346845143042
1273322411086184457
1272995552976920584
1272562925266485249
1270426363665821697
1269250171017269248
1268185473391960070
1267469478536904705
1266066468111818753
1265847977932984320
1265703085000753152
1265301684932222977
1265284199784820747
1265283602805395463
1265059399518826496
1263956465158684680
1263157538218000389
1262784878644465664
1262409912375824390
1262394540150992904
1261469912062726145
1261351149036240896
1261311379690196992
1261292713418395648
1261050404755906560
1261005766741368833
1260915695329697792
1260328893266960384
1260323872504786944
1260227892056915969
1259871897854099457
1257428628117299200
1255915229755723776
1255512165613735936
1255299464719409153
1255166613546041348
1254840103026991112
1253778755169988610
1253455323916046336
1253028606193930241
1252279239765897224
1251849416002109440
1250811267633369091
1250413647979057153
1249743321838297088
1249356429800214528
1248403133056708612
1248291550658023425
1248254318224039942
1248032533100584965
1247639655438323713
1247235109956222978
1247172346026364929
1246831160723980293
1246146437357977600
1246143314711269381
1245758185375518722
1245531412452855810
1245401898355757058
1245008188056969217
1244982082478186496
1243612626850131970
1243218191473672193
1242843549097496576
1242525240967794689
1242188861721268226
1241485922790772736
1241057921435303937
1241020763605434368
1241000699854553088
1240374430758469638
1240021634993577989
1239958344737185792
1239915057057849345
1239683598296461314
1239665075457347586
1239616076373274626
1239548755977928706
1238086701475659776
1237721158151294979
1237498653402632193
1237465002405060608
1237350330695811072
1236395036197208064
1235568946125901826
1235355418144190464
1235308232203210752
1235219707059372036
1234869518738100224
1234824627882528769
1234501746719961090
1233434156786495493
1233399302715777024
1233166036255543296
1232661608310222848
1232394634216824838
1232301182732972033
1232010411081375745
1231930603739787264
1230922115139821568
1230853323248590850
1230577641389993985
1230554368358916096
1230499185687977984
1230237950257983488
1230168600926916609
1229887933848662017
1229851643501408256
1229824106574512130
1229809072683143169
1229755510599098369
1228009504073187328
1227706134452146177
1227590970021044224
1227233770559987712
1227224289302253570
1226991170343055361
1226869000233078786
1226161298427215878
1225407354079993856
1225141650739154950
1224902991658016769
1224794715926794240
1224695385245061120
1224423172335964160
1224385458513334274
1224337936105250820
