1285623572472504320
1285566167973756934
1285316351419125763
1285264332771725314
1285262882192732161
1285262391169757187
1285261760438599681
1285258707560026112
1285257916325519360
1285234787125547008
1285233908137721861
1284596583913476097
1284130370783518721
1283504074059591680
1283445042024189954
1283444921425330176
1283397075523325957
1283140668324552705
1283132506762407936
1283101691588509699
1283101688270905344
1283077648101629953
1283043033693540360
1282775073926131714
1282775070688124928
1282708854225227778
1281664323425914881
1281664147931922438
1281366427635781639
1281366426956300289
1281366426213851142
1281267039571791873
1281267038523187201
1281232010728673283
1281231885654462464
1280942895768506368
1280909818434371585
1280893266372804611
1280882315619680257
1280234510647472128
1280195171016159233
1280194567770439681
1280173417526894594
1280173337575067648
1280173285876129795
1280149908922777600
1280149860906422272
1280149738323664896
1279597693816446976
1279463025330851842
1279441251109163010
1279433431538114560
1279422302258712578
1279421245403078656
1279411305527545858
1279411254331871235
1278719233220804610
1278708765358002176
1278702997489569792
1278678338832404482
1278678320369016837
1278672378575413256
1278363115638448128
1278335857209020416
1278313002593333250
1278312853204762624
1278065192627326976
1278059396803723266
1278045940838891520
1278038902922784769
1278014201500504064
1278007279007170560
1277998528741216256
1277992257858101249
1277983086622408704
1277714997368500224
1277714965873471488
1277714850651799556
1277714428415311873
1277677916634169345
1277621559079944199
1276959753877495810
1276624671912361985
1276612428537757699
1276601494884794369
1276573535641710595
1276556195315269632
1276540344805609478
1276516854773809153
1276317030027755521
1276256769904271361
1275904602848845824
1275885343649169408
1275871560881115136
1275837246009204741
1275820923795447811
1275814003722391555
1275813874567131138
1275813602176442368
1275813444806205447
1275775657432276992
1275549936189349895
1275544744136003585
1275503774073794563
1275489734454923264
1275430371673493504
1275429631731142663
1275155781726490624
1275111729492606976
1275076184137596939
1275056637741535234
1275056439845949443
1275056289710817281
1274887791533416448
1274712642553290757
1274704735627591680
1274332438815268864
1274087301853913089
1274087219247173635
1274052174079840262
1273997716289466368
1273979296172986368
1273717091502305284
1273634939309867008
1273440722235068417
1273355473274667008
1273355365724434447
1273318233773355010
1273312205635751936
1273311866379481089
1273311832149811201
1273032628413837313
1272952727111417857
1272942022148702213
1272941949343973378
1272933196330647554
1272918053509103616
1272906861965180930
1272905921358958592
1272670348006305793
1272619574450622464
1272619013600837640
1272619004616679424
1272618664471248898
1272227314672250880
1272177013693075457
1272163627139768322
1271522170099949568
1271511555461517314
1271511421357101057
1271492017865003008
1271490454958346240
1271206790722707456
1271126169753194504
1271108274570625024
1270821759802060804
1270816462773649410
1270804479689056262
1270733972998434816
1270733971308019715
1270732846764830722
1270487956181209092
1270465569305890816
1270416433613361155
1270061940069543936
1270056258033369093
1270053683523465216
1269234351532843008
1268963031670837254
1268949840962162689
1268925598975643649
1268924636261232640
1268921762563198984
1268921182050451457
1268898241116024834
1268655421612572679
1268613112497942530
1268556694575071235
1268535882283393024
1268534616463474689
1268130876052955137
1268130686071975942
1267562266251137024
1267562190929891334
1267562110650810387
1267124437020815361
1267124371430223872
1267124237531316225
1266445343778111493
1266359834292695040
1266334163696783360
1266128455466442755
1266124403592564737
1266095022971277316
1266077718568984577
1266006615356047360
1266006455519510531
1266004207687151621
1265816662437175298
1265763677401202690
1265740800199180289
1265740651544576013
1265685679897485312
1265654262111100928
1265654208675577859
1265391188426788864
1265345858406682630
1265324747967074309
1265294301757673472
1265275404224520192
1265275387044679681
1264919951321837568
1264918647304343552
1264918610792890369
1264918592157556736
1264918581634088962
1264918568560361472
1264918480085815297
1264016077346017287
1263976495913095170
1263975945255428099
1263975923445108737
1263975865190400019
1263933046472015872
1263927990972567552
1263927570292256769
1263909889488928768
1263907373552472069
1263894715411333120
1263890488144297984
1263813177093115904
1263584000393637889
1263582494076465155
1263549297288716288
1263525874089037825
1263464597752774657
1263462909809766413
1263462778217598982
1263462265891835904
1263134423198941185
1263121215662759937
1262835311996002305
1262807959530283013
1262778583979831296
1262763983947173889
1262763601695105026
1262744407268155396
1262567509154246662
1262565588683161602
1262565415294820356
1262438543705735170
1262384101828558853
1262383704162402306
1262383058486992902
1261469636098265090
1261439616185364480
1261371086232383490
1261315976534134787
1261294914677194752
1261250776984358913
1261247109258448896
1261246909953556481
1261246700796219392
1261246659662618631
1261246634492600320
1260534836579663873
1260532280793149441
1260532093156802560
1260241958607425541
1260241921848619008
1260241914697330688
1260185437907320832
1260168233732263936
1260168175360016384
1259941317578293250
1259941315820883968
1259941314277396480
1259545651303657475
1258840729046089729
1258807901176635392
1258807642509713413
1258807412171198464
1258807160928112645
1258784794936250374
1258781960064950277
1258476695817871360
1258467569251627010
1258430423178379270
1258380397924229120
1258103834246885382
1258103833378635780
1258053830140444672
1258041674380558336
1258041582114222080
1257833061510676481
1257832854001799168
1257832415675981824
1257745375265513474
1257383783315263488
1257352952404234244
1257352951666020352
1257338779238621186
1257009573812154368
1257009185591566337
1257008815704334339
1257008780509958147
1256564328729362438
1256563635901603841
1256557558464217093
1256308782499594242
1256281064949022720
1256243944175931392
1256187043312517120
1255936144577085440
1255933546994302976
1255869357382684678
1255864792251760646
1255863088663998476
1255844169517596672
1255839256729268225
1255582179700113411
1255568120535752707
1255496476618379264
1255211365792350208
1255206758605357057
1255155188404535297
1254867493119602688
1254854379300990987
1254850391105290243
1254806279345729536
1254759372305108995
1254523383125082117
1254034681747603458
1253769168920420353
1253731681950994434
1253720379262189568
1253720378016481281
1253700416338001931
1253700349669621762
1253452810282127360
1253390607558549509
1253351164256583681
1253339458289754112
1253326510053703680
1253325364404731908
1253322640288251909
1253319349978497024
1253056951027720199
1252964107248119808
1252770503040868352
1252770442840100865
1252655664335392768
1252593962361249793
1252557276872937472
1252556821279227904
1252556571575496704
1252361489635106823
1252332942568894464
1252317360003801094
1252239346339463174
1252224483341017089
1252192050130432006
1252191659200253955
1252191409441996800
1251512778856247296
1251499231795392513
1251499114812059650
1251183691482701826
1251117694004363264
1251109618153066497
1251109503183003648
1250964416033705987
1250872841735598080
1250866290123845639
1250864382873079814
1250841091672281089
1250835470759743488
1250834965731987457
1250816887992262663
1250815132126654466
1250813413791498241
1250813382674001920
1250523988390010880
1250523094206369792
1250517828538679296
1250511712459120646
1250481611407269891
1250456172374757377
1250427572636119040
1250170753674330119
1250160203464613892
1250156874273452033
1250137537445797889
1250097734348046336
1250077898356203523
1250072968555892737
1250065533866840066
1250027662892023809
1249796827555270656
1249768615492141058
1249758219938992136
1249684227811049473
1249318359780425728
1248721922784997376
1248621759051399172
1248603353225015297
1248593573244579849
1248409020999692297
1248408765906300928
1248408242566225921
1248407134183677954
1248346193060642816
1248329311448334338
1248327331892154370
1248317252266590209
1248300171278061576
1248299622927302657
1248298776336502784
1248287025251463168
1248264406955409413
1248236519711744000
1247972713622355969
1247970123337662465
1247969910623539200
1247961762470780934
1247721071215853568
1247719568816168971
1247635092589228034
1247535853511086080
1247520754846978050
1247505744980779008
1247504881033805826
1247501965392777216
1247501060979245059
1247287572675596297
1247238866249056260
1247208617880817664
1247147924838133761
1247137717676359680
1247137571412590594
1247137384086614016
1247136362647740416
1247136125048807424
1246467176967610368
1246466388132274180
1246466054391574534
1246180715848400896
1246156684831207434
1246115810273263619
1246097887681003526
1246045956962955266
1246011640786583553
1245881826759053316
1245878051659005953
1245835463543283712
1245835136106524675
1245834911795249154
1245834774809210882
1245833419277426689
1245789419904303108
1245781041664741376
1245773102547636224
1245765875757703168
1245751523692498945
1245749714630455297
1245749434769707008
1245692388535869447
1245466997124739074
1245466866694402052
1245465247131095040
1245441781459755009
1245414413747748865
1245412140158259201
1245408722022731781
1245403358065762304
1245396983277400065
1245365554820628482
1245359634329845762
1245357383309811718
1245353181095346183
1245333358017761285
1245328215461236736
1245316061349777408
1245138462971478022
1245083535934922755
1245062587357835271
1245005794837434369
1244961529017044992
1244785574789230592
1244785364000219136
1244785239949484033
1244784738549862406
1244740767903596548
1244735197746257920
1244731388638658560
1244611518391562240
1244399469023682565
1244398919183929346
1244382784774451202
1244371572472926209
1244363791367917568
1244327709121142784
1244327142063833089
1244261107386257413
1243890462383104003
1243719560068546560
1243717387112927236
1243669399673896961
1243650937517998081
1243643366589562892
1243587929764761606
1243372117049126912
1243309614654947336
1243308926541672454
1243308551042457611
1243307448506646530
1243304316607348736
1243300494992461825
1243275807973400579
1243204783789543425
1243162177210589189
1242881771064221709
1242840335941799937
1242831654172921856
1242634761010626561
1242634491673313289
1242627223787618305
1242579160599605250
1242500958795554817
1242452596637478913
1242446788143046657
1242251462438158336
1241117479713333251
1241057909343162368
1240974012748087296
1240724692090204168
1240295267850694657
1240049649622429696
1240049646002634752
1239612273145958402
1239590199501500418
1239554844144394241
1238690789489868800
1238603914204889088
1238563286356025354
1238550636809138176
1238546144130748416
1238532808676646912
1238481420894507010
1238473888734023681
1238471986759819264
1238139441753010183
1238131696219848704
1238126277728579587
1238125729822445568
1238125729138778117
1237822424848179200
1237695347876597760
1237492359283294211
1237447101702864896
1237447101002518531
1237137878678986754
1236309414442926080
1236084775779209217
1235641966026616833
1235323386961764352
1235308900452388866
1235240157391007753
1234928941854490632
1234897297881935872
1234841909476175873
1234600998175494144
1234571844805591040
1233445970819588097
1233135319790366733
1232431435614576641
1232031271007739904
1232024818557562882
1230202900665831426
1228067268564836358
1225789475701362689
1225186826232705024
1225111647913684992
1224902139673227268
1224896296630345729
1224892627214110720
1224891024524312576
1224886986005262342
1224886479345930242
1224885785935196161
1224885784848846851
1224885781141032960
1224878768738709505
1224877868452384768
1224865705977372680
1224819566280368128
1224801978749980672
