1285962201728258054
1285696831297589249
1285696207029964806
1285695882365739008
1285673564377681920
1285653809637871618
1285384036345667584
1285348839659053056
1284520072669798401
1284231462456303617
1284185439893692421
1284161480720617474
1284140824637440001
1283835673104003073
1283822139561463811
1283822084066549760
1283821880160538624
1283781818429444099
1283781754852118528
1283780700798365696
1283780500100915201
1283769565227421698
1283732127058743298
1283478899750580224
1283407306840047616
1283072280877322240
1283042937438429187
1283042451289251841
1282808298647977984
1282795926252326912
1282769795008659456
1282686307249074177
1281597673250983936
1281596824504217605
1281343134434242569
1280985286420332546
1280851139047677952
1280615345494130688
1280583885131259904
1280562427101405187
1280496043356979204
1280232163368148995
1280163353915203584
1280163060951461893
1279437479876182025
1278805844096962561
1278801221210517504
1278780862843084800
1278359365070831621
1278333891070373890
1278318901609279489
1278079691820273665
1278064372284301312
1278004394202664966
1278003810401648648
1277979241682857991
1277977326295281664
1277709041624657922
1276632921663668225
1276568608085282822
1276567868050718720
1275919876260012032
1275866042481479684
1275796895563218945
1275542422404161536
1275519254939553806
1275172998425829376
1275160005407318019
1274737374883459072
1274095980410032134
1274095885878730754
1274007350278598657
1273983029665566721
1273740297093222400
1273724438719201280
1273682917777125379
1273682844666265601
1273636569128284162
1273307125658398723
1272981542034460673
1272598050763165699
1272293475816558598
1272262007186694149
1271625725506920449
1271516819845722118
1271511744528162817
1271223185263005698
1271209345443864576
1271208859525414913
1271181514613690368
1271177065958715393
1271161876026621953
1271081801403052033
1270441205810200576
1270365409137643534
1270070612434849793
1270019949734563840
1269300026452381707
1269223257787383808
1269064460968157185
1269025777808523264
1266813703808331778
1266474862526283777
1266366796237377536
1266158614626041858
1265779725097672712
1265778855962427393
1265731573783171072
1265710409341972485
1265707017748074497
1265323914873442306
1264966396749983747
1263917385213493249
1263917165343899648
1263602349802749952
1263579946577883137
1263537460249800704
1263518876937183234
1263207735073611776
1263118267037646849
1263116420818354180
1262852166408167425
1262803679687716864
1262801921045397505
1262740184803786753
1260639476763840512
1260623088284250112
1260566450605035521
1260332464263790592
1260269357164355586
1260267978031091717
1260192845178245120
1259964976401432576
1259937108871053324
1259857727930712067
1259532287110152198
1258896891460321282
1258880593749819393
1258822324293427201
1258819911863975937
1258772892067782656
1258520195284385792
1257761075887554563
1257746881754664965
1257716366200778752
1257052675084091398
1256648994077409283
1255875758871977985
1255556539462664192
1255533477547716610
1255515909600444416
1254890024945975301
1254767847437406208
1253813398174908416
1253804710164922370
1253804090322280449
1253475454138216448
1253442169681125377
1253092236688003076
1253062761053147142
1253022586943885312
1252679805948084230
1252679506881646594
1252663950732296197
1252362384112406532
1251180086017044482
1250856861487845379
1250848286963044352
1250825090381557768
1250823513717510145
1250812631864291328
1250586338191200260
1250584910475284482
1250428936967696389
1250418535479689217
1249694416975073280
1248659014344466432
1248271516141305857
1247996413025419265
1247970845382885376
1247939647663149059
1247905402836180992
1247534277761228800
1247181877523427329
1247154026573107202
1246825408034754560
1246083553227653120
1246071389628633088
1246069077099130880
1245882008083075074
1245853738255802369
1245769246501732354
1245715664305782785
1245715616520196098
1245715270905270273
1245447123329593349
1245427492975935488
1245333085996097536
1245148922684878849
1245124698641498113
1245123716348067846
1245064764495101955
1245064146393104385
1244967401885704194
1244961465087528960
1244710100176121856
1244661006552498178
1244655363267465218
1244637385205469184
1244635373252329472
1244601159425409024
1244365365465014281
1244314680606240769
1244306128638488579
1243986752618074113
1243930492623339520
1243929719952871425
1243632620937805825
1243573293615124480
1243236895926165512
1243202963151216640
1242817566638329859
1242578292219183105
1242207327132016648
1242091581693444099
1242090618421207043
1241814130211913728
1241809116361904129
1241459156382633984
1241049198222508034
1241019218612584448
1241012245196308480
1241008413162774528
1240758592711675904
1240751920127541254
1240749117846011904
1240748860374429696
1240739880138878977
1240709674514563072
1240709534366052353
1240660943652245509
1240660232491208704
1240387666358796289
1240371089676648448
1240318608410136584
1240305282741415941
1239968315071533064
1239678680265302017
1239594563901304833
1239594511644405761
1239522088072949767
1238580667723767809
1238579403770286081
1238548648956485632
1238257788561825792
1238257712468762629
1238257643522789377
1238257443001565185
1238257368141574146
1238195914545782785
1238151717994336257
1237876736739749888
1237876570716377088
1237876365065515008
1237782132396883972
1237485617128357889
1237395755909779462
1237394739424399363
1237116741899169792
1236748627244179457
1235980446648987648
1235698956463681536
1235569844373905408
1235569545957519360
1235369955715137537
1235343252355768320
1235275039076950016
1235253381603655680
1235226963922563073
1234989979928944640
1234986736821792769
1234626947759706112
1234542756640546823
1234211958657888257
1234132955888525313
1233522081733713921
1233485916821446658
1233448059167703042
1233156794974904321
1232818933088034816
1232740975480594436
1232479613810401283
1232391412139905031
1231745617069735941
1231685768667652098
1231276355695841281
1230972916138958850
1230925126025256960
1230519131956547589
1230317361053544448
1228507052152119296
1228400805981630472
1228390482524459010
1228002697762234374
1227733391333822464
1227372042787467265
1227294863646961664
1226985285851983872
1226984101623869442
1226908726210289664
1225907778541277185
1225902247764267008
1225557800790712320
1225464454437052416
1225192694022049792
1225190985703075840
1224836554671214592
1223763431305760768
1223755321560256515
