1285757865605713920
1285757861927231488
1285652364318441474
1284523691267837958
1284523678806544393
1284523676088635392
1284152554159591425
1283801885468774400
1283127217334165504
1283100119907340291
1283100005696495616
1282849116637323264
1282801046415433728
1282719012749824000
1282661870579703813
1282472985492938752
1282453467198566400
1282340051117117441
1282326188900454405
1282323975784325123
1282015757765955584
1281720994474983425
1281683934800154635
1281667783823101954
1281667782170509313
1281281008692875264
1281280997057859585
1281040164010307585
1281040162261262341
1280646465279471616
1280577711698837505
1280542193594372097
1280529813665652736
1279952828837093376
1279390812938387456
1279390478010658820
1278859704408715264
1278849025584889856
1278819565607231489
1278804362102538242
1278434707030642693
1278429557545189377
1278429465358499843
1278350097915486221
1278339971368321025
1278327268922843136
1278325606262997004
1278298089107972096
1277647724113022978
1276629982291189761
1276500854141378560
1276283966400745472
1276283903901339648
1275838439846526976
1275831103715184641
1275830422274965505
1275622506905374720
1275255846780448768
1275255841210408960
1275255840254107648
1275255829294469126
1275184697736343557
1275184696851382274
1275184692581597184
1275097088494354437
1275090132182261760
1275090128936058880
1274836185626615808
1274836183571365888
1273834135883255809
1273320404774457347
1273316173166370817
1273305887306854400
1273088880036773889
1273041852225249281
1273034438822318081
1273019027007442945
1272624724212944897
1272614923894472704
1272613708926201858
1272613405409587200
1272613212261888007
1272595267959820291
1272564145544744961
1272564144500363264
1271666797004144641
1271443330258305024
1271443327892680708
1271097702743498752
1271088569445203969
1271084301170466817
1271084290797944837
1271074685506076674
1270865675507007488
1270865664018767873
1270846827269505025
1270846816666312704
1270802245978714112
1270352758030266380
1270345014502207489
1270131596620791808
1270038440193789957
1269827053714579456
1268980943714467841
1268916863762862080
1268914174249390090
1268894703329710080
1268894687320031236
1268638823296180224
1268585054982361089
1268553387592777733
1268553064954372100
1268364237539336193
1268364235135946752
1268287949428441090
1268185790896619521
1268153626020773893
1268153608958365696
1267857230839365632
1267825232489766912
1267565752556666880
1267555870050791424
1267549323312746500
1267527322170687489
1267527294773538821
1267508390370172932
1267483835396247552
1267477939282722816
1267254890897833985
1267254889618518016
1266442572140068866
1266442571229859848
1266407282432184321
1266407273397714945
1266368766008389637
1266052185638535168
1266052161026260997
1265389804327505931
1265316307047768066
1265104060308434946
1264952541151887360
1264707529759756288
1263833941519335424
1263557106852134918
1263205854536499202
1263163963145179136
1262828993360863232
1262430091251978241
1261456349591822337
1261421417892966401
1261421416613732353
1261395897184894976
1261395058726559744
1260997131969716226
1260977463879970817
1260970537548988416
1260970463284678664
1260756864465342464
1260649272640368641
1260637617772793862
1260625355154604033
1260618192117956610
1260605094564945920
1260397401044660225
1260395296351301632
1260395293184528384
1259997142455902209
1259950775700262913
1259913561071071237
1259586347045715968
1259586338032103424
1259586307648565248
1259586294436552706
1259586282646384640
1259586267538436098
1259509508063268869
1259168426951573504
1258858113958109186
1258764166468378628
1258761419186724864
1258734996401131525
1258545266870808578
1258389857317027840
1258218695433863170
1258156828443258880
1258135818230804480
1257369590952312833
1257028366789738497
1257028284212273153
1256340756484292608
1255913413949239297
1255132441368391684
1254868842054115328
1254848254111612936
1254802701386424322
1254772366334287880
1254535503631826945
1254476401119502336
1254126788348915712
1253787152674062336
1253784902895534080
1253773009199955970
1253768592891490305
1253762385501999112
1253760236529373185
1253760225645137921
1253705241851301888
1253696542646710272
1253437081071697921
1253342205709651970
1253313277775564806
1253298399262183428
1253298324888850432
1253296892093640705
1253052799027499008
1253034851273519104
1253034341233500160
1253017704782532608
1252989269381185536
1252977193334067202
1252972978297614337
1252696096054411265
1252667224294375428
1252394208360423428
1252356651400654849
1251303454875754497
1251235092443381760
1251206836977635328
1251197936563884033
1251188155757350912
1251136020936036354
1250870324226330625
1250856783570243584
1250829954142568450
1250576031293083650
1250565410321301507
1250237874043322368
1250183704724504576
1250148446704676864
1250138550827462656
1250130846654369792
1249825471795204097
1249403737564762112
1248419694299643905
1248403202405314566
1248380337056432132
1248356323672154112
1248332249872977923
1248312784653365257
1248302612413382656
1248288594432835586
1248255828018237442
1248060458965307394
1248060456033452032
1248032483427463168
1247296006342967297
1247222601149227015
1247198306096369665
1246460408531226625
1246195867020865536
1246099303082459142
1246085478450896896
1246077438406336513
1246076205989867520
1246074661856821248
1246074642286006272
1246050059055255552
1245895805254414340
1245864273194057728
1245864267254915078
1245864258425901056
1245864251610116096
1245750765014208518
1245727932842151936
1245419854842277902
1245419804326010880
1245396872937852929
1245391342299217926
1245128271383220226
1244990642897502210
1244759413744898050
1244757442417868800
1244600851735490562
1243917933316898817
1243667167226273794
1243667078952955907
1243666687020457984
1243636428636028930
1243550912108470276
1243550499007336449
1243385225578606595
1243365192647364608
1243335015121014784
1243271328150564869
1243231097611333634
1243188503590121479
1242950178153418759
1242925961521369089
1242908940490473473
1242869669008232449
1242852414639812608
1242495302373908480
1242306231106244609
1242257564005552130
1242229564404903941
1242142759944937473
1242134287362727936
1242133086684487681
1241389769390768131
1241049570785837060
1240682398125297664
1240402976998653953
1240367319815258113
1240301012528828418
1240248922779648001
1240109276825296902
1239978273595109378
1239975235656564736
1239960405381963776
1239724969401241601
1239720693262147584
1238592796006715393
1238177577442959361
1238123337974497280
1237789711613276161
1237544490514046976
1237452379097882625
1237438773367054341
1237436243513946117
1237433482370060289
1237417418571612171
1237163234999840768
1237133774665789441
1237090613302038531
1235929924801908736
1235264823140790273
1234885946295930884
1234683257905504257
1234681297026473985
1234601821097865222
1234601047911534592
1234564853471248387
1234564850505920512
1234540367439114246
1233103806239510529
1233085683159400449
1233055743244427264
1233055734356684800
1232822446841044995
1232751479401873408
1232751140820918273
1232343084186382336
1232332849476489229
1231689364490670082
1231682958903463941
1230885059974045702
1230880971479748608
1230733457761783808
1230661767837208577
1230590149450444800
1230581017917956096
1230517132145852416
1230517075971624962
1230317063488577536
1230204570174992388
1230167207109369862
1230148113572286465
1230146732991885314
1230129842580074496
1229507835958042624
1228406512051261440
1228384146260713472
1228006805109985280
1227623379672408065
1227580812926824449
1227455378356678657
1227361729216204802
1227321775400374272
1227314606454038529
1227308197251371011
1227094806867927040
1225915279697469441
1225600210509975552
1225448060664401920
1225166019142017024
1225147457950167049
1225120520200507394
1225118885818572800
1225118885042696203
1225118883549450241
1225109611885342721
1225098829374074881
1224914443836018693
1224908207476428803
1224897280874074112
1224896895962796032
1224895944916901890
1224892797020516354
1224891606416986112
1224886644454674433
1224883673398378496
1224881939624222720
1224880793501229057
1224878324188622848
1224877679909986306
1224877237171781632
1224857785139187712
1224773657257369600
1224405228667244544
1224390757722808320
1224088878505656320
