1285971817950306310
1285969254618206208
1285651141976563713
1285650355028721666
1285647024545771522
1285646370670612480
1285643308388233220
1283503415176433666
1283496979226558465
1283496360306544640
1281975420850769921
1280527216649134080
1279028269229264896
1278812175562309633
1278811667204378624
1277933936635719684
1276917647276421121
1276917419731308546
1276916998677684225
1276692303906770944
1276299491579244544
1275969073990565889
1273779740403544065
1273779294683136001
1272890286348402694
1270806998397988864
1270078749367832579
1260959464708071424
1260746066258997250
1260745354812837890
1258895540705734656
1258193688762691584
1258193284788355074
1258192795833073668
1255953858943123470
1255882620451409920
1255316802390953984
1253461938237030402
1253460961186516993
1251225468126273536
1250173499282526212
1250172809483112450
1248000381394788352
1247294531051143170
1247277766518726658
1245696427231195143
1245695696159850496
1245376657009115141
1244651163737370626
1243619296812634113
1239656664984403969
1239645979697188864
1223775864594169856
1223775482845585413
