1283118935693557760
1283077381297770501
1283062099984486400
1280316350146269186
1278341030354530311
1278341027364065283
1277997148571869189
1277637501067411456
1277637498081021964
1276569354189131776
1276569351437631496
1275821422825390080
1275450571151904768
1273077111499173889
1271112691386585091
1270796777109762051
1269631580017958916
1268943750711185408
1268581717859762177
1267441411877752834
1265653946435211264
1264940128226729985
1263919557749747713
1262573177026248704
1260304257179357185
1257810638296027138
1255927715842179072
1255547116090507265
1253334531953680385
1253296240185544704
1252646375281643523
1252646370051325954
1252604951509032965
1251580610814119936
1251529436920516608
1251528742742249475
1251290970580279296
1250993883577712641
1250833884889088003
1250815994370625536
1250802077695127553
1250583028621066240
1250559859449303040
1250551506882961408
1250547926331465728
1250539482207707137
1250506710185279493
1250496620988424194
1250491374572535811
1250490168534073345
1250486665170300928
1250478922854268930
1250478461593976832
1250416056956485632
1250409009611505664
1250408969375547396
1250408929101660160
1250198856534499329
1250174508847202306
1250174395634647042
1250125563416756224
1250124211059859462
1250093925903282176
1250089888252379138
1249835897572524033
1249819135581831170
1249806802352513027
1249804145579773952
1249804035034578945
1249804020287504384
1249803973743333376
1249803944173469702
1249803930575482881
1249771362933182464
1249747648275415040
1249747639480049666
1249747557439414277
1249732351053238278
1249728137174429696
1249719577174577153
1249710207137206274
1249685940014120960
1249491034628898817
1249444440835588096
1249434422778134532
1249433836490031105
1249415063045312513
1249410091134201861
1249409174284443650
1249079305285623808
1248747475424460802
1248630589458132992
1248629260476207108
1248354386100846592
1248293938525593606
1248293806878982145
1248213869308325893
1247620422654472193
1246050311535562754
1246046768514686976
1245709479817162754
1245692485093011459
1245441114997493760
1245432464576851969
1244985426261278721
1244985084576399360
1244740245465092097
1244696214152544258
1244082134261907456
1243592023342559232
1243590810253299712
1243326543314681857
1242952607653670912
1242538221764063232
1242522731784081410
1242200898773962755
1241414926561882117
1241377124977688577
1241098480673796102
1241058735214276611
1240993748483543047
1240781492462276609
1240719749656522752
1240702318024118273
1240647250717683713
1240352693614514177
1240349692380266503
1240302900095660035
1239981371331928072
1239980713153384450
1239911064323739648
1239908250658787328
1239908113513353216
1239591426691870721
1239591297796706304
1239591191437508608
1238854769415946240
1238548105114632192
1238205416263352321
1238158184604413952
1238082608174632962
1238081383261667328
1238057282182746112
1237841841661198341
1237841839610138625
1237831230281977856
1237831187374256133
1237831035389382656
1237830879155716098
1237766099716001792
1237508798782136320
1236324362061516800
1235704772189175808
1235704770700156933
1235352097148764160
1235351896786964480
1235351895105036288
1235309364682149888
1235290420139225088
1235284367569756167
1235283969886875650
1235275330249723907
1235200219102556166
1235181748004237313
1234930037121585152
1234596053078421510
1233453758086107136
1233150511718772736
1233149153741623297
1232759109688135686
1232742583941705730
1232441487167614977
1232316830859112450
1232052077351837696
1232043592425889793
1230108702990118914
1229430318236655622
1229429445003546624
1228288872553074689
1227653949114679296
1227573702147104768
1227341003046211584
1226848781875937282
1225781018965180416
1225757775516577798
1225747290792644608
1225408018667446274
1225172654044471298
1225172653071327232
1225172243212316679
1225094258224484354
1224858144578457601
