1284495934613852165
1283470641707003906
1273774060074405888
1273289974918656000
1273027391766630403
1273008120546111488
1272973955440263169
1272893348710359040
1272659209985851393
1272603318083297282
1272603315659030533
1272549263436845057
1272548206057009152
1272209960009678848
1272209760079708160
1270721660451086339
1270417465831501824
1270417258888736768
1270356574100492288
1270065766495408129
1270018431086182400
1269288585276121089
1268654008396283905
1268653928511610890
1268269396272824322
1267573029003055108
1267541363484172288
1266826315644252161
1266785336031657984
1266785315789963265
1266784821893791745
1266458465150607361
1266386400624214017
1266122773669314560
1266107730017878017
1266107727727726592
1266101631697014786
1266061262208860161
1266061191488602115
1266000394209148929
1266000392405618688
1265757768545382400
1265756276488896517
1265681603587694592
1265675869802180612
1265653565529501696
1265353640723742723
1265353637926232068
1265306941280133122
1265306754570690561
1265070524482424832
1265070440499810304
1265006014262280192
1264951054254379009
1264618440750518272
1264618382239940613
1264247006245117958
1263946235859402752
1263946159707639810
1263889611606175745
1263889556748845057
1263889450750414852
1263885939367174144
1263536129468444672
1263536127908237312
1263502332198879232
1263502157724213248
1263214925742329856
1263214800659714049
1263198458158211072
1263162841525354497
1263162839843340289
1263134979028127745
1263134978306703360
1262874334844145672
1262830636190105602
1262810523047006208
1262796637786832897
1262448627030597633
1262448624790691843
1262428890460454914
1261754365255323648
1261727257833373699
1261727187138424832
1261696537824047105
1261425889897664513
1261425885841780736
1261404356336922628
1261404355565101057
1261327185983557637
1261289580650811393
1261029231762571264
1261018642050932736
1261018570064093189
1260992857122504706
1260992855562125315
1260973641891753990
1260957521088598017
1260665651133325312
1260665496686546944
1260626789141032962
1260626686997135362
1260605960156057601
1260334577488453635
1260334576083353600
1260325385604120578
1260325241668108288
1260324746144755714
1260323125029470208
1260290280617582593
1260244932897406976
1260244897619234816
1260244663379918850
1259959275440480256
1259947383976329221
1259898560037953537
1259549138628337667
1258892953399033866
1258862085146062857
1258862082939854848
1258835816501166081
1258835722913697792
1258816310575800323
1258816309338542083
1258816307954417664
1258489998212583427
1258489900808241155
1258471412920193031
1258439169015197699
1258123486175821827
1258093482725474304
1258066190058033153
1257824806625558529
1257795911658463233
1257795556686155792
1257717124581208068
1257417919237173250
1257417918473801728
1257319958679175169
1256648632155111424
1256342306753478656
1256342086149976071
1256282624580096000
1256282352843722753
1255975866221330433
1255975664550895622
1255948837983846401
1255948836050173953
1255924419719036928
1255924306976165889
1255923988091613184
1255903704781389824
1255903562053410817
1255622370687156224
1255595772025933827
1255558056706035714
1255542449000366082
1255200434110808066
1255200286714593280
1254873437765591040
1254873309390319620
1254861080586629122
1254836419740274689
1254836310180868101
1254786703966887939
1254493875760173060
1254493747741634560
1254452417493598211
1254150339374219264
1254149295936282626
1254081204166549504
1253802784266366978
1253755096665645062
1253687177780879360
1253461479925452800
1253389557434908672
1253383945393225729
1253383128334438408
1253101348511514624
1253101077114880002
1253035768517464065
1253035611826642944
1252981210327904256
1252981068451524610
1252722207089922048
1252722123086401536
1252721978559078400
1252698190207467520
1252670843248934915
1252612778294198272
1252603116027023361
1252603114227666944
1252360059771686918
1252319660768473093
1252319659929620481
1252319656125308928
1251589177415815170
1251177094895337478
1250908105619255298
1250885717636648966
1250885427214639111
1250827755643637762
1250827536264835074
1250818811403657219
1250818762527383553
1250818395349684224
1250805427182415873
1250805396391985153
1250805221577678848
1250804982187732992
1250528109436305409
1250444533093064705
1250444530853298178
1250444528277995521
1250438516678352902
1250103240261337089
1250102441732968450
1250068092425814023
1250067819884163075
1249822695564423169
1249798534460735489
1249767438679490566
1249767435756089344
1249753422427049987
1249753330290765826
1249722259914309638
1249702639509688323
1249368744276758528
1249001868254208002
1249001864504492032
1248736757761413120
1248702128350285825
1248687845289713664
1248662355803865090
1248626294700404737
1248626204023746560
1248374356864008192
1248345142320418816
1248253041406554113
1248252964168519681
1248235938515468296
1248221185286049792
1248036067103694849
1248011860126740481
1247956769583792134
1247930304762970112
1247930136319741953
1247886418426224644
1247874055694438401
1247873767000494080
1247641381104992257
1247627444401704970
1247627330513702920
1247627186821046276
1247575347635326977
1247570486550245377
1247281080094334978
1247281072712355842
1247201778388668421
1247201685744877568
1246845177374932992
1246108773942525953
1245831228088963072
1245792188119875584
1245753014402629638
1245385103339126787
1245298500436398080
1245136571008942086
1245136417606557696
1245071512081772553
1245071466401595392
1245071101199372288
1245016556884680704
1244775695290687494
1244694804182831104
1244663050680111111
1244639377386614784
1244639230938185730
1244599752173518848
1244360112757751809
1244331024387051522
1244243842666246145
1244047984272252929
1244011680226586625
1243971438769516544
1243661095505727495
1243639672695291905
1243588844143939586
1243588764720652295
1243572235387965441
1243571667286265857
1243251471023575041
1243215919125536771
1243215117040451585
1242878625633968134
1242878622437986304
1242847281000448001
1242840221114302464
1242840218367123456
1242829218729332736
1242827375781478403
1242827091609096192
1242826913015574529
1242464606897004544
1242464605454000128
1242463192632061952
1242463191592054785
1242278664403902467
1242278223871987715
1242216503170215936
1242216173007179776
1242123133668265988
1242123132258918400
1242123130996502531
1242123130111430656
1242105147158863873
1242105114317467651
1242104741016018944
1241439317353992195
1241096016583065600
1241086795678396417
1241086639851687937
1241086365657370629
1241042735630561280
1241011500850073600
1240788510141014019
1240689828863209479
1240689776354684933
1240689705961701376
1240689571030958081
1240369462647361536
1240361948744757255
1240361867165470721
1239981163361550343
1239959991475453952
1239896881406382080
1239648213151481857
1239622148005810176
1239206709333278720
1239206522393067520
1239206340435812353
1238894123677089796
1238556777827966976
1238556776930426880
1238556776146010112
1238492073336213506
1238492072417595393
1238492071540948993
1238161271792570369
1238160913557073925
1238140596029730819
1237912253703294977
1237912252776435719
1237498687737167872
1237498685564518401
1237498318068109312
1237461096216354816
1237461094177832961
1237444046802608128
1237444030356750341
1237443982189346817
1237419985376628736
1237136076721885184
1236773689305137152
1236263369016999936
1235928422679023616
1235701627333443584
1235643793468088320
1235643787113910273
1235643785737990145
1235600846907293697
1235600845804208129
1235600844986494976
1235338406424702976
1235261454741315584
1235261420100558849
1234950184687357953
1234950182925668357
1234950181763809280
1234950180895678467
1234912159013965829
1234912151179087872
1234898188508762118
1234898186872987648
1234886427160334337
1234884010477858821
1234884007676010501
1234252074558337024
1233783658491908098
1233470475273154560
1233470474321121281
1233470473587101707
1233447119589167104
1233447112299438080
1233107342926938121
1233055644103647233
1232802522164682752
1232759917729193989
1232735310162866185
1232735135063302144
1232735133687537665
1232473521034387456
1232473502487171072
1232440134014029824
1232365022313111556
1232365019289071619
1231996523329785858
1231996522327367682
1231996521513701377
1231721179095949312
1231721163119824901
1231721161949577216
1228006750646874112
1228006749954887682
1228006749162156038
1227713590213435393
1227675427667369986
1227637486618365952
1227637482134614016
1227626506400210954
1227626503028035584
1227350421578145803
1227350420743434248
1227350419975757825
1227336734003912714
1227336266527789063
1227331786159640577
1225877514360410113
1225554765494571009
1225554765158998018
1225527064117293067
1225498820336852995
1225489137643466759
1225076126600568833
1225075761931083776
1225072436019900416
1225072433910177799
1224836538795732994
1224313313007407108
