1286052147415703557
1285967850897698816
1285921796945055745
1285639050096005120
1285606454825758721
1285280815010766848
1285221590452576258
1284865580697153536
1284548491772071936
1284125711968550918
1283838818378854402
1283810582723014658
1283806243912646658
1283782864727924737
1283504715444244484
1283479517294665731
1283476426273050626
1283468876840235008
1283462590845394944
1283458326395789313
1283429079891533826
1283425201221402624
1283424969620426752
1283420947492614145
1283420918010785799
1283370734438330369
1282702145003888641
1282321313638408192
1282015549317423104
1281943826542628864
1281664487905308672
1281588991737737217
1281268959795347461
1280969102555783171
1280962359171977216
1280911364920393729
1280849120383492096
1280505301263925248
1280505214685061134
1280303177561235456
1280203609896964096
1279867647769731072
1279792149681147906
1279384467136589825
1279127772640628736
1279059823611580417
1278788031952982016
1278738959061770240
1278705552030384129
1278696542002708481
1278402939061755904
1278384181794537474
1278149362170945541
1277750605080133632
1277750589011746816
1277750572582649861
1277750554316308480
1277731067592466433
1277700488687951876
1276893047910019073
1276591059280297984
1276547081046495233
1276546980009959428
1276541547404812290
1276538356105711617
1276222896545947649
1276222828820529152
1276222740375179264
1276206020730257412
1276153257828679685
1275917060950962181
1275854955463667712
1275815120321622016
1275801583767506945
1275790786106359808
1275770142446817280
1275770107734691841
1275770025790574592
1275769655253229568
1275769268223848448
1275503894723002369
1275476015440105480
1275431748667662336
1275219834431774726
1275182132978225160
1275182111499137026
1275182057975623680
1275113899126337540
1275113826980167680
1275046128002781188
1274809317078818819
1274723227420504070
1274496649130278914
1274496602560921600
1274496537066983424
1274431828724678662
1274399931764215815
1274399890253254658
1274399866995847169
1274399841830010880
1274399806899867648
1274399768819752962
1274371435213893633
1274161087815041029
1274039245225832450
1273978851853348864
1273963150807838720
1273737253550874625
1273679271417044994
1273679069067051008
1273667368523350020
1273665528603668480
1273662095201050625
1273662012011229186
1273636076805029888
1273425147542765570
1273364252527558660
1273361177532420096
1273329414542110720
1273317561648717831
1273275002406789122
1273260342047580161
1273227950356381696
1272977893065396224
1272952078785220609
1272894635212496900
1272882209352028164
1272627438242021378
1272585901684789249
1272227303443935232
1272168291990155274
1271819617082789891
1271507660601507840
1271125801803677696
1271125715581353985
1270445564921069569
1270411666971295746
1270392246320484353
1270378037645901831
1270340741919891456
1269996351372189696
1269690590184312832
1269604359454822400
1269282903751565313
1268603423785549825
1267908849022889984
1267867607341961216
1267856126143541256
1267525931146588161
1267525805921484800
1267525706986196995
1267161421931933696
1267093477155917825
1266840619328180225
1266776388352147456
1266731085662236679
1266459295190790144
1266357373842501633
1266078067514052608
1265771597559934977
1265696772275478529
1265687122222084096
1265643923336241152
1265368356384735232
1265332760123760641
1265089134944796674
1264994646784004096
1264968806004334592
1264939858168090624
1264647355405492224
1264602058197471232
1264556760884547584
1264303540048101376
1264284970027278338
1264224572691243009
1263965143291101189
1263910684175273991
1263892382354980864
1263831985518260226
1263813791294328832
1263560192576405506
1263514893845704714
1263469596159250432
1263463792928792577
1263451691040595969
1263194029296021504
1263167131295735808
1263158993662480389
1263123356875980801
1263107210239864832
1262908009212252161
1262894926431477760
1262873245591756808
1262851824274505730
1262844227312115712
1262834145463582726
1262834048914915328
1262382432533139456
1262366847472742400
1262095543226044418
1262035147790008320
1261718057770119170
1261657657858945025
1261422951477309440
1260975990525788167
1260956597486080002
1260617238299754496
1260595904349904898
1260243683661709313
1259917603549712390
1259837946498351105
1259570067970371590
1259558829806804994
1259188889874391040
1259128490336686080
1259109787050168321
1258803855090950145
1258797062684016640
1258758920384000001
1258736047418155008
1258376181797265409
1258100184401301508
1258070491706855426
1257746888725598209
1257688991572414465
1257413537938444296
1257413230168887296
1257395982247092227
1257389407054766080
1257389230537531392
1256976815924469763
1256659727188062210
1256599326824030208
1256282235931635712
1256241942184296450
1256225612441649152
1255934949523365889
1255884116421197825
1255884011605495808
1255602758432014338
1255598326680113155
1255598197961097219
1255580110654255105
1255549071340769280
1255548989803565057
1255475744861552640
1255255472665436167
1255177606552596481
1255172179160940544
1255152596722970632
1255150046464503809
1255125108861161472
1255124356910505984
1255122360539234308
1254911933830094851
1254846646317432833
1254846618219819010
1254834595264151553
1254821870085554184
1254810348567347201
1254801919975075848
1254758313859964928
1254074292834373635
1254062613400616966
1253744492382949377
1253719073264984067
1253504489052688384
1253383464289787904
1253075888373202946
1253050943706300417
1253049349497597954
1253049079761973249
1253048791663611907
1253048326456578050
1253011714557214725
1253011621162745859
1252965538118225920
1252960884756004865
1252956135079936000
1252954713559109633
1252945261204254720
1252945081981644800
1252939729055682560
1252926103494316035
1252654921004003331
1252651322404417541
1252617601307549696
1252612994426638336
1252612975090941954
1252612743963774983
1252612615404171265
1252345064417710081
1252342340867379201
1252342298731413504
1252318618261401600
1252286627055046657
1252286592707956740
1252261331731873792
1252247736302350336
1252247645537685509
1252210795196362752
1251913877090172928
1251681585667203072
1251556099494301697
1251538809377959936
1251492207988740098
1251491342066343936
1251257606062080001
1251257568258854913
1251246554435817472
1251228793911590913
1251184112758657026
1251184039496757248
1251183905560039430
1251162221834432516
1251139887777996802
1250949558126944257
1250926801377013760
1250916482764193794
1250916313888960513
1250913923710300160
1250906191066169344
1250891716820897793
1250861517131694081
1250831361293852672
1250798725779337216
1250576679480803328
1250574534203387907
1250574123669114880
1250551832339980288
1250550963976515584
1250541954204655616
1250535288092459012
1250515937616449536
1250504375337979909
1250487804666183681
1250481480360394758
1250477565971705856
1250473971071492097
1250472466008494081
1250461381633048576
1250449569231577094
1250446300413415424
1250445718545932292
1250445325552287746
1250435223344431106
1250434790064418817
1250434743931269122
1250414321508724737
1250241733641801729
1250233156554371073
1250226131573313536
1250220780568358913
1250175729775652876
1250169300511600641
1250068421968121859
1250068377458049024
1250068292187947008
1250068226429591555
1249803548428296195
1249755402838966279
1249348137405353990
1248956675865882624
1248713067464187908
1248713041086156801
1248712868490547207
1248695378150666242
1248690964765409280
1248685681297276928
1248685374077112321
1248355001124126721
1248317252572778496
1248298820322185217
1248266837483302912
1248000163559301120
1247952031656153088
1247949008234000385
1247630226877820928
1247603294551396352
1247600026341093377
1247534820374114306
1247534757954514944
1247252738208968707
1247210851599179779
1246527962142277634
1246475114562179073
1246464703263580160
1246199548256620545
1246196173263835143
1246165576617246724
1246159385673506816
1246159307936235520
1246159028729917441
1246067759294951425
1245803186495119360
1245778359713480706
1245749044007374852
1245747847502475265
1245744538276290565
1245528968377368577
1245486097477615622
1245415280173514756
1245415118151790592
1245347819722084354
1245146359071526912
1245124770108190722
1245121413188653060
1245120946467414017
1245093795923996672
1245093621919027202
1245058223406792705
1245048494504714241
1245038195424837632
1245031633838882817
1245029922747355139
1245001156914565120
1244783760421330946
1244762993432371206
1244758726663421953
1244758486543740931
1244749521000845312
1244746349435904000
1244746223753392128
1244708474136580099
1244653108627673095
1244392961040924674
1244287874549329922
1243961971298484224
1243954082139844609
1243913404252925957
1243592517934878721
1243592457910181891
1243583005148545027
1243326105303560193
1243322290366033921
1243281572872294407
1243243822559178752
1243206075144228867
1243149353251987456
1242921085508730881
1242786840916172800
1242541699219337216
1242508872495104000
1242496401063346177
1242451099962847232
1242201068097896451
1242183082876088323
1242129704490094600
1242081793920184320
1241852625810870273
1241840571993464834
1241840465793691652
1241446983199408130
1241379037232025600
1241092146784088066
1241078822914711554
1241076899784331266
1241046355205816320
1241017664526581765
1241014921015459841
1241006933206843392
1240989478266773505
1240759955608629249
1240726143088635905
1240702278006259713
1240291872712556545
1240045793744228356
1240004980809125894
1239959684338970624
1239914387932053504
1239676384756236288
1239676117730066432
1239654707821412352
1239653275940634625
1239627493214208001
1239567099057418240
1239561624052273152
1239265106665648130
1239201000222842880
1239187775850778625
1239186516468998146
1238910267481874434
1238872521950158848
1238846094475485185
1238537105090977793
1238177943010115586
1238144084033880065
1237883501984264192
1237865938386440202
1237839484835827712
1237753800758345729
1237527094214545408
1237513564518100992
1237475815736201218
1237151177185193985
1237132302066556928
1236667993863516160
1236381104552071168
1236320704913530881
1236011165844529152
1235943218455269377
1235671427300261888
1235633677045907457
1235595933301313548
1235348604350533632
1235309043138179072
1235248644737163270
1235226428138024961
1234961752086835201
1234924002423951360
1234863603942952960
1234569165396217856
1234520093536739338
1233783990319865856
1233504649723990016
1233450609044488192
1233149814231183361
1233104516980981761
1232772323016630272
1232727027498803200
1232676306774523904
1232409934899417088
1232326888581820418
1232002250504949760
1231609663298457605
1231300123403046912
1231232175145701376
1230884887457959936
1230228057945972736
1230182678051291143
1230177671725961216
1229423100690882562
1229140895292780544
1229072949094817796
1228770958393184260
1228710561992630274
1228423672412676097
1228378375200428033
1228333077425872897
1228076382380380160
1227999256499412993
1227995065827692545
1227978235025199106
1227729092491055104
1227687568176828418
1227653598361923585
1227626228934418432
1227359154421092357
1227306309365702656
1227268558826221568
1227065515694346240
1227019416690282496
1226993087945330690
1226955268501667840
1226589079703130112
1226528682652688384
1226241791415836673
1226226749832355842
1226173846052470790
1225871856835661825
1225794660850970624
1225539666750967808
1225532298264748034
1225494366527148032
1225444608198533120
1225433971246321668
1225188456755875840
1225153089738608643
1225135631514394624
1225082113982115840
1225029974006075392
1224914032009908226
1224818664224051207
1224792241299869697
1224716743060357122
1224422303402020871
1224369454785519616
1224350262820732929
1223984417015652354
1223697529826676737
1223637128984195073
1223613888165502977
