1285999787909812224
1285972156099317762
1285933011670839297
1285932684741619712
1285699554076176390
1285698043447304197
1285621566802399232
1285582501881221120
1285371705851097088
1285355019039117312
1285336428369653761
1285328298600521728
1285213338792755201
1284897870026616835
1284475325414617089
1284238151184257027
1284157531686875136
1284151277698584577
1283931767389532160
1283860091003863041
1283824428061724673
1283755516238405632
1283484652892815360
1283484525683712004
1283469815324332032
1283418846620196864
1283399157139595264
1283365238960791554
1283214962782081026
1283135531761774599
1283067884068012032
1283025226591342594
1282847169087787008
1282677092333821955
1282376616233119744
1281613772201660416
1281229631211929602
1280907863741865986
1280845531074478080
1280690570017505283
1280635932983558144
1280597677823139844
1280552034530398208
1280239851569373184
1280139597478068226
1279428815396245506
1279104267803131910
1278715567386615808
1278459461800247296
1278364865007161344
1278342064997048320
1278324394000101377
1278313369964068865
1278291289835003905
1278061757886586881
1278002092716802049
1277962282572451842
1277716674020626434
1277602927947939841
1277327416340418560
1276581161633005568
1276535880040304640
1276518583003222017
1276307125892009993
1276299599725187072
1276266120878723079
1276261806269497344
1276251388838895641
1276248974723252229
1276183912054734848
1276175147238658048
1276147670122364928
1275880227403694081
1275793797805486081
1275793712182853633
1275793506192314368
1275456165225226242
1275452786851758080
1275449301183782912
1275204709696131072
1275159927145848837
1275066496750764033
1274748364765216772
1273992322175438848
1273968531168772101
1273323133466968066
1273299461528342528
1273254447003643907
1272616302876729346
1272616302067228672
1272574051832258562
1272161221312155655
1271579812927332360
1271482603611316224
1271482266007605248
1271108940533809152
1270792335803256832
1270791892729565187
1270778023495847937
1270766344171069440
1270763291359490050
1270737837177147395
1270719403147943939
1270683352618672130
1269283683070066689
1267145788846755842
1266451410973011968
1266444658969841664
1266406742163939329
1266369252463763456
1266172791688253440
1266172790195044353
1266172789200994304
1266172787670032384
1266172785224830976
1266172782100054016
1266172781093421056
1266069490846089216
1266010202530287616
1265971650387984385
1265790928180195335
1265727842895216643
1265689225200046081
1265450533168590848
1265270281406382080
1265036728475308039
1265020935654039554
1265014704851869696
1264999489011691520
1264994253417127937
1264934838148218880
1264928782835687424
1264710978173886467
1264680766815993856
1263982535790518273
1263850774364327937
1263535897452085250
1263477677312348160
1263242800977661952
1263242756446662656
1263164628802113537
1263105349306822658
1262770857191096321
1262495602769870851
1262480940141613061
1261758011548237826
1261469910770671616
1260994225065414658
1260617315059748867
1260537308287303680
1260364337061015552
1260341829989552128
1260318677641109504
1260245000874491905
1260011978258432000
1259910321952694273
1259880196804575238
1259846230202515464
1259619340149809157
1258835161002770438
1258771312409030657
1258756508743094272
1258523435686227969
1258512007541612544
1258188785633955841
1258174886163472390
1258166787335692288
1258113540575109120
1258090201345376258
1258034989712769025
1257827483354910720
1257786385114845186
1257786343368900610
1257772669581344770
1257772569614331906
1257712544795541506
1257669885133537281
1257467616219795464
1257452059378552833
1257432547451195392
1257416182740680710
1257338202580541440
1257311094911066113
1257043639957704709
1256285389687533576
1256259402501361669
1256223250012610562
1255974249271091202
1255898636308922372
1255875403257872384
1255578330721640448
1255532646815469568
1255532086104133638
1255502595784933380
1255461779016167428
1255173470436106246
1255150118854164480
1255139961281540100
1254936221379330048
1254895202134884353
1254893504062423041
1254863255048081408
1254863160613367808
1254863159069831168
1254863157660696576
1254863156725219328
1254863155546566659
1254863154569502720
1254863153588047878
1254863152514125824
1254863150098157568
1254776990550220801
1253845797998821377
1253803962702213122
1253455162267623424
1253358750431416321
1253358670982918149
1253358599058927618
1253358325439348743
1253358323958759424
1253358322574647302
1253358321312153601
1253358319261093888
1253358312604696577
1253358310276968449
1252757360902365186
1252634847048327170
1252374984124555265
1251223749065572353
1250869764945326080
1250845588821852161
1250820732692697089
1250486445304938497
1250468757010550784
1250449460490121225
1250388677257240576
1250125241881419778
1250125018681561091
1250091742923313158
1250071447877410817
1249764760100503555
1249759547390033920
1249738834163703808
1249699741149138945
1249383453931581440
1249133645601951745
1249075219249139712
1249007702933753858
1248771118992961536
1248736720021045249
1248712670439751684
1248673025320517633
1248632401674280960
1248615769002225665
1248399506741194752
1248356899927572480
1248316321797935104
1248279019788926976
1248033446703910913
1248011051620155392
1247933905539383298
1247928227357736961
1247913104169734145
1247859271519404033
1247669083463614464
1247632218312388613
1247628374085898243
1247557402976825345
1247521748414631936
1247277849997869060
1247227686503755777
1247201299717906433
1247192019669331968
1246914855241687041
1246842080980279296
1246543425979273221
1246496101051621377
1246246824605814786
1246238513739284481
1246235789115219969
1246167993412976640
1246167139133935617
1246156224166531074
1246121434906329095
1246079210604683265
1245863447968878593
1245857618859458566
1245854367850180608
1245830668182908928
1245813989587681280
1245810970401951744
1245808091251257344
1245789669503139840
1245789559004282882
1245728794419195904
1245723834700963841
1245516334630416385
1245455818981597190
1245453195054325764
1245446018541510657
1245440565673680898
1245440504357179393
1245408543743848450
1245396741031186438
1245393983762845697
1245383171912486914
1245383109299896320
1245349282330411018
1245337859403497472
1245315222119866370
1245119990975602694
1245119914974814210
1245077205581017092
1245076395778342913
1245076264307867653
1245072840833077255
1245072780254740485
1245064704583561216
1245060395007643650
1245056910811959297
1245056892608622592
1245056760378986499
1245056759477256193
1245056056813850627
1245056036974866432
1245054244518006791
1245053607533215746
1245025341107830786
1245017710905491457
1245008879995572225
1245008288628060167
1245003271997206531
1245000666826891265
1244981696690257920
1244756631335755776
1244701259397042178
1244648257957040128
1244431936451416065
1244273344490471424
1243927883179048960
1243918507215147008
1243599855123075078
1243550968140173312
1243536667216093185
1243270809864622080
1243206798657703941
1242979130980864001
1242859688896716811
1242852362101895169
1242827112362512384
1242589732216897538
1242515545473376257
1242511350473121794
1242485226149994496
1242449442323783681
1242276174782443524
1242253955901652993
1242171437806485507
1242142563093667848
1242111899803803651
1241862027796193280
1241771610090229760
1241442415392829444
1241402936959340545
1241381875345772544
1241143393062989825
1241096334880489475
1241033885238116358
1240999270586748928
1240999245307674625
1240988252967845889
1240794912892882949
1240758722487635968
1240671342921420801
1240651419436400650
1240369731477147653
1240361982995374080
1240354747346976769
1240342822051512322
1240340251626876932
1240304788295815170
1240271695589580801
1240266200774475776
1240255255864053761
1240049412459630593
1240016314598674440
1239989221865271297
1239964211289010176
1239955001394552833
1239947345514639360
1239651353267486722
1239557675832217602
1239239025745178625
1239206330579202049
1239202551628804097
1238905049327247361
1238904729830375425
1238457777934290944
1238147536025800710
1237741325153374209
1237730779079290881
1237408627390132225
1237083037655085056
1237051818221453314
1237002794663632897
1236804857954209798
1236727248490770433
1236656926450233344
1236453455658655744
1236365103953559553
1236292455231873025
1236045608638652417
1236033429545930758
1235998783609147392
1235951252036562944
1235944311516213249
1235726599854739456
1235653128588062720
1235652256990543873
1235569489510576128
1235323440443387906
1235278940488577024
1235247881558405120
1235244686908018694
1234969142123429889
1234912977184313345
1234908353496862722
1234864438483804161
1234841783412121601
1234838227250536448
1234838226466156544
1234651625404403712
1234619099076071425
1234516301915316224
1234488559534563331
1234229454240612359
1233911036404649985
1233498238961029122
1233443223286288386
1233421499383590913
1233411759903518720
1233092168513937408
1233054840143699968
1232799840955969538
1232758458635694081
1232756940557692928
1232729672464707587
1232725587351023617
1232696159153598467
1232674594559025152
1232644173121146880
1232477656991428609
1232436085877141504
1232428983008059393
1232395496821526530
1232375301222682624
1232365230455431169
1232306162957275141
1232119661229170688
1232073003191689216
1232040065976750082
1232022570406490114
1231617810859806720
1231360715262480392
1231236405843628032
1230958756231557120
1230887401301651456
1230629288531156993
1230530794516602880
1230294355476467712
1230161804699066368
1229896605127651332
1229836475837095941
1229788111686770694
1229575566367633408
1229558542421700608
1229512874709651459
1229452418787794946
1229418861176508416
1229399185398652928
1228724425723432961
1228409867783876609
1228324908465377280
1228050156278493184
1228035610310533126
1228026287593283585
1227970829813780481
1227963815754653696
1227764518811512832
1227753143167016966
1227662189965848577
1227647782065971202
1227598845279907840
1227570735545225216
1227369199267434496
1227344434754412546
1227320391661690881
1227261707002810368
1227254500832006144
1227003940341985285
1226958908654260231
1226952330647670786
1226917983387291649
1226917982556827649
1226885476759543808
1226679106215055361
1226280073688469505
1225933195872526340
1225884211426582528
1225846588612005888
1225792933724643328
1225787480269611014
1225604243496820736
1225580682660974594
1225503535476936704
1225440400095293444
1225433175511441410
1225209631343042561
1225096656980496390
1225087576345862153
1225083692822999042
1224904249215242241
1224891688012795904
1224890527776198657
1224889582728118272
1224887744998051840
1224886003720228866
1224885153547329536
1224884842464190464
1224882151319113728
1224799942352523264
1224794667264376832
1224778898317238278
1224756145895682050
1224720946076037120
1224695043220557826
1224511715783606274
1224486158161403907
1224444827284041729
1224423262953910272
1224406667510669313
1224365650275176448
1224363032870035462
1224359106699583489
1224339386315214849
1224089452588552195
1223988656614137857
1223773438923497474
1223745196309041152
1223635781501313025
1223403148943011842
