1286046196017049602
1284508822141362176
1284496338470817792
1284200744451813376
1281632888732229633
1280959950634844160
1279442406526652418
1279034614338719750
1278797250320269313
1278703688018726920
1278085416160280577
1278030419066306560
1277663584739360769
1276622787466145793
1276547650842701824
1276529291296038913
1274826637129822208
1274103702283059200
1273710138608812032
1273709977920843777
1273709844101582848
1273380592466276353
1273380462908461056
1273380382201663488
1273265710857220096
1272894695241326595
1271573079651745792
1271533234543878146
1271500774820978688
1271487949553754113
1271167513959817216
1271165693313069056
1269300005820682246
1268947140639850498
1268927722564333569
1268635691895926785
1268630127879041025
1268630087253078018
1268232940779118593
1266488454893973514
1266479097510875148
1266475986885005318
1266465773410816000
1265827683696611331
1265698692629176321
1264978346867396610
1263880642598764545
1263873453318340608
1263862100780298240
1263857563847864320
1263570080354402305
1263234966189748226
1263115602518061057
1262492169207717892
1262472267008794624
1261471420002865152
1261349193450487809
1260978662737879040
1260705789817294848
1260586294486368256
1260243808928829441
1258854798855671808
1258831449265930246
1258506148228939778
1258493584476602368
1258451834924085251
1258411540597915648
1258086163581108225
1257778247296856065
1257411574035349504
1256307640931508224
1255924517488046080
1255226031839088643
1254867004659576837
1253760190555590656
1253687093047500800
1253678579944247297
1253480100915482635
1252724072410161154
1252710981165252611
1251207591163822081
1250883202203484160
1250456344580292608
1249737480280182785
1249376905607946242
1248300492700213254
1247925607326978048
1247624862857920515
1247608941959417861
1247197993301938179
1246170015436587011
1246164170833375232
1246124846809075714
1245373882246324225
1244686769876094980
1244648064050225152
1243632711127961604
1243609285139054600
1243236750157328384
1242947209517285382
1242913133380993032
1242619612027596801
1242523975013580800
1242450908526579715
1242153084484300803
1242132306703327232
1241771854722981890
1241144858804285440
1241050895003025410
1241011383623389184
1240783996499476480
1240762165574991872
1240716971101970432
1240701199289954306
1240687067677351936
1240419256543727618
1240357649159532547
1240333854096928768
1240053011914915842
1239978176320811009
1239961403001364483
1239949548950294529
1239566641886871552
1238689978042986496
1238573776209575945
1238549003656204289
1238521152114503681
1238172199003054082
1238131267251601409
1237813621771599873
1237485109491662848
1237131700095811590
1235993494885404673
1235681487472726017
1235679494045921311
1235669261001125912
1235623679750557697
1234945431630643201
1234921119527862272
1233396928379072514
1233058548487204864
1232765667662876672
1232760779167993857
1232747354178150404
1232696144242888704
1232397183497969664
1230584970516848643
1230541729440333825
1229462012356329472
1228343943244460032
1228005176600080389
1227607815432347658
1227352158946889731
1226990670822420486
1225832821262077953
1225822928702496768
1225173971852824577
1225100055075610624
1225054624052391937
1224911357100929027
1224859868055642113
1224449114458312706
1224417786740531200
1224169986735865858
