1286058708678647808
1286015323653668864
1285998099375235072
1285993376056315904
1285925126417133568
1285692299062673409
1285654591938400256
1285334945116966914
1285235557958852609
1284928526723031043
1284844208323530752
1284492369476321281
1284459707445448704
1284459701342818304
1284202544588357632
1284113181191872512
1283839163809370112
1283839163020656640
1283779720430198788
1283502893874778116
1283130417873399808
1282351774473519107
1282330151045468160
1282303723973353473
1282057112546357248
1281650691702788096
1281564088628387845
1280954054475055106
1280855442495856640
1280600054345207808
1280231326256332805
1279814458945212419
1279406101432356865
1279406092842393600
1279121554715160577
1278800636432302081
1278701039273889793
1278701038414028801
1278479974584942593
1278479973762859016
1278479861028474881
1278434492219260930
1278395589093359620
1278314061105696769
1278082287196876802
1278020628755501056
1278011716618661888
1277950448264269824
1277726015964491777
1277684549150035968
1277591535312404481
1277225371004547078
1277225369075056640
1276956011857920001
1276874258837372928
1276613806618263557
1276578447838646277
1276578446160912384
1276578444135071746
1276578443350749186
1276542142001885187
1276500914669576193
1276312135665160193
1276201043244826624
1276180944421036034
1276141975322976257
1275892809459998720
1275837415958216704
1275780790324887553
1275544200638062592
1275489793850454017
1275446092033744897
1275410829287067654
1275218277053194240
1274734112323055617
1274734106891431936
1274681342635188225
1274681340433235974
1274401971945066499
1274368963233939456
1274331205253677056
1273990299753361411
1273990298025295873
1273725994071973888
1273692096831127557
1273669926444765187
1273669925568221184
1273669923039043586
1273611521923469313
1273379916457873414
1273345989533995018
1273317333159813120
1273301574681538562
1273273134951682054
1273247871622680576
1272984842385358849
1272967292490600449
1272880545417048068
1272645107439865861
1272564678963728385
1272515804278464514
1272515799601885185
1272501623277920256
1272501621914730502
1272501619914129408
1272234917695557639
1272140556551028736
1271997332897370113
1271997330494042114
1271901425891790851
1271846113792921606
1271792022001782784
1271549139520815104
1271501315051589634
1271439640172662786
1271190527346724864
1271077293579010049
1270804270712004610
1270396571037900805
1270143616925806592
1270006832363450369
1269279190236495874
1269011203067645954
1268988531441053696
1268969619576033288
1268958298885238786
1268656347681296384
1268588411629297664
1267438360282398721
1267438359217082368
1267438356939583489
1267109133377044481
1267092880872611840
1267092879761170432
1267092877794041856
1266821743739654144
1266744952748494848
1266372554144354306
1266023957263761408
1265972895622234112
1265652773347000321
1265297942983987201
1265070067714265088
1265070066342731776
1265024893088935936
1264986067331166208
1264986065116565504
1264909716158849026
1264589492234706946
1264549280393592834
1264318963330306054
1264287753824583687
1264287750733381644
1264263605484244992
1263937828959989761
1263840853359054850
1263801892590833666
1263601877855481856
1263601875385036801
1263472166038900738
1263226764979044355
1263167695836545030
1262450421265838084
1261690395081289728
1261397248895668224
1261083926958936064
1261049936780693508
1261013739215687680
1260959357736562696
1260917851029999616
1260917849423577088
1260891865995493376
1260714890202923015
1260714889519280130
1260714888856559616
1260714885983481858
1260672472766124033
1260359099876704257
1260339571130339328
1260230753385766912
1259947674624757761
1259473994966843392
1259473987878490112
1259473980739772416
1259229174839083009
1259170060473700354
1259113500535906310
1258872277778796544
1258850431461097472
1258787543262343168
1258728534098554880
1258456686811140097
1258391383448014849
1258125129575432193
1258092161582526464
1258061459482910722
1257786648516952064
1257727508922765313
1257678687387807744
1257400330838556673
1257316366240976899
1257064407244439558
1256582212167839745
1256328620332560385
1256328618843619329
1256317216200380416
1256285003941584898
1256235929129357314
1256235928001155085
1256007493769183233
1255960616440758272
1255910033344299009
1255614083228930051
1255257713484992514
1255171384092897280
1254922818380275714
1254897360531910658
1254870936400138240
1254819094618148865
1254780367359209472
1254502508455555073
1254138109177901056
1254092810699051008
1254032411853119490
1253824792899153920
1253805921236471808
1253757096958533632
1253730425714982914
1253697490148380673
1253470709742895104
1253449700377837575
1253418434341113865
1253403027148603392
1253349158850752512
1253327516497920005
1253292538191966220
1253090202815528961
1253062016693972992
1253036347951968256
1253009168752992268
1252979483193348096
1252957830614835201
1252753232235020297
1252721019942572033
1252643760984354816
1252617826554306565
1252583614908370951
1252374751449776128
1252360863656247296
1252325413008752641
1252294298906877954
1252238842733584385
1252016997078126593
1251980747923210240
1251934839806160896
1251892955864084481
1251892954400243714
1251877807623462912
1251877806654586889
1251877805526319106
1251877804523892740
1251877803559174146
1251877802577723396
1251877801499799553
1251877800375656450
1251877797523488769
1251600637265014789
1251524381777580034
1251252317724254209
1251184894711136259
1250911848809082890
1250852960780922880
1250813450449805313
1250513725645340673
1250451314309390338
1250140013079097344
1250072820480180229
1249815877232594946
1249789626866446337
1249381779879968770
1249336470629949440
1249081538723151879
1249051087920717824
1249012584264503296
1248962755748659200
1248723932208934913
1248345292442927105
1248016772457873409
1247957381109010433
1247660425992437761
1247620579978608640
1247619574775889933
1247586185565868034
1247555693399478272
1247316189929525255
1247306237466853380
1247177229618106369
1246875529422176256
1246875528415580161
1246875527371051009
1246875525181833216
1246522555051192320
1246479024261681154
1246438435969253379
1246197031988649984
1246184197145927680
1246173627629875201
1246149377657364485
1245795573006991362
1245762741324984323
1245450646565896193
1245123146040180736
1245123144668643328
1245123142227505152
1244996008372850688
1244765036838518787
1244702259793006593
1244459663883751424
1243951521932476417
1243644594878906368
1243596486463705088
1243326595093483526
1242886197757784068
1242792948305100800
1242081337982451712
1241824185040674817
1241761534138814466
1241495751437561862
1241462500429881344
1241447285277560834
1241425372173959168
1241425367845478400
1241398975980281858
1241077168903512064
1241025598430089216
1240994237505626112
1240753160928538626
1240736830951174153
1240736829579689987
1240736828447174663
1240690246162907137
1240674586569715712
1240665583814934530
1240635405172707328
1240435911231451136
1240392124480323585
1240332136537714690
1240322073500823553
1240314521492824064
1240276773293572099
1240035181106348032
1240007619487633416
1239570436771414016
1239180267660533766
1239180266532409345
1239180264724746241
1239013594135695360
1238925367139635200
1238884603827494912
1238827222326284289
1238800580006592512
1238564937519128576
1238522985985777667
1238487481449951234
1238464834955546625
1238449734945144832
1238245551055015938
1238226205264039941
1238215690462662657
1238183155154268166
1238170392776208385
1238154012270231553
1238125094997647361
1238087346609946629
1237838204645961728
1237792905487581184
1237762706284912647
1237724960983941120
1237521941629677568
1237485881767776258
1237369442557988870
1237000186444070917
1236758589349302272
1236743491742556160
1236713294003671042
1236699910831030275
1236675542721560577
1236637797861261312
1236366005628293120
1236328253876469760
1236290508667969541
1236041364913209344
1236022488934559744
1236003616793583616
1235983734870020101
1235965867411812352
1235950356540030977
1235928120286261251
1235700033632206849
1235678976095514625
1235641232145158148
1235626521198563330
1235603479764312065
1235585106992967681
1235565735579021316
1235365766649843712
1235339238075441154
1235320589591678983
1235283312920403974
1235244195625000961
1235220413778718722
1235203344123285504
1234961749436067840
1234940205104271363
1234915894213652485
1234893802751451136
1234863602860990469
1234840953598377985
1234637261439938560
1234633174820511744
1234534235798691841
1234512539486023680
1234478567817433089
1234231960379285508
1234205319032659968
1234161478040576000
1234136055449899010
1233889686516453376
1233772259111821313
1233497100391862272
1233459349701324800
1233402727058886657
1233190198365827072
1233164912874184704
1233054522349629440
1233029017369894914
1232794972585218049
1232772669306740743
1232749674945138690
1232670401333006337
1232452960954675205
1232413709940772865
1232406355903905793
1232336391041900544
1232092589542825985
1230991301472116739
1230944580855631872
1230910995075301378
1230870272519131139
1230167660186324993
1229528072296312835
1228453869752991745
1228363271423414274
1228101126450565121
1228063015188271104
1228011941144285186
1227746833038004224
1227680911749193729
1227599179800817673
1227390303184785408
1227366917108838400
1227366704919056384
1227315469557915649
1227315432987774982
1227276526703562752
1227245912411402241
1227037145182982144
1227004316118114308
1227000388089450503
1226959079387672576
1226913721030791168
1226551335190794245
1226279540621623296
1225917155792900096
1225215940440317954
1225192379050647552
1225152073156694016
1225087215367344128
1224784690206265344
1224377006122524672
1224029793940901889
1223700736074289152
1223622046401384448
1223622045088526337
