1285695497160794117
1285328372269305858
1284333563484213248
1284185784963276801
1283853893433266176
1283463615258021889
1283098076845088768
1283031325218344963
1282445388595830785
1281667307920662530
1281290231703052291
1280970196325367811
1280591792501555203
1279456089273184257
1278745014613553152
1278339059195281409
1278103422651322369
1278054423198158848
1277709391156953091
1276316247785865223
1275938678590898181
1275530350438027265
1274718654136025088
1274065665091964928
1274037624945115136
1274037622025924611
1273708061853732864
1273665252970897408
1273622288022323200
1272894451443261442
1272250694502952960
1270782939081605120
1270371676501540865
1269351900937412609
1267102210275639297
1267102208186859520
1266043264022597632
1265835389601951748
1265808967286116352
1265717474114318337
1265354800599912449
1265296115060158464
1264991899838005248
1264912312059772928
1264593654255095808
1263557366722768897
1263508557414182913
1263215712774037509
1262869103238406145
1262826532986290185
1261782368945410051
1261672279211155459
1261471588781875204
1261415990723702784
1261279077345959936
1261094529970601985
1260999628583063553
1260613653902098441
1260323091030441984
1260208522446491648
1259970287157809152
1259932538526720002
1259900672302026755
1259568892470575105
1259504862221479936
1258847267815067650
1258831270219481088
1258804865729531905
1258447905301704705
1258109186925375490
1257728012398673923
1257690406512406529
1257427508523421699
1257386768464216069
1257348687799422980
1256961841445642243
1256321292828938240
1256286062856605702
1256219736939081729
1255225231381278720
1255163432556474369
1254861456354324481
1254827911569440769
1253450775600259072
1253373076424871936
1253373075309150215
1253349958662729728
1253093964024070144
1252699656305496065
1252644180616196097
1252644177659203589
1252623903102509056
1252592527041011712
1252040924017893381
1251951558994034689
1250928206611349509
1250889488525647872
1250469800280817664
1250450216211427328
1250150773536800769
1250102987185422341
1250071235192664067
1249351547399680007
1248702927788785670
1248612784134209536
1248338565429420032
1247971395042250754
1247650358026858496
1247611351276519424
1247573030773161989
1247286711803052039
1247253856989450241
1246152267952082944
1246108951801987072
1246083951514587137
1245776218588356611
1245411333920653317
1245362919136808960
1245003246768357378
1244725768791494665
1244654689116917760
1244355594544451585
1244279916725764099
1243617329151463431
1243597184475508737
1243549848755986433
1243530760906137600
1243350730167193600
1243165034672525313
1242975359601192963
1242924338950615040
1242906583073468418
1242874563198926848
1242631993340440583
1242512576145166337
1242480125020721152
1242475949398069248
1242192326270877697
1242164354834890760
1241783066022084615
1241740867909627904
1241419299866079233
1241405205016719362
1241381551490895872
1241353576376606720
1241191767384494080
1241147915499864065
1241089189875273730
1241063547632783362
1241040950471929858
1240739297436798976
1240739296258207750
1240705255500808194
1240430999688929280
1240378601645772807
1240378597392764928
1240325577753726976
1239972233289719809
1239938388360335360
1239628826021433344
1239604550073491459
1239363185469263872
1239252137818939393
1238892570966704128
1238693274128449536
1238221869154742272
1238167123622604800
1238156228250996738
1237916242092179456
1237870769050226693
1237844409216983046
1237763437708615680
1237514781621452800
1237435350596964354
1237164776398229505
1237132475605942277
1236319426259161093
1235709771229126656
1235589923543175169
1235343012122640384
1235323641707073538
1235233845529718786
1234987670217998336
1234953037204074496
1234931721637941249
1234623919883276290
1234218427180625920
1233903281807798273
1233800827514560512
1233498357068288000
1233471848018522112
1233140668916281348
1233093088769388545
1233093087808847873
1232758810793709574
1232056521321844736
1231707712712564736
1230965733091414017
1230930568101138435
1230536578080083970
1230178043563577344
1229416975895552001
1229166385584054279
1228412344289636353
1228379896092688386
1228074240697622528
1227654870364192768
1227617225282113536
1227326348873621505
1227256317921972224
1226899600440799232
1226160003154923520
1225901550050123776
1225845645157769223
1225547731181150208
1225499725664866305
1225464245032226817
1225193946885840897
1225132880797601793
1225103703579021312
1224900436584550401
1224861146278244354
1224763655755042816
1224455495177523209
1224409770603487232
