1285757758235652097
1285695069480194050
1285574327015014402
1285574302360899586
1284486582456717312
1284253024827969536
1283830222178189312
1283794127432355840
1283076229726380033
1283022456211607553
1281657597913956355
1280868132408655875
1280515988551860226
1279446010411077632
1279445469295513601
1279445092303015941
1279432976934350849
1279432203051634691
1278672799905861634
1278672481033781250
1278538187737042944
1278526293571764224
1278486127154954241
1278486125972160512
1278386980460560384
1278364099311697920
1278348081428389888
1278074714792103936
1277998352802734080
1277995218357440515
1277992675740921856
1277992674595868674
1277702841222795267
1277665240038150144
1277663318057144323
1276583287511638021
1276523953390002177
1276519064194682881
1276199567420243971
1275567375623094275
1275521923313733632
1275521922361688066
1275471189507522564
1275181252644134913
1275122137787969536
1275082158172930049
1274017817105518592
1273638624127574017
1273624948670705666
1273337286034427905
1273283429220696069
1273275646467280897
1273040936587743233
1272990490577821696
1272942759989690376
1272898405745020929
1272570388938207233
1271555177204637696
1271174471836225546
1270708640769605632
1270346030257750017
1269366569903284225
1269362587424169984
1268974988549332993
1268972856182034432
1268618790108971009
1268551483911536642
1268271405860298752
1268210807080394753
1267911944113197057
1267895085049557000
1267877044941176832
1267863892199460865
1267553361576054784
1267553015269068802
1267552634086592516
1267549508990390272
1267520972552392706
1266814720696373250
1266814454118965250
1266486781161156609
1266364105297989633
1266077090971111426
1266069392963571712
1266056075608035334
1266050031758577666
1266049852242366466
1266002197059448832
1265997920387633152
1265997849860415488
1265746399263633409
1265719242713858049
1265697958143590413
1265676841618112512
1265676829123317770
1265671691709091842
1265656001203757057
1265643568070344710
1265640363508805639
1265640222043275269
1265429811834621953
1265409047236415489
1265404948814204928
1264944061720465410
1264944026106683392
1264943907168751616
1263529168215695363
1263445097091391489
1263259039607242757
1263132183922905088
1262890959601307653
1262866524571828226
1262836259250229251
1262794714660720640
1262448477801308160
1261459932085317632
1261387616022192128
1261355100418670592
1261325257786511360
1261303982594670594
1261054880099287040
1261054137548132352
1261026017507831808
1260929394182287361
1260633867775590403
1260594106323152896
1260590411422281732
1260273369007755264
1260227964274388992
1260225400329953291
1259899222603816960
1258790851360313344
1258790592680788028
1258755899000262657
1258569537936596997
1258492511393386496
1258481236990996482
1258451848123514880
1258422523877883904
1258403612524457984
1258142937415811072
1258142922681319430
1258083809926557698
1258070992439705600
1258070349436137472
1258043736786903041
1258043187777724416
1258042927768571906
1258042793961930753
1257811264262340608
1257763699286253569
1257699328396754944
1257696753937190913
1257696246506151936
1257470332446953472
1257354305218232320
1257312383824850949
1257300422571810817
1257299267775012864
1256345958507560969
1256263792515743746
1256262268267958273
1256261796400373760
1256260136328445953
1256224191101181952
1256223755128451074
1256222084717588482
1256016386574475265
1256015043222700032
1256014832719073282
1256014527981916160
1255934388212244482
1255933387560402944
1255582419522129929
1255581508481495040
1255581437069332480
1255534965766455298
1255232976922779650
1255207409078931463
1255130200410591232
1254893998273179648
1254853403370500096
1254791994880208896
1254160104754229256
1254125945654517762
1254122923369136129
1254119613207625730
1253806980478754816
1253774551802089472
1253733670239731714
1253732373851709447
1253488225706029056
1253481285974196224
1253473594660868098
1253431136774025216
1253407095841599489
1253375988244848640
1253348737386151937
1253334840008560642
1253334420259344384
1253143013800411137
1253120998884421633
1253120745061978113
1253068916714323970
1253063332933795844
1253057553560371202
1253043053658587136
1253039231964000259
1253036124974579712
1253035527017836550
1253035130219900928
1253034960379883522
1253034581466497024
1253032755149094912
1253031971770564615
1253031496933310466
1253031240581754883
1253010284119293958
1253007429257834496
1252622312542818305
1252609123113480199
1252383121862885380
1252381911768432640
1252381863605227529
1252370471024095232
1252065931628511238
1251249103989858304
1251248851090059270
1251198102117244931
1251195053298548736
1251190695487995906
1251166290544332801
1250882293377437702
1250819231668723712
1250796282018508801
1250796223084343303
1250778614062288897
1250778442435526657
1250778193239453696
1250518505075757056
1250483577487339520
1250436157222965248
1250433978684682240
1250426770559389696
1250426647657861127
1250156266409918466
1250155593240907776
1250145572947931144
1250136053404459008
1250135741113470979
1250135683332702209
1250134410118279169
1250134326601187330
1249740766437683201
1249728502238248962
1249722881904427010
1249722392089432064
1249722158332420096
1249717187415285761
1249396117063811073
1249334823455424513
1249049232251723776
1249023042321350657
1249022363049627651
1249022263275540480
1248695962744303616
1248653887202041871
1248638948022398976
1248635210872299520
1248634672051113984
1248379087631998977
1248377823649132544
1248326968665309188
1248312147718942722
1248308387856728065
1248308040476045312
1248298875649249280
1248286108963700736
1248271125248958464
1248270643516366849
1248267871718907906
1248017986700455938
1248008179515969537
1248008136776007680
1247956474720108544
1247943391544999936
1247892920889274379
1247689316295413761
1247657024336338944
1247653060396167169
1247652496178401282
1247559264920535042
1247556086183452679
1247537932967104516
1247532141061144576
1247528063966928907
1247245115938275329
1247241685463175170
1247214326810906624
1247201527942590464
1247200956208549890
1247200513717927937
1247199006880600065
1247159638317060096
1246841424403988481
1246839141406400512
1246505948610547712
1246226575940620289
1246226355848728577
1246225466484236288
1246224915449237507
1246224420231929857
1246224164211621895
1246205104417619971
1246204702380916737
1246190737592586240
1246184753071624194
1246184532618993664
1246167875456466945
1246155579707535361
1246150678969532416
1246147807842623494
1246133028025446400
1246131335460270083
1246117551345721345
1246117550385233922
1246117549420535809
1246112069545603074
1246108347914432513
1246095235731644417
1246094965853356033
1246076232355151878
1246075825427845120
1246075537082077185
1245801430063202304
1245783702187188224
1245761549932859392
1245737310496358401
1245728842066657283
1245693098203717633
1245484954844356608
1245434735167516673
1245433859270942720
1245433819265732611
1245401237803188226
1245400194235207688
1245386745119727616
1245384658524803073
1245082562369851396
1245014980942061568
1244722301226139656
1244719333605064707
1244686366514065410
1244634663911653379
1244374051302359042
1243642081748418575
1243590131401076744
1243530921103577088
1243185108091371520
1242893550196572161
1242838619360018435
1242801575543914496
1242566667428941824
1242509367305478150
1242259534288244736
1242259533277388800
1242216863070855172
1241397303900069888
1241397117073186818
1241130425088643081
1241130104627122176
1241130041905479682
1241032596869599233
1241032595829383168
1241032594914934784
1240712677019856896
1240678831515668481
1240378398578479112
1240042939612528642
1240038106679697408
1239992666735153154
1239965241963757572
1239947918435659778
1238700680006832128
1238573732387528705
1238471545200181249
1238180161666854912
1237864424947380224
1237853970158116864
1237853844630986759
1237765770811248640
1237495712990072833
1237430135042838528
1237392410759421960
1236113323265077248
1235937610280902664
1235596348218576904
1235260575132905472
1234895739215585280
1234866312708591617
1234848558584647680
1234519444912820224
1233516758788640769
1233155778493779969
1232714744630562816
1232421551737311234
1232365435854696454
1232345947952336897
1232345115051593733
1232322531211849729
1232011139078332422
1232011138117881857
1231705601652199424
1231293508549586944
1230975379176816642
1230970864038023168
1230959120343347202
1230912085565100032
1230903439053463553
1230549752099590146
1230171103445889026
1230114617449484289
1228485421279203328
1228008250374836224
1227708541739376641
1227603781573136385
1226995629689274387
1226931863522041856
1225817567224385536
1225558195818696707
1225544865343299586
1225513701526118400
1225497593016471553
1225483851755065344
1225193170927063040
1225177654149754887
1225081725623111680
1224917028781404160
1224902595753533440
1224889678748360707
1224869982036725767
1224798576993361926
1224785525124554754
1224763301604855809
