1286061708734337024
1285574059074433028
1285329769211596801
1284345068908937217
1284345068149780482
1284126469049012224
1283461374379687937
1283409027934937088
1283343026467872768
1283338923163475968
1283217026731986945
1283096160933236741
1282702930924261379
1281592460410585092
1281303107914338304
1281302859410280448
1281302454685048832
1280978884402515969
1280132277188603904
1279413019991293952
1279007576110370816
1278780967713476610
1278428988210319363
1278329481900548097
1277720241066442752
1276554269269929984
1276274255542521857
1276273903338479622
1276208678564216833
1275529287618215937
1274701687907852288
1274691528263446530
1274059204467265541
1274047135953104896
1273922696091439107
1273713769982631938
1273713768330072065
1273249276932562946
1272627222654959617
1272233328427573248
1272170033070903297
1271534108393512960
1271189257374306304
1271117634222858241
1270750762948329472
1270114405884268546
1269291849686175744
1268925238726856708
1268896379663003650
1268703368253517829
1268538312261763073
1268536600990015497
1268318036307718144
1267998158233182212
1267563898628169731
1267115133207302145
1267115131701428224
1266485946469486595
1266449304971087873
1266441964909670401
1266088157151465473
1265771975382876164
1265403994534481923
1264911726035820550
1264585465241448448
1263860300379566080
1263610581623418880
1263610580268724224
1263610578804842498
1263555414882488326
1263249616990076928
1262917137204682753
1262473597962108932
1261745997245485056
1261378269439381504
1261287978355363840
1261190403384016896
1261046202138796035
1261038919208091649
1260295423971020800
1259978881622257669
1259460364795772929
1258812956239945730
1258489593931931650
1258464175468183552
1258120704735809539
1257795068322287617
1257785948756213762
1257392140633755648
1257321930266312709
1256678589925339137
1256366889565028352
1255599680605618176
1255246828536238080
1254795352714162178
1254784661525430272
1254162610964041728
1253812005582123008
1253415629341655040
1253403818680819716
1253402535827836928
1253401857860546565
1253400850141241348
1253399838282129415
1253042669309304833
1252965570481438720
1252635960195657728
1252634212743684097
1252634211791577092
1252312314323382275
1251563291370979331
1251557752561905676
1251202810831568896
1250976212257771523
1250797684841201665
1250589239588388866
1250549842159550464
1250536960046833666
1250461391493922822
1250196439982133248
1250191934578139137
1250103405739225091
1249720430572732416
1249328703139700737
1249025171262001152
1249025168342765572
1248977865871446017
1248734395118374912
1248726594530750464
1248642191452446722
1248346649765781504
1248339890514862081
1248077033671987202
1247975745332359169
1247927454167191552
1247889782417448963
1247639599914127362
1247628485230833664
1247621107210952706
1247560959159349249
1247335212960407552
1247328754378170369
1247159594289430528
1246829777635418113
1246178568398307330
1246160627426562048
1246144203970744322
1246086631418888192
1245798985052196864
1245441487330050048
1245374937902219264
1245139212036444162
1245135206060867593
1245134360526884869
1245133359728275456
1245132942374043649
1245132757191327745
1245132077349187594
1245122385646411779
1245054134987956225
1245054030595883010
1244778639641792513
1244702761771548681
1244657932320604163
1244358600354664459
1243732705646448640
1243681179473190913
1242934262153838592
1242570532245176321
1242505966534438912
1242468245623517184
1242447928020656129
1242269154805243905
1242198103769391104
1242112770151153665
1241693229570981892
1241019185653788675
1240824557516226562
1240680089186115584
1240407182534901760
1240402040221765632
1240397582439985161
1240271147234742273
1239900249537368067
1239650853956526087
1239639423999979531
1239224494939611139
1239222316363546624
1239165531850182656
1238662643851890698
1238611924750872577
1238597123110830082
1238456384204701702
1238213458186981383
1237821443603410945
1237770749156491268
1237765293235154944
1237487747562160128
1237047109557288961
1235685104640503809
1235609511672475649
1235593004100050948
1235326186831728640
1235249953653563392
1234963711024037889
1234855538737000450
1234853298596913153
1234845419194200065
1234551580109635585
1234461743956533250
1233519016313901056
1232824026361466881
1232799281343582213
1232738051866202112
1232734046368731142
1232439226131595265
1232436359857487872
1232397509512908802
1232028035852984320
1231275102400122883
1230849259169353728
1229907343145684997
1229425876510613504
1229171346183270400
1227633585861091330
1227001489689841664
1227000552225148938
1225797023200432128
1225582612686700549
1225512795049021441
1225188104094482438
1224912845793636353
1224897576392167424
1224897025323433985
1224871621644705792
1224842971390119936
1224773849197293568
1224398247764135936
1223824089988632577
