1285972603946098688
1285924164247986182
1285680040055840770
1285679939438731266
1285636423564103681
1285293480521105408
1285255218087841792
1285199590459940865
1285189966042038272
1284492773354360834
1284245179927613445
1284242112389820419
1284127142666739712
1284119898331983872
1283877823137095681
1283877808167628800
1283873628174548996
1283858376863121409
1283835567621509121
1283815226014564354
1283813420471595008
1283783895440396290
1283783798581272578
1283748652201267200
1283516346781913094
1283508095520575488
1283449994918404096
1283449993613975552
1283449992477380609
1283449991315562497
1283449989797236736
1283428877210136577
1283412109636837377
1283370731812913156
1283120449841504257
1283109096057692161
1283085709222584322
1283085387708223488
1283057792820092928
1283057321430712323
1282848684946984967
1282848553967255554
1282795130030886912
1282789051620306946
1282769625332305926
1282761189903171584
1282760940723810304
1282725728786800640
1282719267931267072
1282662647725527041
1282390647140425735
1282301780244729859
1281689901868744709
1281590185529159684
1281574516884484103
1281559216017362947
1281289822628384768
1281282962928160770
1281267567861157890
1281267302844039172
1280947467635343361
1280878093440352256
1280877012970864640
1280228750748274694
1280190452667502592
1279525357545193473
1279437819585404928
1279399566849146880
1278705302616104960
1278490394393706497
1278453666928869378
1278432815248539649
1278342839903178752
1278331660145229825
1278129237933928449
1278046089539661830
1278039588100022273
1277966884680290307
1277700957426659329
1277666441857323010
1277666440938749953
1277666439877529602
1277328511901093896
1276914083678294018
1276609081537634305
1276210660683272194
1276209908959059970
1276208888598220801
1275861246818938881
1275857398901719042
1275854045849272320
1275853856417734662
1275787416562008066
1275532492817281032
1275532457983516673
1275532440359120897
1275454891863846918
1275454577316294660
1275454364899897348
1275411249141088257
1275382691165360131
1275176571343720449
1275095145235525634
1275095038649864192
1274703686640504835
1274084804141682688
1274077245322207235
1273994949684457474
1273985983642550273
1273977205836709888
1273956380286861315
1273731837748224000
1273731356917403649
1273674940231880705
1273674890730749952
1273651377701617665
1273651269622804482
1273641678096793602
1273639757231382530
1273637963486945281
1273335998890508289
1273328757990928389
1273316916397047814
1273277930672660480
1273268429852680199
1273265520272388097
1273070099231055872
1272987458448302081
1272984305837506561
1272963602643812353
1272949399287672832
1272949187039150081
1272948660511428610
1272901841207033856
1272888275603202057
1272887093497397253
1272861484519952385
1272623577188184064
1272622908372852736
1272597820072251392
1272572240601767936
1272550574299504640
1272170678855196675
1272144566066569218
1271541322197934082
1271525175838887939
1271507174376771584
1271474998532886528
1271438181737672704
1271141681497284614
1271132141372551175
1271122739554930688
1271102418445533188
1270794418828849153
1270765452923371523
1270764128639090688
1270763797196820481
1270694703030288389
1270418542178041856
1270391037110947840
1270390754855342081
1270035461889839105
1269260329906733057
1268272018602037253
1268256791856656391
1267842504466014209
1266372686264987651
1266031737009815553
1266021445538373635
1265741428208132096
1265712190868291584
1265683384816320514
1265406111240290307
1265372743706595328
1265369366624952320
1265319647240507397
1265319553204174848
1265319417564614658
1265290890970640384
1264903270151192577
1264540300376244226
1264239673142059019
1263818417502633984
1263520567988236289
1263207127063171076
1263169965785583618
1263165100757786629
1262838880711127040
1262816347492319232
1262811185524748288
1262778925706612737
1262769998478610432
1262492657965817856
1262487325839425536
1262472323040509955
1262455412487417856
1262442577975861249
1262432763422048262
1262424281910251520
1262359783232933888
1261635006289661954
1261400712606433280
1261392211092156416
1261384087597494272
1261375550645403648
1261369972288151552
1261362889744474114
1261359189080694785
1261356205827600391
1261349224995860484
1261346851250245633
1261344234281426944
1261343837798064129
1261341240458534916
1261341157600063488
1261334894187286528
1261019519864262657
1261018805834301440
1260640402580930560
1260626082950254595
1260616542632456192
1260579673383358464
1260321058953072640
1260289769474609158
1260252032126062592
1260250488953548800
1260229225640087553
1259969505800880133
1259969153198424064
1259940422496944133
1259940357657280514
1259453131932471297
1259204092745977862
1258813392657268737
1258811402594197508
1258803851114631168
1258769011262787584
1258753229606785025
1258504171382353921
1258491027171627010
1258432010890117121
1258367224701739010
1258068799997325313
1258048351825793024
1258044810528796676
1257852606749302787
1257789167687405568
1257738504349593601
1257722959420182528
1257722917972054016
1257651173466738689
1257651033335087107
1257650502491418632
1257650432329080832
1257328698023444480
1256607678547349504
1256292657460101130
1256228157516103681
1255979295308165122
1255963906746519560
1255928988280729601
1255889524858773505
1255619515276296194
1255561981114961921
1255273529874022400
1255273419538665472
1255185008781819905
1255170349324435456
1254791563512774657
1254780687602728962
1254778522188431363
1253818843115524100
1253772571079737346
1253772480138940420
1253716790284345345
1253710933744025601
1253706099770916865
1253705325812813829
1253704278008569856
1253702845540507650
1253693026582618114
1253351704038453249
1253145920914501638
1253030413024612352
1252983260902297602
1252974778367070208
1252974048050581506
1252682514054950914
1252669001504894976
1252658405698875395
1252650781137874946
1252297326590398470
1252297300568944645
1252295114870980612
1252295012492156929
1252287145030701058
1252286898069962754
1252283025414598656
1251916113388199936
1251629483855151104
1251563482371297282
1251519354702835712
1251511550843781121
1251509445986865155
1251481099840090113
1251268951868411907
1251258882367934472
1251244170775330819
1251242513480011778
1251231493583765504
1251201085747888129
1251200928574824448
1251135585085018112
1251135471440351232
1251135236320243717
1250951235450089473
1250930198708736001
1250906590577819653
1250906437368365058
1250905699279724544
1250863143221428237
1250862920294162433
1250834862937985026
1250808538806595586
1250791974770225154
1250452235575853067
1250451881186529294
1250451762533871616
1250442479259643906
1250441092685688834
1250441029401972736
1250440580129124355
1250440361350066185
1250440333415993351
1250419696664371201
1250419601961295872
1250419554414546948
1250419375645089792
1250113854094413825
1250113713111212033
1250113622711455745
1250042370243956738
1249722530975399936
1249722495793541128
1249721778655592449
1249291169663717377
1248692714012581889
1248691608872247297
1248691532456132610
1248691294177722369
1248690555758010368
1248648785154265089
1248272898885849088
1248272516654739457
1248272125519187977
1248271881117011969
1248271277451853824
1248030362602627072
1247978017176948736
1247963843701202944
1247962796618395650
1247962239061110784
1247962038980227072
1247961711199621123
1247938953493327878
1247938768822251525
1247938290562498560
1247938129778094083
1247937989457653761
1247937840241139714
1247937628206489600
1247937115230539776
1247936987648208897
1247581152497422336
1247569695278071808
1247569384446529537
1247561925355020295
1247555708188594176
1247555553171292162
1247301048538202112
1247300735810899968
1247300706668883968
1247143594563194880
1247143285686181894
1247142880642301952
1247142725905977344
1247142207611645953
1247141746473144321
1247141707768123392
1247141355954069505
1247139700529410050
1246468175350423556
1246467745249669120
1246467646520020993
1246467566635290624
1246467152816877569
1246166399778725888
1246166358095781889
1246166279599411200
1246165499194507264
1246165078698844161
1246164335904337921
1246164082157379587
1246143099031748608
1246142519446044683
1246093699974606848
1246093382948130818
1246093013442539521
1246092853727629313
1246059883075719173
1245785662030319617
1245784803854749697
1245784587223121920
1245734113845424128
1245734070065205248
1245733089172750337
1245732809030983684
1245732767897399297
1245446003316133889
1245382075043151872
1245340665246081024
1245338657285910533
1245337065178501129
1245336545281945600
1245336256516628482
1245149247856672775
1245147964118614016
1245147116537864194
1245139901970026496
1245136931647827970
1245135429600452609
1245132572750987265
1245131565740457984
1245129403039973380
1245127742510837760
1245125535719723009
1245125306329051136
1245101398892699648
1245027988661567489
1245027879865536515
1245018255720435712
1245016897764106241
1245016578388889600
1245016038741327872
1245015939185291267
1244808690764582919
1244670839917875200
1244670680433655809
1244639102173155328
1244633625322295302
1244439486383128577
1244327072195117057
1244327050091081735
1244327025063661569
1244317242071879684
1244300986136625153
1244290670413701120
1244289587884818432
1244289573745819648
1243968849998946306
1243968739055472641
1243968370090946561
1243916325199757312
1243916170828406788
1243916097906188293
1243916079392571392
1243916060832813056
1243874477672456192
1243650250201432064
1243637667524272129
1243632635148025857
1243625084666986497
1243622242484977666
1243621544779227139
1243611815638114304
1243604608037072897
1243604130851106818
1243592763444211712
1243586984041484291
1243586572181790721
1243586026603532290
1243553465185468429
1243253190327439360
1243252929710239745
1243251288818753536
1243250704195649536
1243250148098093058
1243249768387747843
1243241305779683330
1243229229472518144
1243229008348811270
1243228441824104454
1243207013162790916
1243019810033844224
1242917924681195520
1242912891801665544
1242879534380261376
1242879354176143368
1242873866994831366
1242861301845630978
1242860189721726977
1242859467445805056
1242858805924421637
1242857051258335232
1242853858164047874
1242824428532219921
1242824336651796485
1242520560464277504
1242518546166566915
1242517761320005640
1242517502141304834
1242517275778977792
1242477399780048897
1242477320100876289
1242428450742427648
1242420900776960000
1242194409392705536
1242188116196077568
1242183417187442698
1242173195509215233
1242172172451360778
1242170383823970305
1242164949272735745
1242162781773803528
1242162620947468288
1242132021532659713
1242131860874039300
1242131780217581569
1242096261827670017
1242092485893029890
1242085379508965378
1241711224166871040
1241463959141658628
1241458122679599111
1241439434156867585
1241421326155382791
1241420992372752384
1241420314560663552
1241333736366620672
1241120944200048640
1241087287053688834
1241087103292841984
1241069496208482309
1241063026125680643
1241019292147240963
1241019164329992193
1241017474180624385
1240720646780456961
1240720602081656833
1240720475220774912
1240720233834348554
1240720204138786818
1240709875090350080
1240703333108600832
1240690936012623872
1240416839366316033
1240402530447831040
1240398189871730690
1240291872184115200
1240276771481755650
1240261672658513920
1240246573000515592
1240012530891644928
1240008755426856963
1240004983044673538
1239999009521008641
1239997417463984128
1239645678676180992
1239645569846579201
1239645347892400139
1239645283417456645
1239645262685057025
1239645210696716289
1239645111383986177
1239644945989996546
1239644909495345152
1239644843154059267
1239644762954760193
1239644639788924929
1239602241469849601
1239308691754627079
1239308669830955009
1239308636687564801
1239308609462427648
1239308562217738242
1239308531762855943
1239308502075674624
1239307786376433669
1239307633351409669
1239307587616636928
1239304574105800710
1239226098367352832
1239159411223879681
1238902719005384704
1238857167505166339
1238842322407829506
1238797021823279106
1238689656931221505
1238667778653073408
1238553291052761088
1238294384753274880
1238222390200590336
1238184317744025607
1238184292452380677
1238182819240779781
1238179512715796487
1238178853044060162
1237913050247835648
1237896380372250624
1237796398550130689
1237787560941957120
1237776326616121344
1237775547448639488
1237774395650777088
1237504440585695237
1237102550035443713
1237101667918721025
1237101426414936065
1237074290274697217
1236462518849228801
1236342307735117824
1236327959998455809
1235950914864910336
1235921825802211328
1235592525366218752
1235351609644904449
1235336468781989891
1235326891860602889
1235325852482777089
1235325686489001987
1234931581321728000
1234913332337037314
1233437567313498112
1233437350325374976
1233077109955997697
1232808920139390977
1232762939834355713
1232688350362046469
1232687658519928832
1232402657454821389
1232062777734422528
1232035673613512706
1230688881282080768
1230572339265445888
1230563072315576323
1230247394689896450
1230229348281651206
1230198911173873671
1230163955563323392
1229459496281542656
1228357377411485701
1228339264007614465
1228337697812598784
1227989128375083010
1227686254919258116
1227308537505865729
1227293462472675329
1227054294341488672
1225871294354395137
1225794748377714690
1225531619706011648
1225178511566090242
1224902927241961472
1224899058919268352
1224897833179938820
1224730812953845761
1224437233261797377
1223783761151778817
