1286022402556727301
1286019631929536512
1286006076639531011
1285978256479592448
1285730449965199360
1285730448656740362
1285675547482349568
1285655133007810562
1285584456624070656
1285395344386396161
1285312932188958726
1285280456850771968
1284856371935088640
1284562383889997827
1284560424713805830
1284478021299310593
1284213188914024453
1284161630100762629
1283815101913608196
1283520219651203074
1283511053524119553
1283494838449713154
1283460701533753346
1283438065831354368
1283412395910729731
1283190429417185281
1283110540995375104
1283055731412013056
1283031729469566978
1282816336100495361
1282717520072527872
1282665386614366208
1282314184533803009
1282072676970958855
1281398032723054592
1281360110321885185
1281359760965734401
1281348111298961408
1281316053684027393
1280994654067007491
1280976910667874305
1280964622288326656
1280899509804052481
1280598609159958531
1280598474375995392
1280597753198977029
1280597468447756289
1280569552607248385
1280515892334518273
1280256268771430405
1280225556529905665
1280207711448301568
1279920291221774336
1279788327793803264
1279774562641641473
1279429045118255107
1279194281270484997
1279085688005279744
1278695091843014656
1278416573439623169
1278106938203688961
1278053844069617667
1278014082705129477
1277988941275246594
1277983723099693057
1277683571101257729
1277635152777285634
1277608265749270529
1277234655620562945
1276887926547214343
1276883759808131081
1276494053836644354
1276306758881947649
1276226096577593344
1276199575154495489
1276159356917161987
1275902599829561344
1275884168602320897
1275851444160212994
1275851291340804098
1275811491917291522
1275569769329168387
1275532513369362433
1275463131402297344
1275168884203585536
1275141590806388737
1275138158485819393
1274738485249925120
1274711836739407873
1274387136293281793
1274031022988984320
1273644703498620930
1273634219995140096
1273609346992218112
1272979382550835202
1272928523792064512
1272596884247453697
1272521737012379656
1272244888726364160
1272203276163915777
1272173965167992838
1271842521702895616
1271454971855278083
1271178886190190598
1270817717835235334
1270770520129224704
1270462537369296900
1270447294694010885
1270431844601921536
1270394990846513155
1270084344552587266
1270048279141769216
1269631391463063554
1269293435795668993
1269293318590136321
1268970292652711936
1268938160593125379
1268646198040297474
1268636206344155136
1268566889174835201
1268559767129198594
1268270364410417155
1268219591215517697
1267907196723040257
1267881133318066177
1267609265012903936
1267534264872194058
1267467778065391616
1267105634715152392
1266804761527037953
1266476645168414720
1266372869027594242
1266185745506734080
1266121990060023809
1266010168803893249
1265797668309209089
1265718895555620864
1265711414834081794
1265694225880006656
1265679168278351874
1265664855928954880
1265640367208173568
1265394301334425603
1265280965032714240
1264888641320607757
1264554326162276354
1263939985557856256
1263826885315887104
1263539484139847681
1263497819463340034
1263470744039763970
1263252261939097601
1263236056490676225
1263118085772529666
1263092022723960832
1262844026060967937
1262812468621070338
1262489560967151616
1262469570176200704
1262403401121439745
1262380098625441792
1262016048271941633
1261705779779973121
1261471766238674950
1261394391849226245
1261382183652069382
1261310826083991554
1261049213888192514
1260976667373244418
1260942195625988100
1260770002552176643
1260770001369300994
1260668621090631681
1260647345835790336
1260647343457628161
1260630005228482562
1260608024877641728
1260578251124215814
1260275489064837127
1259977966949466112
1259863271483551753
1259481274709934082
1259145084525850625
1258885298324410368
1258803833171574785
1258758884673622016
1258742152223473664
1258517848017625088
1258495316283834370
1258469300593180672
1258428715479863299
1258423039915626496
1258410301420077062
1258193318879649792
1258114936343060484
1258024777664561155
1257860331403120641
1257766561655422984
1257720643472240642
1257437239644217344
1257391979098505222
1257367449298702340
1257310539362865157
1256949570766016515
1256345667880005644
1256231583541067779
1255952513863487488
1255898435590459395
1255874146808061956
1255545965668438016
1255541128490881029
1255495038622208002
1255202151095242754
1255197741086638081
1255131104417394688
1254804799629000707
1254432432935370752
1254188528562470915
1253735045493411840
1253676359878094849
1253488566640021507
1253398866432593920
1253343323575717888
1253041816427016196
1253013132785725442
1252928740637782017
1252705997174591488
1252645100288647168
1252616926993448965
1252583471282892801
1252344687123283970
1252278464742412288
1252247505456304128
1252032827132203013
1251937446792777729
1251936750546673665
1251875639466090496
1251533391624835075
1251228909741453313
1250883003506712597
1250809714142830593
1250800316884320258
1250772236891496449
1250500537398722563
1250499699439661056
1250474837954486276
1250418966687858688
1250115681095426049
1250083012676595713
1250077332515233794
1250067582473908226
1249746161755357186
1249725940537659392
1249321855384764416
1249126239203405827
1248804030169714696
1248662345645203461
1248651786191278082
1248615492081709057
1248364079653281794
1248291833563828224
1248265075611312128
1247964296111407105
1247964294857330690
1247943991812857858
1247907691672018944
1247885792036311045
1247609555749670913
1247582816491225088
1247553665986166784
1247228845805252608
1247195557568876549
1246802192574619649
1246167569863774211
1246163788224704512
1246129688793276424
1246092241527078912
1245787474049273860
1245779536966561792
1245711148760080384
1245509809736163328
1245396619199217668
1245340298605203456
1245048683407736834
1245047451251245058
1245004364554612736
1244987059019878402
1244724898293039116
1244662734937116672
1244649154107719684
1244617374357217282
1244259754819624963
1244022366562369537
1243917630827872257
1243657110015168512
1243600053509464064
1243573668715905026
1243551583687893004
1243315244165890053
1243268576691306496
1243198160920592396
1243194484214685697
1243141809427054593
1242883247945723915
1242874912290869248
1242579869898342405
1242538517961617415
1242490806117818368
1242487770637090818
1242468887167459329
1242210247747436544
1242166308751519746
1242100529834139662
1242085486455394304
1242072902578692098
1242014426489925632
1241913909260570626
1241913908245520384
1241913907238879232
1241785898431283200
1241489232977432576
1241470538524000258
1241372553916100610
1241057859166711817
1241052879710040067
1241052039108493319
1241017088732475392
1241011700414984193
1240671773001121795
1240652729078493189
1240467174239674373
1240375332764561408
1240315326098800643
1240296115339235333
1240080951843196930
1240000328969474049
1239992759953604608
1239940790484455424
1239936015525167105
1239647995056005120
1239633830878814209
1239598182675419137
1239592554468978688
1239548932658790401
1239389760977764353
1239203613270048774
1238864105311797249
1238616766131175424
1238565211239571457
1238483303302410241
1238419491329015808
1238202890247905285
1238182388208975880
1238175819408777216
1238174768286830598
1238128861453283328
1237912295784828928
1237912291254861824
1237854647362019328
1237843869460357122
1237838197335437312
1237818124352831490
1237756851175010304
1237511910704041985
1237481281971257345
1237450638335848448
1237438566151737344
1237418197491556352
1237389636151869440
1237174630823100421
1237041547058741249
1237020181358149632
1236653592897105920
1236367592329293824
1236287312469929984
1235961680699502593
1235949952280510464
1235939530387197952
1235759875340320768
1235653391474470914
1235590163285319680
1235335739845611520
1235324145262645252
1235260009342275588
1234972974274400256
1234953907979333634
1234933399091105792
1234904646667395079
1234870673857753089
1234870227810357251
1234843265444327424
1234566940758290438
1234493127567773698
1234477629182484480
1234139933276852224
1234119675077963778
1233817747257249792
1233483719522033667
1233450720092938245
1233450719019249665
1233154166689759232
1233108525817245696
1233087037605056516
1232798441677479939
1232742801860911104
1232733416963133440
1232691448333688835
1232672745663668224
1232444969362714625
1232370534148706306
1232364079341113345
1232340672306388992
1231992281399463936
1231588289028775937
1231273556111060992
1230960863412133893
1230890003703717891
1230610191307157504
1230600954677907456
1230229938495795200
1230203090911014912
1229841064191758337
1229790082271531010
1229776205836144640
1229416737080324096
1229060031519305728
1229058942858383360
1228791043946053633
1228417362333925382
1228081324092743691
1228081224335478786
1227737480931282944
1227718350962405377
1227706266123931648
1227687454729211905
1227632624044322816
1227608558327472129
1227385141850497024
1227341318562643968
1227319614276882433
1227314768152866816
1227242378492137472
1226998035441442817
1226900754562211842
1226522783175278593
1225924200940089346
1225788815463325696
1225510836556484611
1225482783264473095
1225459854438957057
1225194407034597378
1225182882123210754
1225126851615522820
1224913171623960576
1224846369489330177
1224804043383607296
1224802667731603456
1224761497064296449
1224449125137047561
1224358781754249217
1223980854915076097
1223716072462995457
