1286054100036210689
1286019820681601026
1285998638544584705
1285995375430696961
1285947690791186434
1285699056019406850
1285691066751082504
1285684047419670538
1285354965628788736
1285253531495206912
1285234240062402560
1284773390340038658
1284286306047217671
1284271824910585857
1284238390473510918
1284238258633879553
1284214378951319553
1283940922020057088
1283887221989408771
1283861606758260755
1283752603218849794
1283576543139237889
1283576403422830593
1283576104922603520
1283181063272103942
1283107958214332416
1282809693413486593
1282789151709048835
1282756413471760386
1281718263697879040
1281714763224043524
1281387248064356352
1281353262906695686
1281339750251663360
1281338109230288898
1280999763215818753
1280951605483929600
1280943291442302977
1280905427304284160
1280639698352967680
1280622891676192770
1280576743603085312
1280247474830151680
1280237783488114688
1279452653215518720
1279133890536443906
1279130935217262593
1279099980553302016
1278838159938334722
1278823927435968513
1278757563304198144
1278701764519366659
1278468253891903491
1278412992506363905
1278349970240933888
1278149838887141376
1277740108112957442
1277734746823548935
1277697068614799363
1277648831383994369
1276652702685171717
1276594049143705604
1276271402384084993
1276253449257181200
1276233370519965699
1276198342813462529
1275912365020717056
1275890432048803845
1275871341254717441
1275836293054947330
1275804598230450181
1275799529900687360
1275793724115759107
1275577270091071488
1275546941779251206
1275515039676616704
1275509561345130499
1275509466826510336
1275170121888169992
1275149178772086788
1274790664128118787
1274784117842993156
1274071270028705792
1273752315778957312
1273751643654422541
1273751229101981696
1273748474761224194
1273741996511952899
1273708032153829381
1273320223832190976
1273308261400424449
1273014755373047808
1272988023597268992
1272963983478325251
1272656673858031616
1272644587102887939
1272216879474622464
1272208175735988224
1271904325913186304
1271585307767570432
1271583440811495426
1271241792571281414
1271166924114845698
1271148806478934016
1271147569125736450
1270874749426708480
1270849107658248199
1270810400188174344
1270773375653351424
1270768664338468866
1270489101897289729
1270480863793381383
1270459106298597382
1270413919211798529
1270110841522839554
1269336319727226882
1269032360923758593
1269019037507497984
1269012089663893506
1268983220151947265
1268647164273713159
1268633404586758145
1268601708483088384
1268372191986487297
1268333830202634240
1268326005342703617
1267990288942927874
1267955530145959937
1267882346855845889
1267650472179052544
1267551414995374080
1266945747683065856
1266810250847494144
1266514728593035270
1266505497185783808
1266461673797365761
1266435576934400000
1266057216358060032
1265704635471409153
1265671823620026375
1265434696600760321
1265303115651309568
1264661112101928966
1264608678193356801
1263970321863933952
1263937028409917446
1263877980172017665
1263526081518329865
1263197589874319360
1263184221688004610
1262894430379552771
1262886419787386881
1262886117612949504
1262839923129933824
1262810605683179528
1262539527249367041
1262476457676283906
1262452369629097985
1262076580429533184
1261502024937607168
1261464649419100162
1261459381125873665
1261114663166607360
1261106203884761094
1261095353807486980
1260994190021976069
1260992009529102337
1260991228495175680
1260669424601792517
1260647688430743552
1260603230217699332
1260329586941927426
1260315168204115970
1260296311871602688
1260259593105608705
1259981328319201281
1259980024448536576
1259932696538681348
1259901562740187136
1259530426533777412
1258907238716125186
1258870182044487681
1258869334530801665
1258830717984935936
1258537013856239617
1258519500154011648
1258485853447479299
1258468473568727042
1258187366482808832
1258153114559041538
1258089598510653445
1257730630256902145
1257709726680387590
1257708713214914562
1257431218255204353
1257389230067781633
1257380578170671111
1256746767988776960
1256694789862457344
1256363937567846400
1256337738665607168
1255951014852808704
1255619855237160960
1255572362424193024
1255271691124695040
1254898847530319872
1254882615028572160
1254866918177210370
1253831640998174720
1253508215003926530
1253433539078414337
1253325543581179904
1253059180983918592
1253024139134275597
1252989271360901120
1252737078053482504
1252714426807058434
1252673471085191170
1252652817229254656
1252645558784872449
1252642710659399683
1252622461247664129
1252372414190645258
1252330530181390336
1252255796487954434
1251266348954669057
1251254642094346241
1250861642939863041
1250841426226798593
1250513283372781570
1250508693843697672
1250506568472371203
1250173377903501315
1250150148543569921
1249811710631981058
1249777299941179392
1249775032206835712
1249742618738798592
1249393378086858752
1248744452669288449
1248722868868956160
1248713795700166662
1248694976898310153
1248353287545462786
1248285872056864769
1248028256969936896
1247970586330107905
1247961009249300485
1247651343952744448
1247618494331596801
1247592634010476545
1247583075564912640
1247296877877485570
1247260421071032323
1247217742257717249
1246877877854965761
1246553433446002696
1246182625670291456
1246176016797773824
1246145480234618880
1245806793521074176
1245755062871298049
1245501142416658432
1245467943128924160
1245466260563013633
1245453084102463488
1245435665464143872
1245152287850463238
1245119431891734528
1245074692240744448
1245051676098207748
1244788623041597442
1244758177935241217
1244748806241075201
1244676105447112705
1244638759204913152
1244289560240164874
1243953646620024832
1243657600639664133
1243582065427320842
1243237083025747969
1242893899917557760
1242640828444610560
1242568569361182721
1242525972672512008
1242513268427689985
1242496438250221570
1242194995198730240
1242148344882921484
1242095140476456963
1241400239216566275
1241101184150261762
1241086993959976966
1241016282385874944
1240704536894832641
1240702477336371201
1240667885665767430
1240407118748045321
1240375147779022857
1240374117574029312
1240341224936144896
1240037134486179841
1240003787869347840
1239999174101413891
1239978147078176770
1239649811974049794
1239574523013406721
1239562023412871169
1239248901544304643
1239220681826598917
1238857057916387330
1238593065658564608
1238559224017424385
1238535039509573637
1238188058098499586
1237867647162712064
1237851788176273408
1237786639428173825
1237507143273594883
1237502996059000834
1237443271464452096
1237401830189137921
1237399700862570496
1237140429214306305
1237131682928607239
1237095504397381634
1237025354012921857
1236058144507379712
1236019644781166592
1235617591286042626
1235595952448319490
1235581620343758848
1235581548520407045
1235345852736167936
1235331151138623493
1234953438968111104
1234936853171703810
1234906684147077121
1234898495292805120
1234850203909447680
1234614859653877762
1234606422727499777
1234564201789771778
1234509605469859841
1234479241313558530
1233452182827077634
1233167507151839232
1233138979299635208
1233118395501105157
1232859900017094656
1232829737065701376
1232816838599487490
1232815167005745153
1232803723992354820
1232715717033766912
1232443702380859392
1232397848471310337
1231956981075890177
1231956374533410816
1231956331168518147
1230904524686184450
1230664726402752512
1230567532354048000
1230242596733087744
1230147799741849600
1229890740618190849
1229878764617728000
1229837299892019201
1229837298696585216
1229837295261560832
1229837291855765504
1229837288491880454
1229837285002285057
1229837280304680964
1229837276953350144
1229837273614766088
1229837269705641984
1229470490525302786
1229465945942482944
1228427415082414084
1228374720585879552
1228103762545344512
1228102534977540096
1228007870857449473
1227687150386327557
1227673283895623680
1227658407026364416
1227359777958879232
1227319118535233543
1227318400441081857
1227288250072621056
1227274507473297408
1226992986686357510
1226968727071137793
1226899453484896256
1225914729396346880
1225911002505662464
1225882146537189376
1225532483682344960
1225457171204313089
1225215244387192832
1225214783462481920
1225195550557048832
1225173660740345861
1225154084753281026
1225101165655924741
1224909714988982272
1224904511107543041
1224893547670839296
1224893513386557440
1224893238349312006
1224887826568941568
1224844866628145152
1224694587463282688
1224694490503548928
1224453015970574340
1224418293970239488
1223457786312433665
