1286059366853029888
1285277731677261824
1285277730544771073
1285277729584287744
1284490810705293312
1284439786741276672
1283758551064813569
1283758512800239617
1283758403664392195
1283758329337192453
1283531734072594434
1283420188835287040
1283407032545157121
1283386645795020800
1283127081849819141
1281997876894347264
1281229682487308289
1280530870919716865
1280513455448035329
1280513362976215041
1280513354411450377
1280503226924707841
1280473060831662080
1280177277008052224
1280149593011953664
1280138439778799622
1279365814425137152
1279080180238168066
1278737554288848896
1278372381464104962
1277728680610017280
1277727246980206592
1277649701198839808
1277611976622051330
1276232685145534467
1275984753754361860
1275483752257462273
1275111721229787139
1275110635634864128
1274688867283750913
1274666206717530118
1274070615473995777
1273994597799264256
1273993663064858624
1273671787071627265
1273658683361234945
1273327278651592705
1273316848440836099
1273296062044831746
1273263684610072576
1273263683523805185
1273259727632375809
1273225364588855298
1272959306070216705
1272562108203511809
1272167768079679493
1271095661929345027
1270772001234395147
1270470783429681155
1270407977380524035
1269353070091292674
1268976838182948865
1268912074492727298
1268660302947762176
1268565392835989506
1268563180537733121
1268523935303434241
1268178308476387335
1268131270044921856
1267880650943717376
1267880512695263233
1267519013468463105
1267504760271392769
1267481795777437702
1267473487955931138
1267473433228652544
1267085609555955712
1267085608276635648
1267079155465805824
1266074383166115840
1266041718249590785
1266008551006314500
1265762803132108807
1265732024314277890
1265685091914788865
1264941544592887809
1264880944357478400
1264865501085401089
1263890598542614532
1263848504172167173
1263537163800588289
1263155794398318593
1263147967323738113
1263127174900518913
1263124478361468928
1261411441589907459
1261382241327800321
1261302445101244416
1260585054159372293
1260348341935837184
1260276660701716482
1260238265178902536
1260220610015367168
1260219833905377280
1260219749348380673
1260219727571550215
1260212794005356545
1260191773621719040
1259911292749524993
1259874948836982790
1259864831617835011
1259533087605694469
1259479443304845313
1258855337496641536
1258774951320006656
1258521893511913472
1258389396245676035
1258081908812111872
1258046696308834304
1257781399999983618
1257375173457608705
1257328904014049284
1257079536337981446
1256279675128733696
1256252745515970561
1256252287518900230
1256244818310766600
1255920798407278592
1255852251089960961
1255551638904938496
1255485863028559873
1255229049116426242
1254838253133406208
1254837065042231296
1254808331375513600
1254790625947344896
1254447033815097345
1253796782422843393
1253768296526209027
1253448269067423744
1253394610191323138
1253387199514587147
1253332596748021763
1252743387322757122
1252661455889063938
1252591239674855425
1252574174431887361
1252320869961142276
1252311646950866944
1252271017466245125
1252265150926774275
1252257464935997441
1251945785102610432
1251164012785684483
1251149174181003269
1251145954889273344
1251141368208072704
1251134889468067845
1251134771322933248
1251134684282728448
1251133178137530371
1250918856887058435
1250801176813199360
1250800097052569601
1250793725481140226
1250793715431624707
1250793529787457536
1250793009249243141
1250792954769309697
1250792878558904323
1250760017776644097
1250521512957947906
1250480793618710528
1250412392330203136
1250409835373395970
1250406713699770368
1250383927447031809
1250109848043302913
1250088772512907268
1249820264579452930
1249815478765305858
1249812767277813761
1249781939885805568
1249759179440611328
1249756291154796544
1249742190097707010
1249742187308494851
1249742184691179522
1249712785283518470
1249699795750584320
1249685852747333632
1249366010060251142
1249291169613393921
1248647538904895489
1248287136899575808
1248283851669061632
1248257924666966016
1248255599533592577
1248254209713156097
1248238612803735553
1248233630964625408
1247983732784599044
1247966735266914305
1247872124817203202
1247861750957068293
1247611466464854021
1247581930989793283
1247568163606343680
1247568162062831617
1247247897697169408
1247231135849078790
1247231099824152578
1246121206186741761
1246101318189690886
1246037237936066562
1245816745274851331
1245812109742616580
1245778321125883904
1245713865482080256
1245378287607713792
1245352098365083650
1244756858298040322
1244738420687151104
1244668570023362561
1243594226602033158
1243562876515876876
1243548609666310149
1243178839825698819
1243165749360893952
1242958510159249409
1242936194843004933
1242877060302934016
1242818941912834050
1242439153540837376
1242425192321818624
1242425113275924485
1242425050244022272
1241735059331317761
1241041771288764417
1240773436772954119
1240770856269348864
1240645147932659712
1240415085069246468
1240369604020580353
1240369595321630720
1240369587419480070
1240369557061218309
1239662846688010241
1239657108636930048
1239613368903876608
1239610620468658177
1239610591590920193
1239602899950460929
1239323920618213384
1239212224331362305
1239212215649124354
1239211895669784578
1238800442882174976
1238177241307152386
1238176450399875072
1238176354761400320
1238166480027516931
1237828010138636290
1237815346310119425
1237792624733499392
1237792610082832384
1237792569695842312
1237776867937132547
1237747809765470212
1237729800225251329
1237729767090262019
1237452685059796999
1237421458474897416
1237413193665908745
1237401654762385409
1237385138939494400
1237373754709344256
1236642260869054464
1236001761221058562
1235995779040493568
1235984895710818309
1235975778921263104
1235872574396981248
1235860753418084352
1235686119108419585
1235557529108783104
1235321354477613063
1235310276465086464
1235310264058368000
1235303187508277255
1235255155957911554
1235254944212701185
1235254897492230150
1234969301851025413
1234962542398754816
1234908796503437318
1234902156425277449
1234876222703915010
1234855367353524227
1234855361544359937
1234843513826705409
1234645820357644289
1233551791939301381
1233086431310024704
1233048347671482368
1233039320866598912
1232733471287672834
1232722645411680257
1232708919509815296
1232697346657603585
1232696190816411649
1232329595480952832
1232329560571686917
1232035169709760512
1231978378720370688
1231972709527179266
1231359827386957825
1231023070992912385
1230856913723822083
1230214448448778240
1230172202647113731
1229414632059809792
1228442083763118082
1228389884345376769
1228013669914681345
1227629129052409857
1227367110294286336
1227336072448921609
1227293842166231042
1226986604776116226
1226923630673698817
1225829822133391360
1225506566583050245
1225442673898725378
1225184486616436736
1225173044299169793
1225144396355686401
1225110314078916613
1224910812416028673
1224880668657758210
1224835586034491392
1224812636199641090
1224776414442016769
