1286060821316096001
1286032040366870531
1286012537855774720
1285593503452602371
1285593339748921345
1285362661220376576
1285270319339642881
1284556771974098944
1284517542162321409
1284220047574077442
1284200292561690628
1284188451244519424
1283884116765749248
1283854448209670150
1283492689862963202
1283099447354970115
1283099446558035968
1283061782114959362
1282745413271986180
1282365598631178246
1282365596890521608
1281656054846238720
1281339847173705731
1281318945333678081
1281267210556706816
1280939511288037382
1280582578429444096
1280572612553383937
1280339181022167040
1280191927120510981
1279861728843575297
1279854221010112513
1279854220418703362
1279414667706691584
1279097576344694795
1278735189405872128
1278402998763307010
1278349918080557056
1278349916813832193
1277998899500892160
1277705412326891524
1277693883728748545
1276594036481064966
1276559109538676748
1276216261509332995
1275903018647654406
1275534789861347329
1275154858924965891
1275135853631807488
1275133267122040832
1274703625411891200
1274341231825313793
1274012672875474949
1273998268859592705
1273707213090062337
1273360493672005638
1273001133137682432
1272616505847484422
1272588622219395078
1272257502663475200
1272204652780478465
1272151807762956289
1271510190932795392
1271174634130542594
1270812061891690498
1270812060314669056
1270511217061347331
1270438672341622785
1270428103211470855
1270064136949547011
1270062233410830336
1270005145015902208
1269630192193945600
1269278532192079873
1269011028119035905
1268925037844869127
1268610092959744000
1268552398143991812
1268210765468745728
1267833233124794369
1267552164903256069
1266801029590519810
1266785838467293185
1266433164945305601
1266404885618196480
1266153265932259330
1266061188460417026
1266061187235680256
1265755849282195457
1265755848414048258
1265711473910743042
1265648104465928197
1265375806961913857
1265336155622518785
1265286039830179840
1265284576701747200
1264919150025216002
1263967576289402882
1263865947980431363
1263865946684489728
1263584706206904320
1263554228250869761
1263541697084096512
1263541436798115841
1263146277363220482
1262840678972882949
1262477310755770371
1262434348915208192
1262417874163052545
1261657660753149954
1261393415511539712
1261340566517886976
1261326765215158276
1261292652152193025
1261030255122362374
1260937746652200960
1260644235088293889
1260613970106421249
1260613784953110532
1260296667670159365
1260290321998647296
1260200238528303105
1260199187830001664
1259933381644746755
1259914783651962881
1259913653622636553
1259903374847328256
1259511160006676482
1258836498121621505
1258763873366278145
1258749632810754049
1258464425121628163
1258447940609343488
1258065872301838347
1258043010731958273
1257674657043492867
1257425735423270918
1257356507659874304
1256288048951832579
1256228699818676234
1256226227540590594
1255932576193282048
1255932100911550464
1255561499008958469
1255227909847080960
1255227674668253186
1255217664605257728
1255149310200606720
1254919532931670016
1254851104824864776
1254778439816450050
1254520326794416129
1254445368470908929
1253821414471319552
1253700861903155200
1253449152735969287
1253449150823305216
1253404457473323008
1253317903061049344
1253317764481245184
1252985944782888964
1252960833484849152
1252714177912885250
1252650458264543234
1252643257605120000
1252636130941566985
1252316513849270274
1252257511601823744
1251197335750750218
1250870339732676609
1250819036159623168
1250523477142011910
1250465566541975552
1250429077451751430
1250145411001614336
1250089987690938369
1250073342536830982
1250072372562059275
1249790876722880512
1249764966728687616
1249734726329479168
1249321371974471683
1248692047726460928
1248640847224193027
1248340096996311041
1248312109286514695
1248001054874185730
1247922822606970883
1247663512400379904
1247608514081685505
1247551442321358848
1247545221388423169
1247174389772234755
1247158964074225665
1246822078331924481
1246193199095451653
1246136981891043330
1246134242041565185
1246107452074049537
1245907661150990336
1245907518460755968
1245811935544848385
1245723131429486594
1245503993440329735
1245425813211750402
1245342794111221760
1245055799908597763
1245035922049073152
1244681927023624194
1244663363910742016
1244632325415153666
1244465467227607040
1243645876054175745
1243601047173705729
1243601045852479488
1243537079788875776
1243224251647303680
1242835618964570113
1242528821590536192
1242515670153285638
1242514625071124482
1242489317727051776
1242280525370441728
1242146405067689986
1242139426584760323
1241410149799133185
1241096450412613639
1241032569723990019
1241008779778457601
1240750296541868034
1240684402222473217
1240448304766496768
1240359173642244097
1240281731455991810
1239972098367295490
1239912932554743809
1239656890780602372
1239627734172798978
1239627086341509127
1239626653158060032
1239570362666491904
1239569694035714054
1239556960267243521
1238812120638201857
1238687250470318080
1238558391724920841
1238546989429784578
1238458079764766721
1238179994360258560
1238171393658937345
1237739942987599872
1237488549949255681
1237462294067585025
1237395374857306112
1237090599972605952
1236667998422872065
1236448849046245377
1236305072964931584
1235978301279277068
1235943238650994692
1235597230519840768
1235321085781999626
1235305001624489986
1235246646868533249
1235218506628636672
1234960047219892227
1234863779013431297
1234863734167916544
1234582214303576064
1234495301299384328
1233453033260027905
1233118276563218434
1233071810742308864
1232744361869312007
1232696646225596416
1232674494357090304
1232417807939383296
1232357779974823936
1232023316506009600
1231961480792346627
1231296674728902661
1230899479814995968
1230250707263086592
1230215792903491588
1230195555239899137
1230165536476205056
1229405138047074306
1228393469699403783
1228347036409499649
1228347035138625537
1228337571983450113
1228328006025912320
1228073889978294272
1228063489077497856
1228048908531765248
1228037882046304259
1227669807463616512
1227617065047068672
1227303869014855686
1227295889955459072
1226958634405502978
1226889466167676931
1225886955398762496
1225864352873484288
1225840777319809025
1225515503441063941
1225494439407341568
1225470638837682176
1225435733298679809
1225174068707627008
1225171161497194502
1225139240192835596
1225108586025582593
1225107767742124032
1225076309908447232
1225055487642820610
1224904468757655554
1224896527791022081
1224894085925871616
1224893009269051393
1224890260582273024
1224889816493457410
1224889486435332096
1224886016814743554
1224881145638281217
1224878664178900993
1224838297068933120
1224731595833298949
1224723710843682816
1224358195688345602
1224059914961727489
