1285690687850250241
1285589072141058048
1285580732564492292
1285229476628987904
1283428954687315975
1282019219983470593
1282019219140419584
1282019218125357058
1281284976177221632
1281283461521772546
1281280265197887489
1281279910376607744
1281246400051847169
1281243868395077634
1281243561552470016
1281242502582976512
1281241224280768512
1281241223601274880
1281241222934380544
1281241222326243331
1280930333232377856
1280924908822974469
1280924358928719879
1280911752037838851
1280886245527257090
1280538697927139328
1280182392209235969
1280182372932227073
1280182169600737285
1280181782650982409
1280179711751192577
1280174968916107265
1280174463879974913
1280154293656522752
1279420030933970944
1277741043329437697
1277741042465476608
1277741040590557185
1277741038908604416
1277741037889507330
1277698796789661696
1277642641916792839
1277591584410918912
1277589828515901444
1277589266705584128
1276538642979225600
1276265121745186822
1276265117555048449
1276219066362068996
1276183911010381825
1276172354377449474
1276129371942780930
1275819057380577280
1275819056302522369
1275819055342129155
1275819054251548674
1275795678267047937
1275776466912006145
1275776354974420995
1275776307197087745
1275542926815264778
1275507954062671872
1275497545368813568
1275495819215544321
1275480224243859456
1275453806239551490
1275255012780912640
1275255010520113152
1274022238447177732
1273981308272771075
1273962239293296652
1273960980683403264
1272880983440871426
1272879970025701377
1272879585131143169
1272878655723769858
1272853427563884544
1272606965651386369
1272567334067200001
1272563684817190912
1272563684104179712
1272563683277901824
1272563682569064450
1272563681751117825
1272558264836853762
1272557935638589440
1272557203694727168
1272217630779363329
1272027988389851136
1271528156479082497
1271527811237531648
1271468450192461824
1271468427585171458
1271467153720512518
1271427467874533377
1271074523736084480
1270798344345059330
1270739917757386758
1270738521460965378
1270473258765352964
1270431037227708426
1270431035516485637
1270406317660913666
1270405232636370946
1270395065995792385
1270394902678056960
1270393923073191938
1270391616818294784
1270365510761414657
1270365489617920000
1270363122424057858
1270362683079036929
1270002235968229377
1269240858425143297
1268972967117172736
1268930982855532544
1268897295141142528
1268897238295642130
1268565487014817792
1268553950787186694
1268553928557428739
1268350847370526722
1268350844799500294
1268350843541225478
1268350841775366150
1268350837807624193
1268350831998504960
1268350830920568832
1268350829934845953
1268350827959406593
1268345865271422978
1268319963154132995
1268243923601895426
1268202849021853702
1268201447407136768
1267980208453357568
1267936949249232901
1267848894085509120
1266371081746526209
1266369995686043649
1266357872000188417
1266320115664130049
1266095144522125312
1266087047225376769
1266082534284296195
1266079799891628034
1266078997219364866
1266076300244144137
1266075962090967041
1266021704549236736
1266018938095353858
1266016171901534208
1266012174671118341
1266010556210786305
1265815757323149312
1265775625421426690
1265775214543208449
1265738317037015042
1265734973056745473
1265730828203687936
1265725682937663491
1265725679074770945
1265688936149651459
1265678661295972354
1265672266337128448
1265667238222352390
1265650307079516161
1265648519156809730
1265643990008901634
1265643147276816385
1265630941290082304
1265630615027830791
1265624151613718529
1265624077441564674
1265406583166599171
1265406582202007553
1265406581195374593
1265406580041945091
1265406579119194112
1265406578133479425
1265406577273602049
1265406575927349250
1265406575054856198
1265406572374700034
1265333238475689985
1264921333504319489
1263867319228469249
1263627509087821831
1263572323560566784
1263450939589046272
1263195128593817600
1263194338542211080
1263194337661333504
1263186915773292550
1263073948134227969
1262909827493384193
1262858862014709760
1262796970441281536
1262763859514781702
1262735864574152704
1262492769899053057
1262457719996526592
1262457718851481604
1262457717215711232
1262457715898580992
1261438675759632385
1261367789694181377
1261354202032472065
1261325502180098054
1261325501316169735
1261325500473057280
1261325499541983238
1261325498745004034
1261325497956544514
1261325496903708672
1261325495729303554
1261325494701735938
1261325493720268802
1261325492889759745
1261325492084449286
1261325491249823746
1261325490272509952
1261325488422825984
1261060979342835714
1261025857889591296
1260957720137609218
1260957719227400193
1260957718325706753
1260957717344198662
1260957712936062978
1260935442142281728
1260617580441722881
1260613830838812673
1260609279419125760
1260609278408380417
1260591911246737413
1260562606961635330
1260281476140142593
1260266871036805122
1260254103650938884
1260245290369650688
1260234234180091904
1260212511472865280
1260212510231314438
1260212508817862659
1260025507317379072
1259494710806183939
1258884888666701825
1258877484378005504
1258877483337859072
1258877482108928000
1258819096604442626
1258763095637479426
1258761940190597122
1258757210223644672
1258756192509349889
1258753317632651264
1258549428211736576
1258503517842616326
1258487858492510212
1258159571828264961
1258152880361660417
1258082058959818754
1258074057171505154
1258040057920991232
1258039982599680003
1258038970413461506
1258038969125740546
1258038967880093697
1258038966588243968
1258038965367640064
1258025558425960448
1258020399813623808
1257792902417301506
1257730526196228096
1257397020492472323
1257392210867355652
1257392210007470085
1257392209231581187
1257392208350765056
1257392207486758913
1257392206735970312
1257382984908488704
1257381312631050242
1257367479002726406
1257356872778231808
1257355932071333890
1257332137809907721
1256971543399354368
1256971492912435200
1256249576740270080
1256249330249478144
1255938343067693056
1255938332401512449
1255873516815159296
1255534304710389760
1255534241393397761
1255149431659171840
1255120309809811475
1254843034094702593
1253837971838681098
1253810384286466049
1253809771217596424
1253780936874954753
1253759247596257283
1253713692778270724
1253687194587467776
1253672188802142209
1253506400841580545
1253503852646748162
1253503344297082881
1253502570594799616
1253470431027367936
1253400260283686912
1253400258975076355
1253400257884545025
1253400256944930816
1253377993633927168
1253368962819162120
1252959736523259904
1252958999307259906
1252739924207587328
1252691297338642432
1252691295283412994
1252636637709979648
1252626853153603584
1252602348519776256
1252599598063013889
1252598862193348610
1252386635083214852
1252369911566888960
1252294034028183558
1252273447075528704
1252265617241116672
1251968856630984716
1251169125545775104
1251142980884406272
1251142847350345730
1250877270593503234
1250859647134838786
1250754400345362434
1250753897939042305
1250729643503730689
1250480022730743808
1250435870613618694
1250219969989787649
1250119047066333185
1250106546668761088
1250098076255207429
1250071544426102789
1250067753337262080
1250066493716541441
1250053901107245057
1249761262445223937
1249758441071140864
1249757523797819396
1249756652980625410
1249739545060524032
1249721651819941890
1249702998772715520
1249695306595303430
1249695296424153088
1249694451204849671
1249693186202775553
1249692778700910594
1249348004018036737
1249137264128593920
1248710775457415168
1248691026094686213
1248691016070201345
1248612521210032136
1248370994202292224
1248367770871443458
1248367757126762496
1248315351395434496
1248315345796030464
1248315344655134720
1248315340741894144
1248315339798085637
1248246872218587136
1247978508766380032
1247977869529288704
1247971208265678856
1247960656977903616
1247954169786482690
1247930620812156928
1247913132846190592
1247597156950773760
1247533262865498112
1247532596000514048
1247235608197640194
1247202118227935239
1247200202961956864
1247199802447802368
1246499705846185987
1246431904318083072
1246430837933039616
1246191828417810432
1246108915290517506
1246105204723986435
1246102713743654915
1246099217204088833
1246098577576820742
1246086234037985287
1246086232951664641
1246086231999553538
1246086229852147714
1246066070160584704
1245826911663685637
1245758397099712519
1245757689902313472
1245347093314777089
1245346845926330368
1245344655203602435
1245342009646370816
1245341741089206274
1245333322802307074
1245321556395536384
1245051398523420673
1245049231896981505
1245037146483851264
1245007269181435906
1245003961397948416
1244976264349454336
1244638464362020865
1244636660853346306
1244612115786334210
1244283861707771905
1244011033238306817
1243596516666769413
1243596515232354304
1243596514141917186
1243596512791232514
1243596510966747137
1243593969742819336
1242950896029511680
1242920976003870726
1242909294674227201
1242883403432833024
1242874032615231493
1242870949285965824
1242860183761702917
1242859058018889730
1242802455525670914
1242598860565942272
1242590970107084800
1242589021886390273
1242558943458668552
1242557277900615680
1242542480089853953
1242493499154587648
1242493497820749824
1242493496042405888
1242493494473699334
1242493493244813312
1242486213291933696
1242484555535323136
1242448246473142279
1242448245139410944
1242448243793039363
1242434301129560070
1242236368757161985
1242189883420147716
1242180743301914625
1242174789567098880
1242167250272034819
1242167249282228224
1242167247977709569
1242167246916550656
1242082562169856002
1242082452346150933
1242077366786064384
1241182816190238720
1241172979561762818
1241113583490150400
1241112709145546764
1241083856305954828
1241081749125451776
1241081213181444104
1241080759647076352
1241080050474237959
1241080049362784258
1241071330797277187
1241069431104638986
1241049167809691648
1241045910538399746
1241045108168036354
1241045106884567040
1241045105383018498
1241042204069634048
1241035292422873088
1241033509508177928
1240746439095058432
1240680566275682305
1240670711586476044
1240432127264645122
1240426268417576960
1240305446394748928
1240305311682093057
1240087384852705282
1240087383938420737
1240087382847873026
1240087381941850112
1240087381103054849
1240087380247404544
1240035163695992832
1240001737752285186
1240001260583096320
1239948750422003712
1239926222701895680
1239919256088858626
1239652656500670465
1239652655510818817
1239641372820484096
1239641371016859648
1239638600637169669
1239636881819779073
1239632192516624388
1239621457531023360
1239619911393185792
1239618705727918082
1239618703265861633
1239618701906886656
1239615924233256961
1239598686109302788
1239598685320773636
1239593115444547584
1239588210826674182
1239578209357910021
1239577705009602566
1239534412452241413
1238691363358638080
1238691362553430016
1238691361685213185
1238691360057802753
1238691359114047488
1238691358308814848
1238691357465722881
1238691356421378048
1238691355108442112
1238691354089345024
1238691351832690688
1238589504493105154
1238523299690356736
1238510884353384449
1238505821740453889
1238504824397799434
1238479287134625793
1238120500989132801
1237859172240117761
1237854946738880513
1237854945333751810
1237854943857410055
1237854942720741378
1237854941126856705
1237787015359463429
1237785661438115840
1237766990745546753
1237765296179609604
1237494029279023106
1237427553616494593
1237392366274633728
1237392365087649793
1237392363896500227
1237367270999015424
1237365894311018496
1237015137200091141
1236998896829808640
1236994901897863168
1235987763578757121
1235948932838174723
1235946865184649217
1235928914578542594
1235656091817701381
1235640780938792960
1235602640139980801
1235599704806830080
1235599704106430464
1235342455777746949
1235332374218649601
1235242243209994240
1235217709635338243
1234974326379569153
1234956233616117760
1234950139095191557
1234948770389012481
1234899752401211392
1234896872940195842
1234854807858565122
1234854787675557889
1234847699960242178
1234576416081141760
1234555059972837378
1234552813885235200
1234547284324560896
1234545799683563528
1234492416780046339
1234481953040162818
1234470895365869568
1233781941121552384
1233723593114046464
1233537279735586817
1233523932755570688
1233514848287412226
1233478164158046213
1233447177906802688
1233445105174032387
1233196560374206470
1233149012217339904
1233135965746737154
1233111846888116224
1233057153839239170
1232824298756284416
1232820812010397697
1232820810341068802
1232793053640962050
1232786198248271872
1232778898443771904
1232748061992112131
1232716631522136064
1232713887172243456
1232707137979256832
1232697493709819905
1232373091206148097
1232372697700671488
1232341209382871040
1232331263454912513
1232329080378462210
1232319105228668929
1232318810809655296
1232318164735709185
1232060096223510533
1232048412641591308
1232042290920722439
1232038297419079681
1232025971504664576
1232025970560946176
1232025969743073280
1232013034027147266
1232010114229514241
1231998958047842317
1231964929344843781
1230952143370231808
1230268543511474176
1230221464231649281
1230215410961833993
1230155213413240832
1230141820434292739
1230133729613537282
1229912180063117313
1229911327667376130
1229885321346715648
1229885320348475393
1229885319107006464
1229885317999665152
1229865868831621126
1229862046499471363
1229860633551736832
1229859937846775810
1229845006296453121
1229837501231173632
1229837500186791936
1229835572086222852
1229835570366558209
1229829686387204101
1229820324151209984
1229806284314152961
1229806283584417793
1229806282250604545
1229806281428537344
1229806280623230976
1229806279809523714
1229763544352161793
1228323125349232640
1228323124338462721
1228323123377909761
1228323122304180224
1228323121117171714
1228323119926042624
1228086916547063810
1228029379034460160
1228014378777268224
1227979591303811072
1227785080824901633
1227720639152345090
1227712869061533698
1227712868226945025
1227712867421630469
1227712866670829571
1227706373842096129
1227657729118003205
1227634763298680832
1227627903371948032
1227624964079149057
1227617202230218753
1227604658975318019
1227362845723111426
1227357481388642305
1227340133969559559
1227257549482840064
1227257012368629762
1227228308573741058
1226944999377580032
1226942480345714689
1226936085361647620
1226894661287104512
1226889163317927936
1225845164645715969
1225833745988702210
1225816980508332034
1225800849282215937
1225791155666923521
1225782084071034880
1225777500522995714
1225760241154973696
1225739095806283776
1225733019253825536
1225512862908665856
1225505780985716739
1225466548833472513
1225429428785815554
1225422722320216070
1225416727347056641
1225410838716133376
1225174341937176579
1225163785511546881
1225155192427032583
1225142300092837888
1225142299304386562
1225131573277753344
1225130640879898625
1225130499057823745
1225123091136774144
1225116840550182912
1225113600240562176
1225112121706471430
1225080654578245634
1224896653313880064
1224895926986248203
1224894425308041217
1224892810157076480
1224891046456430593
1224889433327120384
1224888539730644992
1224882519880892417
1224787399093428227
1224771850921742336
1224734578285432832
1224693964294455302
1224353284384854018
1224328673219809281
