1283049546222837762
1278476089556373504
1278416556507176963
1273702439091396609
1270169511442952192
1266181869231640578
1265804982214889478
1264946025820717057
1264606410228334595
1262085798607966208
1261828497162543104
1261385955778326528
1260678979629002753
1260605321363546113
1259944720308019200
1258830817511510016
1255941476019843074
1255533285117235201
1255130654322372609
1254751451873673218
1254155517989191682
1253312183603212288
1252759489608065024
1252752373866512385
1251641880070291456
1251619760271433732
1250553493187944448
1250209694314086406
1250051793658286081
1249839907872411654
1248768584404340736
1247346332718845958
1246188951792164871
1245382773919100930
1243312237881839616
1242831374974947330
1242180052156125190
1240408584791490567
1224713291399823360
