1286064323782156290
1286014796895334403
1285734643552137217
1285668550145986560
1285571670288338944
1285357581326852096
1285294042486538240
1284573705620914176
1283885197382037505
1283876081863462914
1283826922724655105
1283550397681078273
1283427453424357377
1283220195666952195
1283112256104955905
1283112255190642690
1283112254368550914
1283088714445594626
1283088233992265728
1283027476000768000
1282799589926600704
1282799588877963265
1282798055406948352
1282798054232530946
1282797743212310529
1281342371897188359
1281017322988339201
1281016335963693058
1281015912204771329
1280683379529330689
1280682713700282370
1280575385718185989
1280575228586930178
1280575110945091584
1279400073315655682
1278803585376096264
1278718504561246208
1278390663797551104
1278370513480560640
1278369680286273540
1278058392515461121
1278048601818660866
1277969091601379328
1277718508474904576
1276588307485515777
1276334616115400704
1276329402062835712
1276288407929569280
1276288298600841217
1276288199636156416
1275919436839616519
1275919368036237312
1275858478666600450
1275823070222192641
1275809592325345281
1275809483676168197
1275572284179316742
1275206564991897600
1275205924546924544
1275141651430871041
1274732732136947712
1274076949212737536
1274012643435720705
1273815948349386754
1273727923716046849
1273685592145113089
1273380237292822529
1273379589549686784
1273022108831023106
1273022057006202885
1272908994487738369
1272282969596706818
1271181180969390083
1270083718959505408
1270019310413590531
1269281996779462657
1268666545187807238
1268596345016852480
1268376170837553153
1268262511146565633
1267942680933400578
1267548527619715072
1267548526843699200
1267548525971341314
1267548524998254597
1267548524125868032
1267548523198853121
1267544966420668416
1266471346952962049
1266470428886867968
1266133288902680576
1266114948188516353
1266088288412225539
1266069608332754951
1265812377666293761
1265812197969727488
1265353832797741059
1264915454285492224
1264372484742184961
1263826389993771013
1263601322277904385
1263225606340251648
1263200630019100672
1263148703247892488
1262853811883958272
1262848645323423746
1262833288554692609
1262827155622371331
1262776279385997317
1262525702655692808
1262523578647535617
1262449703137849344
1262135262630547457
1262135074042118144
1261809106920374274
1261764992363356160
1261381159491158022
1261342867122876417
1261333915991781381
1261328968873107457
1261327471917572096
1261311775892480000
1261253269910847492
1261036497265930241
1261036402759946240
1261032084023492608
1259467375772123137
1258431047391490051
1258416339355566081
1258415657726640128
1258409774384910336
1257868410450587648
1257857671891476481
1257844401876996102
1257826915920068610
1257757630166155270
1257052580229910533
1257051729809616900
1257047160979361792
1256777452682174473
1256205117864452096
1255494686963359746
1255323112306102274
1255266089552011264
1255217761581764616
1255214273657257986
1255195998470750209
1255195978812063745
1255195809722793993
1255195757495410693
1255195219060043778
1254551096456032256
1254494469518434306
1254474892898164736
1254135960821993473
1254131011694342145
1253842084261441537
1253840278584246280
1253730923314642944
1253730142511390720
1253353874980823044
1253094239250124811
1253038748826308608
1253019908146954240
1252750390275321861
1252641154824364032
1252640111700959232
1252633980366700547
1252605225774583815
1252257474306019328
1252251913476849665
1252246532654497792
1252240123737096203
1251977835545333761
1251641347620077569
1251638045788471297
1251637308643840003
1251634584485314562
1251287570794917889
1251287215839289346
1251160042964832264
1251159901025366016
1251159831534120960
1250875234351185932
1250521595183009792
1250519125056684033
1250458844217651201
1250246372286226433
1250243756424642563
1250178682871832578
1250147923926622209
1250137445577961474
1250102440218767360
1250096425020596228
1249852944222126087
1249746253476515846
1249746133427130368
1249746065819131910
1249336309392474117
1249037031864483844
1249036231268356097
1249024182698074113
1249024009599102977
1248990851411382272
1248782682630299648
1248709493912977408
1248682360742318080
1248631253756268550
1248631202669572097
1248360071303741441
1248315315030720512
1247543412909203457
1247532623376691200
1247532599695695875
1247332894823112704
1247331997053325314
1247277526214459392
1247194618934018050
1247189995217211392
1247187004913258498
1246853513180860416
1246843999643750401
1246830707227398144
1246549564255080448
1246490391257456640
1245855272288940032
1245419414406782977
1245410519592378369
1245409195760979969
1245004191233388546
1244752536361467905
1244718328373030912
1244718201692356608
1244417322632253441
1244417256374878208
1244396565575409673
1244396492833673216
1244396460747165697
1244396403234942978
1244019212621877248
1243944633551466496
1243944592468250624
1243592380848242689
1243545363472175107
1243545324691619841
1243319500742823936
1243270082484199425
1243239947819200514
1243239829669916673
1242979854657753090
1242931806640508930
1242920200737116169
1242879240435097602
1242866198020317184
1242857965654343683
1242857323883790337
1242857271815745537
1242778843288608771
1242590116947861506
1242556511815163907
1242514304861179904
1242470712926973952
1242470681964617729
1242470602453237760
1242252554874085376
1242237577496875008
1242178936395661312
1242109054673211393
1242108925627060224
1242085571046113282
1241877324406173696
1241827821930139651
1241550372260511747
1241478874053120001
1241399823024238593
1241399779885752320
1241397567570804736
1241397519445180418
1241160932698587142
1241099584593637376
1241099512871112704
1241028237989380098
1241028157798563840
1241027993033740288
1240825993826316288
1240825866562740227
1240825803421736960
1240751055371153410
1240746775285248000
1240746693399842816
1240746561329672199
1240688403017945089
1240688347313360897
1240424390715727873
1240384846389805057
1240354858701664257
1240268963768041474
1240268944210083840
1240059394076934150
1240013497087516674
1239982265121280002
1239588711135875074
1239539887470186498
1239198750100402177
1238208460405293065
1238201332449886211
1237747523550404608
1237103873048838149
1237022796032638977
1235971715483799553
1235627917545271297
1235346878553870340
1235280413309968386
1234959690657824768
1234846939163897856
1234563015045009415
1234550885088464897
1234510780042706946
1233905608249823232
1233139715769085963
1230589935167660032
1230585722115100672
1230585721372729344
1230541489954082818
1230210315754856448
1225783682306318336
1225775710624677890
1225525191016620035
1225500439057240065
1225173844316557313
1225173785181065218
1225095835546943491
1225095732857835528
1225095559440105473
1224416615166550020
