1285299965103935498
1284487843218444289
1283788109575061506
1281601920331849736
1281280345908948993
1280857938626781185
1280150556334489600
1279411941690216454
1278471458264621057
1278402647561768960
1278321572592451584
1278059398066245636
1277719316587253767
1277695067248041987
1277692599399317504
1276603092641947649
1276575923287064582
1276575776553517057
1276575063521865733
1276134112064126978
1275438670611275782
1273991364028530689
1273369401417510913
1273369400658321408
1272969796037066752
1271538280346062852
1271463579829571584
1268190024652206081
1266388533696135178
1266049875411697664
1265005524539658241
1263488071959547905
1262457802049622022
1262457800468373505
1261440972816293888
1261440972048592896
1260593717687222272
1258453609915854850
1258139476225716224
1258025159920947205
1255884314543259649
1255566410929057795
1255490881936818179
1255155899875971073
1254802788871217159
1254768015238991872
1253784335334989825
1253733875324530691
1253695996909047808
1253374782843817984
1253353799458177025
1253060388754722818
1252686221928804357
1252616557949321218
1252284566523518983
1251220632471244800
1251205111495503876
1250851282274967552
1250817765759483905
1250502479302864899
1249321372800684039
1248678734837821441
1248268379192000514
1247210232960503808
1246081007964631041
1245033000301211648
1244789077557248000
1244709851927908356
1243211957072691209
1242451347326357506
1242451346579750912
1242451345917054977
1242451345153630209
1242194743884427265
1241012613175263239
1240730923714347015
1240646706108252161
1240633883772755968
1240440544393822210
1240440543286562822
1240383707875356674
1240322073421111299
1240276158941454343
1238211337496518656
1238150408134107136
1237835872424337413
1237740801880461318
1237430687097065473
1237364700519763968
1237044361919160320
1235965954691133442
1235684112654110723
1235597834025611266
1235329550969647105
1235235781071065089
1234924152999550978
1234924152215277568
1234924151204438016
1234574765031075840
1233113382145974273
1233080603433734145
1233080598408966144
1233080597528051714
1232795915473375232
1232701222483898370
1232700360592154634
1232408884540780544
1231976945069494273
1230918179729367041
1230918170137038848
1230867236283387905
1230614410504392709
1229888288598691841
1227683797354737666
1227663746983759872
1227250422559248384
1225804347830874112
1225429541126053888
1225147080127188992
1225129788978933766
1224779575915315200
