1286017249283801089
1285982537106567168
1285648151685345281
1285315120198045698
1284867888659214343
1284523080833015808
1284145699697958912
1283861977182474242
1283825169132326913
1283493635049299974
1283192045113430020
1283076415366197253
1282760149732597761
1282760148994478081
1282760147878711296
1282760147169935361
1282760145727086592
1282698018391810048
1281601732645183490
1281273272206872577
1281215140524892162
1280968084854059010
1280885363603640325
1280596801444347913
1280501905744105472
1280280869761146881
1280190831580844032
1280165651701805058
1279417363574726656
1278400354632294400
1278336843851972609
1278071966373744649
1277715171843203073
1277692133869264896
1277637309580677122
1277309429038362624
1277258533776568321
1276987346110603267
1276929145193324546
1276636325882494978
1276636236803866626
1276574922597416960
1276344022785818624
1276162982586863620
1275926130965569538
1275843557346213888
1275813072721121280
1275599596807426049
1275418602871623682
1275078558084239362
1274813298047946758
1274713100739055618
1273975802015744000
1273725805168930822
1273616928658128901
1273314372597821443
1272946789751099398
1272887072903364615
1272307536830631936
1272259730032021509
1271461175222579202
1271172222871318528
1271155593978556418
1270852510534828037
1270802651618344960
1270369217452392448
1269332770326810624
1268901127816347648
1268213857568382984
1267817894915657729
1267469888433643523
1266453718590984193
1266001107324731396
1265827651056472065
1265686841325498368
1265396571056807937
1265347127275917312
1264945174733639696
1264229001234694150
1263921130986975232
1263829877645619201
1263528598020993024
1263512032520912897
1263248237881950208
1263121112323547140
1262892685213478919
1262738509498142720
1262517673818193921
1262517568788717578
1262493386264793090
1261686463151968256
1261482845480124416
1261438131561086977
1261315784527282177
1261018069461237760
1260977090335248385
1260939570222452736
1260681308092739588
1260567187808563202
1260279556038168578
1260188285499998209
1259958410625331200
1259857657059586049
1259503273217789952
1258863672245604354
1258773314832646144
1258546794503405568
1258505329937022976
1258441795232505856
1258420523488419847
1258130226221133825
1257785134708916226
1257754018123780107
1257684587884490754
1257405649018916865
1257373838045843457
1257051375336333312
1257016641784856576
1256614859418021889
1256261910774927363
1256227136387629056
1256011899222790147
1255605050522697729
1255513578687299592
1255224082955751429
1255201922946158595
1254889403383676931
1254582593854603264
1254531028129067013
1253811485857456128
1253752595145003013
1253478398598537216
1253344712221745152
1253047577362288642
1253020025859997696
1252749008734388226
1252743536493068295
1252391679539032064
1252356621381988356
1251986953303703552
1251550662736969728
1251175092366827522
1251151382389768197
1251151288944844801
1251151152818733056
1250970836716130304
1250800674864074752
1250429745038118912
1250156417371312131
1250075249015742468
1249756366828376067
1249350846468501505
1248989275988922371
1248710789118283777
1248624632485167105
1248612438913593351
1248355845022330882
1248283746559819777
1248242507105751046
1248011858419666944
1247947233166835717
1247650846822879240
1247621325780332546
1247602303651250180
1247329664449875969
1246880773837389827
1246858546442010624
1246583011119902727
1246557213239492615
1246539113257467906
1246236080141217794
1246227605013041152
1246216532730023942
1246083573456801793
1245775135405158403
1245731825311457285
1245730965508497408
1245450247708516352
1245365477024694272
1245061397295349770
1245051303778279424
1245044484846518272
1244668186802507777
1244652187294339074
1244411677497421824
1244273021910736896
1243963308056678404
1243910050462261256
1243605385078026242
1243359366683570176
1243302800119025667
1242933393115021312
1242918965669748736
1242624853238136832
1242573072412147714
1242480979249442817
1242272107846930432
1242163424668389383
1242144887014854663
1242131400779878400
1242115794638704640
1241891701473624064
1241806753408393217
1241772000206630913
1241770461836578816
1241492385533775872
1241458149858697224
1241393713810636800
1241200279334391808
1241197779369803778
1241129345722310661
1241035034225762305
1240755176451031040
1240722085065957376
1240704747356577792
1240480034684579842
1240298726608027648
1240011616457981952
1239954153474068480
1239946680512000003
1239699965418639360
1239682305876267009
1239644894429356033
1239589829706473474
1239567440796880897
1238528719955861505
1238208861745688576
1238156159758012416
1237754941810388992
1237556314026340353
1237464859920474113
1237181594487660545
1236330585905340419
1236330496092786688
1236330450123132928
1236330414136004608
1236330368170590210
1236330337732608001
1236330304488517632
1236085617282486273
1235988120958644224
1235557324963667968
1234968060559319041
1234921812691210241
1234861503368617987
1234527306175086598
1234195057609236481
1233445944609431554
1233440972492636163
1233439005435465728
1233427621054164997
1233183125116727296
1233077240340021251
1233029437790343168
1232867220071632896
1232806544695230469
1232683358116859906
1232493554812850181
1232419564086005760
1232091719379955712
1231979871250808833
1231246378111766529
1231223640869482497
1231020681271398400
1230611433961984000
1229776851847045120
1229513719341887491
1229439797648875524
1229155927703662592
1228736098664374273
1228475941074194433
1228450264438517762
1228328198066319365
1228046055691968512
1228028386016186370
1227747998274289667
1227719049536327680
1227718935748993024
1227716225414901766
1227295235153301506
1227289922517819394
1227023736836165634
1226547925314134017
1226256390345428993
1226185066684002305
1225816734424236033
1225790393129852928
1225528954397831175
1225184443943485440
1225145489760407555
1224921459828707329
1224917675970912256
1224911963303612416
1224844861754552320
1224429806864994307
