1286076306858352648
1286070067457929219
1286044995103928325
1286026266303508485
1286002172627431425
1285971536508268544
1285939287243005953
1285694415076503560
1285630757210337280
1285355911213723649
1285322377438650371
1285288608686125056
1285213035142012937
1285190234305630209
1284956176308932610
1284937295959937026
1284844619444912133
1284450391682420737
1284269149489963015
1284224329237114880
1284207896864202754
1284168031850172416
1284100102207004677
1283518571218427904
1283493614501466113
1283473499026345989
1283465385464004614
1283437553455173634
1283391841992355844
1283355520758427656
1283171246021251072
1283148186643832832
1283136984635113482
1282775494442835968
1282744247167451136
1282729104467427328
1282705293420507136
1282116313121468418
1281951816419348481
1281667040131022852
1281632727700254721
1281273166975901697
1281196403948126209
1280988279979102208
1280898918486888448
1280872773838147590
1280850027313868807
1280622623576092672
1280618260233441280
1280567542512259079
1280547973735362562
1280505098112839681
1280226421957419008
1280174527700443136
1279939073646485510
1279866202307923969
1279398533242785794
1279116615376830464
1279115503999561729
1278773436651917313
1278713222967840770
1278696264083869696
1278371581492944896
1278346387642613760
1278083764804112384
1278076036828352518
1278011222324101120
1277974948439420929
1277716013883236353
1277708079359016965
1277679644175749120
1277634253841457152
1277615347630309378
1277602179944243201
1277312380704378881
1276485360504188928
1276319197237215234
1276258408346390528
1276243056409403392
1276175212640440320
1275862514669105153
1275856080233472002
1275797958726946821
1275795173709172736
1275788203698663427
1275788109343600641
1275578184977784832
1275491559165829122
1275438069080973313
1275219536221016064
1275201904696426496
1275155114110717952
1275114984859713536
1275057930023440385
1274824418284335104
1274809318920065024
1274796749727715329
1274779391948709888
1274737709991559171
1274059010350686222
1273672203876413450
1273608863175098368
1273414114057031682
1273405217451790337
1273377599348256768
1273375303516262402
1273345246148132867
1273307511429500931
1273271642869956609
1273234155837575168
1272942128713302017
1272941930310184966
1272941836601110530
1272611322417549312
1272242403932540931
1272204516574859264
1272136709459734529
1271437628953497601
1271152649736421376
1270794275719168000
1270782691110240256
1270709823756214273
1270370936152371200
1270016934805938177
1268952440776339459
1268930655917924352
1268892460337463296
1268629918885326854
1268540297459499009
1268306765436932098
1268275872831803392
1268256876426379279
1268247207016349696
1267993966508683270
1267914622516027392
1267894488506212352
1267853329293549569
1267832964899057665
1267575291083476992
1267471892916645889
1267438928002453505
1266544542725165056
1266476307837304833
1266442339595190274
1266375997646966785
1266075863013089280
1265840569470910464
1265721978239045635
1265710167863197701
1265689087484329984
1265684223538716672
1265656557041324045
1265387598832455682
1265366701610274816
1265326185573158912
1265311568721580033
1264873849201410048
1264149073227132928
1263927026135838728
1263855522543009792
1263560492553064449
1263511695084978178
1263488128800743425
1263479580247105549
1263452086693437442
1263167112320888832
1263091516370833409
1262855094002954243
1262844005076946945
1262829328242544641
1262807890441768961
1262782393460699137
1262523783337910278
1262449744439361538
1262430803759415296
1262148978449121280
1262118291193004032
1261989903472173058
1261687855568621569
1261612360277475328
1261476158404808705
1261419628263325696
1261348989154127875
1261086139424915457
1261018226370252800
1260986994097827842
1260967706410524672
1260950394332680193
1260930861593063424
1260688451516628993
1260670378093031438
1260648805042552832
1260624375776186369
1260608109694910464
1260266421663170561
1260228266436235274
1260213530919415808
1259969114828951553
1259906228836319232
1259883539920818177
1259858294849576963
1259526133491675137
1259168652819083265
1258910135562444807
1258879009473036289
1258856693225709568
1258831156130299907
1258782900608274434
1258508100463558656
1258507715707432960
1258467762042810373
1258415157799239680
1258139225905659904
1258091063778185217
1258017207205978112
1257753528539533313
1257700311394902018
1257696905758375936
1257432198682116099
1257405023962771459
1257365227689119748
1257356821054005248
1257292807498276869
1256565145511264256
1256302465718370305
1255965384341143565
1255918630535036929
1255839850122686465
1255681301560070144
1255644754840354816
1255633482761584640
1255603244010799107
1255563735877312513
1255239928495120385
1255191219937910785
1255162042434158594
1254861942918754306
1254769280953933825
1254443866029207556
1254176059072880642
1254146162937991168
1253793409015431178
1253761993468715011
1253732154212827138
1253713195551817728
1253468358776950786
1253433932915204097
1253375659839295489
1253341066914336768
1253325551634223109
1253313768890793991
1253266039741321216
1253066590070980612
1253030516820975617
1253019326933843969
1253017612683968514
1253015172454678529
1253012360580812801
1253011199953903617
1253010060441247746
1253008185868328963
1253007155487277058
1252980383915933699
1252970904981770244
1252722361788436481
1252675770163638272
1252650107457208323
1252639425932267520
1252625823951093763
1252347492106002432
1252330074524856321
1252313599852371975
1251637993997205504
1251250572776411141
1251220698875518978
1251161507934507015
1250864281022840832
1250813692326940672
1250542310728839169
1250506504014376962
1250472642374705153
1250446696863150085
1250219233067352065
1250198663332270080
1250159157547806720
1250130396727185408
1250103492821352448
1249814953093103618
1249787306778791936
1249744104491307008
1249700026290446337
1249674946747469824
1249312800494755840
1248696612727197700
1248678480646209540
1248652144242315264
1248622235000000512
1248270402436173824
1248264700636299265
1248206521722441728
1248021586021691393
1247979135475036160
1247972085810552842
1247876152062103553
1247859085598437376
1247617196353871873
1247593143828086784
1247520800271286281
1247313451300651009
1247216691836305408
1247158173330530304
1246531808436592645
1246165018481229825
1246133581455523841
1246092379280625665
1245808750952357890
1245774563977375744
1245762335463092225
1245723655927222274
1245531120835399680
1245441840054259716
1245397268271968257
1245379387308064768
1245297602037452800
1245146157862596615
1245094105149067264
1245075100141051905
1245046361038426112
1245040942807158785
1245030219246964737
1245017872906231810
1245001067047288834
1244790205091139584
1244723216763027457
1244671599212625921
1244338799137689601
1244332090432335875
1243964261174521857
1243964259731677184
1243964258595061762
1243964251372507137
1243636825215901696
1243595716901195776
1243561282902597632
1243239717455396869
1243225706852757507
1243197199372222470
1243003773213163520
1242953037968281601
1242873096530530304
1242564658407641092
1242511934676766726
1242485929203380224
1242438133783965698
1242210478581067782
1242169553142124545
1242138411500216320
1242119396946055168
1242076126652125189
1241445802423263232
1241122243926786048
1241091937433784321
1241078582509740032
1241056742471065603
1241030122016210946
1241019620439572483
1240950122411933696
1240756954554916869
1240716575822483462
1240698417212305408
1240662138563280896
1240629617129635840
1240390270337892355
1240375264137404422
1240370299109023747
1240360098427547655
1240329208284557313
1240310129440034818
1240231473052971010
1240030768316977153
1240007132834983936
1239932324558655489
1239928537299275777
1239723854001561600
1239672791701413888
1239650764668239885
1239613001445134336
1239603495768072192
1239359817707290624
1239144311624589313
1238985230100332545
1238921079508422658
1238918737430032395
1238918590998417408
1238657497310924801
1238569046007853058
1238547898415157252
1238534753017626631
1238191847077556226
1238165826194362373
1238165721017921537
1238143666658709508
1237911413827477505
1237870978945789954
1237851310759673856
1237817937379147787
1237471255181365250
1237463165463678976
1237463164419276800
1237463162124984321
1237425945012813824
1237096863624507398
1237009522180358144
1236747377492582400
1236728596619763718
1236306847419846656
1236042831988428805
1235946860289941508
1235764806197616640
1235618578583433217
1235600422762668032
1235369619721990144
1235336692963463168
1235252805537009668
1235231690211160064
1234885743627116544
1234835892159877121
1234625843349065729
1234546476522655751
1234531593500418049
1233531009884413959
1233422501608333316
1233161927989301254
1233116968112316422
1233049007464878086
1233047765460160514
1233043906536841218
1233008038673633281
1232747522751377409
1232408173643956226
1232391687693049856
1232366597031047169
1232088535773143040
1232049247765377024
1231717047224193025
1230960342571810823
1230931280432435200
1230818105145905153
1230242710642155522
1229440470499155970
1229218317937848320
1229167940609683457
1229022314815262720
1228402553144168451
1228005525515915265
1227981395588505600
1227979149257707521
1227974269788938241
1227963353164918789
1227724734076465154
1227690357502152707
1227619179563491329
1227370451640385536
1227322070134030338
1227319822985441280
1227038524278497280
1227017840991055874
1227007558113800193
1226995432959676416
1226995431793709063
1226921269326577670
1226889556240326657
1226291162560057344
1225929100252139522
1225905499184476160
1225550487895904258
1225464114027409408
1225173003220279297
1225152420671561733
1225102194845921280
1225092129594183681
1225080550685401088
1225066034400518145
1225043388724056065
1224906842670882816
1224901049720373251
1224897075390951429
1224895861987123200
1224893493023313920
1224892910728024065
1224891668689801217
1224891510128332800
1224890110459752448
1224889476230631424
1224888624451289088
1224887760491884546
1224886354087202818
1224884549865410562
1224883096211935232
1224882947414806530
1224881442213257216
1224879363943956480
1224879089472954368
1224856412943089665
1224848247832883200
1224758352087015424
1224733820190150656
1224718496216637440
1224373054945538049
1224121533355843585
1223781501726101504
