1286052831821266944
1286036458927804427
1286007134287798283
1285970731109699587
1285701773139861504
1285665195407310853
1285626073602981888
1285624991220998146
1285592159111000065
1285587344364572673
1285576637090799616
1285530080446427136
1285388654450548736
1285337184745267208
1285304869608464386
1285217181668642818
1285212109287165953
1284462400805249024
1284266675622338560
1284256077639540738
1284247001236996096
1284212263776325638
1284079086130864128
1283895927640555520
1283862348709666816
1283850737596981249
1283802288776261632
1283785746596483073
1283759718016655367
1283751913830453248
1283513998202343425
1283485245484998659
1283402619629768704
1283141784223322113
1283123210750500864
1283039719421546498
1283008845607051264
1282847211550892033
1282758300522680321
1282703013426204674
1282673955002880003
1282672288899518465
1282648155574632449
1282381517948321793
1282034165052051458
1281687845887979521
1281680199596335105
1281653990577537024
1281615767398686720
1281614847373910021
1281610270868156416
1281591570274426880
1281572543942537216
1281263039354896392
1281254110969434113
1281250560071647237
1281239630449389568
1281009334143586304
1280970165967114242
1280958205695275009
1280913027890589698
1280852556445552640
1280622957811859458
1280603248412459008
1280498353856565248
1280471897260593153
1280270384697421824
1280219754024841222
1280176049884745730
1280165170489298944
1280140900706979841
1280133087633059846
1279498074742820865
1279139326509682692
1278486092086460417
1278384364276125696
1278348099682021377
1278095508595236866
1278074835567026176
1278022386508537863
1277993886535876609
1277990716841627651
1277967510776631298
1277937140693979136
1277936879321731083
1277338163049086976
1276660509165699072
1276546759762853888
1276526012998791169
1276319235799756802
1275863377034620929
1275860719590715392
1275860525847465984
1275786175861620736
1275574892721668096
1275537824197103623
1275498563565424641
1275491272082538498
1275465179938070528
1275396056541548550
1275246326788358144
1275246074010013696
1275217790991888384
1275165068087357440
1275121991796678657
1274083317755727872
1274009279016640513
1273727813108092932
1273707519492468739
1273686972209471489
1273664758319706112
1273629195717967875
1273629194535215105
1273629191540543489
1273302730866475009
1273247819382603778
1273213708978868226
1273212745706586113
1272993119986839553
1272972309964353537
1272958697413599232
1272935492909060096
1272923239333928960
1272917484404969473
1272689188031221760
1272671970841300992
1272671894345523201
1272648588888346626
1272223295547432960
1272222708890169345
1272215327158534152
1272212183917768705
1272209920109293568
1272190880410206208
1271924213482479617
1271913448176312321
1271213768022753280
1271145379799592960
1271100428407562240
1270873744244793345
1270776801636364289
1270532367443087361
1270438209416310791
1270436777619120129
1270415012406976513
1270384545272074240
1270324043707809793
1270059781630259200
1270054398794838024
1270019034273071104
1270004972231458818
1269974677285371904
1269947263578710016
1269306680027705344
1268976126266880000
1268964311784763392
1268958163404943366
1268947739556974592
1268942139523837962
1268640115624161281
1268614769541443586
1268595540624719873
1268575226352336896
1268570661573685249
1268566696895426564
1268557540331261953
1268508220651429888
1268320278926499857
1268304528484388865
1268231163694460928
1268224498928517122
1268174678968930308
1267927792970162177
1267920068396154880
1267834861659787270
1267834860661587968
1267834859654909952
1267834858564354048
1267834857511620608
1267568969528995841
1267236013233012738
1267236011559485441
1267202404761640967
1266813421066096647
1266716578210631681
1266716577292062720
1266479287751901187
1266469494127550465
1266411232363294721
1266339291401256960
1266327891178070018
1266130459190124544
1266114418875731969
1266080965111115776
1266075268197707776
1266055209228185600
1266023750606245890
1266012794975027207
1265989887653806084
1265722660547252225
1265661638411259905
1265441527842566144
1265400310899433472
1265383508874113024
1265306921961058304
1265302391261446144
1265284376906137601
1265247028889690117
1264972642638893062
1264661989785141248
1264641746845097984
1264620501776822272
1264253597639819264
1263971037705670656
1263906490089222144
1263875727025475584
1263609603276730368
1263594087401132042
1263573941190180864
1263524883343892482
1263489592784834563
1263481704393641984
1263453283408060417
1263223848092254213
1263189584537481216
1263164457384960000
1263161106559913984
1263159588154564608
1263071966312964096
1262898034742001665
1262887625335037954
1262859744643035136
1262859392220717056
1262832820054941696
1262826658655907840
1262771774686498820
1262744892083585026
1262744545244020737
1262717957983043588
1262548710010937344
1262536349896204289
1262475710301528070
1262422266358272000
1262333288817078272
1262086727264428032
1261766539075661832
1261465180342382593
1261465179373531136
1261465178505269248
1261465177507024897
1261465176374566912
1261465172675158016
1261310352941252608
1261276412327100416
1261072341670322177
1260985311531724800
1260953402747441152
1260939708059619332
1260727902368235521
1260724105789059072
1260674247979970560
1260653280700424192
1260634688164515842
1260610380302184448
1260586066442141696
1260530036056211461
1260355706911252480
1260311864392609792
1260281645959004160
1260194974961991681
1260183022692970498
1260174168210968576
1260159714958196736
1260008396842885121
1259981161448660992
1259953859318833152
1259939969134542848
1259922019291783168
1259798447051415552
1259540508558254080
1259209858353528832
1258893180092604416
1258866381778415616
1258851167796203520
1258846816969228289
1258836624403652608
1258811876189720577
1258553513430249472
1258549086652784640
1258505319732310016
1258501142448877571
1258490993395073028
1258478885651361792
1258470340503539712
1258457552854999040
1258405887049252865
1258405885447073793
1258405883857391619
1258405881647034368
1258197539590791168
1258187218335576064
1258117333253533697
1258040994940895232
1257817612869763072
1257777421597671424
1257774610172411904
1257772716238811137
1257703301795049474
1257697426896453632
1257656815371849728
1257643355812573184
1257483906393075712
1257460962023682050
1257444723637325824
1257402040797540369
1257352274982117385
1257323810576982017
1257263250615554049
1257021953287680000
1257008195387588608
1256679387237236737
1256617970689880064
1256390398227841024
1256333729833730048
1256322373923467265
1256321036682813440
1256307200781213696
1256297199006134272
1256271310138732545
1256239876560699394
1256221381253042183
1255902549208633346
1255671595588136960
1255656885727850496
1255561375482613760
1255556094123896832
1255539563436494849
1255520591446188032
1255259268531531778
1255219024490872834
1255197283370463234
1255166582495600642
1255148957329616900
1255145802588028928
1255105128325136384
1254966947030216705
1254914950713114624
1254840723272318977
1254834952128077831
1254823624730689544
1254803799065022470
1254767919956996096
1254763552595992578
1254738323706384387
1254725082741604352
1254599517623783427
1254599440733790208
1254569401040408586
1254430873040162816
1254414773686542338
1254407477698977795
1254085350424633345
1253719151488557056
1253709393280958464
1253458505685561344
1253442388439076865
1253418318683242496
1253348888238526466
1253330482957172737
1253118559183499264
1253055238883295237
1253023958158344192
1253023956954517504
1253023955708899330
1252978013450522624
1252776245714128899
1252747559421894656
1252742490060320768
1252684218590625793
1252660967470592000
1252651405028065281
1252617087924596742
1252567632018051073
1252366278276206593
1252301931298635776
1252291215526989824
1252285378616274944
1252270416963534848
1252270415973662720
1252186369662877697
1251960858021736448
1251595327611654144
1251594373801799680
1251254242742087680
1251212895607640064
1251212638006071296
1251167659179167744
1250861720781729792
1250845167751270400
1250799564677738496
1250795952157401089
1250499500663324672
1250487747837521921
1250448180535128065
1250438773000654848
1250436958146326528
1250436799110901761
1250214300129603588
1250208895685013508
1250187059245060097
1250183795988406272
1250081912024109056
1250056738130276354
1250025871546683394
1249864263130320896
1249864230809067521
1249864074143432705
1249835335573520393
1249742057838653442
1249728616675540992
1249728284889317384
1249652997669433350
1249079224301953024
1248779350566191105
1248700379388313600
1248655120566562816
1248644843905089536
1248614020459843584
1248562215306825728
1248548924476006400
1248436150894825473
1248418042498830336
1248418025511903232
1248417025401040896
1248332407423590403
1248322544677138436
1248289337978085384
1248289316553592833
1248083351749251074
1248082650331516934
1248080680803807239
1247915649675988997
1247908651844734980
1247880183505465345
1247879426219614209
1247647841696337920
1247628288274714625
1247624101386014720
1247597393098485761
1247580479643099142
1247560665587384321
1247527433865023496
1247527196102549506
1247495015829516288
1247330731946319872
1247329103256195072
1247328368883834881
1247298276422037504
1247298206863687680
1247284753776226310
1247276274315407363
1247275397122834439
1247248229839835136
1247224565421559820
1247216894454759424
1247192693907783680
1247186084271882242
1247143332041588737
1247121473896173577
1247117153066680324
1246936952332603392
1246906799464333313
1246906779927293957
1246906724935774210
1246506057897332737
1246503973047189506
1246453675343650819
1246437821369516033
1246437784182816769
1246241469586984961
1246225284271136770
1246225283411304450
1246225281855225856
1246208660948295681
1246179352775217152
1246178016373465088
1246156376688164868
1246117205944737794
1246112444466020360
1246109203590197254
1245841198708715520
1245795806080315393
1245795565910228994
1245724713504079873
1245716858042486786
1245716695957803016
1245495966226165760
1245493279157862400
1245137732327944192
1245132925466816513
1245131675387998208
1245131665728552961
1245131576457007107
1245131508433793025
1245111387434766336
1245067404574519296
1245020865382821889
1244994945922064386
1244960588616421377
1244768965475422209
1244689985783152640
1244689703116443649
1244682019843592195
1244653502036656129
1244579740779937793
1244419863373918212
1244419846034644995
1244399401377959936
1244377444292968449
1244377442984263681
1244377441788932104
1244377440547373057
1244312298380046338
1243917126051774464
1243897869641199616
1243672715879383040
1243672549034254347
1243671102574022664
1243669948515397632
1243669894455078912
1243669754851844098
1243644896059314183
1243631353889009666
1243599659899248640
1243599658087329792
1243563564775944195
1243535224006459394
1243530365198876676
1243495288494526466
1243304433984974848
1243271902942187520
1243250302565957636
1243226008616132609
1243130652381401088
1243115422658048001
1243025070844448774
1242998005147541504
1242971625286492161
1242941061124816896
1242941011715817474
1242917049850040322
1242915446833233922
1242913358392819717
1242844766464806915
1242833811148242945
1242833500836945921
1242833322860044290
1242607215107870721
1242606549996109824
1242584129138569221
1242581140340424705
1242560548081991682
1242495584004706317
1242461265928355841
1242424399581585408
1242241568553172993
1242221871669657601
1242221587799080960
1242221498951139328
1242177105250713601
1242170352303779845
1242161579162054659
1242131770486722564
1242130949355311105
1242106518725693441
1242098143879213057
1242049068454551552
1242045420131450880
1241896207267639296
1241895843835322368
1241823296225783816
1241809119167893507
1241809070706823173
1241489224467197952
1241446968070680577
1241446913255387138
1241446603187159042
1241428292126806016
1241395360322539520
1241393638225195008
1241384204052594688
1241090630736130049
1241072817459941382
1241063300995190788
1241051519631450113
1241034096790450176
1241020933256683521
1241016059517419522
1241016029582700546
1241001029363212289
1240962941027061760
1240784792402251778
1240753165139677185
1240721358042075136
1240693125384830976
1240692384335200256
1240682679114305537
1240681443552083968
1240670936954818563
1240647029036105728
1240642653315837953
1240605602155507712
1240414645036486668
1240398212030246912
1240398155587485701
1240398119302582275
1240397967967862785
1240365538569850892
1240364176612171778
1240361911973285895
1240340472167628801
1240311673526857729
1240311626764517378
1240289734615871490
1240276253640462338
1240221920810934274
1240217864017190917
1240105832118996992
1240105550643429376
1240087462959026177
1240085818250797058
1240079663994744833
1240079582029586437
1240079338814521345
1240079004360675336
1240070629531037698
1240033542081576961
1240031934396366855
1239981844780716033
1239981820134993921
1239981724089683971
1239979951815876609
1239977751777550337
1239890615221080064
1239880335724347397
1239727155527012354
1239723773756047360
1239722678774370307
1239720995994382336
1239718232833089536
1239656031241883650
1239655849704009729
1239647319823441922
1239609168132288514
1239578793557348352
1239340803392262156
1239249921523539971
1239249910656098307
1239221716347432960
1239221695585673216
1238849730702180357
1238819742909161478
1238800176896188422
1238490355462520838
1238476667611463680
1238418721879752709
1238159693408845825
1238158438573768711
1238134707772166147
1238134706887106560
1238134706220269569
1238134705289134086
1238063394172870658
1238062992115347456
1237806180464037890
1237806050046357505
1237805900536123392
1237785610032754690
1237764557554270209
1237749384441409536
1237714319040790528
1237465670410883072
1237379055898570756
1237378203813064706
1237348864665026566
1237345151439310848
1237345147999916033
1237332191056662529
1237194480496914433
1237099335772504065
1237082242972815363
1236313175705993217
1236312032254873602
1236310970529693703
1235995214696808449
1235995203376472064
1235995112108429313
1235967479584878592
1235954747926028290
1235954746328068098
1235930205681635329
1235930149352361984
1235897781358858241
1235687260642783235
1235687131852529664
1235683913223352320
1235671515959570433
1235615503022018560
1235609735514206208
1235583489757585410
1235570734715539456
1235320645350719492
1235296813600604162
1235289628485324803
1235017607469830144
1235017414162739201
1235009283185618946
1234970033555726336
1234939585240666113
1234899857808203784
1234899856692535296
1234899855618838528
1234836998956998657
1234831265867673600
1234828480975704064
1234619141534908416
1234553059889553408
1234528990515388419
1234528038567710721
1234479838859268097
1234477062880145408
1234468826408013825
1234456118740574210
1234309587492331520
1234302027129331712
1233434257147731968
1233414083103330306
1233127112778944512
1233053092175892484
1232833493270437888
1232733531039846400
1232683670470877191
1232672717045948416
1232283536117420034
1230879199214305280
1230878634459660289
1230701787352424450
1230701752971714561
1230591440201437192
1230561740510744578
1230554439448170496
1230537277572558849
1230529805587812358
1230523000375664647
1230518264696049669
1230248638640742405
1230241867649949701
1230198860754161664
1230168722008092680
1229887258930634755
1229863415008694278
1229855141207080960
1229847808234213377
1228373533656571906
1228062396532613129
1228062395270127619
1228050314928050176
1228028560683696129
1228028553754750976
1227980680291868672
1227698614073425922
1227597469309075456
1227358885935079424
1227328692982091777
1227275535761465345
1227218353934094338
1227008816182509568
1226963410866331648
1225783782348853252
1225565611998302213
1225551489919307777
1225494568780652544
1225194896660877314
1225152201716371456
1225043606894977024
1225033113325264897
1225022923058139141
1225022900819894273
1225022166468526082
1224910565753131008
1224910158666588160
1224825371062947840
