1286073773439975424
1285994929605545986
1285726943036477440
1285702810668093440
1285682225795784706
1285627054810112000
1285351810274910209
1285254405747613696
1285202319282524166
1285018165873868800
1284925877969661954
1284866593806323713
1284546885395652608
1284490676260962309
1284490675371806720
1284309385074933760
1284238750839648257
1284185867616231428
1284185858929758208
1283879854350442499
1283842119296311302
1283762243402964995
1283618481041289217
1283618478256259072
1283618475026653184
1283567317427912705
1283475044014919682
1283448070135599104
1283235516838809601
1283229075843297283
1283227759981015042
1283115451795607559
1283099848741457929
1282834122520629249
1282770451865862144
1282685372330385411
1282685371650801666
1282374843183366145
1282049522739417088
1281961985844940800
1281767455308697600
1281737612294795266
1281737608473739273
1281711035385368577
1281683852918956033
1281634484866232322
1281340128628219905
1281323562712866818
1281300845397753857
1281286939379982336
1281262894563364866
1281262893384810497
1281242270671519745
1280887043590172672
1280632985881137152
1280212783175553024
1280212779425828865
1280212776783405057
1279805123070435332
1279406462322835456
1279114585468010498
1279055150217396224
1278823059504463872
1278790181978550272
1278673187723714560
1278670231863545858
1278544640526999552
1278530014972121088
1278501995859660801
1278480375308746753
1278464444213923841
1278426173173874690
1278412129108926464
1278342205409841152
1278154343691235329
1277972159608926211
1277972158686224391
1277716457124761601
1277635077153882117
1277385099110166528
1277294662739427330
1277195035889463297
1277016578152902664
1276920155843563520
1276698903103115265
1276655575435272200
1276523295945433089
1276523238869413892
1276519903298756608
1276519902648680452
1276519902002778113
1276519901314846721
1276519900580806656
1276519899838517248
1276519899263905797
1276354084648423426
1276291261364912129
1276225606057934850
1276156221972766720
1276156221146517507
1275976681954648065
1275938974817714177
1275854469574639616
1275836981981917190
1275598649859493898
1275508459186905089
1275218433639055368
1275134153512628226
1274792108688388100
1274392750809546752
1274100208700448775
1274057403366027266
1274057402636214273
1274057401960890368
1274057400211976200
1274057399557599232
1273970458334027776
1273970457608421376
1273970456794730496
1273970456014598145
1273970454483664896
1273970453451808768
1273970452764012550
1273814605018660867
1273758577556180997
1273369975835832322
1273369974736912384
1273369973809983491
1273369972388003840
1273278352690950145
1273086769802723329
1273063152297611265
1272989098362445828
1272936624964411393
1272603044480507905
1272547165408235523
1272294339532795906
1272241335140077568
1272191152662462465
1271821418813100035
1271131339870351360
1270890709885861888
1270854263674155008
1270750394096979968
1270546084251807745
1270384680324530177
1270119906244247554
1269670084219412481
1269331344108249092
1269115853649448961
1269115849119580161
1269115842895269892
1269115841846673408
1269115840743583744
1269115836473774080
1269020585222422528
1268693686088617989
1268689853312573445
1268689852431818755
1268689851404242944
1268174505408638978
1267571238744047618
1267548495411646466
1267521177242787843
1267262306922254336
1266812432913248258
1266808541433585664
1266806153595375616
1266484565738237953
1266397247186616320
1266397245739536384
1266397243508228097
1266397240748322817
1266397238521221121
1266397236398882816
1266397235622957056
1266397234867908610
1266397234092019712
1266174946847461377
1266109045691293698
1266087773238374400
1266000661012938755
1266000062246719489
1265999932890271745
1265993331307425793
1265828389086269452
1265746406012268546
1265745522910015489
1265689490800115715
1265621613845909504
1265621613107609601
1265621612415639552
1265621611664850946
1265621610977005573
1265621610276491265
1265621609559330817
1265621608883990528
1265473049371062273
1265473048779595776
1265451195629477894
1265381637853974533
1265302178006212608
1265079984575655937
1265055855952777217
1264921444762386433
1264579161705848832
1264311494860210180
1263972805856681984
1263972804401270785
1263972100127293441
1263626055845371906
1263596731230326790
1263558718974763012
1263504767994802182
1263294586845347843
1263222629290455040
1263185584174051328
1262949074518581248
1262867692890931202
1262780556988887041
1262569916911190017
1262529715170095104
1262477881562877956
1262420091666341890
1262141819036540928
1261808938049253377
1261780065911742466
1261679446135902208
1261477239192985602
1261477238362574850
1261477237607616513
1261477236907147264
1261477236227612672
1261429753812152320
1261350597711683584
1261314069086244865
1261130520894865409
1261023039631826945
1260962319741390848
1260923049030844416
1260755228892303360
1260726184930836481
1260684152199880706
1260665915047391233
1260626168052621313
1260598101028601856
1260558991438032898
1260405223731970049
1260364358502305792
1260335752937906178
1260288873642504193
1260060277246169088
1260042212185911298
1259997359708286978
1259960275609976834
1259898319666581505
1259548849774960643
1259259296279298051
1258918545162985473
1258832887023112197
1258823321493417985
1258805434418331650
1258767271876603904
1258748062039789572
1258585252840321026
1258585251649069056
1258585250466332674
1258585249434537984
1258499283298529285
1258455613597777926
1258400223543640065
1258230218600468487
1258207146031939584
1258192241421623299
1258159749578850306
1258123503305469954
1258122995018665984
1258122993705914370
1258100701487456256
1258066043853045760
1257792271644319747
1257792206926217220
1257677387917078533
1257656404145553410
1257485464799531008
1257440535222063105
1257421376635445252
1257366024334254081
1257302406397857792
1257107176449064961
1257068548003856384
1257005536131809282
1256973769614245889
1256742144263454722
1256720682949492738
1256611130392358915
1256387060245630978
1256375049168224257
1256331523252301826
1256263633782398976
1256255553191456768
1256039122424270855
1255966971709063170
1255906025477214213
1255666624125960193
1255633629721616384
1255606608681451523
1255559200970768387
1255559200006176769
1255555737427890176
1255491504769990661
1255465933751099392
1255288039443697666
1255244916650844163
1255169913863487489
1255166681766395906
1254979133064478721
1254967002097164288
1254912908942868481
1254857005111492609
1254751781885808646
1254559491124867072
1254477069494489088
1254138763200135169
1253856959431872512
1253780399190347777
1253697605890183169
1253510670135541762
1253510669355360257
1253510668604657667
1253460129711886337
1253451725941420035
1253437909002334208
1253368406566469632
1253142481409134592
1253099950327693313
1253038563895230471
1253023310725689344
1252982168403562498
1252787929207967746
1252728198225330182
1252671910091128832
1252665338447224833
1252604265606111232
1252366459105275905
1252358224197464070
1252274631039430661
1252257977387683841
1252257976678785025
1252217257360592897
1252052986706214912
1252023406729592833
1251915765680308226
1251858084374302721
1251670548700180480
1251618923356786691
1251572066815488011
1251547867145293825
1251286349988212738
1251228656896225281
1251169111595507712
1251165830806732800
1251147175104405516
1250957148391116814
1250944564333932544
1250921331606065156
1250921330553356290
1250921329517375493
1250884865295364102
1250868082056335362
1250847656936603648
1250792594470244355
1250618574378618880
1250541491363164169
1250441567912873994
1250411805966548992
1250194786767773701
1250093019958837248
1250053149924130821
1249815596201639937
1249740953293856770
1249503986136289280
1249354326092505088
1249117392044777472
1248997429392875520
1248774291715481602
1248631650080247812
1248394865773142021
1248324595016445954
1248313979027558401
1248263004396847105
1248231231231275018
1248033787478499333
1248028626081234944
1248013257895378945
1247965106195124224
1247945985420075010
1247912879782846465
1247644294393053185
1247636813369483266
1247596898174799875
1247345682605912077
1247309813685661696
1247226588074258437
1247194901672067073
1246941895219195916
1246885117643182080
1246624665986052096
1246474104934477824
1246407166573060096
1246246107946143744
1246242316278542339
1246166020248739845
1246126703749017601
1246091543552888834
1245890581529837568
1245859819191336961
1245809814799888384
1245740961755467776
1245740960644038658
1245698879670095872
1245493597149036546
1245375478829142018
1245320004662259718
1245123643648159749
1245080886678360067
1245035203061579777
1245035057577963521
1244736393617772546
1244667622416945153
1244641306766344192
1244417504807698434
1244402763116744704
1244369235515768832
1244333770674712583
1244104148288708608
1244095179755307008
1244073368313376769
1244073343562760195
1244073331390910465
1243973710387822592
1243973551645962240
1243653121861210113
1243599948148547585
1243599947288711169
1243599946441461761
1243599945577508867
1243599944738627585
1243599944088461317
1243289951476887553
1243181300565016576
1243181299105439748
1243159040575889409
1242982649469206530
1242932524055216128
1242882418945785857
1242844197130055680
1242626985911898114
1242580809518891009
1242573802577461248
1242573679906689024
1242561676278484993
1242542239714291715
1242532612159295493
1242512055464312833
1242486554674769920
1242232603408846848
1242203807288827904
1242192841868218368
1242192792715177987
1242149404498432000
1242119329610694659
1242076376011767809
1241879772319358977
1241832021300850692
1241815123691438087
1241756977686069250
1241723301032005632
1241711682344419333
1241711223504175106
1241514930613956608
1241482518756548609
1241439820980854787
1241402410397990912
1241385674412089345
1241212740724760576
1241126304260526082
1241111656593317890
1241092915226648578
1241085098004336641
1241084595296182276
1241077076519682048
1241023797416902656
1240790156531191814
1240759958003757057
1240744857208938496
1240729757513175040
1240709470642229249
1240702465382567936
1240675943192113157
1240669927096418304
1240656497174032387
1240647880819519493
1240425909263482880
1240405112381755392
1240340402374430720
1240329396847808513
1240291893621161984
1240246574145589253
1240095145174974464
1240073906276491267
1240009202954895360
1239968336110186504
1239925656726667264
1239746052619669511
1239585060120080386
1239575616556601346
1239378279934672896
1239378279133523968
1239378275866214400
1239378275148890114
1239375316268826625
1239357360256270337
1239241638939185152
1239235167916625926
1238599609385127943
1238563545018773504
1238510000026390529
1238472520258519040
1238238163564482566
1238221248913715202
1238216441897324545
1238195862041513989
1238185896974995458
1238133675717525510
1237856726281420804
1237855247764086788
1237768785614045186
1237757558682722305
1237737407333662720
1237737074834448393
1237456341137911808
1237404027471659010
1237365083539415043
1237113456307965952
1237105858590490633
1237076766377889798
1236746562245623815
1236438588218368003
1236336398791303173
1236060401621766145
1235938973090041863
1235931453982208001
1235692762105700352
1235575588376555520
1235535532144365568
1235344482738089985
1235308142134726663
1235306415050412034
1235306414261841923
1235306410533097477
1235282229342986241
1235262455565213697
1235262454688624641
1235057084359757834
1234993247950274560
1234965924622557184
1234933229456633856
1234916472805347328
1234877778887106566
1234810758128599041
1234638690087002112
1234638683053096962
1234615666566746112
1234613343559831553
1234583580027883521
1234571968231415815
1234289524487966722
1234226387554328582
1234179901193891841
1234149818961887232
1233875021170388994
1233785701499535361
1233505683531816963
1233446789895917569
1233446622392209408
1233178269622718464
1233157747249762304
1233148152951209990
1233127710941163527
1233112963789312000
1233046878419333120
1232817622011580421
1232805552155217920
1232787926297255941
1232771298142670848
1232753455019806720
1232738715941908480
1232726138243469318
1232722063728746496
1232697818252488709
1232423820646068228
1232417485531385857
1232327104198578182
1232070206899531776
1231960952289087489
1231960946647740424
1231733783147286529
1231631071260921861
1231387877189267461
1231249398111375360
1230911691262701568
1230862064006115329
1230670103030661121
1230480268852682754
1230250707535589376
1230234192627236874
1230191632986857473
1229882699525054464
1229880770438656001
1229832968895635457
1229612968331096064
1229612945233076224
1229495734296358912
1229420239605006336
1229244106800586752
1229105767200043010
1228695465128005633
1228446266503372801
1228331897023074306
1227995981180002304
1227702706858491905
1227670714716708864
1227662572624732160
1227612743336939521
1227404453122396160
1227367438192435202
1227260109694361605
1226985405930704896
1226521132314120193
1226229144754819072
1225917154698002432
1225875482345906177
1225875450737635334
1225788275748634625
1225751061387972609
1225576743970492422
1225576726706688001
1225562315506016256
1225552848211107842
1225534498097553410
1225516288006594561
1225447746771017728
1225436783451738113
1225230141393133569
1225230140470419456
1225230139136651267
1225230138129948673
1225230137026891776
1225230134510260225
1225210900610797569
1225175729178103810
1225151807690878983
1225150357875175425
1225094553335672833
1224924896964333568
1224924438581469184
1224924437969063939
1224924437293735936
1224924436635226112
1224924436006100993
1224924435251113984
1224924434533900288
1224888209676668928
1224886684355125249
1224886336349405184
1224884597126762498
1224882759199608839
1224783023448711170
1224759953631711232
1224759952763445252
1224759949886152705
1224752487518949376
1224743566154649603
1224707670101450762
1224427975187279872
1224050033630359552
1223954220963061761
1223637131395862529
1223397867508858880
