1286037762542579713
1286037761821159425
1286037761103978496
1286037760193835008
1285698501180100610
1285645705760182272
1285575257483440129
1285318566020096000
1285273264928043025
1285227970076917760
1284457896026112000
1284186104313180160
1284125705672904705
1283869012728803328
1283823719052455938
1283795422180409344
1283507780457046022
1283402336921157632
1282749695664717826
1281677421117411335
1280969911641100289
1280917768536195073
1280555196180049922
1280235464373481472
1279414663214661632
1278819469301895175
1278819468383322113
1278723676410728448
1278688958692634624
1278463394132066304
1278445288659791879
1278359856093806594
1278327624989921281
1278048151144992770
1277986215954984967
1277704457174867971
1277621435192745985
1276560863579664384
1276318621845856257
1276306369868705792
1276241308722610176
1276241307678183431
1276204611020435457
1275471782317883392
1274773322912456706
1274079662398996480
1273706378172018689
1273332954551418880
1273285542390771712
1272212205526753281
1272151809449234432
1271506472736784384
1271469811340644352
1271091956052119553
1270411104146132993
1269039998440964098
1269039997228920838
1268965813035335681
1268910748761296897
1268569713145270274
1267501450013421568
1267501449057128448
1267501447991746562
1267501446989254657
1266817463146201089
1266773173783146499
1266491918923583491
1266398780590563333
1266127313441341442
1265750291498090496
1265684032999882753
1265308202599698437
1264979546283151361
1264934247174995968
1264269869207433219
1264194373119619072
1263952778893774848
1263892454522138625
1263535591406407680
1263494541283393541
1261333611984404489
1261333610512203776
1261008859189182465
1260950899368906753
1260950898626396161
1260620583009751043
1260615793282146304
1259966514733727746
1259910094357245958
1259546363672526848
1259536176739803138
1258881331808919552
1258864351525642241
1258834059343458304
1258803376848089091
1258451944399605760
1258151965718175749
1258054102174621699
1257793452848398336
1257724239219773442
1257671390578135042
1257444899487494147
1257418745288458245
1257383532130897921
1256327534033211393
1256254761931812866
1255899526088581120
1255882100143783936
1255617861126627329
1255585454247870464
1255585453425799168
1255544375741906944
1255251031287640065
1255176116177903617
1254899313865613314
1254803094640168960
1253808149724872705
1253790572437032962
1253737972224135173
1253728505684283393
1253695430493442049
1253450968919932930
1253360486059409408
1253330287276068864
1253278694845509634
1253096244253204481
1253032532116934657
1252993213373317120
1252732011158163470
1252613873494040576
1252338890284900352
1252269785729171464
1251865634000035841
1251646691108892672
1251571193255211010
1251512121432641537
1251512119939530752
1251288247919087616
1251286754268758021
1251270192287678464
1251223512532090882
1251178602399399941
1250838626654547968
1250838625899741185
1250838625266413568
1250547385941602304
1250491580391309313
1250461381620457478
1250434956779651079
1250193994576998400
1250076344664207360
1249833934164242438
1249774315169603589
1249726733764435968
1249726731948351491
1249434614914940928
1249351567733428231
1249049577791070210
1248974085243035648
1248732489088208898
1248693693932077057
1248646218118508546
1248278657551994881
1248251287243837440
1247953444712964097
1247905065794334721
1247667974544089088
1247632439897460736
1247591693219778563
1247234022943703042
1246950749914959873
1246930259095818240
1246799754488504321
1246512863318913025
1246452465626681351
1246195774892969991
1246155011115057157
1246113481444581376
1245863586892853249
1245834248008933376
1245782517875191808
1245727688960036864
1245460401145479168
1245450881434292225
1245417534448427008
1245375133918859264
1244713884814118912
1244403264403189760
1243905820062072833
1243591504750411785
1243266472756924417
1243236274304995328
1243206311912890370
1243022871804477441
1242895865221693449
1242815820243382273
1242573334962941962
1242541698124623872
1242501159505592322
1242473748307087360
1242436001064239105
1242246347056713728
1242179381554040833
1242179379993739269
1242179378823548928
1242179377732947968
1242179376030060544
1242179375124144128
1242179372876005376
1242179371781283844
1242122958660939777
1241775929405341697
1241775928432304128
1241775927765368832
1241482803155554309
1241363936550608896
1241129167661531154
1241083830632615938
1241054395451625473
1241023740911239173
1240759955394662400
1240715183007268865
1240654262096576514
1240397567806132224
1240337172579913733
1240309772198580224
1240309551171285003
1240276773490708480
1240043267208642560
1239989884665937924
1239970367466164227
1239952158273015809
1239937033948332032
1239921931228524547
1239692095020990467
1239611826851196928
1239608490534019073
1239563320497033218
1238694143318204416
1238588144662056960
1238581400711892998
1238581399885668353
1238481701455757312
1238481700507791360
1238465156746752002
1238198817364815872
1237927898054643712
1237927897190608897
1237869982182080524
1237769919497936897
1237507983682101248
1237442189816401924
1237158271716294656
1236097540640161794
1236097539738345473
1235988519832576001
1235940479948263431
1235697225596092417
1235618578516324353
1235580434190405637
1235563240924594177
1235337866680688649
1235337865367867393
1235337864159821826
1234975970009833473
1234910578138853376
1234622028260487168
1233509043701940224
1233466900509872128
1233406507103834112
1233165034391560193
1233072071091130368
1233044901601988608
1233029016585723910
1232825171905523713
1232777742694748160
1232431196501618691
1232388502370881538
1232062649820540929
1231981621571661824
1231004379924357120
1230968144468103168
1230944812070850562
1230937735306760192
1230899985383735297
1230854692151996416
1230628195885625345
1230573060484468738
1230507401431773186
1230285271524093955
1230234414552145923
1230205413422964737
1230186545518383104
1230175210935963648
1230129914205986816
1229856361820889091
1229508191505047554
1228399696101748738
1228348173606719488
1227620533463846912
1227617556544020482
1227593196797956097
1227377350469394433
1227299522533040130
1227013202300547073
1226195358121971712
1225819748145016839
1225489684371034119
1225200705792880641
1225200702705819649
1225200702017937418
1225189862397087744
1225161108992020480
1224906909138006016
1224896168481710081
1224896167319949314
1224893086955864064
1224890416056672256
1224888387901042688
1224886752504156160
1224884629087322112
1224882507193245698
1224882504261230592
1224827628332384256
1224744244461568000
1224744243786342401
