1286044700818931713
1286015620442664960
1285966552102313987
1285955719364321280
1285704290158379008
1285666993379696643
1285599042198802434
1285580341298831361
1285281801175539715
1285231837846089733
1285167574913712129
1284538835557330945
1284513103644942337
1284221723970359297
1284218798690762752
1284146361814921216
1283906881086533632
1283837871162621955
1283824334360977409
1283785313727414277
1283500187994947585
1283033779653824515
1282772334122881024
1282723827580100608
1282467495996264450
1282363784238071809
1281758661279461378
1281611678103343104
1281294130073743360
1281240665125511169
1280910953735954432
1280875394187636737
1280589477229080583
1280515981509644289
1279465747887128576
1278738958655066118
1278675148925779975
1278671443581194240
1278436968729210880
1278410544890994688
1278391670204030976
1278370611333660675
1278342024559841281
1278323926490374144
1278048514296160259
1278015899396722688
1278002750362488832
1277956763405484032
1277723448391892994
1277651387128713217
1277630094492737539
1277331071198277632
1277296156415078402
1276944075653025793
1276675887770017792
1276607927663681536
1276598606926135296
1276565387031777280
1276543046985883649
1276529163881545729
1276529163210555392
1276529162543652870
1276529161939619841
1276529161302089730
1276529160740130818
1276529159997702145
1276529159230107648
1276529158663872512
1276529158009630720
1276515558817701889
1276505601204457474
1276305840933416960
1276270591645974528
1276250833546600456
1276245598690316289
1276222482748506113
1276166059360485387
1275877604893982721
1275839856183332864
1275836093611597826
1275821785364205568
1275781225916108800
1275763674158956545
1275568065254588417
1275462668145561600
1275160378759090176
1275154823139205125
1275144041043279874
1274741368720523267
1274420754885599233
1274374198194888706
1273993950773166081
1273973129690349568
1273956606749872128
1273718377106690048
1273684404909400064
1273622218862399488
1273600349173997568
1273334598135668736
1273331326523805696
1273310843447451652
1273295465849774080
1273267070545821698
1273261551940710408
1273261028671971328
1273259820758548481
1273259215671484416
1273259207643615232
1273257411344809988
1273257398610862085
1273256585549287424
1273250292516171782
1272978501591871489
1272952079057850369
1272939137939779588
1272936979261321217
1272920620192485379
1272914833789378560
1272904262473920521
1272888156207996928
1272635415883919361
1272619889706987520
1272603140987158529
1272586166437462016
1272572191947788290
1272565146179813376
1272483993854894082
1272311354997735426
1272222262733799428
1272219011573571590
1272202990636675073
1271891337957249025
1271851018448445440
1271555616440496134
1271439081789108224
1271203338030403589
1271144225602777088
1271139933785374722
1271139043649171459
1271138465024020483
1271137692093493249
1271134973001596928
1271132687202385921
1271131970123292674
1271131958035300352
1271131247423762433
1271128808352108545
1271128161410076680
1271127000871206914
1271106164277702656
1271082827791183874
1270858632834531330
1270813356723785731
1270804677743923200
1270773975442915329
1270757869541941250
1270749245570678784
1270431261161664512
1270085893907513352
1269992563240505344
1269716440187318273
1269673473812684806
1269360587210985476
1269302626635710469
1269265835585146881
1268966919505350656
1268945169459621898
1268888248782336006
1268639026220797954
1268638797027332101
1268616170938044416
1268607903725912064
1268589842964807686
1268550508064780298
1268536350325776384
1268281526506176514
1268228478631129089
1267946282225729537
1267897521663172608
1267881356622774272
1267836354035101696
1266778190271385600
1266471430352445440
1266463022945624065
1266463021725028358
1266463019279753218
1266444197428527106
1266405444496605186
1266096910894497795
1266091061069389830
1266074258175856643
1266059129518542848
1266026833834913793
1266000409660919809
1265917143209697281
1265824233227259905
1265761372022980609
1265741572320231430
1265715645141995526
1265703313485463553
1265690161943154689
1265629795469144065
1265428574464606219
1265386369867812879
1265357222399401985
1264968772701630466
1264588410590814210
1264211859206549504
1263901557919227904
1263880166784339969
1263834233266679809
1263518654639083522
1263488081686134784
1263216994842796032
1263176916611338242
1263125429780721664
1263087574454804482
1262880812543983616
1262833134246207488
1262833068248829952
1262824160876793858
1262801825931157505
1262795596567580675
1262746285708210180
1262721649868189697
1262506432739581952
1262495678594310145
1262484840601079809
1262454250040410112
1262429101190713344
1262399025858387968
1262357134429257728
1262191815001878530
1262054154182307840
1261772417506181121
1261677788517380096
1261665992578654209
1261456152379813888
1261452744927244288
1261431931314622469
1261402180126257152
1261396537650769920
1261381165115572227
1261362067321180161
1261323792837603329
1261278102350675969
1261091222585774086
1261080481157861376
1261079714594197505
1261050137385873410
1261047222998896644
1261010288050147341
1260989035272712193
1260987311396880388
1260982568201191426
1260966347762253826
1260962945804177409
1260940430117650432
1260738800243834880
1260710365316427776
1260684310169948161
1260661375631798272
1260631469699076098
1260625854851358720
1260585768222949377
1260576919348707331
1260563249927467008
1260377781902413826
1260355383195033600
1260300272951275522
1260268932281389059
1260236848900734976
1260213604093243392
1260187187666132992
1260019361630191619
1260005519390998528
1259991678141657088
1259975783248007169
1259948834232434688
1259917963093782529
1259908165614829569
1259905964670681088
1259888218721394700
1259874145350963200
1259852922453663745
1259823415978086403
1259563298644807681
1259517302330003459
1259226637218045955
1259183162665644037
1259137908730200064
1258908244782845953
1258891014019915786
1258880817373360129
1258842623852392448
1258819997415215104
1258818628604092417
1258798906332372994
1258792431191023616
1258784202960580609
1258759342725226496
1258759313994199041
1258498086445301760
1258482673523318788
1258430083125125122
1258400769352577024
1258375798353989632
1258138215183192067
1258121344841125888
1258096344796930048
1258086162524225550
1257779371777163267
1257710816314490880
1257709795085357064
1257467741499506689
1257440054668136448
1257395478976778240
1257386972240281603
1257360268859932672
1257326113682075648
1257281697198080001
1257123462629462018
1256997119459819524
1256638027297931264
1256319358999105536
1256312663363276805
1256311971084775425
1256286415471751181
1256279455049318401
1256272559215165448
1256272558514679808
1256272557852016640
1256272557185085441
1256272556514041864
1256272555918401537
1256272555167670278
1256272554517504002
1256272553804476416
1256272553066270725
1256272552248385544
1256272551422169088
1256231904493395976
1256204674555928578
1255991570324742150
1255966979418140672
1255879839585837056
1255843555353997312
1255679492208693251
1255577308594913281
1255577307898613762
1255577307156295684
1255577306455855104
1255577305352675335
1255577304648036353
1255577303821795329
1255577302475440128
1255557978033356804
1255537066420641792
1255483213381763073
1255243403962564609
1255223049424601091
1255174636700131328
1255145906371850246
1254766477636505601
1254474009531613185
1254081233136562176
1253782651162558464
1253763028698439685
1253751747346157572
1253738367675699200
1253693871688749058
1253690860836970497
1253436496826314752
1253414580090368005
1253405576941449216
1253385157182177284
1253371179651534848
1253348634223091712
1253336099167981569
1253105699988660225
1253055360526671874
1253026082825134080
1252991683509325825
1252954012242018304
1252715125737480194
1252711850162163713
1252706302259793921
1252700900545761283
1252649674294603776
1252380832032886784
1252373967303610370
1252350107388801026
1252331416693555200
1252288453628354560
1252197738919473154
1251973213883641856
1251942165141508097
1251590727622111233
1251518732813438981
1251300679404138496
1251251635885690886
1251224791207510017
1251177001949462528
1251128887452499968
1250882446935064577
1250822660659052546
1250815615067213824
1250786405963440134
1250528870186573824
1250460592558784512
1250447734613647362
1250196421971718145
1250157946081861633
1250144291181096960
1250119681186451457
1250096749236162562
1250038752929615873
1250026099280613377
1249861846850469889
1249819653674659840
1249796792025219074
1249751237731500033
1249742516041244675
1249738004358254592
1249722852187742208
1249708458322079744
1249694746903183360
1249677501930102784
1249662024621096961
1248398953822867456
1248397662480551940
1248354193322266627
1248346187616391174
1248317531120717825
1248284492919439360
1248256313219584000
1248046414036336646
1248033517440765952
1248026586978217985
1248013002281848832
1248013001371738112
1248013000478351361
1248012999559761920
1248012998624440320
1248012997148082177
1247910712426598402
1247671537588633603
1247635139171098624
1247623352157646850
1247612116720287744
1247576405556310019
1247552543758127107
1247547463378108417
1247516230086537217
1247275543034236931
1247210704593129475
1247131538552229888
1246962111009480704
1246895205732712448
1246858715187286016
1246848311472111616
1246531991157248012
1246509830367576064
1246491218336460801
1246149454668890113
1246135917162704898
1246133624002482179
1246067408764272640
1246062669469306881
1246057148230098944
1245889574364200961
1245871851751923712
1245825553493643266
1245824417650937858
1245808990593994752
1245760586564190208
1245712417839079425
1245410691441451008
1245371670942097409
1245342200076124160
1245133702088327169
1245115157468131330
1245081398744137728
1244993257572052993
1244796398345826310
1244678877747785731
1244654395968626690
1244321759400165378
1244015735522971648
1243906937651068928
1243667387955785729
1243653712482009088
1243632634368086023
1243627601052217345
1243613944062840832
1243593413708087305
1243583809221734400
1243575443225227266
1243535591561670656
1243305720747118593
1243201280165720070
1242960302292992000
1242904159202029569
1242859440858169344
1242850962529812486
1242576820693762048
1242569541454045185
1242501693402525696
1242482055650381825
1242477751841538049
1242450160803811329
1242232156128239618
1242222889816010752
1242218738444877827
1242213104915746823
1242171843282456577
1242166724880822272
1242149264274403333
1242135818799628291
1241865908693487624
1241780275010568192
1241778547498369024
1241761265195900933
1241545545354825728
1241513049007304709
1241420269232828416
1241373350926127105
1241152664995495939
1241152607458074626
1241132992153694209
1241088909154672641
1241079598726684672
1241071572351410176
1241025196917694464
1241022825500213248
1241018997547716608
1241005704368054274
1240969060801806339
1240969059170213893
1240841073750147074
1240771636862877696
1240767188262420481
1240764202970734592
1240727647132487682
1240703043223441412
1240699171012669441
1240650982205333508
1240623910019829760
1240618540333510657
1240418121648869383
1240370632451403776
1240362244493492224
1240348139271475200
1240330003507752961
1240313113599238145
1240307407718354952
1240299881849393153
1240250485594079237
1240085434908229638
1239988734545797121
1239983823971999744
1239980592785227777
1239967928436457472
1239952133564370944
1239918159001456642
1239893193161932800
1239692200520417285
1239649490572894208
1239639658822238210
1239574770733191171
1239562796423172101
1239544459580313602
1239542796509491200
1239541332122775552
1239540302794366977
1239538728034611205
1239509315435794433
1239307223706284039
1239274727270690819
1238926507067822083
1238900384787202049
1238691359239831552
1238619449411936256
1238557065964118016
1238511195704958978
1238460072868696065
1238164838888755203
1238122708573065217
1237917370842263552
1237858585448718336
1237832634572701702
1237813486966788097
1237735964199485440
1237550285771304961
1237534452063952897
1237490915834396673
1237483882045472768
1237473811374714885
1237453216603930625
1237427948392722434
1237382342357860353
1237372830309892097
1237099829635014656
1236691164201451525
1236399826398568448
1236375772690087936
1236330699835289601
1236131358897995781
1236072985020313601
1236048702978101255
1236027765008330752
1236018469545693187
1235995441122226177
1235969654281121795
1235951540046872578
1235930588311322624
1235891091142033408
1235762447367225344
1235697850299768833
1235659128745455617
1235656998982758400
1235625866480078856
1235607166561722370
1235590503246282757
1235575736540499969
1235343335499366400
1235328415617527808
1235323146221293570
1235313548315824130
1235271022410174465
1235261679832883202
1235242565449940994
1235235131813761026
1235232746219483136
1235203924845617154
1234969714998349826
1234936775002533888
1234902610227810304
1234888036493746177
1234867752604663811
1234857935517487105
1234840860048740352
1234563542784847873
1234515797202100225
1234201307759685633
1234164074403024900
1233844298589798400
1233802978831761408
1233478224711163905
1233442807945273344
1233438792029294595
1233411055843467264
1233406002088861703
1233188313995104258
1233152293656236032
1233135168426258433
1233110741747675141
1233099951699353602
1233078925212909568
1233054709902192640
1233008833791963142
1232975561590525952
1232793751824871425
1232790756668116996
1232780298598961154
1232773585594462213
1232727448829267970
1232725262732795905
1232703213159272450
1232454341316841472
1232425031579373568
1232398198012022786
1232356338442948609
1232304591007571968
1232019083379519490
1231975429713645568
1231732370065281029
1231632049242591232
1231321896173654017
1231246152626065408
1230949934159028226
1230933477748609032
1230906030248333313
1230866012184219649
1230676649148133376
1230583499402420224
1230553429912715264
1230535599943225345
1230521886532153345
1230501811011883008
1230190900459995141
1230180698801217542
1230160256631701505
1229883106057912321
1229856745670967296
1229831832658726912
1229802090387648514
1229528847776915457
1229430247088689152
1229381727002517504
1229093759557754880
1228738491690946560
1228721883396231168
1228434993078325250
1228419893822771200
1228409414501183488
1228306117979201537
1228024493496512514
1227969071888596995
1227955391876784129
1227726958068469761
1227668484248756225
1227652042673577984
1227563761906700288
1227373047079985152
1227363065039138817
1227357770275606535
1227354292241227776
1227354031699431424
1227340422575480834
1227334407964561415
1227313697967820803
1227246687988699137
1227230875252817920
1226963995527131143
1226933704993452045
1226898362655498243
1226554801070145536
1226201968944828416
1225847925588287493
1225843025617838080
1225833160958775297
1225776418489032704
1225611709831942145
1225604413278031873
1225574803408592898
1225562678049071104
1225536635485540358
1225531500420042752
1225513461490294785
1225511619993665536
1225483579553128449
1225448673573769216
1225439241846558723
1225184887231188993
1225180592641363969
1225173581971304449
1225159095071707136
1225138905705590784
1225135764490637312
1225118192693063685
1225117313269190657
1225105585814802433
1225096694171406336
1225087357084491777
1225080145263955968
1225073089136025600
1224909985114705921
1224753538527563777
1224719533774135297
1224706949763289098
1224685837218144256
1224451012007616519
1224436483836149760
1224018079572799494
1223660836356612097
1223644679142629376
