1284633589678825474
1283846950304075779
1283834609030111233
1281698156913274880
1280534186835808256
1279410140832284673
1278367907337158656
1277965081179906051
1276279310056374272
1267146279936761858
1267146279198568448
1267146278129057795
1266403357842964481
1265770924537720832
1265763991080579073
1265358492422082563
1264940975803244544
1263151815077646336
1262450939597856774
1262450937731223553
1262450935407824896
1260616872153751553
1258847117671632896
1258112190047047683
1257324343102566403
1257324340674060293
1255139808038412290
1254814326306848768
1254814321055600641
1253678249676283904
1251154147979612163
1251154145244966913
1250462507304734722
1250113220490268674
1249776199171289090
1249776197271248904
1249738256322879495
1249727565402701824
1249504939308724226
1248300927767007234
1247971218155847680
1247959856566370304
1247926821418668037
1247890722012819456
1247621840522153993
1247620137739485185
1247599559326543872
1247599555870445580
1247575179867422721
1247526515543126016
1246166811961409536
1245740223339864066
1244680358576230400
1243725629771653128
1243718778262880259
1243488134156947457
1242527020644470787
1242472778030252033
1242216978351300609
1241318743072006144
1241089201841385473
1241058025651286020
1241038219233374208
1241023562611376128
1241020386533355521
1240977785209962496
1240721958993608716
1240406368076681217
1240406365513932800
1240351699094700036
1240344385650376704
1240322980338679819
1240302326558199811
1240295492896112641
1240051506008723456
1239929187919712256
1239582086920626176
1239581183538860032
1239192533374324743
1238824834693505024
1238594358468907008
1238562948370530304
1238559592323391488
1238559263351615489
1238517723270955012
1238494722198364163
1238477797976420360
1238453809623576576
1238105331659608066
1238100177224859650
1238100173882036224
1237779702535815169
1237770117855023105
1237734420825677825
1237726123007631363
1237433742362198016
1236766971842232321
1236054684965707777
1236021640892485635
1236011027696934913
1235997522998505472
1235996771677089795
1235995946665861127
1235987482493235201
1235980298481020928
1235976054134710272
1235976051064532993
1235673786793553920
1235578818791866371
1234988648728162304
1234924749169577984
1234879373704155138
1234577304208248834
1234520966149046272
1234507058688516097
1233442516030164998
1233441654725660673
1233441166135308290
1233441163367141377
1233431925727145990
1233426704519049217
1233415959827881992
1233415550493171712
1233405509740498945
1233402198849150976
1233395281250656257
1233067791718154240
1233057873850138624
1232853565716271104
1232853563933626368
1232707389075398656
1232707385887744003
1230932794588770310
1230888866183335936
1230877196253835264
1230877194538405888
1230863057670299648
1230860877974228993
1230860876275765248
1230860874979647488
1230860873318699008
1230565434656559104
1230565432681168896
1230189772095807488
1228371850721398784
1228314174033420290
1228313943577370625
1228313941442547713
1228300222419349504
1227962518141906945
1227675727602094091
1227675724640743424
1227654851351412737
1227637643833421829
1227340174557876229
1227009933654331392
1227009931490025474
1226889952815915008
1226889950727110656
1225820004286902272
1225819396230254599
1225818717512228864
1225818715045945345
1225807490513821703
1225784942912843776
1225783398272204800
1225783396300939265
1225499413503713280
1225437974088888321
1225221640390397952
1225221346885603328
1225221345895755778
1224765604730736642
1224398714027929600
