1285687451026173952
1285684521237655554
1285633018699423745
1285228747063533569
1284512620079394821
1284174411080306688
1283893779439681537
1283865860373909517
1283793715346243589
1283784948927868928
1283760893147459584
1283475891910250496
1283067622943227904
1283045256674541568
1282026878849609729
1281966479962001408
1281685484457123843
1281608706711592964
1281363995069427713
1281269571706654721
1281264918583545862
1280949599994351619
1280939990306951168
1280907069772763147
1280553604508725250
1280521515474321408
1280230036088463360
1280172210209132546
1279426146891968512
1278807249197113344
1278695625530527755
1278402832358670336
1278377927642677248
1278341066463330304
1278333617870180352
1278085909498351616
1278007476680642560
1277997956684185602
1277970064679952386
1277734393507954690
1277731146734895104
1277700565695414272
1277680042651332609
1277678300559802368
1277651855292669953
1277602651262377984
1277362894372560896
1277270537228750848
1276953446206193664
1276877946771259392
1276639309186162688
1276577633896140802
1276574611250065411
1276466878077194241
1276336420840488960
1276302972562083841
1276283271920435201
1276275270635474944
1276269364971548678
1276217817684205576
1276198823174471680
1276189107778174978
1276188744572383232
1276138072086769666
1275927364128649216
1275812446641557505
1275516463110066176
1275494029929713666
1275142831875776516
1274748427033808896
1274076117259948034
1274020056909963264
1273772714197729280
1273717221806739456
1273705312453787655
1273326655969398784
1273298435777716225
1273277502333562883
1272951318001471488
1272943535315128320
1272680288250888193
1272637766430588930
1272633397257613313
1272629883538157575
1272621343520022528
1272596181315698688
1272550459866320902
1272273870582697989
1272251870220816385
1272175395656400897
1271569829053509634
1271481974167875585
1271200539385180163
1271118700784029696
1270853251001225216
1270830598701977602
1270823390530752513
1270809104328597507
1270769136830947329
1270746179010248704
1270719925640806400
1270462821059440640
1270394811879763968
1270131283369299969
1270105822828408837
1270095068003799041
1270056449604046854
1270036570729525250
1270028466902237189
1269282900500938753
1269275120675291136
1268907362473082880
1268675282430558214
1268610469385953280
1268263684381396993
1267912215367225344
1267888874614919172
1267607820939264001
1267555809057275907
1267554757931077638
1267485579626926080
1267138773717938176
1266817448923324416
1266346050580877312
1266323696190394370
1266036354074447872
1266008828631330816
1265787854107672578
1265743156760514561
1265729469643440134
1265728195342589952
1265710366287429639
1265675497536618496
1265674123872780293
1265665963191603201
1265646023948599296
1265406560743960576
1265357034557337600
1265333793772244993
1264976796023488512
1263908960190554112
1263876851606458371
1263533660013199360
1263461365127229440
1263297434123415553
1263182818026442755
1262832779324198912
1262769804907360257
1262490820042805250
1262452376667074560
1262446025492566017
1261468346601500672
1261342076177911813
1261334275615580162
1261280169576353794
1261107497420685312
1261091425321537537
1261070793812914176
1261053677441290241
1261045576239591430
1261010998116397058
1260985929323417600
1260976863675064332
1260694210036056068
1260694170735456257
1260674013266948096
1260625928247488512
1260614091879714817
1260572900337373186
1260344949725372416
1260290373831790593
1260277063774285830
1259921216313450498
1259853215669137409
1259847842887327744
1259499040531718145
1258537112044883970
1258489140116697088
1258455806103650312
1258437752204517377
1258404451003572224
1258404449950797824
1258404448331862017
1258177222092787712
1258034722942451714
1257681432811581440
1257673912374243328
1257384624994598912
1257343100990742528
1257316695204495361
1257311515117367298
1256609181668384768
1256333130362785792
1256290456717180928
1256236080216629258
1256236076789891072
1256000041900224512
1255884218078502913
1255838259973894146
1255632957706043401
1255618503870210055
1255203116972232704
1255174767776346112
1255143045055393792
1254929344667017224
1254814348482134022
1254199585448263681
1253836117842866176
1253735737532481537
1253731606650642432
1253670026802081792
1253477504897220609
1253452971737841670
1253427888872816643
1253395582175121409
1253345385709436932
1253317581349498880
1253115116725383169
1253062703012347904
1252985052897718278
1252937698681032704
1252751300778917891
1252718755752431622
1252715263566516225
1252697213593141248
1252618606115983361
1252597542413578246
1252390674155974657
1252387657771913221
1252262060437749762
1252025400571682823
1251297264221421570
1250906818915766274
1250807065813139457
1250795874508308480
1250781794850541568
1250773401310035969
1250578961559687168
1250559528812392459
1250542677617192961
1250210397057056775
1250199862517411846
1250196066261176325
1250191606940131329
1250188083103961088
1250164167044222982
1250096744874082304
1250079692302024705
1250068082149687297
1249860455855722497
1249714221731979268
1249336470654963714
1248966531129782273
1248761777879494667
1248686747875266561
1248630026951634944
1248615664052363265
1248385214126178304
1248282971062362112
1248279478398341129
1248264407651500032
1248254745808113665
1248240679173738496
1248056843529830400
1248007713545748480
1247969965602304002
1247932219600949249
1247894944804569091
1247891815673393152
1247592476602437634
1247566953167892482
1247554733512052743
1247524532878966784
1247282937676136449
1247260288681824256
1247237638588968962
1247207441663582213
1247170461282287618
1246905451851034624
1246829952969969665
1246829952336449537
1246452464729100288
1246422269003476992
1246180674694000647
1246139150312435715
1246099652337971202
1246046576256172032
1245890393847353344
1245845081048911877
1245840267627896833
1245825296340828164
1245762851588972549
1245709725565624320
1245708263804592133
1245440799585665025
1245411590066888704
1245405444467802115
1245380404649119746
1245357650721767424
1245026536488607745
1245010463508832257
1245000199845658624
1244987813717737474
1244744548787597318
1244723573874278400
1244708886512361474
1244668390108803072
1244633479456882690
1244368736808820738
1244278139972288512
1243945949426102272
1243910452255633410
1243900653266595840
1243613309531717634
1243613308097302530
1243538263454953475
1243289120731889664
1243266473826680833
1243236272417587201
1243206074670313472
1243175877241954308
1242904086896349185
1242873888209584128
1242828587402698753
1242798389328105472
1242579444432277505
1242556795475726336
1242511501950255104
1242490106105204737
1242466201483149313
1242436003089928192
1242209506911752195
1242179309369843714
1242164208244002821
1242134011268542466
1242088711195480065
1241816920002834432
1241801821888212994
1241726323606745088
1241454532196012032
1241439432953094144
1241382340246544385
1241382169416740868
1241382097253814272
1241363936211021826
1241122806600998919
1241122805732773900
1241122804814295044
1241122803732156422
1241122346053693440
1241107246131494912
1241077046077505536
1241001549456760832
1240986448238481408
1240729757341364226
1240699561104080902
1240654259399483392
1240639159854870531
1240397569118912512
1240397567437033473
1240367369660379137
1240354606586236930
1240352270946009094
1240291874025414658
1240276773176086528
1239977801530232839
1239971874274041870
1239958122350829568
1239911115695501314
1239607868736798721
1238873742647984130
1238842320298151936
1238592790625497088
1238592789115437056
1238565559316422666
1238549554670325763
1238467315747995649
1238191028601004034
1238174166945157120
1238124519870603264
1237825591744827392
1237794500308799493
1237770260180168705
1237751189523046400
1237721182679568384
1237498306043019264
1237468266223685632
1237368330232705024
1237368329611943937
1237172583700803586
1237147652120289288
1237096613589536769
1237007732827439104
1236773690051899393
1236652894763601921
1236320706494894082
1236048913708093440
1236037588651257857
1236019975799926787
1235935918856396800
1235935667831689216
1235701624728956928
1235631341624061952
1235631340910858240
1235607252964384769
1235589297635549185
1235589296985436161
1235358667488321543
1233542900392185858
1233542648859750401
1233542399550533634
1233527297581473792
1233504648402620416
1233447083161636864
1233447043655458816
1233173257940959232
1233165413212655619
1233165161587855360
1233164910885994498
1233155807073701888
1233119611283034112
1232429360726052864
1231961266970820609
1231232178744365057
1230618349530492931
1230560247200092161
1230549660760145921
1230149225826131969
1229420235075334146
1228437685691387905
1228437684504481794
1227638496942149632
1227608298972729344
1227351605789499394
1227332245725249542
1226958637953961988
1226895540576751617
1225752706918363136
1225542163251048448
1225499192036077568
1225433973926645760
1225196874690387969
1225131982427955205
1225071581963091968
1224898381170061314
1224811489569144833
1223682429103169536
