1286038535678697472
1286038535066329090
1285971901458915328
1285648779845263360
1283454290384871425
1282701971741450243
1281987316513480705
1281293613121536001
1278708711184388097
1278358247234244609
1278356229350404097
1277616320859774983
1276523269395492865
1274064318410240001
1274063604325769221
1274020060168847360
1273324755379159041
1273279066238406656
1273051476252860417
1273014262672142336
1272547857396973569
1272310294648246280
1271467228186247169
1270480839063801858
1270480837998456832
1270480835800596480
1269004749912891394
1268921703998066690
1266822394695516164
1266125778640670721
1265747063712690176
1265735354386178049
1265729200440463360
1265364559231176706
1264882644271149061
1263554503393128448
1261471221050494978
1261471220232384513
1261471219305590787
1261471218416234496
1261471217514622976
1261447565557424129
1261058421530517511
1260321603474292736
1260252747498164235
1259994910083756034
1259927321026400258
1259493445753810945
1258799214844416000
1258468720395124740
1258468719489155073
1258468718662819841
1258468717782093824
1258468716972584967
1258421704730324993
1258136672706887680
1258075250585145344
1257363162057375747
1256252761483730946
1255299798061719554
1254874687278112771
1253407501560709124
1253003358975275009
1253003357897318402
1253003356836167680
1253003355670052866
1252644104783245313
1252608381417926657
1252289365465878529
1252245973407076356
1251562586874806272
1251263532500426758
1250851320308908035
1250459173785042945
1250430120407339016
1250141419743916032
1250103390656507904
1249777803198955520
1249777801571549188
1249732882442092548
1248616826319147012
1248345414274859012
1247978293690798082
1247907889848729601
1247866533319249923
1247566842908028929
1246115054539476992
1246072724012683265
1245390088399458307
1245387474295312389
1245356754923331588
1245356752947810314
1245059445656367106
1244993978174451712
1244992375048593409
1244669836820709376
1243638091673300993
1243570207911751682
1243557721485512706
1243230656479420419
1242470926106542083
1242470924990812161
1242232158208458752
1242232151120080897
1242221596552474624
1241901112350957577
1241785547519135745
1241361572636889089
1241144424672919564
1241144105549344768
1241093417641357318
1241065752804970496
1240783181089058816
1240783180006858752
1240709877015515136
1240680685909786626
1240680670420221952
1240625005941207042
1240439148407857154
1240280895585693697
1240277093541429259
1239965288453394438
1239965287165747201
1239965285504835585
1239940549827858441
1239940183396663296
1239892597159669760
1239599337434472450
1239237048776691714
1238833863608188931
1238553280869019651
1238553279954661379
1238553279149289473
1237831183045623820
1237822968845283330
1237798866176610304
1237766396202934272
1237477664690245633
1237477663868170240
1237366613629902848
1237121532297650178
1237121531597160450
1237121530762534915
1237119203896950787
1237095939564765184
1237064946158092289
1236389827324542977
1236008849297018880
1236008848579792898
1235983235965992961
1235935467637522438
1235691478288134145
1235643767438245888
1235325809725931521
1235307813984964613
1235287263073972226
1235273108023660544
1234967805465890816
1234930685774876674
1234182740704186368
1234182226805391361
1233475504881197057
1233439915905515520
1233439911916789760
1233026824294346752
1232735542644744193
1232362363166351361
1232362353762721794
1231654718046396416
1230886717202345988
1230560407581888513
1230517826001215489
1230250336247402496
1230216267832922112
1230216266180431872
1230202173709070337
1229869285184540673
1229818912151363590
1229796603411750913
1228359440329560064
1228069355021361154
1228069353750487053
1228063114698121219
1228049063456759809
1227992175046164481
1227975958516391936
1227759519297626119
1227718173425881088
1227676793374638083
1227299389984641026
1225915379496734721
1225859031786491904
1225447528793071618
1225170573262761986
1225126320331423744
1224901656535621632
1224901655369605120
1224790255829692416
1224684561197563904
1224500413006864386
