1286051518874095621
1286033050590154752
1286002656050393088
1286002653693083649
1285934651282984961
1285934649554931713
1285923499001942016
1285909042498502659
1285611860176318465
1284533807736131591
1284164094485049344
1283831972935213058
1283562268127571968
1283515338706096133
1283436550110535681
1283203165761024007
1282855487105576964
1282397274652512257
1281654127823470592
1281349156561395714
1281276149503492096
1281275809672630272
1280976339005321216
1280618096781414400
1279587959352840192
1279423607282831360
1278786002669232135
1278719687166169090
1278419226269814784
1278367953726115840
1278348746674393089
1278086600644313089
1278061325898448897
1278061192871841801
1277688930788409347
1276212693070905348
1276196236752760833
1275577688787496965
1275521462024253440
1275515082408112133
1275514860621742081
1275477333349187586
1275447612003348483
1275440826848407553
1275183553706328064
1275074575244521473
1274099912452591616
1274087958421868544
1274087895243128833
1274055898751737856
1274051436846997504
1273725550171959296
1273657855032377345
1273379587653853186
1273360940428398593
1273293014346207232
1273274305716068356
1273008913206607878
1272974481863200774
1272974418843754496
1272621146891063298
1271909826495463424
1271511388029149184
1271511032968683520
1271495755216424961
1271456100639035392
1271198944845062146
1270854583670243330
1270815343842398215
1270771618256695296
1270454251685322759
1270454250183720964
1270408584615153671
1269755904456634370
1269720879178682368
1269687471819890689
1269387408325345293
1269387406085705728
1269387403879481346
1269387401698447364
1269387399542571012
1269387396082290689
1269387391938199561
1269007796130975745
1268945217555763200
1268682906374995968
1268659712691765248
1268585750943186946
1268585749223440390
1268335485715447820
1267940800501030913
1267499057318170628
1267499056256991232
1267499055430676482
1266506286046330882
1266484522457202693
1266484128586792960
1266454333220143110
1266406115694305280
1266391352608272385
1266136608014848000
1266130930567086082
1266089792418336774
1266080447739695109
1266079639082057734
1266057551545872384
1266046291701895168
1266041015980503042
1266030492148695040
1266009540090363905
1265808740927909890
1265346700459347970
1264985260841975809
1264965658846154753
1264248141982978049
1264248139755728900
1264248137511849984
1264248134768758784
1264248131748802561
1264248128741539841
1264248114514464777
1263975056855744526
1263899927433928705
1263876428984180738
1263831546978582528
1263604425186304001
1263535004405071873
1263523815373647874
1263509691684007937
1263497295695405056
1263259073413369856
1263259065381158913
1263200916477480960
1262874406453489667
1262867836193714176
1262842273521381377
1262782547769073664
1262747216747192324
1262557252566867968
1262557251753164803
1262557250922647552
1262557249693724672
1262557239421947904
1261791589774524419
1261751856306499587
1261480154682978304
1261457266298912769
1261442845321449474
1261385783002292225
1261385780599103492
1261385778506186755
1261385776325111808
1261327800449019904
1261324400382656512
1261028646980071437
1260989601600147467
1260961301922222082
1260669640101040130
1260669004915642368
1260615480253001729
1260567702890045441
1260561501477363723
1260370718518317061
1260355357257478144
1260267294195879936
1260265706865688578
1260265671130337280
1260263675920822273
1260263644895621123
1260261396740280321
1260260106979151874
1260260102629732353
1260260060267233282
1260257567969861635
1260257541122134020
1260256342801027077
1260256333414182914
1260256299159347207
1260254393213083651
1260254373340299265
1260232155562684416
1260223120763486209
1260200034370572294
1259959803872501760
1259947941890064389
1259903866570788867
1259198064037965826
1259198060271480833
1258870609230155777
1258870410868899843
1258862544212635648
1258842283035820032
1258799477550391296
1258760989400600578
1258752447427891200
1258533534509096960
1258520249349009410
1258510200413097988
1258468058659786752
1258412901544726529
1258209895968636929
1258166398360092676
1258161862665023493
1258149204607860736
1258103841712717831
1258099803856285697
1258056108930928640
1257834530913869826
1257710842239422470
1257702793869230086
1257694802063298562
1257449246204231680
1257448999923187715
1257384352633274373
1257384350326366216
1257384341480640513
1257341544119574530
1256366729363623944
1256337615730511872
1256306791769444358
1256301906680520704
1256265284689833986
1256260753528623105
1256227448133468162
1256207588573806597
1256193267504418817
1256018597853515778
1256011241107197956
1255975423655231488
1255973773917982720
1255969195575185414
1255896489743790080
1255894303131480066
1255882397222162432
1255882393858314240
1255837153864683520
1255604257451057152
1255498552140353546
1255490987511754753
1255245908385714178
1255231348677230592
1255231313398956034
1255195460958109698
1255190493232840706
1255185655153545217
1255185650535608320
1255180923659784194
1255161370410201088
1254854334870745088
1254138122813739012
1254138117386354688
1253815952388558848
1253795421656420354
1253749092733333512
1253715445896667137
1253678528371007489
1253449440511373314
1253336297843748865
1253060738698092545
1252996363262078976
1252981288102920193
1252764147743326208
1252700966463430656
1252689063993278465
1252381046433181706
1252381042700201984
1252380391064788993
1252323578915295235
1252313788306665473
1252313673978298370
1251597175672524800
1251266625220861952
1251259938724286464
1251170714020970497
1251149542478639108
1250849386432811008
1250849381953257472
1250849379721916418
1250849377339543558
1250849375246602240
1250849372440584192
1250849368955146241
1250849366845329410
1250849364588797954
1250849362063884288
1250849335773986817
1250821622329737217
1250814972566831104
1250527561744072705
1250527557109329921
1250463619231485954
1250463615213350915
1250199161888268288
1250163824277192706
1250082357580873732
1249789748719345666
1249789743908470787
1249740136646148101
1249724433356533760
1249496570648821760
1249332166993076224
1249087176010334215
1248718677886881793
1248699719511138305
1248395167242915840
1248377923620331523
1248377733253435399
1248344721681981451
1248325523622768641
1248319901208645639
1248266989396791296
1248033716305309696
1248013007776448512
1248005054226780160
1247957695199621121
1247934673315147778
1247922016033832961
1247922013794177025
1247922011688632321
1247922009419534338
1247922007284613127
1247922004839346182
1247922002100391936
1247921985889370113
1247911559126560770
1247881153727660032
1247705353208369152
1247705351157407745
1247705348393381891
1247705345281134592
1247705326738161669
1247648231674298368
1247577459865915392
1247577456032337920
1247554663634870273
1247322776081399813
1246797973155131392
1246797969820659712
1246475676020064257
1246446882446082053
1246201797670326272
1246156244282466304
1246152826574831616
1246125344790392834
1246089226241871874
1245890074824323078
1245870955584319489
1245868451085692929
1245868449349300224
1245833695858241536
1245813808230215698
1245730580379115524
1245717387095224320
1245706652281704448
1245504292439707649
1245471654395994118
1245440021030678538
1245440016173711360
1245405003491291136
1245390702311342090
1245356147571294208
1245335552418856961
1245161777102536704
1245050978073796609
1244998600951824384
1244977514344308738
1244787756800315394
1244745463682736129
1244683735741718531
1244674648089993216
1244665800033787904
1244665715950604288
1244624056059596802
1244375492335198208
1243923212523786240
1243712268547874817
1243659117102800897
1243646935254413319
1243628576974528513
1243587759413092352
1243547235532582913
1243545907221708800
1243537671777124354
1243277231461408768
1243153478316429312
1242964094241648640
1242958351790678016
1242894931657719810
1242866646399832071
1242862252455329792
1242843679510999053
1242815939554541568
1242799466115186688
1242580723917295619
1242561008306130946
1242535799008178177
1242535784579809284
1242535780238721025
1242476834954059777
1242246038859194375
1242178945312788486
1242152740207370245
1242104110226210816
1242088835510648833
1241880253359968256
1241838631347765249
1241725751772184577
1241537981330214914
1241537977639219201
1241537974438854656
1241537971175804934
1241537954943827969
1241443262088515584
1241430084390735872
1241423044251455489
1241393198443966464
1241168072377077760
1241114740073598979
1241097096167600128
1240995056934367233
1240789947579281408
1240789831602626560
1240789828020719618
1240756842575343617
1240702972603990016
1240702969374330882
1240702951099961344
1240695666336124929
1240688021776678915
1240631611668025344
1240618321923489792
1240447081044676608
1240366859620360192
1240348306154426371
1240334435096104961
1240309455432167426
1240288782986903557
1240287940011536384
1240272366372098053
1240272364006408192
1240262634399830018
1240027274960871435
1239969754778972165
1239942749320892428
1239919590534193152
1239700915105513472
1239700898567401472
1239650509516165125
1239615161163558912
1239578718919700483
1239559169713332224
1239555635982807042
1239550482936475649
1238886564287205377
1238886563532210176
1238560023715946499
1238558264578768897
1238486878988513287
1238436678076940290
1238273456308969472
1238273353288495104
1238151389261565953
1238141363750830084
1238138507895418880
1238120966460518400
1238063011736289280
1237918882779758593
1237891436315467776
1237860054142861314
1237808714494750732
1237762315912654848
1237745447399239682
1237478409938370569
1237445298949173254
1237424970407579649
1237384537505751040
1237348042300325889
1237347546915364864
1237344647871107073
1237336465388064770
1237191516235411456
1236415293142044675
1235725120074682373
1235571981954813954
1235336098353643520
1235320078029279236
1235251292785823746
1235247344385265664
1235010715632709633
1234992819619553282
1234955292779171843
1234935153090318336
1234901120696430596
1234891313818095616
1234865972428800000
1234486763508453377
1234196493277507589
1233864178722627587
1233774785773129733
1233516381825634306
1233434841431101440
1233182289829429251
1233115670138757121
1233091777210482689
1233067141429178368
1233064645587542016
1233032428077436930
1232796381586345984
1232723788820815873
1232700161060745216
1232447558313631745
1232053525393412096
1232018316023205888
1231980897899098112
1231942145294163968
1231317910066520070
1230996864163549184
1230921452356087809
1230891639805227008
1230538821382606848
1230175499391045634
1230164689046450178
1229903434117189632
1229475908878295040
1228821639196020737
1228757718888058881
1228446977299566596
1228406234946076674
1228392773138763777
1228355628344774657
1228156726744166400
1228096225033048066
1228086524526329856
1228070111405379584
1227733853869105157
1227410599035928576
1227363538726981632
1226589154307428352
1226199533329244161
1225854138698936320
1225809199856279554
1225537935791083520
1225537934016876545
1225509583533244416
1225422144437411846
1225384552593575938
1225198828229447680
1225198827352854528
1225182220954095616
1225080229124853760
1224907409300377600
1224850358549258240
1224806552273551361
1224681224565903361
1224464994785468428
1224445001012137984
1224375390107508736
