1284502566580224001
1283848845554745344
1279425452436869121
1269289025678061568
1267481497096814592
1257373412290330626
1253468408101982218
1252980744714170369
1252966814520311810
1252612091762049024
1252599307586482176
1252333352771899393
1252251818425561090
1252251003916877829
1250803482493321216
1250533084073787392
1250476747319099392
1250435138984374272
1250110999434342406
1250110077752750080
1250073822109335552
1250072884460036111
1250043216440840193
1249314229838110720
1248743663699664897
1248743580102995968
1248311809758695429
1248242957586554880
1247979706399539202
1247932435653894146
1247887372886216704
1247885664047132672
1247582265028292613
1247567209347665925
1247513684131405826
1247168077445259264
1246090314118561795
1246072080107520001
1245828093853478913
1245782616109957123
1245410250208968709
1234943669590994950
1225065501002473473
1225065412624252935
