1286066952654512128
1285701229243441153
1285331265156263937
1285325258568998913
1285299768508518405
1285290037521850374
1285278593053073410
1285251643202777088
1284096779198369793
1283240822515933184
1281678114918146048
1281678044726534146
1281403882044874754
1281403776818204676
1281307986804301826
1281307930298667010
1280536997434703874
1280478567122509824
1280478550945075200
1279496707449991171
1279260673961267200
1278767330374356994
1278688655276756992
1278688337889501186
1278684981246730240
1278038328697401349
1277768984943788033
1277750264137691137
1277656032144248833
1276567525074128896
1276233857726111744
1276219259526565888
1276219202978881538
1276219175472635904
1276218933847240704
1276190964684652544
1276163960325185545
1276162285946523649
1275834505895575558
1275831997429174272
1275828209968467974
1275827363499081729
1275561670841176065
1274852213798637568
1274057075891503104
1273991485499805698
1273785643534110720
1273452875449073668
1273279342223732739
1272894821909364736
1272870934773407744
1272870381267845120
1271878388832182273
1271276499304427522
1270009756422455301
1269393009050820611
1268904439961866245
1268904438091169792
1268894109340782592
1268563057543974912
1268228164762972161
1267541199189094405
1267541173926875137
1266920922839240705
1266917038666256385
1266817892236046337
1266805689357348864
1266760078427914242
1266090428006309891
1265809263865315338
1264976484843782146
1264970059971256321
1264519573300224000
1263559430148407298
1263479442061606919
1263191395784953858
1262930148686467072
1262885967423320068
1262774538884055041
1262767077867339777
1262766767182659584
1262755344498831363
1262718027470159873
1262571142075875335
1262525056724459524
1261668893141143552
1261452892952768513
1261388910745313280
1260995831420895237
1260529169877929984
1260288558243426305
1260262379155263488
1260261156800913409
1259142024902717441
1259107094260846592
1258826977450110977
1258540281722318848
1258540209559334913
1258475562168877056
1258036965838069766
1258036827308658689
1257863502502465538
1257857600017829892
1257398601594155011
1257347875224408065
1257311707111645191
1257297611607945218
1257297108278939649
1256678791713296392
1256039568954056707
1256038609989361664
1255886276496109574
1255581676077490176
1255567894844518401
1255530096380776451
1255228140248596484
1255188719990079489
1254920441392779267
1254834111820201992
1254751280649601024
1254751279169114113
1254130750133280770
1253879825816788992
1253879817444958210
1253879783932530689
1253767417760792579
1253727544312037381
1253685294487961603
1253500655408418817
1253414222802743297
1253368535860088834
1253361610233729031
1253127574596866050
1253097692475121664
1252733405923545088
1252718427191549961
1252677619490992129
1252392102752694279
1252387313776123905
1252310862783750144
1251569648073613317
1251557885747900416
1251255816239398912
1251222985312284675
1251213139355611137
1250968713085534209
1250856104365633543
1250825893716656128
1250615752207536133
1250607291407249410
1250587010680619009
1250155045410275330
1250152398552694785
1250145606372384768
1249768790692368384
1249725909789298690
1249723084292132865
1248814687829008384
1248759275243044865
1248610403774414850
1248396047019175942
1248376957965717504
1248303364473073666
1248303246957072395
1248303063590461446
1248259339820978176
1248258048809934849
1248061406731210752
1248056486024097792
1247698231221510146
1247524645793755142
1247517988733046784
1247339000211308544
1247336636997947393
1247284699053076482
1246882336622415873
1246543202225729536
1246484349731704832
1246458213584834560
1246164401989857284
1246164154823647234
1246150709822853120
1246083834648694786
1246083318329860099
1246053196939898880
1246038793578299392
1245797065080389634
1245372023834128385
1245358947760058368
1245158823289131008
1245157490611945472
1245152148498907139
1245118350541414407
1244773231564935173
1244707676258480129
1244707486202036225
1244707387652681728
1244649159615004672
1244638421747937282
1244128644001398786
1243950778068414466
1243948958025744384
1243693367613161475
1243687751142211585
1243639941067943942
1243635435458396167
1243633867434622982
1243587760826572803
1243586225283440641
1243496202185977857
1243022760986710018
1243019194427465729
1242939325228212225
1242909130144329728
1242502263647670272
1242500622244630528
1242500453046333440
1242500426118975488
1242454620242423810
1242454277244825602
1242453759910969344
1242263228073291778
1242256048980983809
1242185823128297473
1242185628420366343
1242185070666043398
1242170945558720512
1242129480812048384
1242127854671990785
1242127132895186944
1242097902970982403
1242095708683075585
1242095614663548930
1242095396471668736
1242095054593970176
1242075433757216771
1241911664196431879
1241894931637157889
1241894693258039297
1241799593878306817
1241502664317382656
1241451293174116353
1241446186848079875
1241401490335510530
1241182107877113857
1241177199832698880
1241177170229235712
1241177058564341762
1240964292784119808
1240752789690691585
1240732500865044481
1240727788472209410
1240727735141531650
1240705510933815296
1240705245442977792
1240698868271988742
1240696857375805440
1240658733178462210
1240657204266573825
1240654601541554176
1240460960718036992
1240371770626097152
1240370924781817862
1240359383713951749
1240323136958185473
1240280936937390082
1240024045640462337
1239994244649168896
1239985476062318596
1239973967919583235
1239973845915693057
1239973719189020680
1239933633684819968
1239932265288929282
1239649671632637952
1239649634521358336
1239642709998141441
1239641009530834950
1239640833261031429
1239574108691673088
1239562872231022594
1239561902717456385
1239558647614787587
1239555039859036162
1239554396851253251
1239552689429778432
1239551808151969792
1239551167799140359
1239550802525671424
1239529713472856065
1238852374342635521
1238627058416263172
1238627024715091968
1238626903222816773
1238583150038704130
1238449090498830336
1238420723942723585
1238279859744526337
1238087618287542274
1238087599404781573
1238087586591244290
1238087575396593664
1238087563556110336
1238087552063680514
1238087540437135361
1238087527216697345
1238087513828360192
1238087494442389506
1237917751970279435
1237917124586278915
1237872290072629248
1237842164781965312
1237825722892369921
1237743037348020226
1237734033058127872
1237295735609217024
1237119593082228736
1236313227274989573
1235944976338636802
1235931933999337472
1235676170173243393
1235602891664248832
1235575434953347072
1235372707396464641
1235246701734219778
1234955729926344704
1234668840274915329
1234514181531017218
1233901355594547200
1233468657096941569
1233422147873394688
1233178016051802113
1232780994672984067
1232704096911708160
1232484183273922561
1232479475155128320
1232465640092356609
1232355936221769728
1232353607951036416
1232353511771398145
1231958897411448832
1231189771168485377
1230992772716531721
1230880053585539073
1230575710416384001
1230567431053152256
1230558026358124550
1230539542899363841
1230275557935505409
1230226284229406727
1230216438415273989
1229253935107584001
1228424872658964480
1227806617074270209
1227713325175275520
1227682989942984707
1226958076290486274
1226915820745433089
1225866260187164673
1225863301445423105
1225801494391394305
1225378598263062533
1225199312629571586
1225148629083705346
1225127348577755137
1225094273525321729
1225076675714654208
1225074327340703744
1225049060261974016
1224917796284518402
1224856078787190784
1224841691741532168
1224825022184902656
1224824817704144896
1224753392733630467
1224728232433463296
1224728008583413761
