1286010283509645316
1286010277104963585
1285669791039205377
1285669789810208769
1282468622271643653
1281971746250330117
1281377403298811904
1278697056861904896
1277636189584056326
1277439361743753217
1276570261589037058
1276282668028702721
1276271432369147904
1276151565045436417
1276150426249953282
1275873531264466945
1275868984991252487
1275457567469129729
1275423476812300296
1274034563480682497
1273819661201702913
1273710595037110272
1273376657936695298
1273376645639016448
1273082843275591681
1268239796624818176
1267537727450480645
1267537720420818947
1267537715165310977
1266376921010470912
1266065316230160385
1265992479175835649
1265711257002414080
1265705395089297408
1265655628296523779
1265382256513888260
1265382255637258241
1265382253284204546
1265099424709165056
1265040078843392011
1263528615549042691
1263522624044498949
1263214961683283969
1262937123113635842
1262780258199232514
1262393016897220611
1260654585615507456
1260633766646726667
1259519186436571137
1258511527792881664
1258477917732057093
1258447213354717196
1256012330720165888
1255859370937716736
1255520552527237120
1255139830134013953
1254824196242395137
1254586330551590913
1250999518792908801
1250800455116087298
1250414016708648960
1250132335489679362
1249811743288832001
1249811741304860689
1249743625052962817
1248701310586818561
1248697810884722688
1248612170746585088
1248314000904986626
1248313977882529797
1248273832009445377
1247664488213512192
1244302459419398145
1243902027127836672
1243228518353375238
1241887412139196418
1241523484045578247
1240626477525278720
1240626097592680448
1240360188517011457
1240356348673605634
1240356346735874051
1240299386372075521
1239702758023888896
1238805759116201984
1238805758185259009
1238216216600358913
1237853255335436288
1237204788196016128
1234949593852522498
1233191418899959808
1233157027620413440
1233085689597759488
1231772958777135106
1230591291853037568
1230526254769745926
1230169233851604999
1229828436421681153
1228386107240394752
1228386019176861696
1228309861089337344
1228308131760963584
1228090070399438851
1228056289349165056
1227972864365690889
1227966449467240449
1227277852212703233
1227277850132328448
1226973192398438400
1226971082080563201
1226913633470492672
1225789802785726464
1225072316247367680
1224911085838458885
1224906783916990464
1224906179136180226
1224884467623440384
1224881513214500864
1224881438568460288
1224878184832827392
1224865461873102849
1224507014505738240
1224400205250015236
