1286083068885950465
1286072851381059591
1286068792515231745
1286067231575740416
1286066849541652483
1286058740060434432
1286047138225491972
1285636380731805696
1285602574108889088
1285573131646705672
1285560904709537792
1285559549433393154
1285243711610400769
1285242474768797696
1285240143713099776
1284501555161583619
1284225779149213704
1284179767722418176
1284171881285853186
1283872718220341250
1283871874771046400
1283391397631074304
1283146102083072000
1283144595677818882
1283143085426388992
1282706797518782465
1282504364649840640
1282087679585169408
1281961297547010048
1281922647207665664
1281766068311252997
1281645815300145152
1281308512098885639
1280858399241129984
1280576679757447168
1280575647514066948
1280489122906415105
1280248237983662080
1280221519642349572
1280220988794437632
1279481515466989571
1279400910200979456
1279153992292020224
1278820086053298178
1278498373058863108
1278486555896745990
1278427442189930501
1278378678968365057
1278345943411294208
1278293521968046080
1278136937048682496
1278024166071865345
1278013791108763649
1277659509331308546
1277659093772242945
1277658896501559297
1276563309584691200
1276563162133925889
1276293351642411009
1275849178401460226
1275838731040129029
1275838709032783873
1275777891331125254
1275776212951064576
1275548636349333504
1275548558016622593
1275548344241344520
1275444108245401603
1275200633885405184
1275075194432831490
1275034811154018305
1274818698214334464
1274364970785026048
1274326451203047424
1274321104690126848
1274316444960993280
1274180104319631360
1274175774703210496
1274158520993222666
1274137100573716488
1274136173301161984
1274133811173953537
1274077844856016897
1274076350865985536
1274075088225210373
1274069564331102208
1274059144488681472
1274054832375107590
1273972388154261504
1273970870067826689
1273969539991158785
1273737482220244992
1273587282558291969
1273308859885592576
1273308437204611072
1273299887443136514
1273244702486269953
1273033040692985856
1273014238248828928
1272634314153476106
1272618331225325568
1272591115208753153
1272494846473887744
1272494774214369280
1272147042333270018
1272146784291303425
1271946285290065922
1271778844572254209
1271539356025659395
1271511829370593283
1271511011753963522
1271467399578030086
1271449424871522305
1271127229603500034
1271121616005730305
1271068139439247363
1270860705143685122
1270712231945293824
1270378573312987137
1270344691305897985
1270106205889929221
1270049399989776384
1270048926318682113
1269390368493178886
1269329257785942018
1269084178911559687
1269011985129226241
1268890347779825664
1268640481925312512
1268533184469360642
1268528706181574657
1268528379147554816
1268245534864814080
1268159066368430080
1267799115339051013
1266826524256321537
1266438450376585218
1266437695494119424
1266371806371344393
1266367865659121669
1266360281707446272
1266355006506176513
1266349212192694272
1266347187988041728
1266131909043683330
1266028784160997379
1265734189732823042
1265729775227764736
1265703414194978816
1265689073689210883
1265672525541003266
1265672320154296321
1265672028394315777
1265671963579756544
1265618814173134855
1265398870802079744
1265397358961004547
1265388534002855936
1265334018654064644
1264928486118096896
1264325207642329091
1263902925115531265
1263896214300438529
1263597717835509760
1263476884676976646
1263442251633565700
1263233104363294720
1263196087491481605
1263134060035158018
1262853674965098497
1262527897098747907
1262368796746174464
1261668466911821825
1261640935852650496
1261364462931460096
1261084396439961601
1261083801880530945
1261048393872420866
1261047476561248263
1260934951500800000
1260931533176631299
1260928763526811648
1260615324799549442
1260615280591503363
1260591055344480264
1260582775658332167
1260582107698601985
1260564545048850438
1260560428264042497
1260300180852822017
1260299617671020545
1260298842525884418
1260288076296880129
1260262791606304771
1260255342895792135
1260247300078809088
1260196056886886400
1259952375193894912
1259922242378633218
1259839263094517764
1259833898843938816
1258870087429361680
1258736478512910336
1258736192968970241
1258735856967471105
1258735726457507840
1258499399958790147
1258493947397263361
1258492760736366593
1258451908219543557
1258445863824826372
1258444834043461636
1258401612344811520
1258132870180352002
1258132606287335436
1257999234973995008
1257743415422390273
1257682351070552064
1257681235201200128
1257680149673160705
1257679781417623554
1257417650944249856
1257379940359684098
1257376767146364929
1257375732252229632
1257375731291770880
1257375730356424705
1257375729366556672
1257344558104555520
1257324712574631937
1257289992931508229
1256698630322470917
1256586776086556672
1256312817969479681
1256309266220122115
1256309167658110977
1256306943636848641
1256258786639130625
1256227273411366924
1255940371332374530
1255932608044765191
1255863338036330496
1255836699604721664
1255615504498204677
1255615284175650822
1255562359424389125
1255561292166955009
1255561184759238659
1255530849547796483
1255207150542094336
1255206903636000768
1254864933482672130
1254845943083565058
1254821913454575616
1254810981638815746
1254810142127906820
1254786975309029376
1254759345730002944
1254448596046565376
1254447479178870784
1254441178604412929
1253747901181956099
1253747806130638851
1253718333238792194
1253672618370174977
1253671054628790274
1253449372525879296
1253437948562825216
1253434754398994432
1253429940030062592
1253391734391951366
1253383364096200704
1252988955932360710
1252977698496004097
1252954310264193024
1252612735432626178
1252611144021352449
1252610833152126976
1252588437137481731
1252351037928660992
1252322898913755138
1252321674512535554
1252321313651396609
1252252227785326592
1252231204645900289
1252230924663762944
1251228291807223815
1251224955943038976
1251190053952520193
1251150112052543491
1251142399037972487
1251128716610207744
1250920870450737157
1250887848942862339
1250885600196124678
1250859048016187393
1250846136249856000
1250839092700557318
1250801381692276736
1250774904213037058
1250772867979120641
1250557566784081920
1250555196452855814
1250553964178935813
1250515471943831561
1250515454390648835
1250506675791859712
1250498282356424706
1250462616247549954
1250446541728473090
1250127478024216579
1250117361484664836
1250079647003545604
1250075299280310272
1250075102634483713
1250073168817127424
1250072908786999303
1250072019170930699
1250069255485370368
1250039597293342721
1249810889076809728
1249810249000902656
1249810234375319559
1249770307105230851
1249769906817687552
1249769080644665352
1249752744065368064
1249735075316432903
1249693401076977664
1249675520654159874
1249675499472916480
1249311902754365440
1249311901286371328
1248965630717571073
1248964310275104768
1248963394293698561
1248963385619816448
1248678849359028230
1248651413741322244
1248351563980181506
1248332900396937216
1248328571808088066
1248327641972826112
1248327040018808833
1248323518225436672
1248322366876286978
1248314357391536128
1248301682003451906
1248294635576995845
1247989654034448387
1247986311719538688
1247976336964096001
1247976062698622976
1247903880106504194
1247892630718918656
1247889243709440003
1247868585625649152
1247635570374967297
1247597124696539136
1247567324175052810
1247567279967125508
1247258576227315712
1247248224517328898
1247233690146689030
1247193984105144323
1247177645936254981
1247136838474760192
1246475154177351683
1246439128859893765
1246424206654529539
1246184690568114176
1246184215110172673
1246165856612225032
1246140927376228352
1246139713825669120
1246111711117131776
1246074091309686789
1246053031025807360
1245786962809819138
1245786129879744520
1245741139912777736
1245708462157422592
1245464975998685185
1245406817699717120
1245406384323248130
1245399365952339969
1245398545747886081
1245397391915786246
1245331434438627329
1245137045900734465
1245099545631109124
1245087312440147973
1245085052049989641
1245061155955105794
1244990938931486720
1244976845898035200
1244755042474889217
1244755041367527426
1244755040201519112
1244740892080078849
1244740202037469184
1244725859480633349
1244708833244655616
1244703759361605634
1244703409732796417
1244689453244964865
1244635703599906817
1244630967899377667
1244627407988043777
1244620494210506753
1244598231113269248
1244269651133173760
1243669571996995586
1243602611070218241
1243597609366892544
1243595143451742208
1243594262710816770
1243592764404764672
1243582638981550081
1243512710781952002
1243257524998082569
1243244894958825478
1243244551483076611
1243243787473780741
1243243134018035720
1243242386429534208
1242935748183166977
1242935746836692997
1242935744701882368
1242890309979308033
1242872490067722240
1242870275013775361
1242868330161213440
1242867541787185154
1242845394696011781
1242829844465045505
1242596446991527940
1242487554278068224
1242450322255118342
1242429341667115010
1242429222565621768
1242206616067457024
1242196969847689224
1242196860716097543
1242190146604277767
1242172417184878593
1242168097072721920
1242159655092129794
1242146523200262144
1242121050558803970
1242119127856275457
1242119079118409729
1242118934251388928
1242118590914072576
1242118539152105472
1242114432420978695
1242113739220025344
1242111097991290886
1242103960514805767
1242102435268694020
1242071662889140231
1242069368999206917
1242069250598207489
1242063051240677376
1241407178512257040
1241091645933858818
1241070977586470916
1241030259979489280
1241019777218424832
1241019089298108418
1241017754964103168
1240983553762119680
1240742819813359617
1240707876424953862
1240693517485137920
1240693297108013057
1240617126274179072
1240615984391753728
1240612366062100480
1240379226781626372
1240366749104644101
1240363138232586240
1240332264543850496
1240330124152770560
1240329884318261248
1240329402052947968
1240304612063805441
1240300836502278144
1240071746415362050
1240070471854567424
1239989837568061440
1239989689790144514
1239984409287241728
1239984384641503233
1239979037038182400
1239931879161303046
1239646729621954564
1239621332800765953
1239596951429054464
1239573827954323456
1239297409626357760
1239283583371694080
1239257698119618560
1239257599377358849
1239211566383464449
1239172397036703744
1238692909744041984
1238587947240357890
1238562057789878272
1238552679275802624
1238492431127101440
1238197006134370305
1238157377737838598
1238091101539622915
1237849858825805825
1237849857076785152
1237790116481060864
1237789210658189313
1237778831764791304
1237745495193325570
1237740766455349262
1237733867160731650
1237731522393911297
1237478780689678337
1237478361737371649
1237457972210565120
1237057309995663366
1237053783978512391
1237031592213843969
1237008689493676038
1236412536150528000
1236395420454137856
1235986367433318400
1235977902136623104
1235337831846903808
1235273543350448128
1235229203903238144
1235229127772340225
1234868081593397249
1234847015630200835
1234600127207268353
1234593598634708998
1234567776905416704
1234566608074559490
1234566604043755520
1234566599979433990
1234566595873329152
1234485468823244800
1234485028723339265
1233521162942124032
1233498413439868929
1233456226824073216
1233145547940409346
1233140576738062346
1233139345797918732
1233137987380269058
1233120080575242242
1233109587244482561
1233090550951268353
1233022867316641793
1233020141782343680
1232810077897265158
1232762631334825984
1232738203611881472
1232717965281370113
1232675122747781121
1232436499817172992
1232424898825420801
1232407733414113280
1232389054701932545
1232378075582803968
1232370893348687873
1232343722089689089
1232340953756839937
1232329413821419520
1232111303801569280
1232017089143214080
1232003295356604418
1232000971330523139
1231952364749410305
1230924734298193920
1230891199659204609
1230891110534406146
1230863276382314497
1230578245726359553
1230558938082336770
1230534422358786048
1230500195475034112
1230496646947053569
1230207133750308864
1230175257874649090
1230123597789835265
1229881228763025414
1229868511910076416
1229852627267092482
1229850579012399106
1229417324177956865
1229158940598046721
1228354005870481409
1228053784137433088
1227993604787974145
1227694469354528768
1227668299212840961
1227618860314112000
1227618321098575872
1227603379716870145
1227334849704448002
1227334541838344193
1227329050550636545
1227304011663126529
1227300133320130560
1227299835147161605
1227293783823409152
1227289269447909376
1227286835275104257
1226963840434364416
1226911896202293250
1226881871730085888
1226880399508430850
1226169923279491079
1225954389485027328
1225904681332940801
1225820347594870796
1225818004778340352
1225778448855158784
1225480518344626176
1225474180977696768
1225444712854753281
1225435304808656896
1225434175647469570
1225427743950725125
1225406676607565834
1225208083460370433
1225202882259177472
1225180527726034944
1225178984394170369
1225177247734169600
1225174454449426437
1225173718378471424
1225170984426266631
1225170516698456065
1225131001573265408
1225100757067845632
1225089168084172800
1225066062502338560
1225065279153111041
1225060359410737152
1225059880530337792
1225053770754686982
1225053352431702017
1224925183309438977
1224915104984113152
1224914061143564288
1224911823717183491
1224910929487331329
1224910130401116162
1224909658827214848
1224904162019827712
1224902401737490433
1224900459426656256
1224897263488638979
1224897001105580032
1224896745995411456
1224896528592048135
1224895766398894081
1224894479821426688
1224893954157576192
1224892657668890625
1224892416836145154
1224891499122429952
1224890029564145665
1224889821958754304
1224889117391097858
1224887938040979456
1224887083073970177
1224886417978949633
1224884817285787649
1224884408320253952
1224883258380427265
1224882843333070855
1224881625168797697
1224881207500058627
1224880986548248576
1224879994154954752
1224879518843899910
1224878731350638595
1224878463838048262
1224878096022691841
1224877791432278017
1224876960586833921
1224869810556866561
1224866472163520512
1224865050265051136
1224856388578500609
1224802045464580099
1224767508672122881
1224764029262090242
1224717315180240896
1224709966197673984
1224700716037693442
1224697716099428353
1224405672114171905
1224401634781995009
1224367156835627009
1224350273369518080
1223417523548250112
