1286058583881404416
1286036864521121794
1285966439183245312
1285643838091132931
1285621309741895680
1285226634015051779
1284473121559523330
1284177884400308225
1283759894986928128
1283105328893231108
1283055001548533765
1281695962692558851
1281636119873019905
1281246982259068928
1280542512948576257
1279416473883115520
1279073502063140864
1278808009662234625
1278443702759849987
1278405380033458183
1278070342859227137
1277956392209518592
1277307690197364737
1276599399817379841
1276556818186211328
1276315858218999809
1276224178270724098
1275891037739847683
1275471430289891335
1275085442707308545
1274063466073112585
1272914647075733508
1272894584604053504
1271520144376946688
1271076617838907394
1270750555233832961
1270403487675842571
1270111312887021573
1269294851557908480
1268920818429558791
1268912663825874949
1267909763670687746
1267136149614661632
1266486619001049089
1266060268167221250
1266023767983165440
1265676137591685124
1264957029661249539
1262835738506395648
1262473931744858114
1261341858287857664
1261012967312809988
1260607549046435841
1260589568975388672
1260340755626852353
1260234208561311746
1259925565764706313
1259885201221718021
1259494454416887810
1258822345579474945
1258090297357152258
1258062584995069952
1257785312639672323
1257686348548489221
1256223894308032512
1255612209029427214
1255493961302650882
1255173520268701697
1255171063299878912
1254816673347129350
1253750350173044738
1253345738010103809
1253045798243315713
1252993565426438147
1252706761162797056
1252599189210640384
1252355568267714560
1251171286086225921
1250818281562406917
1250532811712466945
1250459646978129920
1250197258018095106
1250109255585337344
1249774589867106304
1249001215238815746
1248273239761190913
1248262298424262663
1247967351590584321
1247637687521234944
1247569228246519809
1247555833719926784
1246173571992477701
1246145125388038149
1246130862921482245
1246081717351387136
1246037473915998215
1245457668858355712
1244740567369744386
1243896102069448707
1243618218943696897
1243509479313997824
1243284684617981952
1243219861339287554
1243190301382098944
1242865432459186178
1242548381735673856
1242488549359960064
1242466816783290369
1242441295081230337
1242199826839805959
1242102201910165505
1241705780031688705
1241372468595642368
1241342087523700736
1241130260638433280
1241023246050435073
1240699007329914880
1240656293825839105
1240643695726211075
1240641780422447104
1240601193342210048
1240586856724606976
1239949496903258119
1239912745983762433
1239682588077416452
1239573631660892162
1238833888895668224
1238536833803472898
1238217817222242304
1237857223256281088
1237413827274256384
1236005993231855620
1235352260659552257
1235230060887658496
1234901812022534144
1234516741927112705
1234501421229322242
1234501369186443264
1234501331391569922
1233171535311097857
1232437401361891334
1232414128817557504
1232388107024113664
1230542824589922306
1228415354252206082
1228363246668783616
1226935896672473088
1226865645612085248
1225807461883547654
1225785453435113473
1224739210906816520
1224450666849914880
1224367948854452228
1224357766711726082
