1286057862171635712
1285964101647310849
1285958505778880512
1285930350477279233
1285692640747499525
1285590204804407296
1285569090170617857
1285566846876504064
1285266218568450048
1285226438656958466
1284488095811792896
1284194406250283008
1284188125145772035
1284144578149285888
1284137156831739904
1283853636037160961
1283810451319644165
1283810450212368385
1283767332414926851
1283472650489208832
1283393810115055616
1283099692981555202
1283050277583683586
1282744101910134784
1282722125850140672
1282689415886798848
1282306215951732736
1281951381591482370
1281645611415031808
1281632118368538624
1281588989854576642
1281291276504236033
1281280569096245258
1281229586660024321
1280959087908282368
1280864213234139136
1280578077471330304
1280520373772181506
1280196879817588736
1280153388685176838
1279399568140984320
1279097574872539137
1279042884226990080
1278752839234445314
1278735186549780480
1278716772955361280
1278681351890362368
1278341146389950465
1278152699180199937
1277989511415373829
1277986392275116032
1277959729352851457
1277959636239421440
1277600446291611648
1276578792367165441
1276178247777226752
1276139282202271744
1275834893872828417
1275789084791836673
1275470635792248838
1275434172409098241
1275159932371902464
1275097734450733056
1275065889868492815
1274706635475296256
1273661902028242946
1273650429214240768
1273641379567218688
1273614068595732486
1273369503909515267
1273322961223782400
1273269045400305666
1272903253806678025
1272902831624896519
1272551798092509184
1272242404423159808
1272212205337903104
1272166903906172931
1271804517202432001
1271510345161551873
1271496759504756743
1271434580000673794
1271125494398844928
1270851076523208704
1270830335593525257
1270762989621305355
1270745572081897473
1270515097417506821
1270451547906981893
1270449824974938112
1270449816020156423
1270347416995164160
1270059641251250177
1270003119590604800
1269312878835892224
1269267806362628097
1268974018503344128
1268908202067968000
1268546774635032583
1268165537793822720
1267915353528643584
1267818252253552643
1267553946014568449
1267500468160389120
1267457363403059200
1267284535756107776
1267140418942222345
1267137482220584968
1267122570983342081
1267122569037205504
1266466844552069121
1266396438847766529
1266395333459939342
1266389268349554690
1266353601443659776
1266134213360787456
1266091007034220546
1266063326301368322
1266007399573475328
1265769250519687168
1265730744325996546
1265711871358758913
1265704844075073542
1265684665203077120
1265650729617895427
1265349483564462081
1265285368355700737
1264956286187208705
1264907821793136641
1264556761903583232
1264237847927816194
1264194376642617345
1263841365051478022
1263826640779575298
1263582920444239872
1263485521151623168
1263469736010145792
1263182707028144128
1263177947122458624
1263129166460997638
1262843956330737664
1262385974421737475
1261725603209699328
1261461741440921600
1261394130732711944
1261362412072038400
1261287719050698752
1260964126261678080
1260921303688777728
1260569473838395392
1260318435319459841
1260268503870738433
1260215950420344832
1259936314352218114
1259901552195702791
1259842850860253185
1259468230697136130
1258846976289972225
1258747228556009472
1258484793458778115
1258484673870782464
1258484246651572225
1258456563129307136
1258392319008571392
1258138694554464257
1258138617035268098
1258131537981329408
1258109274393362441
1258052651423428615
1258033777860902912
1257748862317592576
1257412811187277825
1257378035696914433
1257367695625986048
1257007011528466432
1256966400553422849
1256939064327942144
1256303856977350656
1256229539375652871
1255562174321303553
1255496262666895363
1255271827372486658
1254843634798809089
1254836558479462401
1253789976740970496
1253789910483550210
1253692966415347712
1253451251611729920
1253377752805359622
1252972687468695557
1252618667810004997
1252590410851135488
1252003832118292484
1251509189576462338
1251282076827037696
1251227180903759872
1250928647743168512
1250924768309710848
1250899681997197315
1250850018577256450
1250839807279931398
1250822782943969280
1250514229095849984
1250494315052380161
1250458919325126664
1250430540236222465
1250102041567023107
1250098099395203075
1250075330561351680
1249781618778296325
1249742430146039810
1249317594013691904
1249185935419494401
1249025108271865856
1248707597546422272
1248617175956381703
1248339903827632130
1248317253197725699
1248290828193169409
1248247256366452737
1248247255003312130
1247930729717211137
1247908292644519938
1247607896029962240
1247567902808604673
1247547769667104769
1247260301378150402
1246826350582943747
1246156232806842368
1246146360149258240
1246075141244751872
1245815846179651585
1245780537949573121
1245720551991250946
1245359473457270792
1245351827647979521
1245342653123678213
1245097236645765122
1245097235307692032
1245051583785811968
1245026409405386752
1245020069027086336
1244980264599773185
1244708473335676928
1244663475860918273
1244652804037378050
1244652497777680388
1243903403392217089
1243592836987174914
1243554627615895554
1243548870396780544
1243498807943462913
1243301080924065796
1242875966264872961
1242829116702941184
1242463043390447616
1242460598455197699
1242116578365366273
1241424645552775168
1241075161731862528
1241054868384747520
1241025813073584131
1240728859617755138
1240707107629891584
1240681048306069506
1240673133524369409
1240668226226356228
1240648336786456576
1240635968002101248
1240633818224173057
1239998700761554945
1239990416633663489
1239959682296528896
1239942451592380416
1239939990425141248
1239933410463952896
1239925240903487488
1239923722145931270
1239919249080168455
1239912757123825664
1239692768496308224
1239653790099308546
1239600308378050561
1239569425956814849
1239315261880250368
1238819671022817283
1238584612953227264
1238574367598153729
1238491565074591744
1237799747651502081
1237742379089739777
1237068731618078721
1237021813495992322
1235949436905414657
1235599011840774149
1235593930093322240
1235317342839730177
1235302275213643780
1235302180875382791
1235255588076089345
1235216088977285120
1234554666920402945
1234535188849463296
1234500475459919872
1234490019320082434
1233061728671457287
1232781396550266883
1232750757293760513
1232708795823947780
1232413082204491776
1232412901568393216
1232412694231298049
1231969040396095495
1230926451500822528
1230925323363115009
1230862237918691328
1230558721647861760
1229416460235067393
1228363285172498434
1227968025535635456
1227731256848371720
1227607329534808066
1227600567788343297
1227598999131185152
1227240922150129670
1226941280627888128
1226506034962993154
1226241791546085382
1226158745232666624
1225881766692564994
1225861348648767488
1225832896365301763
1225813889775960067
1225773482346192898
1225173405378531328
1225090455135604738
1225067978389118982
1224852638765912065
1224746799321288704
1224398678808498176
1224352096020987904
