1286041407954857984
1286009506535804929
1286006386569162757
1286005274973790208
1286004359206141954
1285973401300013060
1285973086320439296
1285935236476555264
1285934807697043461
1285685578953043969
1285670078437101568
1285663786377064453
1285657496733069313
1285610369793298432
1285602693940219910
1285599583582789632
1285575214395527168
1285392969009430528
1285297256518885378
1285294656167841793
1285292650321661953
1285258533337026563
1285246291904274432
1285246024110546944
1285245179193176065
1285241164975702022
1285218053937147904
1285217584514830336
1284445807282991104
1284228432063324164
1284138416649785345
1284129954247118853
1284098915080577025
1284098903030333440
1283816063625568256
1283807826394177537
1283787990595239937
1283757846824398849
1283756586385707008
1283448186540101633
1283401767204552715
1283187148779397121
1283132996875431937
1283125902491230209
1283076576536559616
1283074336375681026
1283062361432174592
1283058449081946116
1282753495217704961
1282749716472770561
1282749650404085760
1282735812891860995
1282732849955844099
1282730632846684160
1282730515087360002
1282717029548654599
1282708431288369161
1282503398374477825
1282488184350400513
1282478850589499394
1282474636442296322
1282428558548389894
1282096736471863296
1281959236445052928
1281746119714889728
1281705473260105729
1281684890254290945
1281677209967763459
1281632267216060417
1281603214236954624
1281590791215996930
1281565796053987328
1281363892531273731
1281355376970080259
1281338509866008582
1281318379756888071
1281278943425957889
1281032924389875713
1280997513881956354
1280983952413655041
1280983668157276161
1280980705535819777
1280963248737652737
1280950097388470272
1280949969776791552
1280929773297045505
1280927520746024961
1280926748092387331
1280920082827423744
1280908101231751176
1280894547862663168
1280894532712882177
1280884485840568320
1280876536976080896
1280876482869506049
1280861272544882688
1280837094873718785
1280831199032889345
1280678264747540482
1280609631413374978
1280608120218230787
1280606272124051457
1280541451638587392
1280539918377324544
1280527407930376193
1280526868584845315
1280518435697496065
1280499760965787648
1280498509708496905
1280211438947258368
1280166321104265221
1279579281140723712
1279565592345878529
1279545735286083584
1279427656149282817
1279414120912224258
1279408590068027392
1279130964774596610
1279117949354291201
1278830717959647233
1278805600286236672
1278805538403475456
1278754082971365377
1278730194245877761
1278730140252614658
1278719545579012096
1278718605513949184
1278716087123742720
1278709470462435328
1278682681245667328
1278487235030065158
1278480653173039113
1278449040250875905
1278434147279740929
1278410550586867714
1278399030750588931
1278389064018857986
1278373422234513412
1278360823099011078
1278351904716832771
1278350074481913856
1278349567659061250
1278340353175814147
1278334854258659331
1278332272417157121
1278150531886833665
1278145101844406272
1278144584095277056
1278105961962618881
1278091866471305216
1278067151006502913
1278041626439561223
1278041625466462208
1278041624401100803
1278041623440621568
1278041622362705923
1278038712279093248
1278031147524595723
1278026951706492928
1278024122459664386
1278022762687107073
1278014712249290753
1278001392452538369
1277997996014256130
1277997504999669760
1277997391896068096
1277930049518387200
1277926543445065728
1277913037513596929
1277767759338901504
1277725610018770944
1277725499951906820
1277713443240501248
1277711203574349826
1277700552797892620
1277688518802890754
1277687741355044867
1277686655776784386
1277684823063171073
1277684637133942787
1277679941413482499
1277609351268773888
1277605501774311424
1277288298809921537
1276995958027497477
1276977924793606145
1276890876732727296
1276890516727181320
1276695313647128577
1276641010077044738
1276605933880324096
1276581110940606464
1276574678413463555
1276571706644205572
1276546784769257481
1276545618295521283
1276527412243836932
1276527005216002055
1276295340304588800
1276295226760577024
1276258093068963840
1276240142425034752
1276231746330275840
1276222746226315270
1276178154370076674
1275927823832809473
1275916514227564555
1275873353077792768
1275873351056138245
1275872149878734851
1275866014417408001
1275854958211010560
1275854902317723649
1275836227112120324
1275802673560915973
1275784094933291009
1275525108656898049
1275481502235705360
1275448446963470336
1275447561495576576
1275408394577481729
1275260236010524672
1275258828280528898
1275251539691569152
1275195333727969281
1275110210655457281
1275108395767472129
1275097285668540427
1275089956105596930
1275084173271879681
1275083080366252033
1274895366073319429
1274830596536139783
1274746468834951168
1274742590328504320
1274518906019905537
1274512708373745666
1274020637930110982
1273990586270453760
1273988835492405248
1273690644364627968
1273680334815727616
1273621577242947586
1273614555323695106
1273337692902825984
1273292780765405184
1273278912391532546
1273272521685643265
1273231109241831424
1273019044719996929
1272978151589773313
1272949820446179329
1272934533319536640
1272644237029490694
1272617152932167685
1272613547709730818
1272581295567253509
1272533999135731713
1272500053282893825
1272172611913613318
1272170306984124416
1271805595054682114
1271586829159010304
1271566543923613707
1271530771342331905
1271521522172268544
1271477303130951682
1271448037404049414
1271264208634744833
1271260685582979077
1271146033469435904
1271133912786403328
1271132026935148546
1271119892457164800
1271117206294654976
1271110794147704832
1271085034171019265
1271079544573870080
1270827700626657280
1270813748274450432
1270805655276920832
1270803770646110216
1270796453393432579
1270711092306681856
1270517449864159232
1270502802742292481
1270493483007012864
1270446073648201730
1270446071605534721
1270429314375352320
1270397243074306048
1270373838954491905
1270365889729265665
1270360776159748098
1270351408756338689
1270126862967074817
1270107067781648388
1270105870614093832
1270105715449958402
1270059447185018882
1270041603571363841
1270027783931133953
1270027479672029185
1270021712625774595
1270011929285754880
1269995414511550469
1269990105663639553
1269989483040120833
1269324566771437568
1269324453516849154
1269301165801553922
1268960576904060928
1268940839373418503
1268940770523963393
1268920458545713152
1268891233759485952
1268718568977453065
1268630591186051072
1268621909576396806
1268621675207118848
1268602403860942850
1268600479338172421
1268576885111472128
1268552044966707202
1268540683670949891
1268527313471373318
1268527147389517824
1268310059605471232
1268277919010430982
1268271519211413504
1268270203957325824
1268263522267467779
1268224941054398464
1268015009227038721
1267880410895331328
1267835425718140929
1267804909849784320
1267800704959291394
1267800473765117953
1267799382625312768
1267793739780587524
1267783815721877511
1267600616672702464
1267515208471384065
1267447498433585158
1267161397722480648
1267129979432767492
1267118896659775491
1267113191496171521
1267107033653837829
1267081791652929536
1267080973335871495
1267076183528812546
1267076011583246337
1266797707525529603
1266721350967681024
1266700310287876097
1266700309230956544
1266687825568837632
1266467090720083971
1266466886021197825
1266458802758602752
1266445877293563905
1266445683114024961
1266440861086253056
1266432768352886785
1266421746837663746
1266418629144276992
1266414255257145344
1266413853304393733
1266365744947724294
1266128291838246914
1266127747274899459
1266127696997859331
1266111425740771343
1266095215624032257
1266085681392205828
1266077897711853569
1266076569640095744
1266054549405683712
1266005554473861120
1265827139091300352
1265748409299992578
1265719494514823173
1265689773022351360
1265666370802462722
1265662987362279432
1265657675771240452
1265594953276829699
1265350272148279296
1265339346246393862
1265336631474749440
1265323946217521153
1265297744966680577
1265193424216559616
1264970966154842113
1264926503307018242
1264753875485167617
1264708513143697410
1264595817933025289
1264526052094889985
1264369845027692545
1264366740953337857
1263988616486944774
1263955052923957249
1263906593281892353
1263898776491753472
1263895433493037059
1263892481713856513
1263889561375080450
1263888141469040641
1263881848167563264
1263865070720880642
1263865013997056000
1263859814754631681
1263856546691403777
1263850454305423362
1263557863307448322
1263551458039025665
1263521735036547075
1263510078126260225
1263501690717822976
1263491917565829120
1263481449321320448
1263475053146013698
1263456768757321728
1263258718004789249
1263257118787993619
1263200124043485187
1263179308023021568
1263150340083507200
1263142088968978433
1263139657648308224
1263121085513576449
1263117465674014720
1263102618336759812
1263092779627970560
1263092127673856002
1263085558743646210
1263079415891857409
1263076103582822401
1262898917840228354
1262863390042619905
1262847487406211074
1262838984717328384
1262824869122768896
1262793996155445248
1262784629779640322
1262741726663290880
1262735167862591492
1262728248653500416
1262550620420046849
1262546652839186432
1262546496362287104
1262500824489627649
1262457171683553280
1262431436197462019
1262428066028097537
1262426915262078977
1262413261355520006
1262407350947917824
1262402799083630592
1262389007721381888
1262366654018830339
1262362106604781571
1262347535395454977
1262168135739850752
1261831212190117894
1261744802875486208
1261735343272812544
1261734262082015233
1261666439099973632
1261371337618030592
1261323023963037698
1261316868314464268
1261287669583302656
1261287668673138689
1261251773014081537
1261079898304757764
1261051382859206656
1261038640907632641
1260982235546685440
1260979035116572672
1260958996795723777
1260958472029470723
1260945946558464001
1260942058161876994
1260938211808940032
1260857888546918400
1260753725251104769
1260753548003938305
1260741493834289152
1260659009926782976
1260653095182204928
1260645913569050625
1260634689972383747
1260632840284393473
1260625046130827265
1260612275418865665
1260606848765493248
1260568623653031936
1260561925798277120
1260549885776052225
1260549765747683329
1260547414177591296
1260376939413594112
1260362752658493440
1260356365660360705
1260261072281448450
1260255706227396608
1260252563150188551
1260252562193821697
1260252561019412486
1260241500073529346
1260223507662848001
1260222583036919809
1260207412944003072
1260029972879564800
1260021841592115202
1259940801288822784
1259932193880715265
1259932048699072512
1259929641441210368
1259896116583292929
1259893673493516288
1259893321096445959
1259082955202465794
1258931796504383489
1258836645438197762
1258833342872633346
1258832531207655426
1258799740529106952
1258780999435116544
1258774375471472640
1258769772784889856
1258765062787010560
1258703891820142598
1258565406417174528
1258565217010712577
1258518494829662208
1258514044975079424
1258502104139825154
1258475800136953858
1258437635120467968
1258402955440644098
1258395999250382848
1258395807394430978
1258363794121687047
1258198393668677639
1258116189949173761
1258071487279398913
1258056748000317442
1258054197657944064
1258034384071991299
1258027324630609921
1257776779743375362
1257758519404756994
1257731941761257478
1257692196821704705
1257666625093992453
1257462664135086081
1257432434225938432
1257405048402980864
1257353254280839169
1257336240401252353
1257330865270644736
1257330863957778438
1257327944520867841
1257277704971436032
1257102045594730498
1257000731783114753
1256902651620573185
1256235658814857221
1256223068227350531
1256018097221353472
1256006676588761090
1255959702355181584
1255946498161999874
1255931793590665221
1255931776649826304
1255917914106068994
1255909085620436995
1255887146872963072
1255887141420269569
1255882834696384518
1255877246679687169
1255858031767760898
1255848724028362753
1255671154062307329
1255633624013168643
1255618667326439424
1255569234219892736
1255568462618992641
1255513291092353024
1255286155173679105
1255198607264952321
1255132835905564672
1254879403110260737
1254862256090656775
1254859096362119168
1254858843961450496
1254858232067010560
1254821326214369280
1254795534642163712
1254787032481533957
1254781788943077376
1254776591550279686
1254776589360885760
1254164361540775936
1254041190615388161
1253727098558124032
1253481186455945217
1253463865314160642
1253400354093481984
1253375171156729856
1253370549973078017
1253357334790909953
1253357334115557376
1253300202993332224
1253151726254907399
1253106734383747074
1253080421946011656
1253053020893569024
1253052133173313545
1253051078851080201
1253011888083959810
1253011886859304960
1252999089593221127
1252991682133602305
1252989323785506820
1252980236645552128
1252967053234966529
1252959136628826112
1252958579268759552
1252958099784323074
1252945230879494144
1252925794000809987
1252780571924848642
1252696513224065025
1252684943702007811
1252662719662231556
1252662718672355328
1252652887940964353
1252649421860372483
1252648236650770432
1252644426255564801
1252612372872781824
1252601490864291843
1252360919897608194
1252346225719795712
1252271819572346880
1251255604171214850
1251254503963340803
1251223109241274368
1251217718339989504
1251212124170436608
1251203479571480576
1251185165583495169
1251160220010610691
1251156916346089472
1251127648409079808
1250926054153302022
1250832032957173761
1250802846972489728
1250797824154963969
1250797194485075968
1250692390425366528
1250567947510321152
1250533971471073283
1250529410337382400
1250524253222506498
1250515516743172096
1250500495585705987
1250493778198233089
1250490712514322432
1250485774388207617
1250484963423764480
1250477582308511745
1250465989768220672
1250452384616235008
1250435786572328961
1250425624356741123
1250209076686073860
1250205705384136705
1250199147816288256
1250190998686310401
1250190989219766275
1250186370032730112
1250176999852826629
1250157187466432517
1250152958353969153
1250086643618451457
1250082503496474626
1250079639399272449
1250068993479790593
1250057340692443137
1249843506648158208
1249824652207312899
1249815184702615554
1249803447823728646
1249759475071963138
1249748911398490112
1249730058299887617
1249670675691864064
1249659136155045895
1249297235571019785
1248750364536590338
1248702586452168711
1248656321135677441
1248643025519214596
1248638801150435333
1248613030859902979
1248597359816314882
1248422440729858049
1248312633603887105
1248287633450717185
1248281725328855040
1248264578598920193
1248264429306810368
1248253843189764096
1247986591311835143
1247975977956913153
1247897222462590981
1247889210276642821
1247886163676807171
1247884322255679489
1247882906338549760
1247876159829876743
1247856866136334341
1247604451508137988
1247579155195101190
1247560321763627009
1247548337131323395
1247230824661032962
1247189714886672384
1247176593044373504
1247155723953303552
1246922453353484299
1246800119506391044
1246577648530309120
1246522536688484355
1246520889228828672
1246136473612681216
1246102696056238087
1246095979679490049
1245854964712271878
1245845675599974401
1245800760664875008
1245784614360305664
1245782051690893315
1245739775157514240
1245723781596930051
1245713046011551746
1245712594855514114
1245517470905110529
1245491860719702017
1245478860524748802
1245468718525747202
1245467767555477507
1245460478870147072
1245460361312194562
1245451979704471552
1245419901973643268
1245418307567616001
1245415948150022144
1245415564983570437
1245415357671751682
1245402738168606720
1245402714504380423
1245401716515880962
1245391030675017734
1245391029479649282
1245375088653975553
1245366956112449536
1245357871367421952
1245105263675408385
1245088477127024641
1245070846730928129
1245052763257671685
1245048890266734593
1245046456316243969
1244967021718188032
1244771849118068737
1244717017799802894
1244716850409332736
1244716848073097216
1244713521931223040
1244709341011337223
1244704654799319041
1244700236565680128
1244699262421815297
1244698510236225539
1244693400911216642
1244683357881094146
1244674055627735045
1244669377787691008
1244654940619968512
1244629729694580736
1243694554580221955
1243593576682045445
1243589340720238592
1243567258854662144
1243353864151216131
1243254880837533696
1243244377897607168
1243201352601395202
1243166943076646912
1243137318585843713
1242900340867051521
1242894084173434881
1242881412245721095
1242866779745124352
1242860949075300352
1242849790385426435
1242600502921170944
1242595278466711561
1242587269522956288
1242580618971615240
1242580600034340865
1242577772851200001
1242572650318368768
1242567683020935169
1242561070205734912
1242548955524857857
1242531692210008066
1242520139863638018
1242514450474831872
1242514327556493318
1242504391225151488
1242500845368991744
1242497630556639253
1242496221740175360
1242496150055387136
1242496033785098242
1242485145485160450
1242477844481138690
1242474808190926848
1242472347287916545
1242468622271946753
1242459148589117440
1242456057609322499
1242446490414583813
1242428035959123975
1242428034407452674
1242414320518135808
1242264834001043457
1242189773361623042
1242187969118773251
1242183215797997569
1242170037919797250
1242150939798233090
1242148240092467201
1242143138715709440
1242140283422355457
1242135479367208962
1242124485500833799
1242119498242625538
1242115477519958016
1242115381407420419
1242098008499650560
1242088319862874112
1241915601783840768
1241895991214817280
1241799578560663558
1241784946798342144
1241772841873399808
1241765250594152452
1241744885729853440
1241744053949140992
1241534414951190530
1241521491700789251
1241417315142508544
1241374485820907520
1241166354717331458
1241155509396406272
1241085310949261313
1241033447495303170
1240774721010053135
1240718930412437505
1240698932075749378
1240647136339013632
1240642751428988930
1240639919724380161
1240458586825854980
1240440057334562816
1240439605712891904
1240438994346954753
1240424900931837952
1240420478784876546
1240412610199257089
1240408243500974080
1240394061183356928
1240383791648079873
1240376178294300674
1240334669930954755
1240334669117300741
1240334496530079744
1240269096148709378
1240266820566867968
1240109891647344641
1240004586905239553
1239987161249779723
1239970876256219141
1239883702395600896
1239746374629031937
1239730069435711489
1239728846297014275
1239641302909751297
1239640774914068485
1239623937023184896
1239623777820041218
1239617619000528898
1239586602206351360
1239579811741392897
1239568583149182976
1239568082630086656
1239179530352328704
1239177523734462464
1239169886112415744
1238987789217251329
1238944426032017414
1238900282853150722
1238899514725064705
1238899020241739776
1238898730373451779
1238616600418410497
1238573228098027523
1238555816061472768
1238555204754255877
1238537531647496192
1238534719547092993
1238476828760776704
1238472951219081224
1238462720833474568
1238456567789490176
1238442097088311296
1238283227112054787
1238254558582841344
1238252474672336905
1238247486789165063
1238233873475043329
1238219790357090304
1238217619259437058
1238217363914440704
1238209388642516994
1238198851925880834
1238196928212545536
1238161184727146496
1238157398201769988
1238134972856352769
1238132168876003330
1238131453927489543
1238117041653125120
1238104059904737280
1238097462566543363
1237921355045142535
1237868164060336131
1237857965979254795
1237785029457166338
1237784871189315587
1237783606413725698
1237775848469602305
1237758890248482817
1237729672777121792
1237559567837360135
1237487078830673922
1237446629667549184
1237438630030868480
1237433597990223874
1237426937083158528
1237405831529988097
1237390668135202821
1237383735168978945
1237382015332356096
1237131816626278401
1237087845069791234
1237074305705480194
1237061447554928653
1237050566746017795
1237021028309766151
1236086265625313285
1236037965266157568
1235972021865115650
1235971297433317378
1235967692823293952
1235962954207694849
1235670109424955393
1235660235899056129
1235655497216413696
1235655177631199232
1235637926387757056
1235607338909720576
1235584270963523590
1235571923695726595
1235365706776133632
1235328258675265538
1235324640853016576
1235314283132706816
1235311945319886851
1235294303808892946
1235293250933723136
1235241130628968449
1235239225643143168
1235177608201089026
1235039407901528069
1234958975847862275
1234908255580819456
1234879254288093184
1234879203457339394
1234864740251426816
1234623273016709121
1234613223678234625
1234609800295714817
1234607446347386880
1234566252586315777
1234566211058438145
1234558523016712199
1234541744047427596
1234531726535405569
1234531725587484673
1234529010404798464
1234471811104071681
1233499763376521216
1233491408604061700
1233479650376069121
1233479581656604678
1233451791032954880
1233434448714137605
1233397850182213632
1233184564945747968
1233136031349846026
1233131926552293387
1233123154861723648
1233102862596673536
1233101187186135041
1233085793167724549
1233065385634734083
1233062020615897094
1233060302012506114
1233049233848184832
1233048929467543555
1233030037009502208
1232832577578455041
1232797911290974214
1232433399022796801
1232411921317584902
1232390270643245057
1232388809293209600
1232368654144155654
1232366425253318657
1232327668558966784
1232058413091368960
1232050917731717125
1232038029176508425
1231999763496738816
1231990948625776640
1231978673760325633
1231978672803979264
1231972372519038976
1230967168403222529
1230947901012090880
1230942476057415680
1230935786868137985
1230933476901257217
1230930827292368901
1230868938642333697
1230868937459556352
1230868936197050369
1230868935035248647
1230868932875235332
1230626740302684165
1230611710484062208
1230606029987209219
1230538016768299009
1230525232231800832
1230291946914009088
1230287772679753729
1230215109823385605
1230190508070383616
1230157186443218944
1230129490912780295
1230128007676878849
1229945780758286337
1229942591916896257
1229923595058647040
1229913599935684608
1229910716888403968
1229889955842928640
1229868668005355520
1229860222644162563
1229853544573997058
1229848550537940994
1229790340481245184
1229755474418991106
1229755021744582657
1229603096617201664
1229596989693800448
1229595594185940994
1229432257422745606
1229178387794665473
1228818277905969157
1228693221833924609
1228429333229907968
1228411562995732486
1228403288476979201
1228402751148888064
1228391587929042945
1228391433377394691
1228390580520128512
1228381638830284802
1228352334780157953
1228349128201134080
1228341864425803776
1228326126965186561
1228311409026641922
1228278265942618113
1228081627026329600
1228072210855874560
1228072157688803328
1228065579342454798
1228041831142875136
1228041606865063936
1228033960875307010
1228008373003718657
1227990252243079170
1227946023940763649
1227945101743226881
1227925968205078529
1227792430071787525
1227765391944044544
1227744652675211266
1227744651672768513
1227744152449884162
1227741954890436609
1227660264515960839
1227633344034242561
1227626480978493448
1227617532795904001
1227616019042230274
1227611502603100160
1227390674091347968
1227369156611321859
1227364816295202816
1227349064213237761
1227347652347670528
1227338759387176960
1227328703497195520
1227328702419230721
1227320923935715328
1227314884469280769
1227281944150446081
1227275117572558849
1227274804459376640
1227264748909187073
1227244136727748610
1227198617246715905
1227060684619501568
1227059118168563712
1227032356525150208
1227016313970843650
1227008024860135424
1227004288351850496
1227002165564264450
1227002164897296384
1226973520795705345
1226963143915712515
1226938648584650755
1226933682537213952
1226916858475024384
1226908195332988939
1226903274084872192
1226359889670348800
1226227192985767947
1226165226778873856
1226157813044518912
1226157297732325376
1226157296679636996
1226152141762551811
1225910544894394368
1225868475941478400
1225832524431097856
1225826596914900992
1225822509855072257
1225793566099869702
1225792671152836608
1225792098403790852
1225791747831336963
1225575619876048897
1225567060593385479
1225566658841972736
1225557155379544066
1225546897412313089
1225520183185420293
1225488798110355457
1225455550143586304
1225441109901529089
1225439272230150149
1225428136877330433
1225174818737270785
1225174412565061640
1225174293451022343
1225173433178296322
1225155303018237953
1225154301464580096
1225151436759142401
1225146078363881473
1225137073675476993
1225115951831580673
1225109654293925889
1225097966580588544
1225096194503979008
1225084737863155713
1225079380071854083
1225066877845692416
1224910695071916037
1224902711889580032
1224899849314885633
1224899039977779200
1224895787697610753
1224894845677981696
1224894522976559110
1224892742666522624
1224891422945501184
1224889493351813122
1224888439792902145
1224882626454065153
1224881681280241665
1224880752845824010
1224879888563429377
1224878041052205056
1224825696419287040
1224822906741559298
1224812790780743683
1224805500589694976
1224778205611151360
1224726255360192516
1224718466520899585
1224491759998099456
1224447894767276033
1224443086316564480
1224436378475253762
1224415926042447872
1224399865813327872
1224371225880821760
1224345090778374145
1224181303584661506
1224097881398878213
1224006710873989126
1223459106612269057
