1286040418493374464
1286022219685142531
1286012096841482241
1285980157241634816
1285949638890196992
1285702330202099713
1285698392061095937
1285685265810501632
1285682105704382466
1285644692944826376
1285634970111946753
1285610907687620608
1285570521824923649
1285345137393127425
1285329854544646149
1285309725538746373
1285292439620726784
1285287031787094017
1285244810635489280
1285227875910778880
1285210696234524672
1284341420137033730
1284194937425231873
1284168806772944901
1283837532157992961
1283759556489809922
1283756947100008448
1283750257839484928
1283714285580034049
1283477194497560577
1283449395644702720
1283386693752688640
1283386121037045760
1283193075075031040
1283083637290872838
1283066725404217344
1283060322107105280
1283051395483041798
1282774559331094528
1282734392050360320
1282687517809168385
1282677025942249473
1281685778784026627
1281618767232012291
1281300231087370240
1281300088929890304
1281252461257396224
1280901156928184320
1280872066749784064
1280601677213708289
1280570059090530306
1280547077647413249
1280497262783803393
1280255586177818627
1280173691926646786
1280165482843246595
1280160634164973569
1280141973526130689
1280133247008149504
1280125991625646080
1280118843705298945
1279419129267539968
1279042542235942912
1278845977286381568
1278725251443154944
1278707450523389953
1278681625157484544
1278678271614504960
1278677673145962498
1278428305935470594
1278382278608130048
1278356187591987211
1278314687436898305
1278314178516783109
1278035601095352327
1278035589858762753
1278016926590152706
1277970699202654213
1277963593003069442
1277720741241409537
1277691307704680453
1277688083417313286
1277653151139663872
1277653150464446465
1277648407042183170
1277644392292024323
1277619504030388229
1276623949397471235
1276544018348941313
1276303731160727552
1276293389894529025
1276274207631060998
1276246067974201356
1276210181865701376
1276207520562937859
1276171894522249216
1275861393884012549
1275802660428529665
1275511910818070537
1275439060832546816
1275434052062007297
1275116988260646914
1275116987098845186
1275099525762424833
1275087482766458881
1275072991961862144
1274042071528210433
1273975453964029953
1273693101090131968
1273644330612334592
1273591347983810562
1273336908182061056
1273301104789467137
1273285897648254979
1273277916097449985
1273259618999861248
1272924280666443786
1272576661364641795
1272550850855124995
1272284322591051777
1271471185218408449
1271167406812155905
1271128797887303681
1271074476881588226
1271050750727159814
1270820264444600322
1270747397774245888
1270736995703193601
1270411065529110531
1270401188387848201
1270370910051143681
1270356760960872449
1270105648743821315
1270092407061852165
1270090860395466752
1270069426918961153
1270066733446041601
1270056377302605826
1270030325175980033
1269995389819781123
1269288952948809730
1268915905091850246
1268890528495656963
1268619633214451713
1268528824683290624
1268222151573803010
1268193029925548033
1267869504853467136
1267857168646184962
1267855333059366914
1267785636691525632
1267542128210644992
1267516068005888001
1267169660182704135
1266817074829176833
1266811267701968896
1266522184467562499
1266509417551364096
1266493673979678721
1266406419710054405
1266402484043550723
1266394622131085313
1266393316884692993
1266379239806230534
1266365995431550982
1266363988037656576
1266361858044428290
1266348774625927168
1266335381764571136
1266064568842948610
1266041663966887936
1266035774644006912
1266032445650018304
1266025305308901376
1266012812473774081
1266010055985561600
1266009443847811078
1265815407828643841
1265799985217581057
1265794565786816514
1265733190922178569
1265731247755558912
1265729990190080001
1265701164944941057
1265699934826790913
1265698494616088576
1265685819521732609
1265685554471022592
1265685553116307466
1265684360117866496
1265653205670735873
1265466816488407040
1265401184636022787
1265346744331755522
1265312612901847044
1265300208830857217
1265272623518437377
1264942948623560704
1263901303958376450
1263894765050966016
1263859526652100608
1263844562818269189
1263567122724241418
1263509510699855876
1263491817141678081
1263490454999445510
1263485572590571526
1263485148382687232
1263480461902467072
1263469845640818699
1263456867277312007
1263245368013307904
1263193921770971137
1263148208605278210
1263133754127761408
1263124703050416128
1263117959305846789
1262846741033828352
1262845348634079238
1262802896468480000
1262778199961939973
1262777307669938183
1262767579384479744
1262767427659747329
1262743508189761538
1262724197278724096
1262459051063103491
1262403645242515457
1262393644671209475
1261706366344978433
1261674699966287872
1261662608077324290
1261461075356049408
1261455743040929798
1261451239113592833
1261410585771511808
1261368486653161474
1261358296444940288
1261341491512987649
1261341490652930048
1261336907545534467
1261330152329486338
1261285949759201281
1261105423102377984
1260990261343256576
1260973062104768513
1260959807357386753
1260950342138843142
1260949517303775233
1260938939852099587
1260708498758946817
1260705985015971842
1260650891671044097
1260599911034359813
1260578767329779712
1260342310921015301
1260308176999759872
1260272247190806528
1260262669249994752
1260262595724021769
1260228929643843584
1260227662506864640
1259934157783867392
1259902485344538625
1259886351710932992
1259480152762978304
1259247482514661377
1258788877726298112
1258765606796636160
1258473551247654913
1258429352821358592
1258411211055644674
1258378335266185216
1258367706182582273
1258364742051205121
1258155590356013056
1258138789475766272
1258044446454710274
1258032586909196292
1258024270086705153
1257851361493909504
1257782936490950657
1257716398366867457
1257415575401357312
1257403373029961731
1257330406845747202
1257031621200564226
1256332211797626880
1256303560532398080
1256286026378752000
1256264138743074816
1256252021235232770
1256229616425021440
1256017488325881856
1255907645682311171
1255903276740022273
1255883221151219712
1255593414898454533
1255516803394084867
1255497979924025344
1255201377820819458
1255150967898566659
1254848873379565570
1254807218085642240
1254807185051303938
1254555860203962370
1254064371648495616
1253805662238359553
1253760842698567680
1253735093946011649
1253732807626633216
1253730283242823691
1253688825588731910
1253688270678097920
1253443197948375047
1253358094064721921
1253354234826850307
1252986597055832070
1252984935843074048
1252967181719162880
1252948115063177216
1252948114249592833
1252704223927701508
1252693365772226567
1252364168943923200
1252331665608847361
1252310679584944128
1252297352104247301
1252293738455543810
1252073849518264320
1251586190437945344
1251262981016563714
1251201856065474561
1251154837036621824
1250932378115223553
1250824536095850497
1250824535231913984
1250813538760896514
1250799953938714624
1250578368556384257
1250567494701588480
1250540460680060931
1250515293832609795
1250477873850351616
1250449175961100289
1250447475749593094
1250436694093905920
1250198824875933696
1250190033757319168
1250176273407672325
1250165172427251714
1250145273277489153
1250086595828596739
1250085777666707456
1250085776618074113
1250085775624024066
1250085774625853446
1250079453688090629
1250067876607856641
1249782025051082752
1249771293773266944
1249721240232886274
1249709155625111552
1249699498361794560
1249695308860346368
1249348099954413569
1248736153055920129
1248728709034577923
1248714043440926726
1248699652351954950
1248686431091949569
1248671697601024000
1248659858049699841
1248654777992515588
1248654776679763977
1248647968984576006
1248638256339656709
1248609684916854786
1248333683053993985
1248316412910804995
1248271385404870657
1248264133017055233
1248185409957433347
1248007556657643521
1247994740370542600
1247979490552274945
1247975236433305600
1247975235523149829
1247975234323570694
1247937967676588033
1247634290072080393
1247602006665158656
1247577440853143553
1247549778117959681
1247320755374821376
1247230419088691201
1247161542610685952
1246909130335571968
1246815163996569600
1246440027305005057
1246192424256507905
1246137478358196225
1246137476609171457
1246137475598299137
1246137474671394822
1246137473794740226
1246134325080461312
1246134162114973697
1246072770808537090
1246072709496418304
1246064568129986560
1245863656522272769
1245792894902054913
1245760535582461952
1245705654729310211
1245668399671390210
1245524289916407809
1245486906693074948
1245468199665221633
1245460868386742274
1245452285297205253
1245399621561651200
1245384652686327815
1245384650819801088
1245384649892941827
1245088102793777153
1245011557232320519
1245006184643526656
1244802660575961088
1244702996627423233
1244694515933478914
1244686859822862340
1244685188472455170
1244673298765615108
1244673297373114368
1244628675548581888
1244621437106892803
1244619342244917248
1244614827894550528
1244367060735582213
1243647922731978752
1243646429584818178
1243638525079293952
1243611803554365442
1243591384772358146
1243590731807277057
1243553781771632642
1243551247225049098
1243547617059131395
1243537905383026690
1243533696218660864
1243530748927279104
1243515221257474048
1243306719532462081
1243306717229842434
1243295854838120448
1243286566379958274
1243249171039244291
1243224925424549888
1243172194550759427
1242981885166456832
1242981884294057984
1242981883518091269
1242930766708985856
1242922687770628096
1242916197672288256
1242912780468051968
1242879255681339393
1242850559763382273
1242603939880677377
1242573981754032130
1242572421074489345
1242571510419804165
1242539341236310017
1242534778999627776
1242529476296216579
1242523251051462658
1242518230855491584
1242507682994630656
1242502624227753984
1242498925992595457
1242487257761755136
1242478106050510849
1242450136728588291
1242447542727688192
1242248573737144323
1242225075295793153
1242222300302360577
1242219296127885312
1242207947394072576
1242204824361459714
1242197867135209474
1242152245698998273
1242142765854720001
1242133020712349701
1242131061167009795
1242126286115549190
1241908505579266048
1241381293146980358
1241378049251295237
1241363669352620034
1241363632052752384
1241121257455792128
1241096606121934849
1241093737889087492
1241090416096747526
1241086685326258176
1241071898135613440
1241071897141534720
1241071896285888513
1241071895086354435
1241042161291984896
1241030071852417025
1241012973617008640
1240821443790868482
1240783220859379716
1240782585552306176
1240744053307781127
1240742495622967296
1240738072700039179
1240717442076291081
1240679138748440576
1240664769486565376
1240663618041118720
1240643362761445377
1240628558827053056
1240597679807348736
1240441843684425728
1240435224544239619
1240393429483487233
1240392892830699528
1240390146337505281
1240375117429059585
1240329945643208704
1240329944468729856
1240320657302396933
1240276842965237763
1240046022153379852
1240031063054987264
1240020209475485696
1239995168612397062
1239963452753379328
1239949917663170560
1239948865589202944
1239936183133708291
1239911378204442624
1239905285663318016
1239739826334765057
1239710414910509056
1239706700120231936
1239692450307997697
1239680390589288455
1239650107949277188
1239631695483150336
1239624598326558723
1239616157159772163
1239582570486140933
1239314195373588480
1239305655011414016
1239246882133721088
1238644280404643841
1238643796818251777
1238635500812087297
1238635499817971714
1238635498844884993
1238635497938968576
1238629512386052096
1238629495176904704
1238629482472275968
1238578135626547201
1238577930755850242
1238554532931665920
1238510594648616962
1238509971987476481
1238465678262312961
1238191133957783554
1238173966495363076
1238173965832597504
1238173965119619075
1238156126899888128
1238123259318730756
1238074272003887104
1237924251782479873
1237924236330782722
1237898552417771520
1237850585757405185
1237844096309329927
1237809390637416450
1237786605617926144
1237760751026212865
1237719005387018242
1237521621243617283
1237455451136106496
1237455450381090817
1237455449571631105
1237419728542535680
1237387659481407488
1237353654480523264
1237334712806510592
1237138058698465286
1237114245440995336
1237084279244537862
1237030092263403523
1236786941359788032
1236680019893764096
1236042613167460352
1236036190522036224
1235987745035767809
1235985997617389568
1235939256121602048
1235939170272579585
1235697109451538432
1235652384904433665
1235638113776607232
1235580391689342977
1235545910979047430
1235543845615603712
1235540758645690369
1235327589981532167
1235327588731674631
1235319116392787968
1235254346708914178
1235253506681995269
1234968246463451136
1234961162116177922
1234955492805529600
1234873278155677696
1234855256145768456
1234595453993398274
1234569010735394817
1234488015772422144
1233475032757784577
1233413414250262528
1233152528935718924
1233132538526404608
1233105973709025282
1233051950578573313
1233049368250503170
1233046828498784256
1233012885909069826
1232799058147905536
1232733936549343234
1232721353364647937
1232711004502609931
1232706181975756806
1232697091488612355
1232696930809110531
1232418840228880385
1232343239744724995
1232330957996339206
1232068926361808902
1231967768137936897
1231948966046109697
1231780672026664960
1231001836607459334
1230906910540517376
1230610180225851404
1230595985073725453
1230550593120292865
1230333717576605696
1230222908296957954
1229824285298040834
1229498611337191424
1229429758309564416
1229264632512155648
1228360105386795013
1228350818899894277
1228332298401198081
1228097237915488257
1228092619126906880
1228089213876396033
1228079149899755520
1228074656588029954
1228038140365066244
1228038131120852992
1228024619669630977
1228013186676396034
1227799809400197120
1227763875090661376
1227711940031635458
1227704267622027264
1227672957507469313
1227668258922401793
1227649270343512065
1227578074297925634
1227577328907231232
1227575995768725509
1227564181630660610
1227377364876873728
1227332305179545601
1227311069913395203
1227291514721665024
1227286028643381254
1227285455441403904
1227282914192379904
1227279502633586688
1227274076932263938
1227272502348582912
1227259714322472960
1227256229535285249
1227254374050738176
1227246498842382339
1227224693029195776
1226927301687959552
1226906809929211905
1226898469627015168
1226893343361249284
1226891312110108672
1226691598118985729
1225872821315915776
1225859017253281793
1225845238100582400
1225830176011038720
1225818219467898882
1225816072118558721
1225808707361091590
1225808633511972864
1225756719340539904
1225617845305958400
1225583136299520000
1225571831660326913
1225561985577865216
1225555928050737153
1225555363681984512
1225466195379441665
1225465018692575233
1225463960331264009
1225453933646295048
1225427499687071745
1225177330265534466
1225138750251991045
1225096240012124161
1225083172246949891
1225079981656760320
1225078555236872194
1225077545772691458
1225077544623448065
1225073133272686593
1225072573114961926
1224920202871177216
1224835142713331720
1224819545942171650
1224806433356767236
1224793302194622468
1224777137464532993
1224716624206409728
1224716623090765824
1224716621371056130
1223711739272806400
1223463873396736001
1223463565840928770
