1286010621163700224
1285736425980342273
1285736424667570177
1285652873058095106
1285638750228357122
1285273549494681603
1285273547837968385
1285245702814281731
1285245700650016769
1284865585327886341
1284621114749091846
1284510799306854400
1284229337655513089
1284212017910427649
1283818146860879873
1283818146126856193
1283797662555344896
1283561096088035328
1283561093248548870
1283152626784378880
1283152625190481920
1282787715273170944
1282772281912184833
1282328866061598720
1281966476497281025
1281656270693511173
1281320193596235800
1280917061745557504
1280897469853941760
1280604031925268481
1280552861873721344
1280211255358341122
1280197676378849280
1279777049939451905
1279399566996123651
1279206799946768384
1278818130601615360
1278798373580148736
1278493096804786177
1278413370966900738
1278038020462202884
1278037899926278145
1277679255128813577
1277644298549440513
1277644297718939648
1277255434580234242
1276893049939988481
1276606613042999301
1276569225654677508
1276200348450017281
1276200347321712641
1276198795643101184
1275883339447259143
1275865833173061632
1275477468242046982
1275462267346313217
1275160379044364300
1275143036599783424
1274726268701835264
1274363882333630465
1274041379824578562
1273677548933861377
1273677547583213572
1273330687811125249
1273314506387718146
1272986051666079744
1272970478077063170
1272969361180016646
1272574590871433216
1272554877017882624
1272182008433700865
1271819615283245057
1271532175788253193
1271532173846368257
1271519066960904195
1271136363199361024
1271116194280603648
1270795386005979137
1270775989040295937
1270434236726738951
1270425134642409476
1270165460747603968
1270096456649760768
1270096455320174593
1269690589869735938
1269282901981626369
1269004758314110982
1268982214609588224
1268970213560762369
1268641172391710722
1268626072855351301
1268608678653054981
1268194359335366656
1267923948236406784
1267905802439974918
1267560314599505925
1267560312968011780
1267134203092701187
1267134191763951619
1267116123067047939
1266809750156726273
1266786859587448835
1266461628075253766
1266079489148272641
1266079488082935809
1265762854399102982
1265757168361406472
1265736282988253184
1265728241186279425
1265369851931111429
1265089348812394496
1265089302024916992
1264576165454495750
1264280868425736192
1264209473134092291
1263952779338342400
1263937904658788352
1263937901173321731
1263913951810764800
1263539887967535112
1263180155121434628
1263166645352239105
1263134768859922432
1262812767117086720
1262795859026227202
1262744953307820033
1262466220206559235
1262466219283755008
1262465404028571648
1262035142908022784
1261672755507998720
1261469353884528640
1261384923044143104
1261384921701994496
1261360945210638338
1261354604694028290
1261006050628718593
1261005633832333314
1260645991088177154
1260639292608720896
1260260953985351685
1260227958956085250
1260227958117195776
1259898564840435717
1259882510084956160
1259513531537424387
1259498430319206400
1259136043971985409
1258896331374055424
1258858050414358528
1258488020338118657
1258472920948432896
1258455045940617217
1258124374600675328
1258105499758874624
1258088723448770568
1258057336637272064
1258057335555141634
1257740157618356226
1257739911723130880
1257645210139602944
1257423213291810818
1257279713531367426
1256969263916568578
1256621974224134144
1256606874830426115
1256321432587366401
1256315151155896320
1255921106575294470
1255902652245868552
1255597048772116482
1255274344370053122
1255266920653299712
1255254793708322818
1255228323543887872
1254878441297580032
1254875216435728386
1254443299433299969
1254439176826687488
1254135216676974593
1254135215150321671
1253748285011111936
1253658698636984321
1253447417351020544
1253372545803452416
1253366742350475264
1253036375022219269
1253019181320151040
1252738254677344259
1252700065170415622
1252389972419567618
1251923142076968960
1251535076816556041
1251518815197892609
1251276753412055040
1251253816730812418
1251247959146205185
1250946904931930113
1250868146606661632
1250615457247346689
1250518275550785536
1250518274221236225
1250417114743214080
1250416720990396416
1250204690169516032
1250187125032734735
1250184679854092288
1249763452991819779
1249744872766046208
1249737515466215424
1249389316943441920
1249374217419751426
1249358368961150977
1249011830451605504
1248996730802184192
1248740189805121541
1248679641742630918
1248664541132513280
1248651218689363968
1248645519032889346
1248609343873974272
1248347451733323778
1248328229196267524
1248309227472519169
1248306122399854598
1248012745972187138
1247997646519721984
1247985607147749376
1247985281590005761
1247898325296099333
1247683309066428417
1247667974082707458
1247652875288760320
1247632506880512003
1247631251399479297
1247309836737327104
1247264830127570945
1247245189518741505
1247213444010586112
1246853375787925504
1246452466557882368
1246189837130096642
1246189836177997825
1246158025246814213
1246143467035734017
1246143074507644929
1246107609146499073
1246107608362242050
1245835902108254208
1245818742560391172
1245802504681590785
1245781390345547777
1245778812236898304
1245769324201205760
1245438282307166211
1245422570712838148
1245399386101776384
1245399374504570885
1245393554207395841
1245128398722252806
1245083690717319169
1245083689589112832
1245079469259476994
1244741647340130305
1244717952227782657
1244701162365956102
1244693175454875648
1244380664113311746
1244311016344817664
1244286366973939713
1244026991315169281
1243930851013885952
1243915750890442752
1243681707875872768
1243661767508733953
1243636794991751168
1243620837955194884
1243592878678519810
1243294153896677377
1243271151125696517
1243258175534628870
1243237437826125824
1242942089110990849
1242926644114923523
1242634055335792640
1242606724395274246
1242550194689974274
1242530367829168128
1242504088111251457
1242255931024510978
1242233090199650306
1242215902281678849
1242195160055844864
1241800608774004736
1241778453701107722
1241421747993415680
1241390984434528257
1241368410543534080
1241183213969702913
1241126118301851648
1241095648486793218
1241078509293965313
1241042284415717376
1241022026506272768
1240789945628884997
1240788408492064777
1240767505091747845
1240735281843712003
1240734904901607424
1240704911022620672
1240695664763228161
1240390813709996032
1240366105123831808
1240356649124192257
1240077985782341634
1240077984419270659
1240068238190481413
1240068090144186373
1240062231552970759
1240059961054580741
1239573894677139463
1239205980438777856
1238699842823749634
1238695018933731328
1238088765110915074
1237811430272925696
1237811427714490372
1237804551543152640
1237740077700317185
1237710941724258304
1237710939081846784
1237546035196465153
1237546033598443521
1237491584666677250
1237470059762716674
1237139844930904070
1236653162515365890
1236332081761914881
1236033012699222016
1235662708873314304
1235347364937945092
1235326131747856385
1235324305182994432
1235311124146462723
1235306082123337732
1235288282327642118
1235288281413300224
1234933832215863296
1234621318060019712
1234621295112925184
1234592259137507329
1234145131298770944
1233804395642572801
1233513208419356678
1233513202530619399
1233452803768692736
1233175407874183169
1232838826193833984
1232817091281027072
1232749216885346304
1232749214599393282
1232665306528612352
1232440135486062593
1232358063828586497
1232328472212586496
1232328465959079938
1232306314656862209
1232143089101410304
1232106584257503232
1232088147812605952
1232080416946970624
1232080412664569856
1232080408268935171
1232080355173240834
1232064468483530752
1232043481654321152
1232033959703302144
1232004624162467840
1232004612581924881
1231998202381062145
1231997060360134656
1231971360592793606
1231971332843352064
1231929205262356480
1231588689932947457
1231234469232689152
1231009259191767040
1230604466510008320
1230604411648565248
1230205465893666816
1229877528241868800
1229424135840960512
1229054855924326400
1228701344606937088
1228310967047610380
1228068091021713416
1227988612291100672
1227979511851077632
1227734581526323201
1227236668656226304
1226993051656167425
1226520176465793024
1226169409770668033
1225872022649090049
1225869470796800006
1225836405139681281
1225585348870385668
1225562568766447618
1225560105602686978
1225543227312349184
1225520894166142976
1225510567798083584
1225459227273068551
1225458128839376896
1225427056164470784
1225419716656758784
1225248848391655425
1225224610519621632
1225209591685898241
1225209169696915456
1225174184873156608
1224899577029058561
1224816981842505729
1224463980586053632
1224047821403324417
1223702119884247040
