1284190287221456896
1283787585723211781
1283113528052928513
1281685298750128128
1280594426398679043
1277994367148535810
1277994149971722241
1277993893511008257
1277993696726827008
1277993503994380288
1275508235592744960
1274142307961442312
1274036779620995074
1274036607499284490
1274035900692025352
1273977533910917121
1273702252516081664
1273702112539619336
1273701908075642881
1273701745693253632
1272584214513430529
1272561250287976449
1271464590107455495
1270768216747491330
1270767908818485249
1270763749167763456
1270481738507202561
1267888950515023872
1266544023105404928
1266358443830640641
1266060002357383170
1266020950451109888
1265733252020649989
1264366199435079683
1264365773285400581
1263900815984676867
1263512820639023108
1263494064512565251
1263157165675687936
1262815957346648064
1261421681496567811
1261353282636668930
1260980341935935490
1260726697365835777
1260354615767433218
1259878261775089664
1258422405976010754
1258382449215668229
1258076260128960519
1257324237485834243
1255620894342426624
1255194297927901184
1253332179511242758
1252606106943336449
1251238325224189953
1251175946876526594
1251163904954322944
1250897470013538306
1250450988001103873
1248376632731004930
1246953483871432711
1246953437482319873
1246480314962231298
1246172616177725440
1245383305517830145
1245364141684113408
1243583498532855809
1242818635854462983
1242528778406055936
1242500847919128576
1242496406541209601
1242487236983246849
1242479246636916736
1242479140516892672
1242479053069828098
1242478905396727809
1242478748793962496
1242478578169794561
1242473567436124160
1242472016793477122
1242457746940846081
1241063403491405826
1240364745716310019
1238669284903182336
1238661640570261507
1238588843714056192
1238581051146088450
1238577143229153280
1238575228827111426
1238573848813015046
1238567573006008324
1238567557407391744
1238566418599337991
1238192251907514368
1238191899703459842
1237895387836375040
1237797699610644480
1237751899878838272
1237468135307051008
1235620282733223936
1235271471586562048
1235254480041635840
1235215369276657665
1234917723349692417
1234911910883201024
1234854085410643970
1234577620232216576
1234485928095338503
1233483252125466624
1233479875362787333
1233110026945994759
1232772828317069317
1232405479189512193
1232331677709590531
1232044318074056709
1232041869502242818
1230906140873183232
1230905800039837698
1230905419956211717
1228332325043347456
1227700429825495043
1227283699756126208
1225850120639598592
1225849983456468992
1225181299805249536
1224891920545132546
1224890345005244422
1224889413357973505
1224887982097936384
1224886446395445248
1224884550733651968
1224883693053009920
1224882932659167233
1224882151486906370
1224881478322073601
1224880744327237632
1224879522128023552
1224878828616589313
1224878322691330050
1224878222220853248
1224787498653581315
1224774598983634944
