1285765961455407109
1285684465994477578
1285650712907718658
1285596660937129984
1285593158538145792
1285588400876249093
1285296805383634946
1285181870397849601
1285177301685198848
1284992763939958789
1284686938683867136
1284684363851010060
1284527614984630276
1284521908348821512
1284473745910968320
1284326004627066881
1284318301586423808
1284312301164691462
1284207494382968834
1283933437825617920
1283821804222652417
1283745194245054470
1283488389786894336
1283128116181966850
1283029162853376001
1282773626190802944
1282506539283218443
1282078811476066304
1282076843160547333
1281706017840128001
1281273365567848448
1281189578603483136
1281181438495383552
1281069825427755009
1281063941616140288
1281059755444838400
1281055788946067462
1281049555296026624
1281032133738401792
1281009405979430919
1280994823298842627
1280977943091712000
1280924458505601024
1280818025969733633
1280661730226581509
1280604220564156416
1280572725430452224
1280184371639656448
1279967408552361989
1279811810313613319
1279773351288999936
1279769567477334017
1279618975752691713
1279409837252784130
1279267966325002240
1279257139094183936
1279152262695264257
1279149994336026636
1279097349327990784
1278890960194170880
1278882174129889281
1278697625097830400
1278684342907219971
1278525158760816641
1278517561139830784
1278487587208990726
1278433201959075841
1278186459963568129
1278152561279844357
1278151940577341441
1278087793915449346
1277961993006116865
1277961990325985283
1277703681228627969
1277316592926445568
1277309182694359046
1277295516808892416
1277252228420681730
1277202498680430594
1276984058338254849
1276917974478262279
1276915161857695744
1276566305886306304
1276524560578490373
1276491331066638336
1276477042918404096
1276360306781028352
1276353962892017665
1276342327259398144
1276336892468965379
1276306698093854723
1276292048761610241
1276275655324336129
1276252673986224151
1276239144537251841
1276192051328057345
1276104301375561728
1275977882221907968
1275900784572579841
1275808514846461954
1275798234431176704
1275538378621161472
1275532647310266368
1275398179161288705
1275226890941411339
1274908753972867073
1274878267917512706
1274674915585789952
1274549647608999936
1274515056546525186
1274161013529751558
1274102714759286794
1274085108501315586
1273589637848739844
1273445447651282946
1273229910375620611
1273052979688505349
1272878068139536384
1272714543446265861
1272691706341789697
1272540865056120832
1272333213759873026
1272276293690765315
1272136150224904197
1271994997999570945
1271977535954354176
1271856723406598155
1271809228206981121
1271775998657298432
1271578126259302403
1271273885657374720
1271124312175542278
1270828113866391557
1270437766304759808
1270182025690054658
1270134819348008961
1270084086820941824
1269813439041548290
1269810677272711169
1269810093605957633
1269656390215307266
1269633848230502402
1269473666368184320
1269380335357308928
1269223930029621249
1269094593498398723
1269084642243678211
1269045736194400257
1269036834501398532
1269026231187578882
1268888527804170242
1268552075128057861
1268388957374554113
1268348472652169217
1268226127337852935
1268223791571894275
1268197252952195076
1268004751456772096
1267922921495937027
1267850589880410114
1267662431272292353
1267649195818790915
1267595957715324932
1267291078585200642
1267244439141056516
1267153550481731584
1266936301615489025
1266888565541216256
1266844425830969346
1266827677375365121
1266827616260161536
1266689873806856195
1266563664292777985
1266517939127230465
1266501426626297861
1266492921014091777
1266471005729546240
1266419821148803072
1266404398021906438
1266378482574979074
1266340926697418754
1266054454991863809
1266044418588585986
1265976393747267585
1265955092265566211
1265843057779449857
1265782517401096194
1265775876022689799
1265703877556539394
1265703169855836160
1265600598143119361
1265406382125256704
1265351502908076032
1265217322677043203
1265217246097485824
1265095202064289792
1265089251957526528
1264861634331381761
1264679245189611526
1264007688113061888
1264000333090557958
1263992670260809734
1263889137373007874
1263883327217504256
1263866395672154112
1263820503967576064
1263634653984051200
1263575660666269696
1263513347703533574
1263230916484370432
1263222699524075520
1262902102667427840
1262860454063456256
1262808760730468352
1262773275966550024
1262571220962246658
1262414357629153288
1262370269085212673
1262184094944890880
1262119654715203590
1261757220406075393
1261481017862287360
1261447416013783040
1261362919297527808
1261256608656568325
1261122274998059009
1261048457059581955
1261011105293492225
1260987308557455360
1260968921534009344
1260946316605210627
1260930871269433344
1260908493453824000
1260736236328759303
1260716369017962499
1260674845702074368
1260388412235952133
1260043543898394625
1259922266034405376
1259916242238013440
1259843399043203073
1259574237033123848
1259454849416081408
1259186101870346243
1258974862279938048
1258877732756377602
1258684235436695554
1258485538715242496
1258477924031881218
1258246317228396545
1258204512831111168
1258053498152914945
1257788702983667713
1257666023450456065
1257520653131042818
1257276614611734530
1257102571942092801
1257064713273384962
1257053318460866563
1256747019374395394
1256729205036978177
1256728967895285761
1256723345040687104
1256723212387450880
1256722961488363523
1256659765188583424
1256410218541584384
1256324388833554432
1256251986565005312
1256227850690183168
1256046308915392516
1256034826198622208
1255846576855097346
1255805970929811457
1255804255103062016
1255656317718614018
1255572919658446848
1255302937947013121
1255219266216919041
1255217588713525253
1255173110917148680
1255164141146451968
1255155634057752576
1255155335943372800
1254921682550247425
1254906522020319237
1254831702209413120
1254609322874724353
1254513080685527040
1254192009142841351
1254166157998899205
1254107122515824640
1254099524316016640
1254064653036130304
1253856102158159881
1253852112573943810
1253849044683808768
1253813057689661441
1253294143192870912
1253084846970343425
1253052990698766339
1253020017106587650
1253001882601230336
1252758708381196289
1252381029836324865
1252345042775076865
1252333850186985480
1252288117102522368
1251880557413314560
1251714201527222273
1251522459263787009
1251522458294902791
1251522457229332488
1251522240438509568
1251318755118002176
1251294582375157761
1251267004385943553
1251225820875632642
1250829088266186758
1250827903350210561
1250603457112915969
1250600827955417088
1250482693135052800
1250446071446343684
1250248699567095808
1250190921733476358
1250189285216706561
1250158767028781058
1249696002279342080
1249519649915428864
1249485604603211776
1249337430756528128
1249103793909874692
1249088221201514500
1249048371794456577
1248951919260897282
1248743922756661253
1248706088272355328
1248390336298156035
1248385894043672579
1248368401795485702
1248305378493968387
1248305303579484165
1247979334503145473
1247979332565377024
1247720540418301952
1247706943914999810
1247700858437074945
1247693490760417280
1247481854090973184
1247283720740122626
1246980572045545474
1246951334047371266
1246950577361358855
1246874017350500354
1246671508128313350
1246604368784363521
1246590802366812161
1246583414020608013
1246428388258205696
1246137144101527552
1246118984212189185
1245905820337999872
1245880801855705096
1245859459278102534
1245723027364622336
1245708930858332162
1245530754551025666
1245522553747185665
1245522320271323137
1245470139799257089
1245358045162602496
1245159737164996614
1245155361876836353
1245133890903257090
1245101804691562496
1245086118577672192
1245060459797065729
1245028303578292229
1245026756526067713
1245016410293755904
1245014414799093768
1244974318091743234
1244968755408580608
1244938956745179137
1244794471532957702
1244700337530900480
1244691747625676801
1244691391768408064
1244646572954189824
1244628886463414273
1244473754836705281
1244473241739108352
1244472946963472394
1244472106831818755
1244469412503191567
1244466562649776128
1244462973252513793
1244460452467408900
1244446556583014401
1244426923696164864
1244379352294477827
1244378948722704385
1244378686398357504
1244316711605735426
1244313944019423235
1244306685000396806
1244243583433150464
1244057728726769666
1244057629179199493
1243977476549890051
1243861669459222529
1243859960662044672
1243682903013371907
1243645445483778059
1243613416016818178
1243365483270696962
1243363034954756096
1243354859165769728
1243232631392796674
1243210361521790984
1243210360334815232
1243005026211151877
1243004199408996352
1243002737400446978
1243002077946818566
1242999950318940161
1242968351317557248
1242922011728457728
1242629072825593862
1242504258697801733
1242222209080360967
1242214977345400836
1242166640168570882
1242114615783436288
1241791110369902592
1241735279028961282
1241712803288879104
1241577010641735682
1241554138980323329
1241537602781659136
1241454363568201731
1241407209881382912
1241397696960872449
1241312597003157504
1241215887161438209
1241095201659195394
1241071696116953088
1241053707367743490
1241040627485245440
1241008932325335040
1240825495878537219
1240787590682423302
1240777105694175232
1240746318815006722
1240718303531872260
1240701593932025857
1240623895838941184
1240460517774430208
1240381486659964930
1240348568017387526
1240341562975977472
1240312864931491841
1240299495650459653
1240294110210162690
1240290984807849984
1240114465267474432
1240111577589788677
1240073003850924037
1240072932719804417
1240051475608453130
1240023031700959232
1240022497455734792
1239952728950026242
1239946111055470599
1239934131695497216
1239753486625050625
1239691488986087427
1239690017263554562
1239680954026930176
1239629992423612416
1239623412147834883
1239263630501142528
1238874914490388487
1238872063823224834
1238651913601720320
1238649724904898565
1238643370752425985
1238552647239700480
1238526673290657799
1238524773967282178
1238524236555304960
1238518318744711175
1238508210799214592
1238475401527255040
1238434182004645888
1238312534395977729
1238308029612855296
1238236762448760832
1238189839020961793
1237929874242797568
1237850941023375360
1237844073513279490
1237829746450407425
1237744138323402754
1237547280074326018
1237543579322470407
1237449364743872513
1237422898811482113
1237399873898663936
1237398403799269377
1237372714916012033
1237369283057004544
1237366397656760321
1237199453943222274
1237184231341797376
1237154930873548805
1236823910693441536
1236806484421480448
1236805836854484992
1236805766796980224
1236773650780618753
1236643158563393536
1236454701950009345
1236261360809500673
1236106402994810882
1236100696010784770
1236092430312759296
1235754089834835969
1235645012056170498
1235636982715273221
1235340982616502273
1235326707760009218
1235286299822739458
1235257500259307527
1235255360086253568
1235253851164467202
1235238682128510976
1234982006934523906
1234939111737372678
1234871417201680384
1234588031983767553
1234461679074803714
1234317510725513216
1234306597641428993
1234284168449839104
1234279508427124736
1234253083238129665
1234181072881168386
1234167400657977345
1234164603845857280
1233909786724401154
1233851755630383105
1233816593404170241
1233534870409940993
1233523895858290690
1233509035875459072
1233491823370346496
1233489440372338688
1233458694429585408
1233247452276363264
1233233621319897088
1233230963087376384
1233221229240295424
1233208002884362240
1233186675276288002
1233176741713043457
1233080606742974468
1233016930786775040
1232837415154393089
1232771537293447169
1232485387810926593
1232400633707274247
1232373537081561088
1232354477136543744
1232115460298158081
1231986563959205889
1231984981582503938
1231778774674558982
1231719294431563776
1231618990805540866
1231419597670232064
1231391834032746496
1231387839595765760
1231360118140305409
1231344924534112258
1231300828222435329
1231279061013495808
1231224465763262465
1231024372430856192
1230944627110354944
1230921385901481990
1230913390824042497
1230612853670981632
1230591112739512320
1230586463798034433
1230540663835578373
1230269216772759553
1230222996859686913
1230221225391161350
1230220978313203713
1230160275577417730
1229982311330066433
1229897016580374530
1229894369081266179
1229781882704887809
1229604749042946051
1229578719070691329
1229570019371208704
1229556340399448067
1229527547169460225
1229509166156435459
1229509060447342595
1229508918491172864
1229430561934106629
1229262284050063360
1229207211005685760
1229159341745303553
1229082911728701441
1228773617711882240
1228717999458308096
1228469077926125572
1228445323921678336
1228384826161532929
1228359572164837379
1228053671671468040
1228045820517343232
1228021782457847808
1228012788855050250
1227983003751780352
1227964613892898816
1227763574908637184
1227726625342738434
1227710428459028480
1227658538006253568
1227637930119835654
1227421766106177537
1227405259523416065
1227322483289792515
1227318796249128966
1227244855371456512
1227096673345773568
1227069472894267392
1226981546340556803
1226947880080068610
1226940303963234315
1226926884610543616
1226671968709115909
1226657737129549824
1226483401114443777
1226337111093239808
1226303791080837120
1226254644646752256
1226201793455108097
1225983818831728640
1225955633301721088
1225950095100796929
1225884926580609027
1225858772205260802
1225849575052804097
1225843771331502081
1225779317117988865
1225632788818214913
1225626083325861888
1225553746677108738
1225534095926624257
1225533153525338113
1225522192080949254
1225498478400458754
1225420744475185154
1225264626218283009
1225229320555290624
1225170531407802369
1225137483706503168
1225116811483582464
1225066552799698944
1225057958628864004
1224926778885660672
1224926549742321664
1224926543639646209
1224922494190215175
1224907111961890816
1224906709552025600
1224900544952750087
1224835842142887938
1224827469179637760
1224805466200518661
1224780647807561732
1224758739321769984
1224428053557841927
1224395793110642692
1224310974628466688
1224172334526926848
1224164659571363840
1224055762898575361
1224027320668782592
1223820132985733121
1223804473895804928
1223794742695288834
1223725407083671552
1223711629650644993
1223691004416532480
1223652477989466113
