1286009233889263623
1285175147297746946
1284454424761569280
1284088124390481920
1283724740608372741
1283498773147262977
1283365690515259392
1283010558409744384
1282638439133917184
1281551408270016512
1281187574971842561
1280937277846360066
1280900732284264448
1280826497654194181
1280492010479198208
1280464108228395008
1280101745188839424
1279377072583041025
1279014714320838657
1278681661098598400
1278353436560556034
1278348444315385858
1278324864332574720
1278287723510542338
1278014730515484678
1277928159648808972
1277562866892181504
1276891329801437189
1276683843525840896
1276478054978723841
1276318563318599680
1276131856354816001
1276115593930911744
1275753216077107200
1275390844607107073
1275035310309756929
1274666164526989314
1273967924454338565
1273577320171941888
1273212829001187328
1273083824323334145
1272853438012022793
1272489132305063936
1272167198006657033
1272129272900173824
1271473024349491204
1271403500266819584
1271042220360163329
1270679763338870784
1270017966424367105
1269954368763199488
1269230140363624450
1268898734131331072
1268602805633368066
1268505319933706241
1268139838072664065
1267856359002947584
1267794364463448064
1267794362706116609
1267418145536573445
1267096464448278528
1266784413460955136
1266331084909879297
1266083058144489475
1265968665331195905
1265739490292875264
1265696241092112384
1265607072625963009
1265242945822867456
1264904445495783425
1264881507040182272
1263927785791393793
1263794354994515970
1263431942202109953
1263069582547398658
1262825517251772418
1262707111496159233
1262496732363001859
1262496731331166208
1262346459451731974
1261619969261015041
1261440706935164939
1261257553205477376
1261061474333659137
1261061472882511875
1261061472068698115
1261005375442206721
1260992669595176968
1260894744378564608
1260894743548112901
1260674584774311937
1260624068857999360
1260623817002692608
1260532846713868288
1260253656215179265
1260170465362038789
1259913319554703360
1259804701882802176
1259445665849016321
1259264648416813056
1258832630285549572
1258720900939239424
1258484449563598851
1258422068548378624
1258122561214447620
1258095447517925376
1258094502658682881
1257633747580715008
1257267017897455616
1256236874873671682
1256214597054447618
1255931457073184769
1255817419119104000
1255204480053907462
1255204478527123460
1255095307664273408
1254791578582949888
1254731686388150273
1253758318960574464
1253754565280911361
1253747925106282496
1253451674322178051
1253003061712347137
1253003059602640899
1252990441953341441
1252658841168351234
1252562645863092224
1252347400582119430
1252194042927955968
1251473107254218752
1251208935463419907
1251110430812123137
1250811516288413696
1250746558053781504
1250384917474824192
1250106074809741312
1249659673696972800
1249298788767973376
1248642022526857216
1248362562082791429
1248290869616291840
1248211639968698370
1247972012410142721
1247903721901527043
1247486870973489152
1247123145527644163
1246762060433801216
1246497827699798016
1246399675370033156
1246135511867109376
1246071943855353859
1245674932689870850
1245442629439021056
1244950150226853893
1244676853333401601
1244587784310046720
1244309212940959752
1244225356422418432
1243620187527675905
1243184671384653826
1242836654345289728
1242811980307668999
1242580190578069504
1242050336648507392
1241395571472113666
1241140676110188549
1241012875436740610
1240338621846224900
1240309503989633025
1240290602127962113
1239981968932118531
1239934138146226178
1239707464393732098
1239689155715760128
1239653932814737413
1239634388876476416
1239634081299795973
1239633837317132295
1239615413257895937
1239574301910749184
1239514948545515520
1239206063737577472
1238650316008144897
1238609985237590022
1238559843700690944
1238559841788067843
1238539197755031552
1238495748259549186
1238427209645395968
1237771563430281216
1237702469360238593
1237340029267202049
1237331248877633537
1237100162528489478
1237056224027435009
1236976420238372864
1236376593142108160
1236109889463869441
1235904249869086720
1235706532890845186
1235543970756911105
1235223652565684224
1235217394211184645
1234885267946864641
1234818443431628801
1234668505447821312
1234457925462167553
1233561776068943874
1233060574386413568
1233009847408439297
1232737801424318464
1232721796375498752
1232721795578548234
1232644106112962560
1232281695195422722
1231993888543531010
1231943526470103043
1231194491698208768
1230972621963038720
1230937947865780224
1230922945616318465
1230922944035139584
1230467940820115457
1230114738228617216
1229744833570516992
1229450861581078529
1229384309695488001
1228373993327075330
1227996114957279238
1227952066322141184
1227933058059440128
1227759724755660800
1227634007275397121
1227570664426614784
1227360504085086209
1227336184550084619
1227304923005693956
1226968066791178242
1226892245196050432
1226891594638544896
1226846604390432768
1225816171154477056
1225606771261263872
1225606770304987136
1225497873036533761
1225491163379064832
1225422227597905920
1225396364764491776
1225198451652206592
1225171002130345985
1225084125180309504
1225050661282250752
1224906839718088704
1224905190618402816
1224888549536927744
1224887151604699137
1224886101468499969
1224884700281479168
1224881487327133696
1224879479178301441
1224877904515018752
1224795581522022401
1224784769063493633
1224720194754555905
1224660696098639872
1224429780919050240
1224318388870270976
