1286074265033465857
1286045444985036800
1285699317643325441
1285691833343971328
1285290350505013254
1284343602399911936
1284177576315977729
1284171197719154691
1283963149666918401
1283963133091098626
1283394922498883585
1283149337011380236
1283079188895928324
1283072202649276418
1283072061943013380
1282358673575215104
1282357041072349187
1281686775283548162
1281684532463316992
1281672017008365575
1281660937720737792
1281369618922250240
1281330420601298944
1280964276891549697
1280940290711474177
1280927885306593280
1280916606579871744
1280891070189051906
1280601900598145024
1280550881730183169
1279434551769600001
1278693301772640256
1278685658429755393
1278671987737534464
1278504679241060355
1278467191915110403
1278467097539088384
1278336474447065089
1278088411023278081
1277986072950190081
1277963742911717382
1277724477988712456
1277719478369951744
1277616442289147904
1277358595470999553
1276711090530013184
1276703037868965895
1276655104108769281
1276193839313752068
1275884919684816896
1275869068998967297
1275816154796306432
1275637664415440896
1275637521066713091
1275510929472598017
1275459916187254785
1275437813689769986
1275179708456501248
1274761377048076291
1274491145154936833
1274018539838615553
1274018312821846022
1273683350172110850
1273357485852819457
1273320656038436872
1273257166393180162
1272914416456138752
1272643537046208512
1272254110071492608
1271480584414642176
1271254383859306497
1271223252334108674
1271133395079311364
1270818886376730625
1270752673722220545
1270722485655187458
1270067266214932486
1270055754901397506
1270018862503911424
1269759334222790656
1269313097233285123
1269310618525478913
1268899869600763910
1268283472633901056
1267903940483518469
1267543491074195465
1267502196419108867
1266817771331112961
1266811488481742848
1266520634051493894
1266009152394088449
1265803293634244614
1265772952252973057
1265686001290223623
1265684593669214208
1265001946706042881
1264934992335048705
1264248986980024321
1263968876930490369
1263927803101294593
1263924147576586241
1263588703764545550
1263529507283222528
1263513809337159682
1263496258674720779
1263491619606671361
1263487120972427265
1263173851787276288
1263137054134800384
1263130447929913345
1263107074143199232
1262868716104097793
1262839732892991489
1262814629732012032
1262791027850649603
1262505927313416197
1262487262241214469
1261654646835249152
1261471033154043906
1261375885103427585
1261325530714038272
1260950737342906368
1260896550131134470
1260697424986877953
1260672832620691462
1260298759986167811
1259913628435783682
1259882204391444480
1259882203443539970
1259564026444595202
1259513938473103361
1259277187146022913
1258860605831876608
1258860603051053063
1258795074198085632
1258794797923434497
1258794646374924288
1258776421134151682
1258751799181348865
1258487924200558592
1258391872936054786
1258098580583260164
1258071010739396609
1257733550343946246
1257476341403967488
1257417676407832578
1257408366013485056
1257400998047481856
1257396091240275968
1257358106671157262
1256976662274719744
1256756410723024897
1256346341053214721
1256326600838139904
1256237184086151170
1256218654015979522
1256200914056216578
1255943991868227584
1255865975557193730
1255558297249361920
1255534603412082690
1255522348779876352
1255181778672922638
1255150000201297921
1255144208504983563
1254850277649285121
1254783433466736651
1254484992262111238
1253757505789997056
1253744597769093122
1253706599195119622
1253453089392263171
1253452496107945986
1253393294291275776
1253328055918972932
1253019705415290880
1253013772299644933
1252676663881666566
1252591812050669568
1252340159565070337
1252340157597937669
1252292292943233024
1252275945886621701
1251906286293262337
1251249927541440517
1251247676110311424
1250872564257378306
1250777986967756805
1250776183307984896
1250540640062103553
1250525076560261126
1250448423133872128
1250202514974269440
1250128634226061313
1249725600715149312
1249723375326572546
1249379335842271233
1249378385513586688
1249359925186347014
1248720275006504963
1248699818366717956
1248603187348733953
1248398428943470592
1248392064712077313
1248386172667101192
1248376515391152130
1248361366072721409
1248355881475022850
1248227118103834625
1248017848472989696
1247996601853005825
1247890734201499652
1247586978457178112
1247205667531866112
1247203419678523392
1247203418558607360
1246842923217498114
1246434776376053770
1246095176432521217
1246074101153828864
1245891700490461185
1245839723169337344
1245790900971884547
1245754023417917440
1245725760356257794
1245529562693488645
1245439675084558343
1245422273777074176
1245369165348732934
1245153969799868417
1245123750493855745
1245099511258796032
1245074562343145472
1245060483033563142
1244676106915061770
1244671077504221185
1244321220037918721
1243947569983696896
1243925571131891713
1243609849889525760
1243609848727719936
1243590519818682368
1243233234709856259
1243155375806910465
1242995060821626881
1242982757984342018
1242935657372299264
1242878181742436355
1242830193036800001
1242806606733213708
1242648118656749569
1242642904549597184
1242495443067637766
1242432813439365121
1242215168496599041
1242171567074955267
1242112571190239233
1242105136241147907
1242105134500413454
1241483938293518336
1241384009164259328
1241120558332424196
1241094021365354498
1241033668224786432
1241027605748273153
1241018278899789827
1241016373914075136
1240805179345309697
1240800177532940288
1240800000742961152
1240768473879494657
1240752158028500994
1240714730437828609
1240335890897154050
1240319517261205504
1240300164713189377
1239998883868131332
1239995661996752897
1239995332836102144
1239972639390613505
1239966995317051397
1239965652149866501
1239961987641155585
1239957591175938050
1239727398515609606
1239726856179462144
1239697506839285762
1239666515722539014
1239654656340623363
1239552481815920640
1239546397155827712
1238950124027629568
1238948232971116544
1238854954363879427
1238697517157691393
1238577915245314050
1238539901274140673
1238532004045623298
1238243942220652544
1237751021176336384
1237409617665196039
1237385092688986112
1237169647146893318
1237133921177014273
1236752360094957576
1236750902016585728
1236701210083758082
1236328998176727043
1236079779494928384
1236061408376340482
1236045688431091713
1235967580092891137
1235933213392015366
1235610378802835456
1235596299325657090
1235587257593192448
1235587197677342720
1235337986826436611
1235329190116970496
1235302875091415041
1235256542980714500
1234950653346287622
1234947249580453888
1234898684556578817
1234869850708881408
1234843411649323012
1234565425930829825
1234564978721673216
1234564977819889667
1234248726232862720
1234192635151163400
1234166357643743232
1233874492394549248
1233416994638225408
1233401036242608128
1233152242586390528
1233148526839914497
1233116985929629696
1233104884091801600
1233046799201525760
1233046702757683202
1232762031612289025
1232752441587838977
1232726459103481862
1232720261545418754
1232700456398356484
1232692568217006088
1232454365492854784
1232394090362417154
1232331780516126722
1231621497703325696
1231309922928865281
1230977524945080323
1230910783443390464
1230571173219618819
1230487163617320961
1229490890802069509
1229474727988748288
1228719229916057601
1228708544679116803
1227984481560203264
1227707155224068097
1227641704041340930
1227353187490902016
1227325423069122561
1227307897232773120
1227303192523923457
1227268592279998467
1227257325997740036
1227239441682575360
1226965109563588608
1226961114732343303
1226649607117123590
1225779287384563712
1225538844260544516
1225533295083085830
1225516557499084802
1225464686138871808
1225419720561655808
1225176426837659648
1225128532768186369
1225114793650114563
1225064075945824256
1224903653045231616
1224897125399572482
1224896381976043521
1224891323255336960
1224889414918246406
1224884731143168000
1224884613006397440
1224879698423042050
1224878340538093569
1224835743752822784
1224457644318044160
1224425934599741444
1223668054837604352
