1286050966324862985
1286038005493518338
1286015491564240899
1285995961253351424
1285954189462507520
1285934619850878977
1285925595470233600
1285628155781357569
1285620691690311685
1285613050087833606
1285605380828135429
1285339453578510336
1285311096195293186
1285297804404031489
1285289509920415748
1285249219079667713
1284900668118106112
1284531075331629056
1284482813211938816
1284250375529406465
1284236125754859520
1284236124483985409
1284229312657399808
1284223930799194114
1284220127358197760
1284216363788238848
1284209686015889410
1284126852492201985
1283903007709691909
1283891731298230272
1283884179646754816
1283878386721599499
1283868044209655808
1283856621324697600
1283849364776132610
1283828775206162432
1283812076616654849
1283799728464044036
1283790695480860673
1283762961035780097
1283513867893645318
1283503851316949000
1283486942743732224
1283473125926211585
1283178139326308354
1283166981294891008
1283121673961693186
1283108963681292289
1283073424370348033
1282821830064119808
1282781980757766145
1282780483269603330
1282774415105839104
1282766891166191618
1282762618042712073
1282751770079502336
1282744132587466752
1282736692097626115
1282705465613463553
1282681498114691074
1282671554095198210
1282446175325519873
1282378342059200519
1282336546314747905
1282051042042052610
1282019423021400064
1281997289268051968
1281974165751451660
1281732488277229571
1281724940228669440
1281718607634927616
1281699358388494336
1281672458060410887
1281622325050433536
1281609656784257024
1281382428083474434
1281332364979970048
1281321865080954881
1281290904070950912
1281276032209899522
1281261707873181698
1281227372629569546
1280977577339994112
1280966897761169417
1280959896540848130
1280941009929633793
1280926706832900102
1280896802473029634
1280615188392181761
1280593971115368461
1280250029702361088
1280233862715539456
1280219674769330176
1280127717279744000
1279415074076143616
1279135446384115712
1279054216032550912
1278794121654816768
1278776279853039622
1278759124348567552
1278735282477596672
1278721328091185156
1278677655777402880
1278425746432761856
1278396017281576962
1278391620493246466
1278370349860761601
1278349072194252801
1278070860268666881
1278059970282618881
1278044785069248514
1278005921151664132
1277982118585479168
1277744265779699714
1277731137234878466
1277724325206990848
1277690227646181378
1277674509135425546
1277651765282955265
1277637025915711488
1276967360759574529
1276889357954285568
1276632635897511939
1276618593736822786
1276606029367820289
1276587228068753412
1276577405939916802
1276553425816293385
1276531537673101313
1276513482729574400
1276318661297479680
1276292531677003780
1276277581218820097
1276258917429981184
1276246633731297287
1276229971741233155
1276207066110197760
1276204088976433155
1275907848548093953
1275901233681911812
1275847456476053505
1275839061245255680
1275556887849840647
1275539143188250626
1275523470248509440
1275503000551936001
1275488266121367552
1275438699765850114
1275424683807199232
1275156709535813632
1275134271695589386
1274704039553499136
1274412239500574721
1274116023420104705
1274103445755224065
1274098404872859651
1274093361939591168
1274088586749579266
1274080853207986178
1274073545841221632
1274041362200121345
1274008086143959040
1273985075328290816
1273967650683699201
1273739220755124224
1273723469063168003
1273710892010680327
1273707142059634690
1273701337356808194
1273697884878319616
1273688406154006528
1273664651893583872
1273633725398556672
1273603218669539328
1273359905056010241
1273333576780722178
1273313615509180427
1273295672452820996
1273278001912971267
1273001192910655490
1272989305435303947
1272976056895635456
1272952616444723207
1272910636742213634
1272893988350185472
1272619269025644545
1272573592056877056
1272555605170012160
1272284907449040901
1272197417643933696
1272174602190565378
1272159402804547585
1271853301924081667
1271853293132746753
1271819662909747200
1271789645890826241
1271620991639326722
1271563047182774274
1271558757072482304
1271520897661370368
1271520896428265472
1271490039965515776
1271472086821867520
1271472085089554433
1271467489768194050
1271464478438313985
1271430004900061187
1271167389518958592
1271118847253364746
1271115186380955648
1271102725833609216
1271071272852733952
1270890533511221251
1270819336287068161
1270805824072450048
1270758941253869570
1270739839709839360
1270498514582278144
1270493720325042177
1270462793683173378
1270441845282287618
1270429607402115073
1270384430541135873
1270383912485883904
1270362566720716800
1270128628307722240
1270121904129617921
1270121902422609920
1270084634982973440
1270069532535775233
1270060562114904067
1270052175528505344
1269686841852256257
1269302046156623873
1269265020661256192
1269007337274183680
1269006437348454402
1268984737860849665
1268958303733919747
1268940467502297088
1268911267357523969
1268680425087602689
1268660074018373632
1268652699026894851
1268644014791811073
1268563058600873986
1268539303270940673
1268256409717800960
1268241154585309184
1268227928443273216
1267899272994881551
1267832126050914305
1267582983323758598
1267576726823014406
1267567841777258496
1267450182293172224
1266938421160873986
1266802854406299651
1266490769612963840
1266476316519550976
1266470740016185348
1266441887428337665
1266439993180016640
1266115820947673092
1266104531903021056
1266089925465837570
1266089923993616384
1266078068155785217
1266066808181751810
1266046032154112004
1266030636407586816
1266011843153272834
1265779917133942786
1265757243917639680
1265734629010673666
1265727294020022272
1265720717993271297
1265711234982305792
1265696807289569282
1265687739309207553
1265680799518593027
1265402413105766401
1265394846526844929
1265368852759810055
1265358332761686019
1265347949900582912
1265282339904651264
1265272186039873536
1265030814892515329
1264911784747700224
1264598312528814082
1264223794589306881
1263933944422117377
1263899973709692930
1263878102347845638
1263601773941600257
1263583166125600770
1263571558964084746
1263564001889353728
1263554949197320192
1263220532134260739
1263213481072963586
1263209095810756617
1263153810450583553
1263138907253858304
1263104390539313153
1262861875093569539
1262844325265899520
1262831436802994176
1262812801975885832
1262793871483961346
1262741274206986240
1262480261062758402
1262471658872492038
1262435320404025346
1262423685408927746
1262061577609633799
1261771767921684480
1261699199579623424
1261653924907540480
1261466404987035649
1261385499660468225
1261348837647499270
1261309205476188160
1261309144923099137
1261300071229992961
1261023602842972163
1261010925781385224
1260995818259177473
1260970051747938309
1260964221434703874
1260710184156106754
1260702640075411456
1260696335281512448
1260687536118210563
1260680542548344835
1260648365596893185
1260638495355305987
1260623388151820288
1260608317828857857
1260599483076935680
1260584366247415808
1260565845064982529
1260334429689524225
1260313862433374209
1260308269807079425
1260291776847515649
1260272374211121153
1259959021534150657
1259937600560922626
1259925249694609408
1259513617030025219
1259498916007075842
1259263179596746759
1258867076137127938
1258845254448488450
1258811512027852800
1258770431982657536
1258504915011452934
1258504912360660993
1258493836378148864
1258493835136716803
1258482839168921600
1258459701685170176
1258419920053964802
1258400833676488708
1258400749429706752
1258130682146062345
1258123569894211588
1258108053435617280
1258098444457193475
1258061641914122242
1258041478514909188
1257805508947443713
1257805507538096129
1257805506464399361
1257785736260202498
1257785735060561923
1257763267105230852
1257754477622427664
1257744940823646209
1257744939376619521
1257422336686424064
1257403409411518464
1257387047922401283
1257363942743183361
1257363941497462784
1257017665383735297
1256963430268964867
1256704479539453954
1256647164031361024
1256350206150541317
1256302404489936897
1256242166676049920
1255998124105052160
1255967503014035456
1255616650235297794
1255593969381183488
1255591468355510274
1255588946056110080
1255576830280642560
1255576828305125382
1255573881764696064
1255558695712428038
1255547940715876352
1255516633453527043
1255255711342264321
1255246685158232068
1255231583046569986
1255216482067320834
1255196236396838919
1255196235394318336
1255196234345861120
1255196233360162817
1255146352582914048
1255127271444303872
1254885633375514632
1254871710320529413
1254853867197456385
1254836241679486978
1254830587875151873
1254817604201578499
1254789569636995072
1254764873445257216
1254451454200500227
1254055152492953600
1253810653099425797
1253785650979053573
1253761910329282560
1253743430511058948
1253690136925216770
1253685337064378378
1253441719984623616
1253425929998626821
1253385672179757056
1253385671173197825
1253359747291648001
1253359746037551108
1253358017531305985
1253088955970584576
1253067322899791874
1253047212751364098
1253029582065799175
1253011738955526145
1252969010284683266
1252747483362611202
1252715012541632513
1252681075912048644
1252660960755625984
1252660958901735427
1252628454803148803
1252594243069267968
1252352621819518990
1252347283850461184
1252331223126597632
1252316131249061903
1252299488737271808
1252279081351237632
1251941215731359748
1251918673343905792
1251616670822600704
1251556282999373831
1251522160008495104
1251247848613654529
1251231531206574080
1251220177389342722
1251202549354508290
1251187448618586112
1251174356056760320
1251174354718687232
1251159783450619912
1251141006243831808
1250939366698074123
1250934967405645825
1250925713949147136
1250917563061751809
1250819814622453761
1250579289545850880
1250571957176844290
1250536959094685697
1250529423650099201
1250510483045695493
1250470664512909323
1250435023724900355
1250416215710994433
1250224586555260935
1250205715458928641
1250176173302317066
1250176171481980929
1250158853892734977
1250121760776818688
1250106659097075712
1250091762703650817
1250058033004253187
1249834785314308097
1249819631214264320
1249819306197745665
1249817274686550017
1249779219233726464
1249779217224605696
1249777754394034179
1249760545659633665
1249742818777718784
1249703328386289668
1249378019464142857
1249329030467387394
1249053387867422724
1249000575007707136
1248721191478624256
1248702387742801928
1248679719521878016
1248660806260215813
1248638823627710465
1248619368000286724
1248395610920640512
1248389453158043653
1248354907951955968
1248295877745299457
1248248876307329025
1248048968031969281
1248031503839264773
1248020819181293569
1247936056231690240
1247909627448221696
1247872931998375936
1247684051823198208
1247622721556697089
1247589361832599554
1247547572912259074
1247515660562968576
1247337318853328896
1247274147207688194
1247246859866910721
1247238146686889992
1247228692872511488
1247190526543179776
1246957819741396995
1246897958337028098
1246867772749078528
1246490279265402882
1246478932947410951
1246445015284551685
1246211054935461888
1246203382882340864
1246170626920001544
1246112599034470403
1246112592835248129
1246082722457702402
1246052433836589056
1245828600215089152
1245795751587909634
1245769247181230086
1245754151050543115
1245739052214689792
1245717658923937792
1245711206465384448
1245464555305799680
1245452158121717763
1245440904237891585
1245430875610910729
1245414420697792514
1245376565778751488
1245365411257991174
1245336425773621248
1245101120067960838
1245082499472121857
1245050755133956097
1245035662576934913
1245020172789915649
1244992547304476672
1244980400629395458
1244744325633900548
1244732402896945158
1244718563027496964
1244707235613343744
1244689638276595721
1244682964526600193
1244663298022420482
1244380094422016001
1244349891834458117
1244037860627537921
1244010155836047360
1243982456203730945
1243934659836293120
1243908260861816834
1243893179608432640
1243666666715860992
1243626345181122563
1243611517968437250
1243602330114818049
1243338357528317952
1243309943886929921
1243289173110505480
1243285361041817600
1243243910425698305
1243210016825491457
1243184956215644161
1243158293155057664
1243005815239454722
1242939728195923970
1242931627170443266
1242929285075173376
1242819809634660352
1242807227389485056
1242588283886022657
1242580716388585475
1242541782564589570
1242506492001034243
1242504038870142976
1242501455396945921
1242498947899437063
1242486373623496706
1242472518604259330
1242462465977278464
1242461195770216449
1242457418635894789
1242454937067454464
1242424732299001856
1242273693146976256
1242268655741734912
1242258354468278276
1242154183807176705
1241393336604413953
1241374327058108417
1241128650508046336
1241078365207040003
1241043019731795975
1241022983092740097
1240688539840307202
1240405629883252736
1240368656258908161
1240037584962760707
1239984165703102466
1239976080557121536
1239645131961249793
1239622490449752066
1239286577387405312
1239241016420556800
1239213618513743872
1238926672604418050
1238832148678881285
1238674672507654145
1238579631218995204
1238562060482609152
1238554200935665665
1238529027616452610
1238503863281483776
1238458553050038273
1238194718959374336
1238169171344658433
1238146528323256320
1238106274719555584
1238096192388640768
1237853320246513664
1237796732630679554
1237782842559598592
1237758791879397377
1237733686809952256
1237731289358352385
1237444383085125632
1237125554681327617
1237092090083004417
1236714589754208256
1236368555177885696
1236285172171104256
1236085426609426432
1236059481261445121
1236016229099454465
1236005173807460353
1235970950190989313
1235941992116498432
1235720524321435649
1235694115003731970
1235686440371212288
1235642527233032192
1235622389142007808
1235608558533783553
1235572060698456065
1235349318917386240
1235338122378043392
1235297798872092674
1235234923327426562
1235003293207867393
1234947953183404033
1234896480462307328
1234843520839618562
1234829967835508738
1234600648647331841
1234192972272619526
1233921161886666755
1233844544854204417
1233563830506196993
1233460029686194176
1233440562851778561
1233415372193386498
1233415346532626433
1233159025824583681
1233109587819143168
1232831518927704064
1232740894606024705
1232368464867790850
1232042767485984768
1232028311469072384
1231980894489063424
1231960720662765569
1231636120162754561
1231374371857588227
1231258633805144066
1230962927974408193
1230925173836177408
1230545358540988416
1230219931385552896
1230162043153637376
1229855629956861953
1229786471571300352
1229559936381857792
1229424094774484994
1229119526010224641
1228787356116881409
1228716873262473217
1228406073356431360
1228395173870174215
1228377154293051394
1228366796484481024
1228352012741488646
1228034935417638912
1227989640705081351
1227964427737141248
1227753063806652417
1227715266232057856
1227674876972015616
1227672540870578178
1227648214347788288
1227330299689828354
1227296270504595458
1227277435621838848
1227257294116806656
1227236664021524480
1227043914026229761
1226988192240459777
1226952748194811905
1226913828153286656
1226897391477043201
1226674662404390912
1226659921514635266
1226570258523226113
1226265719207317504
1226190241465278472
1225903329370345472
1225835389182717952
1225817246922092544
1225800230039433219
1225782583688146951
1225583727356633088
1225486857523339264
1225450418949500929
1225432764482191360
1225171748779429890
1225137122736295936
1225094210929512448
1225085478640197632
1225060326191792129
1224908275386286080
1224908016149057538
1224861488487239680
1224836673583886336
1224830055483879427
1224770918553214978
1224726877492871174
1224697943187390464
1224438714769666048
1224418565333364737
1224394673713745922
1224336774815678465
1224086367552053248
1223653535591665664
1223414437811576833
