1285954628719382530
1285683663854809105
1285680351105503232
1285680350476328962
1285276512883748864
1285256652795645954
1284509083261952006
1284152817314402304
1283828463334567936
1283410413678399489
1283129892197072896
1283114165712936960
1282720138182250497
1280910691684225029
1280910691013140480
1280859366829195265
1280558202782965760
1280529265008746497
1279433402874241029
1278820300176711681
1278731213138726914
1278719816438874114
1278418094323462147
1278387895334649856
1278369165066330113
1278359781632282624
1278315313038229511
1278081549339103233
1278028347260502017
1278002951555100672
1278002949155889160
1277725270141739008
1277725264714379264
1277725262424289280
1277723934289465344
1277723461373300738
1277645986681282562
1276613046614581256
1276613045721149440
1276596167686656001
1276596167070138368
1276568189363785728
1276316390157320192
1276316389444399104
1276316388714516481
1276271185408516103
1275864729689489408
1275512281187733507
1275512280201994247
1275466644446461957
1274711042627641346
1273699436854759424
1273699435558690816
1273660877124886530
1273660876269260801
1273647661867061254
1273419600877756418
1273419256957407232
1272998066010894337
1272998062391209992
1272974215365431297
1272949831506497541
1272529119373340673
1272258412777218048
1272162806394224640
1271072192034471938
1270795191545364480
1270791789662920706
1270762317488295936
1270037255944654848
1269269059335450626
1268965954714812416
1268910448256180227
1268618085247803392
1268565551271612417
1268226888478187520
1268181878881878018
1266746187698364419
1266454223287443460
1266397143620820997
1266044543851532293
1266009317901250561
1265749813552984066
1265702431620554752
1265692033240510464
1265685690626519041
1265662180856299522
1264911598004637696
1264194373752766469
1263907483111895041
1263836257429454848
1263831983261696001
1263561174265868292
1263218155398324225
1263202349369167876
1263164919865802752
1262811850309357568
1262789682074660867
1262425820611710978
1262064725082267648
1261468833468080133
1261468832310407168
1261451495456731137
1261447722327932928
1261447613447979008
1261443024044916737
1261435561820086273
1261359258853089281
1261003028590665728
1260994663659560960
1260911480339341312
1260690532428382210
1260677165533794305
1260663248975810560
1260646967685742592
1260628883520524289
1260267853439254534
1260205225593503744
1259960627705020423
1259960626090303489
1259949009847947265
1259535129954877441
1258799006551064577
1258768904127688705
1258441302980669440
1258399715881897986
1258137802887356422
1258109372221317122
1257755694792503297
1257742261208649728
1257738688752222210
1257701839874617347
1257701592050081792
1257660696747298817
1257452446487461888
1257421189187874819
1257421077694857216
1257420296858095618
1257409985677533196
1256279448674058240
1255919671284465664
1255562025373175808
1255201634898018304
1255174714424733696
1255174713116110848
1255174711425863681
1254197494575136770
1253760620249268224
1253728552324907009
1253688721892880389
1253448049503997953
1253448048467947522
1253448047260041217
1253394673600782338
1253394564125200387
1253111344259231744
1253093298656415745
1253071076592168967
1253035678000168965
1252961600706928641
1252720265869623296
1252620378314362882
1252620376728797190
1252600390878736386
1251858335801831425
1251858087473971200
1251308856459890690
1251185787233800193
1250852297590128641
1250852296776396802
1250833774247624704
1250544430366388224
1250530951823798272
1250512609406787585
1250512582886273024
1250498540461326337
1250437958798204934
1250073928812367877
1249812102497185792
1249786674474881024
1249786673656999940
1249341653040709634
1248691093899808777
1248286263138017281
1248286260143235085
1247980919606120448
1247980918876372993
1247958810343411712
1247893730268295170
1247871817647304704
1247607977521094658
1247607976757788680
1247591207779422208
1247190851308093447
1246168864154693635
1246152611365076993
1246130371953123330
1246072181068640256
1246072180351414273
1245806002756345856
1245796544118472704
1245750339279548418
1245727204304134144
1245727203154935808
1245466938991656962
1245451506347900928
1245085611104571397
1245050413776138240
1244717705623633930
1244671992953016320
1243934641381392384
1243587442491392001
1243587441631662082
1243555009037557765
1243280976354119699
1243280975339102208
1243280974609371138
1243280973615239169
1243280972776386562
1243247815867990019
1242895409862914048
1242836517749436417
1242814524308230145
1242529006106312708
1242522485855268866
1242170416514453507
1242158036308955137
1242113699629932544
1241923758958534656
1241776709126492161
1241757412253732866
1241409236439007232
1241357901559664640
1241357900712480768
1241343801828036610
1241148525808889857
1241148525066489857
1241062589305675777
1241043436045811713
1241033307678220290
1241023013463744514
1241021553166475272
1241020948247121920
1240752405890895875
1240742041929297929
1240741833799544843
1240726976211681280
1240675510176428036
1240382471822348293
1240370708934537216
1240355702415261698
1240350198607622147
1240349279228776448
1240307829447241728
1240303725727621120
1240290457680297986
1240021243631468545
1240021196340695043
1239995854276177923
1239995657722748928
1239995522125094912
1239982564837937154
1239979372129517568
1239240382698999815
1238844426522427396
1238622245309775872
1238457295236988930
1238148333169979392
1238148332490457090
1237848435824328706
1237848434863779842
1237809669114138624
1237694758857760768
1237483367622299648
1237429699611103245
1237045366589186048
1236026893171859458
1235634325749739520
1235634201166336001
1235327918613635072
1235327917518925828
1235287072434511873
1235256252588056579
1235256204282269699
1233781002369191936
1233781001517707265
1233457549518757889
1233441369760436226
1233148479188406276
1232841611534643201
1232802524245188610
1232786859413118976
1232767059634851840
1232702444636864514
1231977453356290048
1230283755601977344
1229490625193684993
1229490623851442179
1227723514871984129
1227721541997092864
1227693887235534854
1227646194572238849
1227646161244303360
1225863337336098816
1225814415838236678
1225776515104808960
1225453528749133824
1225453528073867264
1225190823073112064
1225174916980408320
1225174916070363136
1224897837592469505
1224897781619478528
1224896558661087232
1224894814510026752
1224894522385215488
1224892755341651968
1224892537204367361
1224891706249752576
1224891424866471937
1224890554724515840
1224890189430038528
1224889835107815425
1224889812743868419
1224889326154264576
1224888820258295808
1224887518618963968
1224886515043618816
1224885953623400449
1224884686629097472
1224884488586526721
1224884461730398209
1224884424023662593
1224883306191298560
1224882877751578625
1224882275013316608
1224881622690017280
1224881099433742337
1224880776891813894
1224880481017253888
1224880413862174721
1224880401828798464
1224879342255333376
1224879331392004106
1224878242986889216
1224876023365492736
1224834136168435713
1224813830431264771
1224388809288298498
1224388808558481408
1223396686703316992
