1285228979180523524
1284471882578788354
1283070778351788034
1281707657230012417
1281633835248234499
1281327616264372224
1281294096385048577
1280518952679063555
1278390952932016130
1277976381066850304
1277697890731819010
1277631087955640321
1276206488747421696
1275892489401126913
1275828963076640770
1275097637939810306
1274022579511140352
1272968142734659584
1272968142109708288
1272907651731644417
1272644591880208386
1272597827500335106
1272141937202659328
1271174126070386691
1271149332956352512
1270759474639376385
1270413196663406594
1270397030553341955
1270366324057878529
1270071825851170817
1270041200486240258
1268229984780419073
1267835220025278466
1267185553331695616
1265819190503620608
1265803543555895296
1265012144157884418
1264907570784894976
1263854159209652224
1262815070771392514
1262413006987812865
1261437478742835200
1261377125287780352
1261301359137226752
1261301358478721024
1261301357828595714
1261301357165916161
1261301356499021824
1261301355882467328
1261015016561610760
1261015015785717765
1260668776577720320
1260668775797489664
1259849047868878848
1259111673463484416
1258832357429297154
1258780476216619008
1258780475088424960
1258485598677020677
1258418964205580288
1257748224003190785
1257680743096074241
1257442658664013824
1257388676880965633
1257085826900602882
1256221840437018625
1255888752863559684
1255858334680453121
1255597097212096513
1255193589199638530
1254860374500872198
1254811907778908163
1254794317773910018
1253679860200898561
1253447933204353024
1253400707694301184
1253358318665502726
1253081725460250629
1253015622008442880
1252608718505680896
1252348659187855363
1251220332842815490
1251168074369241090
1251168073748545536
1250815198589530115
1250764613840494592
1250497560835432449
1250460993169362946
1250174171688173573
1250079836305047554
1249781185544441859
1249743262405009408
1249312670626582529
1248645058246688777
1248613030792794113
1248262229167923203
1247988333659242497
1247988332103155712
1247914008742711296
1247610227555553285
1247560041168801799
1247551557043990528
1247275747888201728
1247204238272462849
1247173073234690049
1246454545556942850
1246103441904152581
1245807116197277698
1245744423138463746
1245481837075587072
1245445834373763081
1245394278597173251
1245393887717359617
1245152922888998914
1245069952324960257
1245002191213035528
1244667131477790720
1244371551367151623
1244332475284967424
1244297617774989315
1244032998883893249
1243601184612646912
1243215811638108160
1242492996043640833
1242447123792134145
1242104439860756482
1241043836773830663
1241031058872832001
1240749550274560000
1240737449879515136
1240702593589903360
1240373421923500035
1240350931365113857
1240345458662346754
1240338015005945856
1240287942289117185
1240054041650003972
1240004041154969601
1239917260493504513
1239651548961128449
1239589133259083778
1239555000998780934
1238958113971200000
1238683287067021313
1238601344245731328
1238587837387280387
1238566415935967238
1238511011214372865
1238468184824569858
1238451702472347653
1238170309490020357
1238111820537311233
1238110715732426758
1237862320333680640
1237849666449854464
1237800514605199361
1237800513724452871
1237800512851935234
1237800512008962050
1237800510943637505
1237800510142504961
1237800509391724544
1237472681471197185
1237417152396906498
1237124796732837890
1237032923855020035
1236358701327540225
1236009693899874306
1235683748345081857
1235257894695772160
1235257890866372609
1234944285834973185
1234553476111327241
1233554071828750336
1233455062111969280
1233427746568785920
1233119351454228480
1233119350724452352
1232707091384733697
1231996479365054470
1230919590856798209
1229803288952004609
1228396635308294144
1225468840521412608
1225176167998771201
1224899946429779968
1224359112630317056
