1285946274672447488
1285933724333477888
1285693251501072384
1285600729261060097
1285594599147352065
1285558897047212034
1285252495825080326
1285247204786151430
1284439586941415424
1284427695221288969
1284247845940473856
1284176420965691396
1284170456686309376
1284085885244448770
1283865661857501184
1283769041329573888
1283767845415817218
1283761628752818178
1283741924659277825
1283411104727736321
1283405037545361408
1283160594309234689
1283153877102145554
1283153048685228033
1283067012395282433
1283063785528467458
1283008346098995208
1282786378259070977
1282775555755180032
1282744100555554816
1282738716386242560
1282729688218120193
1281950872847765509
1281687525434757123
1281675810663854080
1281667089720385536
1281602326286012416
1281596034658050048
1281589636041789446
1281311047090044931
1281301545217404933
1281258045373325314
1281202189562777604
1280947261237755904
1280932160782958594
1280899056265498624
1280895183111049225
1280894162460717056
1280874200484495361
1280873867934826498
1280610479761735680
1280595491835838465
1280581678768033792
1280529842396631041
1280274764268003328
1280216520841474053
1280208513684422656
1280170613664092160
1280164553217753088
1280135062684565505
1279386978862141440
1278852446387830786
1278849688347611136
1278830032815894528
1278774056695840768
1278765580275847171
1278713672437846016
1278679611405209601
1278539352868638726
1278539064875069440
1278518841887404033
1278499581404360705
1278469432747028480
1278398163423035394
1278370007789993990
1278369392456318983
1278353049921224705
1278335801408073729
1278324479924539393
1278275907782918145
1278065230162071552
1278049086785097736
1277999603078619136
1277956855680172032
1277734554573385739
1277715968693645315
1277691163852648448
1277656297383567362
1277651392937721858
1277651391704715264
1277632404690214914
1277621053758603264
1277247883742285824
1276870398093688832
1276615687885197313
1276598605902745601
1276589128046596096
1276587868832612354
1276510142087852032
1276508704372899840
1276473595678658560
1276343522665418752
1276316676104032258
1276217221958840323
1276205407858540545
1276188370172026881
1276169496009547778
1275919379859935234
1275833652593733633
1275808414220812289
1275806536745603073
1275541674853371905
1275512824874381313
1275491376608808960
1275469375382962176
1275432546919239680
1275375546969608192
1275246738538999808
1275171101623095298
1275155541724143620
1275099858957938696
1275092024950247425
1275084888782274561
1274688525670273024
1274054990915678213
1274048430822821896
1274043016164945920
1274012836310777862
1274009047599951872
1273691704340733953
1273652729567723521
1273375816911552512
1273360610076524545
1273274788874792960
1272964880165941257
1272924907140198400
1272908666908393480
1272906023708381188
1272652682528948224
1272649990612148226
1272617677689847814
1272570857219600385
1272557577558208512
1272556225629245446
1272533323592749058
1271547826405810176
1271517197941313538
1271508442390331394
1271502540115509249
1271394312970833922
1271192597319598083
1271177441659236353
1271150086081392645
1271129330433884160
1271129195943538690
1271127445182259201
1271108526870614019
1271092444000632833
1271092441567956992
1270802262835843075
1270783140945104896
1270738476875550721
1270480856142970880
1270479743490707457
1270445563033595905
1270411833007116290
1270092473130463235
1270085661362720770
1270085153537343488
1270032914718380033
1270032912788881410
1270006751581163521
1268960291968122880
1268958658664202242
1268939685591646210
1268890313998901249
1268856339528323072
1268634322774429698
1268634317179289606
1268625582054662147
1268591995049705474
1268568268777959425
1268568099890003969
1268550574913404928
1268273451938258946
1268225384904040448
1268225382244851717
1268207341582901249
1268204168944156672
1268196535034171395
1268190065781604353
1268189572212588546
1268148288794099715
1268144147195588612
1267926975131406337
1267886497874825216
1267875407581401089
1267872690498605056
1267542420155240448
1267526325851414528
1267520109255458818
1267516094203531271
1267507677648879617
1267506887362318338
1267492875308335107
1267485333253435392
1267468444531916800
1267106239982571523
1267106166280249345
1266908919319887873
1266812966718050304
1266812318236672004
1266808727006568450
1266808008769757184
1266805860946378757
1266792501882560519
1266766565976018946
1266736809545027585
1266736734336954372
1266489495324672000
1266452359108014086
1266447603199328258
1266423655808094210
1266418420633030656
1266407242238242820
1266404526711615492
1266370904117792768
1266361144890908672
1266357662318501888
1266333355345416193
1266170156574703616
1266092632721276928
1266084783966359553
1266071963858079744
1266071869859532800
1266070215194038273
1266046884810051585
1266029714235326465
1266028960787451906
1266028422863761409
1266014281482584065
1266014280043958272
1266014063781347329
1266007944598036480
1265779766784901120
1265769082009391104
1265740733748858886
1265719420464377858
1265709574985834496
1265693477272268800
1265685620640362498
1265677738553348100
1265635430843768833
1265621416919158785
1265613724880117762
1265609261020778498
1265392546932498433
1265357725275389952
1265346082747428866
1265323128319811585
1265300420643229697
1265295297401556994
1265286336707248134
1265270078901231616
1264981150629531648
1264979545003659265
1264926968732147713
1264924610837073920
1264896497134514177
1264542358420557824
1264519010588061696
1264344683305668608
1264343620628381697
1264209475038089222
1264179272513581056
1263945229188530176
1263936923384647680
1263933005321601026
1263927715373121538
1263896738584236043
1263884094255095809
1263880136044273671
1263866584742998016
1263849965220233227
1263844867832270848
1263844139575259136
1263784167784890375
1263630737431035904
1263539402640429058
1263518452322623489
1263491265120919552
1263478479863123968
1263471755949232128
1263469866872377351
1263469580648882176
1263439398516883456
1263417909881253891
1263243103336460288
1263222764707733509
1263213950365323264
1263188567049867265
1263161704948654086
1263156214344699909
1263133702055493632
1263104144866308101
1263103012194549760
1263095885019467776
1263092113224286211
1263089591176880128
1262847730118021122
1262837593802186753
1262803784834711556
1262765362480807936
1262756089092665345
1262742612257026049
1262717959459528705
1262679388111491073
1262458907630460929
1262455617022820354
1262455583657152514
1262455247311712263
1262454778291986432
1262422383895490561
1262415852223311872
1262403859483410432
1262392537932857351
1262369848706904064
1262078812461969409
1261405627072393217
1261364112346447872
1261359440927748098
1261325469669982208
1261323587404926977
1261308273996763137
1261249973523566592
1261014568937152514
1261008630918393857
1260997821039366145
1260924499333169152
1260729444400082949
1260721487515750401
1260664721889546242
1260616214512054272
1260592888318169091
1260591223330537473
1260585496633380866
1260577338686869506
1260526453495660544
1260518902431244288
1260511385831780352
1260388694747418630
1260363621185568768
1260320822247460865
1260306054593855493
1260252745640132610
1260246214467112967
1260209655353139200
1260027767044726786
1259934650702729216
1259916690202210304
1259872100384477185
1259868365444841472
1259485014753980422
1259188532754743296
1259167067909099520
1258837318326267904
1258836490806755328
1258819119496953856
1258781506119634944
1258748846647250944
1258710737641304064
1258479607147307008
1258466630864195585
1258457766647250945
1258457729103953922
1258456564932829184
1258441027880443905
1258417376623833090
1258411270312570886
1258404532406665216
1258402118173630471
1258393800378134534
1258381071504281605
1258331991969271812
1258130791265157122
1258128187474796545
1258126883708964864
1258122641136812032
1258077887804182531
1258044070359896065
1257768931495903234
1257767888099831809
1257707451832557570
1257705676517801989
1257678940388409344
1257676809937788941
1257665215392612352
1257646792210026498
1257505317144932352
1257423160846307328
1257379681063632897
1257374469716430852
1257362468055265280
1257357691330191370
1257344324817338368
1257322707055570960
1257308734709100545
1256380642121703426
1256282707040108544
1256275249269821440
1256244282064846848
1256239215270080512
1256239098848829444
1256229688470646788
1256211868961701888
1256174022586335233
1256010445124562945
1255961681353756674
1255948205931532291
1255938150159003648
1255923399710433282
1255922472890834946
1255920579594596353
1255907504787259393
1255892106968739840
1255885337274068992
1255874552724246528
1255867000775049216
1255851902451027968
1255851848239591424
1255676811167621120
1255598377951277057
1255550462515961856
1255543587279982592
1255523727476916227
1255502160512659459
1255474820340502529
1255474629491208199
1255468775090069507
1255468703870746627
1255450963575541761
1255450853047181318
1255234079013781504
1255224064374865924
1255192453478572045
1255187795951435779
1255176578759380996
1255156451317813250
1255147422432456708
1255140233227583489
1255139157535363076
1255138771399409665
1255096926971629568
1254850501830721536
1254841918086922242
1254818883262918663
1254812828357332992
1254800728905965569
1254774660694044672
1254754142654005252
1254726989040115713
1254526154003877889
1254104749869334534
1254086517611347968
1254053457625067520
1253745419601018882
1253736086225985541
1253725360665092099
1253723172521807874
1253722871521857536
1253722640755417089
1253712960192745477
1253680896408006656
1253680689213554691
1253678841161289734
1253637307502034944
1253447825565741056
1253408338114535426
1253360297827540993
1253302602240049154
1253294646115139584
1253277441692336129
1253262338184093696
1253040884528095235
1253028656613654529
1253027276956057603
1253017649237426179
1252992216685064192
1252984122798194688
1252982027965603841
1252961203032383488
1252953746897874945
1252952248382107648
1252899952763842560
1252748955512901637
1252684780929458177
1252667121508769798
1252663032179822598
1252656850534830097
1252617953385775106
1252595659452166144
1252594612335718406
1252556182126034944
1252326972425986049
1252317079925133314
1252288543239651328
1252263648225120256
1252241949513449472
1251942982250631169
1251936338128990208
1251533234267140096
1251274042948161538
1251264651909910544
1251239571435802631
1251215905633325058
1251207586625589249
1251150160735793153
1251101850704556033
1250917129349726213
1250863257449095169
1250847839955095553
1250840300496596992
1250799613176668168
1250776065091534849
1250595238764261377
1250518070587785216
1250515786457911298
1250501016627412992
1250497536592433154
1250491677309112321
1250480258995957760
1250478996841783300
1250443123911733248
1250442883817254912
1250404757467889664
1250372041905180672
1250205585129254912
1250205583862575107
1250191624908550144
1250162551297630208
1250121399076900867
1250102571752136704
1250089442683035649
1250085264342618113
1250070937397071872
1249804971790532609
1249790419032047616
1249777546838843394
1249766324882022403
1249763761830924297
1249747321635647490
1249729058876862467
1249727434657841152
1249712197263134722
1249703150849851393
1249693823065903105
1249691307439566848
1249687726871453697
1249684866653880321
1249678723403493377
1249678683763326976
1249653560989474817
1249377796058681345
1249361634327433216
1249339832603676672
1249336713987657728
1249040318873448454
1249040182965415939
1248997108646137856
1248753827601416192
1248711509288648705
1248669235863326744
1248649956723998721
1248646825252446210
1248642426354483202
1248633803083517954
1248625411287683074
1248578687244685314
1248577840808955904
1248566395480109057
1248558845045112833
1248400299426897921
1248400206774689794
1248364892102500362
1248362070443208705
1248355004492251139
1248343483963904003
1248332644015898625
1248323811533099010
1248287701989830658
1248278102993756163
1248277051578159105
1248272900722962432
1248250897253056513
1248211556455682048
1248091900369932289
1248037911724994560
1248031806647144449
1248006606308036608
1247984649437151232
1247977359850029061
1247969963975020545
1247955703924428800
1247945110794444802
1247941934179651588
1247928476948201472
1247912575897079808
1247912568301158400
1247896657468854281
1247882656840286208
1247868042689671168
1247617305418379275
1247577377376366593
1247560201701646336
1247560118813818881
1247559396844089345
1247542732249235456
1247523332699746305
1247507234168373250
1247344908761006081
1247313137130303488
1247301515678830594
1247275319482089473
1247258590454394888
1247230540887007239
1247229350551961602
1247220342382305282
1247218474088386560
1247215804862681090
1247206018511142914
1247176892316344325
1247171596361641989
1247147041551200257
1246905893599547394
1246887640135278592
1246842428398735363
1246830167428861953
1246637221920325632
1246532440216256512
1246514579120836608
1246423465420361729
1246392069582508032
1246184611417403392
1246176039107203083
1246152346901663744
1246142228248113153
1246142226813587456
1246130854478237696
1246115525157179393
1246106704732983296
1246102923756605441
1246100941998260227
1246096742564708353
1246070133849612288
1246066887039094785
1246029681394155520
1245843507400650757
1245830901159866369
1245825694325567493
1245789331442282496
1245762220035883008
1245755621800108032
1245741745826082817
1245712397240881152
1245705686144765952
1245522782450057216
1245453925957935104
1245417649900838913
1245403966256676864
1245372475141165057
1245365912812883969
1245345156091514880
1245308678154133504
1245297353411579904
1245194450365755392
1245103701141983240
1245083599998791685
1245071054940315654
1245055762855940096
1245047227820761090
1245046791999033345
1245015467573628929
1245006427317579777
1244995548438020096
1244800504942772224
1244717041313091586
1244715701824258049
1244706063322099718
1244671251173576705
1244644569335160832
1244635142649495553
1244602777763901440
1244396226923106305
1244393845996933120
1244370168970690567
1244370108685914118
1244327772631322624
1244264426368368643
1244057565941694468
1244057564150730752
1244055049812221953
1243888501675962368
1243888393467166722
1243866518858993664
1243847801873760258
1243639117126262786
1243621108294848512
1243592539984343040
1243590442156990466
1243570967173046274
1243567314517340160
1243550222627864576
1243513648053714946
1243513290636111872
1243490447273512960
1243371799590641665
1243279867841515523
1243279865392050176
1243279862430928896
1243279860669255683
1243257646502891521
1243253773864222720
1243228274031017984
1243224513191567360
1243223102580023299
1243212853324189697
1243210331482132484
1243205575602733057
1243174240830005252
1243171443682217984
1243138126689611781
1243130577231859712
1242965160106561536
1242941012504387584
1242929877688385538
1242925108089536518
1242920087557898246
1242919732371742720
1242900308793135107
1242893543452147719
1242859230945775618
1242855554416095232
1242833649214672897
1242831693792382985
1242803615015845888
1242797339699556353
1242774479601840129
1242570408290856962
1242566758013243394
1242481150687236096
1242481121385828358
1242468543758610433
1242443948267835393
1242440392773165058
1242433933138112513
1242432224797941761
1242415866769281024
1242213707595251713
1242213488786903040
1242213487377596417
1242213486375120896
1242213484655529985
1242188748944793601
1242184458457014274
1242149997669486592
1242123428292956160
1242123417077321730
1242121579838005255
1242116583264321536
1242070135915110403
1242066318037319681
1241866794853335041
1241844906823421954
1241813865924571136
1241812655830163456
1241812523642425348
1241523216545447936
1241523113382346752
1241522326010814465
1241492407348269058
1241463112659881990
1241438380161937409
1241427894863376386
1241426917766692865
1241376841455284227
1241359518795210753
1241353663504887813
1241345382828986368
1241184547942924288
1241182563613511680
1241152431863578625
1241151362001494022
1241115182228799488
1241083203307347977
1241077973224210432
1241061946276941825
1241051694986903558
1241041563440029697
1241014117932191744
1241008452224405506
1240953732164182017
1240773255457378305
1240773254278758402
1240772113566502912
1240764668966141952
1240759693930307590
1240738260223176705
1240726619729387521
1240726410806939650
1240724829638139909
1240679588373639169
1240673192513089540
1240669420839743495
1240658033920954369
1240650936961433600
1240650306742038530
1240648263902154753
1240623784509476864
1240415042253869057
1240394629373181952
1240388721226264586
1240380310442979333
1240361838010908672
1240360507002978304
1240359819061555201
1240353345052737536
1240344720561172480
1240342998321422337
1240331959823478789
1240323576898768897
1240322809177530369
1240302013151416322
1240298841401892865
1240290760043397121
1240284323384659969
1240263202652463107
1240248832161714178
1240230649874825217
1240076944416419841
1240032763232899075
1240024999982960641
1240002731861053442
1239984635905523717
1239975639370944513
1239955719933300736
1239946865518534656
1239946754486919179
1239935178123943937
1239922252281495552
1239922245725827075
1239916747395915777
1239905403049254912
1239691210220081156
1239687698174169100
1239658783049162756
1239650663136661508
1239649499313770498
1239634956437028872
1239623625034137605
1239609304405114880
1239576991747235840
1239562063648825349
1239551216193019907
1239538066810945536
1239532422879993864
1239530096068878338
1239519346331987968
1239300845453348867
1239295305419538511
1239288082253451266
1239271069380419585
1239199521009270784
1239181865925345280
1239162697813561347
1239145002049179648
1238556653009674247
1238530774225354752
1238523842613645313
1238479584200359938
1238476828530049024
1238476826302971904
1238473107964334081
1238464835689603072
1238178979498078211
1238062893687504897
1237925843873267713
1237925840916287490
1237848857154748417
1237845606623657987
1237824049503485955
1237797708531982340
1237786729781788677
1237753938998366210
1237742084070801409
1237734272028606465
1237493006493716480
1237482198963494913
1237454383622885376
1237454355172818955
1237413320707182592
1237396556577472515
1237379776932982785
1237149325152616449
1237111692745637888
1237056228293033984
1237046028840337410
1237031557942173699
1236454181617184768
1236343354343874560
1236060535818510336
1235954541310480386
1235946894993612803
1235897918458077184
1235678869048504320
1235618837300736002
1235593349853257731
1235587695591780354
1235572939434741760
1235535532727439362
1235353790309691393
1235321244314210305
1235314969677385728
1235309040831303680
1235274284010000391
1235251361987604482
1235240723517255681
1235230380174778371
1235165594237845504
1235003272991109121
1234958854779277314
1234953290267463682
1234944171032662019
1234928984372195328
1234927530739671042
1234922743566684160
1234919246750240768
1234884096096075784
1234859694705070081
1234847559165906944
1234615241486585858
1234587751598755840
1234586440450875392
1234577696941858819
1234574588983611392
1234543130025906177
1234527887354728448
1234520821730770944
1234497062240227328
1234490080863059969
1234316063967453185
1234310977191108608
1234267547236814848
1234265367402500099
1234165469663387650
1234136363529842689
1234136224631345158
1234120319427850245
1233788742915194886
1233788740725886976
1233788738980995081
1233788736854536198
1233788734753169408
1233758717394538496
1233727365869719552
1233462996149637120
1233458644890591233
1233437890937487362
1233427878056005636
1233414052191207424
1233399463198285826
1233358686510342144
1233176993732190208
1233176976564899840
1233147195307839489
1233147168690712579
1233142888831365130
1233142496177381382
1233123007092187156
1233116776587767808
1233106816504037378
1233101258669596673
1233101242043445249
1233055695001575425
1233053848337514496
1233042242585190400
1232830077114736641
1232765491242053634
1232734944927023105
1232722152035667969
1232706581323812865
1232413568911446023
1232381114167197698
1232353682806706177
1232292641800425478
1232292549034938368
1232029975483691013
1231993269044858883
1231971765699608576
1231964501513142272
1231939334095306758
1231734716216283136
1231594565746020353
1231371288352108544
1231065818760433665
1230987214353584129
1230987213556666374
1230987212667400192
1230987211774054400
1230900185255022597
1230891365623640065
1230821971467755520
1230663894563246087
1230639645085573120
1230593589962514434
1230591807253368832
1230528930534318081
1230335899055132672
1230286901405519873
1230226834895310849
1230209989714874370
1230207295251976192
1230187504839614464
1230122354854023172
1229911915608100865
1229888321364455424
1229880328040435713
1229839907423686667
1229604419647541248
1229574852870316033
1229569369954492416
1229539818931130373
1229536272814874625
1229523152050544640
1229485107062374414
1229424159308099586
1229206156578607104
1229159614400409600
1229109177307533313
1229102148039987202
1229102141110988807
1229040950737018882
1229033089516687360
1229024882182234115
1228462713271132163
1228450436132278272
1228388448656072705
1228372422157533187
1228367838299217922
1228355502779830272
1228322467174727683
1228052973906997248
1228047352444997633
1228038632713400321
1228026899382886401
1228018018086772736
1227671648083546113
1227624207531618306
1227411128441020416
1227356654208942081
1227339207963795458
1227290265087598593
1227264087421333510
1227258745970974720
1227256984052871168
1227255462996971520
1226947467905847300
1226927280364179456
1226915605988749314
1226898104726761473
1226876891048632321
1226501591953526784
1226462511786078209
1226255518454472706
1225751059194236928
1225636227392557060
1225432964496003075
1225420413804699648
1225174287390298112
1225159744375214088
1225133632215568384
1225099233361121280
1225094980307496960
1225062865805225984
1225032303212158976
1225027325877800960
1225026283521871873
1225022507331141636
1224907863883120640
1224895337640402950
1224895006923743232
1224893176873472001
1224893052755550208
1224892713616793602
1224884120616144897
1224883725516840962
1224881964760604673
1224879968703991808
1224872441870192642
1224827608170467331
1224827607163789314
1224827605414707201
1224827603753881602
1224827602009055233
1224772133290684417
1224752185843601408
1224752184987922436
1224752184178479111
1224752183373193217
1224752182072877058
1224717281743265794
1224460052091805700
1224445703247630336
1224432726683422722
1223674877816856577
1223629579547553800
1223610450287513600
