1286069820891574272
1286061450352623617
1286033557001994240
1285950604528037889
1285692252807888899
1285661939524349953
1285661938131836928
1285617880755732480
1285594692009287682
1285586362310197256
1285242274243325953
1284516945333817349
1284158817530519552
1284156600580812807
1283750822359310338
1283425522987544578
1283397496404934656
1283194161022357505
1283145221858119681
1282757478208475136
1281694476642267137
1281667323779330050
1281605648162205698
1281591754572075009
1281319754737889281
1281276731157078016
1281276717307498497
1281276693739704320
1281269818742767617
1281263326698274818
1281263309514248193
1280949223509438464
1280932358011662336
1280675555554275329
1280640916978573319
1280634679771758592
1280601212732297216
1280593256972238854
1280556028988358659
1280500562933559298
1280195180017127425
1280127212004540417
1279441469586255877
1279413117693251585
1279072924201373697
1278873478523953159
1278818044974977028
1278792721910685709
1278792719855476736
1278779407562428416
1278758430115803141
1278758428836536321
1278758426798145538
1278740491811594240
1278719973066772481
1278705858189410306
1278670605794099200
1278466060895821832
1278461304680972291
1278411065357934594
1278410856360030208
1278404028892950529
1278388048011689984
1278341416050139136
1278340866571153408
1278333688649003008
1278318987944906754
1278310977461727232
1278310967760302086
1278043607992328192
1278005986415071234
1278001461767659520
1277716857957605382
1277642566075375619
1277598213969784832
1276953968137166855
1276647835950288897
1276636661598871558
1276613004315054082
1276585662851006464
1276577003475476481
1276576891319844871
1276539205863309313
1276298339177443328
1276298337524817920
1276278135055622144
1276158688080932865
1275898430620151812
1275835512260112385
1275809943640252422
1275517571207397376
1275489097512112135
1275430889036460033
1275151745325379585
1274730613220745218
1274413084057239552
1273976377335783424
1273749907015335946
1273740452026626049
1273737402927001601
1273636714318303233
1273363749529882631
1273355920689553408
1273308760719659009
1273279021535592451
1273278457997406211
1273078186717347843
1273039886958952448
1273036702861361157
1272904015781691393
1272630496112128080
1272617385787359237
1272590161533177857
1272174101361278976
1272166651669118979
1271945805432344577
1271526978122928128
1271513579301322754
1271497060949336069
1271494585102016517
1271481864570777602
1271455356384940032
1271183173460922368
1271066336035291138
1270848657584242698
1270836964418301955
1270833233832402946
1270822918801567744
1270472843340525571
1270467628042256387
1270445592527933443
1270435100497502213
1270133657030844416
1269251946378072065
1268962736811257864
1268962732545581056
1268911984659103749
1268648425186299904
1268587545325187073
1268586325508227072
1268586323331493896
1268578019343466498
1268568937945595906
1268567979677155356
1268538694987911169
1268365543763070977
1268365493007679492
1267896419253354499
1267633063271501825
1267112584202911747
1267104336049573890
1266881649096249350
1266880605905616898
1266880604336947201
1266880601824661508
1266371430884597760
1266100705074569216
1266100701169664015
1266089362988634113
1266088023755837443
1266048620589088768
1266023033753436163
1266012110334689284
1265978359957331969
1265811395163062275
1265811393292492800
1265764501263187974
1265750216189370370
1265748453231071242
1265690890133295105
1265662678359474176
1265359957488291840
1265326496136208387
1265314528620879873
1264916807779004418
1264564237868859393
1264260839294541826
1263927426826059776
1263925785662050306
1263908174010159104
1263847356388331520
1263825085674262528
1263825084722163712
1263817391949185026
1263594396039012352
1263546585671102464
1263546583603310592
1263524399484940289
1263498263992455170
1263462996245954561
1263167573123837952
1263157052144304129
1263151613641928704
1263101105761931266
1263097386404020225
1262824229323620356
1262807733788643328
1262782110844309507
1262762308142616577
1262494943848923153
1262494942213156867
1262442444475568131
1262382339990196226
1262372070962475009
1262046061570543616
1261765837762985984
1261473822286458880
1261473818020847617
1261473816041140224
1261394648544817152
1261394634032287745
1261039616574046211
1260977736421703680
1260702354426470402
1260692721762734080
1260670116003536902
1260607699475193856
1260576769414967297
1260248452207972352
1260233240893366274
1260233239417020420
1260217164927242243
1260179130160685063
1259920073537527808
1259919543356571648
1259836219380416514
1259836207292387332
1259514498710474752
1259278438650822662
1259278424239194116
1259168846700781568
1259144691486003202
1259122035680260097
1259120487487221762
1258893664656506885
1258857825465438214
1258850506027536387
1258820484906602498
1258785575269814274
1258522010252046336
1258487315602833408
1258477720071294986
1258395398726615041
1258167756689735680
1258139013208252418
1258104062563815424
1258086811743719424
1258061874865885186
1258056604710207488
1258041635012739073
1258029171995037696
1257781324762447873
1257753516392812548
1257747252765999104
1257705718855147520
1257705716330176514
1257401414172717056
1257356390018015233
1257356388344500231
1257314613307174912
1256668244095700993
1256611268674433025
1256263106872958977
1256215080464760832
1256048790743781377
1255923021652557824
1255917756433731584
1255882583671521280
1255652460628246528
1255603144224051202
1255554979890376706
1255528281320894464
1255194082240081920
1255167162488164352
1255155762571157506
1255145020652351490
1255129687866707968
1255129686952345601
1254870628261416960
1254870627233730560
1254842849218174978
1254799591880392704
1254792374473105409
1254792373567205383
1254753399771484167
1253749523123523589
1253740296933949441
1253687138400514049
1253478442819035147
1253461987272597505
1253454414570049536
1253351311648702471
1253332875081994240
1253323812394819585
1253163107070984192
1253111969164468225
1253072823565922304
1253064830568796161
1253061310788575237
1253042374160326661
1253031258512216064
1252994226134147072
1252727381355384832
1252682760780644352
1252628291485405184
1252611769538879488
1252602759590879232
1252404061296451585
1252398171734433792
1252359930541043712
1252322413225955329
1252001016783962129
1251942096526811143
1251926086038040578
1251247594854113280
1251239737978949632
1251237410010206209
1251192084884795400
1251162568757932032
1251152424670093314
1250933842707431426
1250908116956430340
1250878994364477440
1250872159544791042
1250815545668141057
1250808571543126017
1250806082286608385
1250494137654222851
1250483581174120448
1250176625909600256
1250124104130322441
1250124101307576322
1250120567598055426
1250088691919437826
1250053141279780865
1250051166119120896
1249771350648111104
1249759856137043969
1249742806039625731
1249728951985098758
1249721221991862272
1249456510238941192
1249351351743758336
1248726638508023811
1248696808311853063
1248694030713659392
1248685721583484928
1248652590843297793
1248646865312153602
1248369536719564800
1248369155637686273
1248335133121396741
1248313210165440512
1248312102361669633
1248292037297934336
1248281683775950849
1248248015959109632
1248035364679364609
1248023965282566145
1248023959716745217
1248014893506150405
1247992520719708161
1247980626575273986
1247965051815964679
1247662505931026432
1247640222613098496
1247640221669302278
1247640221006680066
1247609019872825345
1247602078098305026
1247563451054149635
1247547405488345088
1247305053003812865
1247262583909908481
1247225105983381507
1247175766980407296
1247165723463614464
1246988027123113984
1246536458816585729
1246209117871620096
1246201073871785986
1246145259719077893
1246133123110273024
1246103892586385409
1246085283998765058
1245826701134872576
1245768056225378308
1245763847404863491
1245730647836065798
1245471000009080835
1245465988356886528
1245444529525850117
1245394479240052736
1245383569624743936
1245106781157801984
1245047122954764295
1245042614677704705
1245035045695430656
1245017050478784519
1245004252940034052
1245003815612559360
1244754377082101765
1244746653036355586
1244735847498493956
1244705152545828870
1244686022224551936
1244625248147906564
1244390076534140929
1244350879765073921
1244315159151153153
1244072640043716613
1243917957056602118
1243653270205280259
1243611291387932675
1243599289382772737
1243596794174504960
1243574839035789314
1243574837903265797
1243574835210584065
1243266386983563264
1243266386069262341
1243263372969283584
1243240637274750976
1243226969623461888
1243221946264891393
1243195057345355777
1243171575836413958
1243162982823141379
1243147062377619457
1242982393843273729
1242977736307740674
1242958177576128523
1242931842875117568
1242916943662911490
1242897062989094913
1242897061856583681
1242860576046485505
1242860563996258306
1242841845450899457
1242835327573778432
1242646985905246210
1242586962600636416
1242547752778727425
1242547742049697796
1242499109073956864
1242260946644619264
1242260944744517633
1242239349317668867
1242232844967120897
1242191075734966277
1241369236162961413
1241073850248572928
1241041940864552971
1240756604104048645
1240752647294144518
1240741744813228033
1240741681856688131
1240685591496232963
1240678300806152193
1240640036334419969
1240446965424492545
1240446963910422529
1240446961834250241
1240442213408047104
1240415525592842242
1240397805421649920
1240392217040224268
1240375457117360135
1240375455951335435
1240375453979901958
1240357953129111553
1240340346917265408
1240052696062799875
1240047814580764676
1240033309423525888
1240011526611795969
1239972833154887680
1239965836825124867
1239939609326424067
1239745085996175363
1239708221021052932
1239682386884988929
1239648893664722946
1239638205454069761
1239634552089427970
1239581836977885184
1239557969181843457
1239385535610830855
1239350648132468745
1239332936312373249
1239261654141059083
1239201523894300677
1238852338464555008
1238842289528672256
1238703645119692801
1238703641822986240
1238686873628934144
1238667181178736642
1238645609420271617
1238645607914487809
1238642092454354952
1238513177467420673
1238235987530190855
1238164955574276096
1238164954903121920
1238164953976242178
1237886494129315844
1237873436266917888
1237865767468597248
1237834330526924805
1237834317419761664
1237821718921609216
1237821717210451970
1237808243675746306
1237755659652714498
1237750521576017922
1237478573960826880
1237478570223710211
1237394372909383680
1237367262690058240
1237109336134111236
1237068434611023885
1236721710189199365
1236716040354136064
1236702847745605634
1236693836820369408
1236654368507809793
1236066500101931008
1236027297553174529
1235980709627600897
1235975399865278466
1235975262862483457
1235694994318483456
1235694993177796609
1235689557523419136
1235689524367364097
1235674572080508941
1235641029996371968
1235355055827619841
1235316436207316997
1235220926813347840
1235220925613838341
1234975721245642752
1234930759816839168
1234655552514514944
1234629344296931328
1234629342975660032
1234604465011003401
1234562994866184193
1234525466230427648
1234497576688324608
1234478595340410880
1234185412605812743
1233845141640794114
1233505384154959873
1233453683330945026
1233440339672862720
1233405794797998080
1233153696567103488
1232837283994329088
1232837276868194312
1232700649537708035
1232697948892532741
1232673684294438912
1232490445898473472
1232352271574470660
1232106052088451072
1232106043641147392
1230990253810429953
1230626006140100608
1230613907015860224
1230527783698345985
1230287483176443906
1230287472736849925
1230176637578358785
1229894791950995458
1229886475065491458
1229789546868596741
1228743781970857984
1228743765021593601
1228477872492490752
1228417473562710016
1228417472304500736
1228411412327936002
1228372751792181249
1228101856116838400
1228090738858250240
1228046575466930181
1227995022265589761
1227715229867544577
1227714630404968454
1227714627854880769
1227704508429590528
1227672131212804097
1227655597551734789
1227614757152272384
1227602642903367680
1227600044376936448
1227386062441504768
1227383766504628224
1227021271218753542
1226927423037562882
1226918197523369984
1226626705261056002
1226626704396947469
1225904743580606464
1225875266007977984
1225872071831511041
1225872060213268482
1225872050172108801
1225872040860803077
1225836532713566213
1225570329197711360
1225550298950881282
1225521204930457603
1225516559487164417
1225464138920538112
1225421324136460288
1225156022932770817
1225145306788106242
1224919477718069249
1224897936552677376
1224896624364785664
1224894654426075138
1224889187373109248
1224888865321881602
1224886331068862466
1224882531490725890
1224868924426194946
1224811487342071810
1224808597873278976
1224803564826112002
1224792404219375616
1224709756348260352
1224443220983050244
1223728695099187200
1223399232599724032
1223395747917369344
