1281362288293875714
1281361317929062400
1281300259608637442
1264272457692782598
1264267908148006913
1263577773232226309
1263577772124930049
1263577770568806400
1262935443039031299
1262935442133057537
1262932244135583746
1262928406984916992
1262926211141046277
1262922590894596099
1262922589875437570
1258535386051014656
1258535366723690496
1258510735904108544
1258509901392777216
1258113289868972033
1253849898782543872
1253849520259072000
1250856951996612611
1250856756584026112
1236002386180796416
1234876822774525952
1227010810813321217
