1286061307679191040
1285950182396502020
1285776204788895745
1285648260905009152
1285639107885109252
1285591140935270400
1285337606516027395
1285313328378773510
1285297258980925441
1285247503466627072
1285233482621485063
1285204892219580416
1285199196417662981
1285180251539148801
1284562041198518272
1284535092258447362
1284335809462775812
1284332307877433346
1284236496057307136
1284145205239783432
1283891595159502848
1283824928924499970
1283770165667205120
1283759176515231745
1283512496494714881
1283386485786447873
1283146191014891520
1283026051468275713
1282799370904252416
1282750312936333313
1282689348488527873
1282477539370336256
1282337468919021574
1281971457745211398
1281966430888615936
1281677013112303620
1281587777205936129
1281575403094708227
1281366552382705666
1281244392033005571
1280915664249774080
1280857555959459843
1280528961081167872
1280503390062157828
1280264075411435523
1280168325201276928
1280141899794395137
1279780122862792704
1279780088792453121
1279476044320423938
1279407865648857088
1279146234851311619
1279052736873594883
1278850266847236098
1278826906008326145
1278681323247489026
1278667068200628224
1278438566901792768
1278337953706790913
1278024280664616962
1277964144126226438
1277955414253080582
1277714904040996864
1277700210764984332
1277594032139632642
1277262509586743296
1277262476141375489
1276984662347468801
1276936076507123715
1276617361211248645
1276537727199084545
1276318786006790147
1276231103255379968
1276146976241922048
1276133626359537664
1275896780945752064
1275842777654464512
1275837881055993856
1275824226180702214
1275813991214919681
1275778833950670848
1275512076677644289
1275461463340171264
1275416721378234368
1275185582038233088
1275174562116796416
1275127273381924869
1275099786958589952
1275053416889438209
1274820787418148866
1274685213667397634
1274350743781285889
1274082700962541569
1273970041508237313
1273730759556313088
1273622978530545664
1273374463980077056
1273256338009792514
1273248220420988929
1273242955759996930
1273085264399937543
1272969668840620034
1272959573004034050
1272908448137691142
1272885397354414081
1272643895789260810
1272524843238526976
1272302192263864320
1272254297728843776
1272153786610565120
1271892866554609676
1271886210881945601
1271819197614567424
1271798313684213761
1271546572602519554
1271432334026444802
1271172191422423041
1271083420815372288
1270825852109029378
1270721768299216900
1270699041261838337
1270698270227120129
1270481753824690177
1270343720441954306
1270342417863053312
1270100080905814016
1269995422258466816
1269681826232229896
1269262152952668160
1269000719023177733
1268966706455642116
1268898329037017094
1268651514626703361
1268594918055960583
1268530305251643393
1268297195410919425
1268211498989617152
1268183744390799365
1267889796250247182
1267830571138289665
1267586480869957639
1267565691848269826
1267445396441358343
1267219973862232070
1267124399448248326
1267034329793941505
1266753199668633600
1266467484674203651
1266367905031049225
1266112626314153991
1266046028890980359
1265805055929790465
1265756171195109377
1265741005946568705
1265704662952562695
1265632416250712070
1265611296743006208
1265489789878513665
1265449443060523009
1265400762903023616
1265396684722515969
1265355847036698624
1265276015091343360
1264993050759217152
1264936894015647749
1264936730781798401
1264921216529453057
1264737890350829569
1264643692343762946
1264587920553492486
1264201245633531908
1263940554003546113
1263866347911622662
1263819851883319297
1263590405448232968
1263514263521501189
1263511082917859329
1263510234414419968
1263510147571294208
1263509433155534857
1263468451261227012
1263303071163191296
1263225704348626945
1263165365305163776
1263144654318505984
1263100451978981377
1262872198039195648
1262855350115500039
1262851707756851206
1262832414436610050
1262800694869921792
1262731930321240064
1262533695178711040
1262507934245765120
1262493570969358338
1262469192458145792
1262379898796154882
1262379667438415873
1262374815731777538
1262212723225645061
1262096882224050178
1262010849667043328
1261870558825906177
1261770217916706817
1261731953520398336
1261694284534775808
1261675299588243456
1261422322910625792
1261299391794724865
1261048469839634432
1261040014986747904
1261011974890102786
1260974747858411521
1260924401928847362
1260682944227704832
1260676645930831881
1260638905575096320
1260569571746029568
1260563188271251460
1260558826757111813
1260377462665629696
1260345457122979840
1260344305245437954
1260316725532340225
1260314917716058114
1260303703568982016
1260274567723069441
1260269638493093888
1260261774353448968
1260191572869685251
1259996451540779008
1259944126650429442
1259835428825452544
1259678601802403841
1259626153347874816
1259483854383001600
1259133878847123456
1258859753083744262
1258824452374245377
1258575365666213889
1258500014739017729
1258468283034017793
1258411250100338690
1258390731800141825
1258222741867638785
1258110989406437381
1258029540745424897
1257840286094503943
1257782234943291392
1257703766482092032
1257695188019023873
1257692719050358785
1257690948198371328
1257666406860181505
1257656121898283010
1257420057992474624
1257299945180278785
1256986677127647232
1256979381395783680
1256592039413788672
1256313088124608513
1256238170527670273
1256221466816843776
1256218190859960321
1256208622977155074
1256208622364876802
1255975114262413312
1255959455969292288
1255925740207570945
1255925704388157441
1255921965585633282
1255905659016658946
1255902260435050496
1255869405533257728
1255806141763858433
1255649982063001601
1255626492446375936
1255569608762888193
1255523016966131713
1255521940170776578
1255520084195500032
1255519136291176458
1255518965910196231
1255518317508509696
1255517899688742914
1255517875600855042
1255249488614174722
1255231999880593412
1255190856677679107
1255182308396732418
1254887002161504267
1253480069919637504
1253466974786650123
1253417576874434565
1253277866114068480
1253096097364488192
1253044139324846082
1252703086646353920
1252656629511868418
1252655984104935427
1252647019279253505
1252631805926178817
1252610786704400386
1252348174523482113
1251554307104702469
1251220870003130370
1251191777937305603
1250958600580796417
1250850258860625922
1250786714139967489
1250628289313550336
1250505936747315200
1250426174234218496
1250119520846577670
1249368954465853440
1249368874933420032
1249362807843434498
1248614522950004736
1248436025724145664
1248418460616409088
1248323778557476864
1248283033775546369
1248274641464033280
1248247943192141824
1247981203371802626
1247965199749054466
1247917877543538694
1247913256762695680
1247897049833463811
1247658739882250245
1247618890219298816
1247560522947534851
1247323802402541570
1247282921880387585
1247279199854919682
1247276493903970310
1247276323313254400
1246921379078901761
1246491308102836226
1246164214307344398
1246111660156297217
1246105346319540224
1246100868161851398
1246099910480535555
1246083930794725376
1246080068012724224
1245755625759440907
1245751799484686343
1245742795207380993
1245457541972348928
1245446986947530752
1245385094833020933
1245109561733910528
1245081441416986626
1245053978280448006
1245053202501943299
1245050729225740288
1244784805381836805
1244711297259917313
1244661829634228226
1244460019808112640
1244434001047293956
1244383732217372676
1244369472066125825
1243600453012803584
1243600452027142152
1243600136334344192
1243537348844978181
1243507545542660101
1243473699497541632
1243303680880885761
1243297285250912260
1243284230458822659
1243282574761484290
1243257125691895809
1243250859728941056
1243250562323357701
1243246178646609920
1243221768120283145
1243215233243656192
1243195674981785604
1243178795919704067
1243138196474658818
1242986272068636680
1242934363161051136
1242931305412734981
1242826591622881280
1242798432483500032
1242580591071186946
1242578394094530560
1242571473870401537
1242536173584691206
1242527504436539393
1242526695019724802
1242511333758812164
1242498170501894149
1242491290333466624
1242467082421153797
1242258646790266882
1242256991927644165
1242255385035255809
1242179568146006016
1242169947347914755
1242165604666298370
1242141034747957259
1242125053917106177
1242107130561380352
1242102500787978241
1241858652522381312
1241811091014987779
1241810805101867010
1241808390017384449
1241807772146114565
1241806909797273600
1241797144329228291
1241753813742223360
1241729451332943872
1241517167771779078
1241388286175821825
1241198533547634689
1241196334817988611
1241078816124125184
1241072776120864776
1241019905459261440
1241012455616151554
1241011463243870210
1241006064235053057
1240831563887247361
1240771664167596032
1240753563736739841
1240739671031853057
1240726138156134401
1240705554130931713
1240666245772410881
1240643633822359553
1240636989894012933
1240605372794245122
1240414449506410497
1240403166497308673
1240377518999269377
1240374625390989312
1240353338035601408
1240347089910910976
1240336843125575681
1240333752057749504
1240300987518078976
1240084429583855618
1240050761079422976
1240050558750392321
1240050461954064384
1240040967052365831
1240040790459592707
1240038384803835904
1239996772124000256
1239996132979343360
1239971282059313154
1239955572772012033
1239954775019487232
1239950480610074632
1239941970996465670
1239939487318323215
1239937727463915520
1239935699304013825
1239734046617489408
1239733233924923392
1239638716580278278
1239626051468300288
1239597360918990850
1239593960764583943
1239549949932646400
1239380326964658178
1239365584728588289
1239363325353439234
1239222397171097601
1238875720266498048
1238842320478285827
1238640188622090240
1238631465149218817
1238628094795284487
1238617621836201987
1238613341054140418
1238568573683056643
1238567540705693701
1238566072162402305
1238556561343209473
1238508585761615872
1238496439879315463
1238457659868749825
1238449597103714304
1238161570707968000
1238148903524077574
1238114343688056834
1237917470310248449
1237900008529281024
1237815963355136000
1237495343304134661
1236693979179159559
1236692841331666947
1236373450102575105
1236352288329019392
1236059940416077825
1236058339244732423
1236026770647855105
1235916486293798914
1235622134203838464
1235622132203339778
1235616204317999104
1235614815688757248
1235614617889628163
1235611765460869121
1235592186609065985
1235547808024997889
1235340871035387904
1235285949023752196
1235265782344491009
1234988876881489921
1234954792751050752
1234951066975907842
1234924006073040897
1234900790847954953
1234896389781557250
1234896218704224257
1234896188870135813
1234896113670479874
1234891748758913024
1234888057163304960
1234888056185982977
1234888054931890177
1234861697497739265
1234861695937503233
1234851431041114112
1234841237271797760
1234648779053305856
1234564820650905600
1234291817769840640
1234246323341271040
1234236633031094272
1234169007516921856
1234146080348102657
1233763304079872001
1233590225303154690
1233580618472095744
1233542631638159362
1233502443771777024
1233467537926578177
1233403625734647808
1233403624056872961
1233403622794416128
1233403622009995265
1233403620999286787
1233389563026067456
1233115513406074886
1233108234925420545
1233077862246371328
1233073122334695426
1233029689268195328
1232868416429678595
1232866326768738304
1232861861307179009
1232814523142352902
1232726002830368768
1232700242119864320
1232503927591051264
1232485384145129474
1232480164464021504
1232479104089243649
1232478842696040448
1232476867212402688
1232434120522747904
1232428800006410246
1232405231838932993
1232339454762930177
1232056951896449026
1232053308535107587
1232034637523963907
1232012695773368321
1231979197343641601
1231916526464270343
1231407168689246210
1231335060898504711
1231281827714912256
1230942927175782400
1230320827045941248
1230280088027095041
1230274139627409410
1230201696787275781
1229773177477312512
1229594476798189568
1229540309484363777
1228790866749337605
1227989650486317058
1227735629863231488
1227642343706132480
1227599785177251842
1227335255813763072
1227321169780576257
1227262325356482562
1227185127782043650
1227016459232124929
1227000996103983105
1226994313986482181
1226977259195641857
1226968851281317890
1226956519310286848
1226637380922331143
1226352197870309377
1226349155968323584
1226253081228214274
1226225499996856321
1226166422356865025
1225916999836086272
1225903567648755712
1225874655401123842
1225867523125645314
1225860464128798720
1225859183708450824
1225855672253865989
1225851349239242757
1225844716492771328
1225844288380166148
1225813474447675392
1225807945746743303
1225804109548310528
1225573840136409090
1225569778816995328
1225553153975824385
1225545174639685635
1225542017448579072
1225447974840524800
1225430918451671040
1225421556827987969
1225197513705230336
1225175774635941891
1225151906609352706
1225146170395238401
1225143441656631299
1225143392151261185
1225065229119344640
1224905687941206016
1224902613734449153
1224901711871062016
1224901017285931008
1224899926452310016
1224896284387090438
1224896006225088512
1224895273102716929
1224894931438915586
1224894376758927360
1224892401782874119
1224889388821291008
1224885497778122753
1224883173093466112
1224882921468780544
1224881448089456640
1224881399171309574
1224879105725825024
1224877344919302144
1224877160034381824
1224876016734298112
1224870022490873856
1224860375641923585
1224850081364545536
1224833516560637952
1224781899429707778
1224775276099448833
1224773472808816648
1224773434598731778
1224773213638529024
1224770720422617091
1224535987436621824
1224167582548267008
1224129313064325120
1224114243982839808
1224085601005264899
1223725170885648384
1223696418289963011
1223626240638308352
1223591832912687104
