1286003074130153473
1285986895160315906
1285986894191513606
1285986893163831296
1285982622485811205
1285673565698785281
1285673564205654017
1285673562968338433
1285598322288451584
1285598249609498625
1285348174958297089
1285293434119557120
1284492719142952962
1284220324565987329
1283919633838465034
1283788272112721920
1283501517442617344
1283501516528267267
1283501515504783361
1283501513936117760
1283439447166640130
1283182628066283521
1283182625419603969
1283182623431548930
1283182400911048706
1283158913496612867
1283144796870258690
1283124407662112769
1283124331246170112
1283124281715687425
1283124156784156675
1283124123858874370
1283118614154010626
1283115991124320256
1283064889473470466
1282688144886968321
1281938364665651200
1281572464598888448
1281316586566139904
1280947330942935042
1280918315611893761
1280869943702171650
1280555252555620352
1280544837230645248
1280249716492681219
1280175473981562885
1280132293621940238
1279463830993715200
1279381678767702017
1278711939099754498
1278711874134192129
1278694716322840577
1278691410749935617
1278434589657255942
1278420327878610951
1278414452916920327
1278347498663415808
1278072611738697729
1278055984456437760
1277991148213207040
1277714807169396737
1277707527623409666
1277680763262164992
1277679639125798921
1277652611198574593
1277613493613735937
1277613492837761024
1277613492086939648
1276966218981875712
1276966218038116353
1276911026903166976
1276911025854525441
1276581178540261376
1276572680410427392
1276554005313978373
1276514782854733828
1276284886140231685
1276283329134895105
1276260118913585168
1276239146684755969
1276227500499222534
1276206653986267136
1276183541521494023
1276179734418862086
1276175117794541570
1276136489215238144
1276128599628820481
1275880733870034944
1275841128605069313
1275838661796429825
1275827657134034944
1275820298412142594
1275816204960235521
1275808362530328579
1275786935496212483
1275775579661504512
1275166482897473537
1275164957886369792
1274709200535539712
1274501594642550787
1274430531342655488
1274029410832855040
1274009869692043265
1274007665811820547
1273726137328373760
1273725886563594245
1273723691956932611
1273718428541628416
1273718417128906753
1273718381594771458
1273718370064650242
1273362770386395139
1273347725615136768
1273338902087172097
1273314987013005329
1273299790605037570
1273104727832760320
1272986804988325891
1272975975761039363
1272952495057317896
1272669893696110592
1272669796610572293
1272669770513514497
1272669711902351363
1272662487775797249
1272616192616865795
1272509751579082752
1272498536282755072
1272229717903577088
1271821557439107073
1271558569813585930
1271538024908763137
1271538016402706432
1271538000929882112
1271537990674808837
1271537981019623428
1271537860072673281
1271481012430802946
1271436003690065920
1271152466692841472
1271142553635753987
1271137288119111686
1270904491441717250
1270893135976169472
1270875029576790017
1270871764957114368
1270871724544921606
1270871705561464832
1270871670971158529
1270871423356153863
1270871370830950401
1270871282431787014
1270871270985515008
1270871242371932160
1270871125954830336
1270871074289471488
1270871034003152902
1270871007860068354
1270870934514216962
1270870891241648130
1270870856663736320
1270870836178796544
1270870776221237248
1270870630032908288
1270870567479119872
1270870522239299590
1270870499774672908
1270870324263911424
1270870232660353025
1270870202171957254
1270870183079485440
1270870166415593472
1270870046185869313
1270829868998176772
1270810342680137730
1270806985697644550
1270802385812807681
1270795396646948865
1270793884830965768
1270782817342029825
1270782787763744771
1270782762887323650
1270782657450913795
1270778493765386240
1270776857642893313
1270775326268948482
1270706211588124674
1270536560568676354
1270396230133256195
1270344756120387584
1270162718117580802
1270001296200925186
1269998991363760128
1269986808231866369
1269981108814385152
1269265264610287616
1268946753232961536
1268919611950538754
1268661876130566144
1268286181797695491
1268199473907449856
1268185896802824195
1268171419374039040
1267576224685207552
1267486788475650048
1267438642861158401
1266827841917915137
1266797822743109633
1266762878096465920
1266760691102425089
1266745063029256192
1266745062198820864
1266745061359980545
1266745060382642178
1266745059426414593
1266523260872785921
1266523260067479553
1266523259253727232
1266523258461061127
1266523257655758849
1266523256938512384
1266523256066097153
1266389983700582401
1266124841779953664
1266020753201418240
1266003229533450245
1265809974086848512
1265741517802688514
1265722866575847430
1265717052200886275
1265716368764256259
1265627690612281347
1265425158036246534
1265359009718075393
1264954357218447360
1264012278686461952
1263955440486023169
1263934897078632448
1263924751199866880
1263623434329903105
1263585383347970049
1263530750248443906
1263283392315097088
1263195640567345153
1263176451752370177
1263176012315181056
1263165342916005888
1263152512682655744
1263142589861158913
1263134096315895808
1263097949380370432
1262901398804496385
1262872650709372929
1262844319985283076
1262780934350409728
1262561370626801665
1262459431301849088
1261667159970844673
1261500806806810624
1261409887659020288
1261397407570571266
1261331624278581250
1260720506019471366
1260717752999952391
1260711684647391237
1260654819938758656
1260620940200816640
1260586966233632768
1260586965038239744
1260585476412583939
1260585474181169154
1260278582691102727
1260241666587471872
1260007134785306624
1259970991234703366
1259535747297796096
1259506077407813633
1258891434687594502
1258880139783528448
1258880139070496769
1258836570892898306
1258807610435829763
1258765685414670339
1258535473598746624
1258482881040654336
1258449090762989569
1258440081838350336
1258165482861006848
1258065916362973184
1258065915436052482
1257736367209095168
1257692052160200705
1257681566131720193
1257681522418692096
1257675564850307074
1257667102435090433
1257394995071528960
1257297948943286273
1257294878284881920
1257292429318897664
1257289178649427968
1257287285646733312
1257279620359032833
1257105145734860800
1256755831619686400
1256753025286377472
1256689325837778944
1256597064621981696
1256367728992178176
1256244034109968385
1256222894205612034
1255985492753035264
1255985349622403072
1255985218961510406
1255936733444792324
1255905762897002500
1255608593782620160
1255567478375297025
1255526089461510146
1255233708220612610
1255229998065123328
1255228881575055362
1255227443436232709
1255217884718120961
1255211901732225031
1255210625149669379
1255210539971739648
1255210514164129794
1255208756448804868
1255161015517544448
1254917505321238537
1254896614625460227
1254893653660762113
1254893611856117761
1254893576741363714
1254868291551625216
1254866998946865152
1254859233360637954
1254858718094798848
1254850192127508485
1254843615299461120
1254839109895491584
1254828322414104576
1254819598416871428
1254815820846444544
1254815603212398592
1253888824066871298
1253803304611700736
1253514446506471424
1253460532121800705
1253460530792222724
1253458808300621828
1253458807348441088
1253454416272928773
1253442034553311240
1253441981449154564
1253441897533788160
1253441790021156866
1253406315982000130
1253377271374675970
1253346895759622146
1253339573725396992
1253125532801290240
1253029061087150081
1253005123099516928
1252622972168306691
1252358445111504899
1252358443869933569
1252358442607505409
1252226825394229249
1252214690807263232
1252058151639224321
1252008668259901441
1251952176857075714
1251952175892348929
1251952175175077892
1251952173874905092
1251952172683722754
1251869577992179715
1251688515139747840
1251597518489759744
1251374411896295425
1251369466790895623
1251361249474076672
1251300102305648642
1251219466152816648
1251200200808566786
1251176777214500865
1250930643145502721
1250907747715092482
1250892124117258241
1250877390424850432
1250861925233287168
1250859632341516288
1250851937148338177
1250851917074489346
1250834817584939012
1250807928510132232
1250507269369970700
1250503003783790597
1250485899026149376
1250454259574939653
1250140318269419524
1249836515611611136
1249768285123555328
1249733981030871041
1249707946818314242
1249445384465911810
1249354662173650945
1249342849121992704
1248740003787784193
1248707736386273282
1248652590730096642
1248628630072242176
1248628629304680448
1248628628012892160
1248430738157912064
1248430736207560706
1248430734089392129
1248430732264878082
1248430730599792650
1248355702365663232
1248298763300503557
1248289601137098752
1248239935251001347
1248043402912038913
1248012099806101506
1247966040216219648
1247966038743855105
1247918431053234177
1247709786440978433
1247677504233648140
1247514030002012161
1247372739339595776
1247372738219716615
1247312076516790274
1247260656040099840
1247222157438058496
1247197228986503168
1247179911946788864
1247178182333169664
1247175873624760323
1247175872668487680
1246936452040142854
1246832046745493505
1246807367032942604
1246582770937323520
1246582101643755521
1246578025736667136
1246564320990937090
1246564319913017345
1246564318822440961
1246564316855316480
1246433184390230016
1246220808328040453
1246220794025345024
1246156696331980806
1246138359120048129
1246130060760961027
1246109542519377923
1246090033112760321
1246076452661067776
1246076420343955456
1246076370997972992
1245795642582188033
1245735472669876224
1245728315446607878
1245538866423050246
1245444100935028737
1245441559811817473
1245389435316973570
1245347342062141440
1245011891635793921
1244800490250125316
1244773601909276680
1244734538326081542
1244728644746035204
1244728643638657026
1244666441049178115
1244388338548826112
1244082185499553798
1244024772310286337
1243698454406352896
1243672076030001154
1243659751264837632
1243595392933134336
1243570753250963457
1243273328925773824
1243273328003026945
1243273326811844619
1243226245686595584
1243204161719713792
1242909038511259649
1242850417492582401
1242845001903673345
1242826080928571392
1242564362767863809
1242522323925839872
1242502715818881028
1242502714824765446
1242211859962507265
1242207409810083843
1242170094593204225
1242148679559139329
1242117260552146947
1242096613688053760
1241849105904697345
1241574135827922945
1241447709615235075
1241436520789180419
1241405503206576130
1241390313484279812
1241383811641946113
1241370229651001344
1241156233530347527
1241123304938889216
1241074129215856640
1241072154076155904
1241066215352786950
1241065409157226502
1241034719741050883
1241020841606942728
1240804504393613316
1240754397371564033
1240754089589342223
1240753892641693698
1240719912861040641
1240696037364269057
1240694353456054272
1240662744250101760
1240662621822517254
1240654029992198144
1240620338016325633
1240473927614435328
1240350309559472131
1240349918562340864
1240326738170851328
1240326737130672128
1240326734974791682
1240326734072995840
1240326733053788164
1240326731724206082
1240298233798279169
1240298232925818881
1240297955413942274
1240292563741007872
1240274942182199297
1240052428571062275
1239998419164422147
1239981820889960449
1239962682674966528
1239961421561110529
1239953995789107200
1239926074655547393
1239696290063286274
1239669879822782466
1239648858826833920
1239637788435365894
1239632573762060291
1239629772386439168
1239616659964530690
1239577151638327297
1239207665038958592
1239207663872983040
1239205334335606789
1239198318875508739
1239198283555393537
1238986653097758724
1238952013280489473
1238702344868630529
1238651566380519424
1238651565453475845
1238651564493017090
1238651563587108865
1238651562437861378
1238651561506672640
1238651560487501824
1238651559363383296
1238651557832544256
1238651556335058944
1238651548047224834
1238651544641437699
1238651542498131970
1238651540283559936
1238651520515747840
1238566307521613824
1238549621196107779
1238498909154086912
1238491066401198081
1238480569589252098
1238474113456488450
1238221676040654850
1238178106139201536
1238139136843943936
1238123441078886401
1238123440139362308
1238122825594163200
1237864668284063746
1237828391547678720
1237751882082328576
1237721159937949696
1237398193924714497
1237083242261622787
1237046568441782274
1236115140019458048
1236055339591753740
1236045724242112515
1235831263908397056
1235351951698690050
1235324946013917184
1235323314547154944
1235307770473259008
1235307164367040512
1235299303201148930
1235276541753425925
1235266735479148544
1235263667903574021
1235227483743621123
1235215092188418048
1234982796151492608
1234956899101085696
1234934998035247104
1234929901171617792
1234912617321418758
1234627877976629248
1234618548238127109
1234515778474594304
1234500276029095936
1233534473117061123
1233495327321264129
1233471357058416640
1233439052491259905
1233402631240003586
1233401088121999361
1233379204277952512
1233375543233536003
1233163454640480256
1233052600217542656
1232813001348145153
1232791180737482753
1232715270826930179
1232701660687982592
1232429576829231105
1232420300538683402
1231930360323244032
1231929596448296960
1231924655079989248
1231579398798741505
1231373344622161920
1230866124675452929
1230577284911947777
1230513156180582400
1230493472081182721
1230133629759688704
1229665608091959297
1228423633577631744
1228395238156271622
1228043239632101377
1227808869684011009
1227739219587686401
1227712543118024706
1227711920561586176
1227706063186690048
1227372739096346624
1227372589775040512
1227365876137107457
1227348464230653953
1227348349927460869
1227341201768099845
1227341176992337926
1227341147128901632
1227341112664260615
1227334442668220416
1227334428407537664
1227334410648858625
1227334398485368832
1227334386749706240
1227334373533462534
1227334358144557065
1227334344257294338
1227334323537403904
1227315061896732673
1227262793902174208
1227071567768825859
1227064215682330624
1227007872862736384
1226989823325593601
1226953006433869825
1226928077898493952
1226272605210062848
1226184647647879169
1225957655568621570
1225866807086587904
1225849058138435585
1225820866245791744
1225779492049817600
1225599964610486272
1225561188844670978
1225558477180940293
1225532491244720137
1225523933287460881
1225513428372131841
1225507052916813828
1225503812825288704
1225503787609186304
1225503758991400965
1225503740813357056
1225503718164004864
1225503699579088896
1225503637541179392
1225503588597800963
1225503566401613824
1225503498801942535
1225503476517605376
1225503443424546820
1225503395139682305
1225503367906123776
1225494224151498753
1225484704155131910
1225484681136812032
1225484591001149442
1225481257334837248
1225481159141883907
1225465334603354116
1225465332455936001
1225465328739737600
1225465326437109760
1225459914715418625
1225457924513959937
1225452353601536001
1225452328012087296
1225452293560160256
1225452220734431232
1225452201360969728
1225452178229342212
1225452150479900673
1225452119181996032
1225452103931432966
1225452087141687298
1225452067084480513
1225452045219618818
1225452010796920834
1225451978622488582
1225451956229025794
1225451736640446464
1225446864457261061
1225446850209161218
1225445499261607936
1225424589569843200
1225279822513000448
1225203866284756993
1225201599963967488
1225186733798588417
1225175722500726787
1225175721754222593
1225175721057886210
1225175720072183808
1225171680575795200
1225163125445578755
1225095096217079810
1225071774519517184
1225068051147739141
1225060011191275523
1224925328478478336
1224898678919507970
1224898502200889344
1224898120233828352
1224897106999218176
1224895464220385280
1224893781264171009
1224893435993214978
1224890092059267077
1224885385463042048
1224883381340725248
1224880921167396864
1224879291885858816
1224877972596887552
1224809809045794817
1224786800822181888
1224785317074554881
1224731744647221252
1224427535175421953
1224324292353183744
1223777652881920004
1223750186327007232
1223679758711623680
1223428834499932165
1223410871487078402
1223401206099402754
