1286053211862970370
1286053211162501125
1286036543287824385
1285983342387658753
1285694783420280832
1285545643411410945
1285278306062028800
1284953932381466629
1284887468035182592
1284863250685988866
1284862225996558336
1284859631425265672
1284858901322760193
1284513465034579972
1284482254723584000
1284476767558946821
1284473900135571462
1284229979472109570
1284224257686491136
1284168701370077187
1284133346935701507
1284132706884952065
1283828906714439683
1283743670563418112
1283504681160003584
1283481432661340160
1283481431210172421
1283451377679609857
1283443641516797953
1283440766304636928
1283374515553292288
1283161255222616065
1283158063462187012
1283156152403005440
1283135654751285248
1283135138717671424
1283134830385995781
1283083404960043008
1283063365888245760
1282814506637438976
1282814182786838529
1282811293850902533
1282792219171344384
1282791768187121664
1282786603971248128
1282785349589229568
1282779024469753856
1282718447613423618
1282681322738253827
1282342605133668353
1282292084507115521
1282289114436571136
1282286949668212736
1282100250690412544
1281939940784340992
1281777415241555968
1281769847748263942
1281693248873005056
1281628919616229376
1281348944002519046
1280931918243037184
1280926874001178626
1280910248627363840
1280475831584854016
1280334786461130752
1280311497953026049
1279899622119530505
1279411396069830662
1279238839169622016
1279119979259011072
1279119067962580992
1279054384471715843
1279015885047463937
1278687414941351937
1278346147313135619
1278151294126116871
1278130425609826304
1278122148272447488
1278080802664955904
1278036725932187648
1278030810252283906
1277363986061819904
1277359978878242822
1277359737789648896
1277359602485649408
1277329852308357122
1277258386162286592
1277257365109301250
1277226380783222785
1277007415096082432
1276984925443502081
1276899673396125697
1276538227017515010
1276324637648064512
1276236081621540864
1276232590513618946
1276205106187436032
1275938907956404227
1275881937475907585
1275881286897487874
1275840803747827713
1275791220619595776
1275377843409731584
1275138943009390592
1275138942371876867
1275138941755314176
1274749442294452225
1274375663093456897
1274367358971281410
1274362809028149249
1274353211701448704
1274347226999947264
1274346318798995456
1274345340976726017
1274344068424896513
1274343133992693760
1274342684325527553
1274337593644154880
1273743207910666245
1273731872716095490
1273366841579225090
1273327745762840576
1273083947426217984
1272717794262515712
1272617076218310657
1272353317834940418
1272233124504592384
1272178509910163458
1272152904292597761
1270468515519217667
1270428306660360199
1269730368766324741
1269665228234665985
1269664586065686528
1269621101333753857
1269620500478799874
1269618443818545153
1269617992352047105
1269614419245502465
1269610469876289537
1269609728109412353
1269593715573735424
1269592770903248896
1269588830316888072
1269276855737225217
1269275702274207746
1269274557904551937
1269272870535847937
1269026450201620480
1269016004300021760
1268948580590551042
1268939318510395393
1268247636978610176
1267982245194870784
1267504063903600647
1267502053666041860
1267470501691248641
1267164015253389323
1266843246300483586
1266060333048893442
1265808970859655168
1265668944041574412
1265665213145243648
1265351722698002434
1264917800939917312
1263855549122306048
1263840608801742849
1263573630400724992
1263558175166541825
1263540595668197377
1263527735244345347
1263210245339459592
1263210244571910146
1263203522654412800
1263173070019350531
1262855294138417162
1262461331267092481
1262447016245899265
1261044253704290304
1260914968242917376
1260633417001172995
1260632836723310598
1260632836241068032
1260260921160675328
1259880234838622209
1259465496241614855
1258800110705750016
1258510888908120064
1258504064666677262
1258504062363930624
1258449348645486594
1258134242778927109
1257746677148135426
1257685652197593090
1256583153550065670
1256326001572802560
1255573991668043776
1255226022963941382
1255225894706327553
1255128616792469504
1254874510131593217
1254779177401638912
1253710974902812672
1253449792111468546
1253449791490719745
1253375476380454912
1253002013413163011
1252784797241524224
1252687608716632064
1252641642810662913
1252641642013700100
1252641641220976642
1252641640482844673
1252641639530708993
1252634946948210690
1251249164551434246
1250808587439550465
1250500798771068929
1250443624849879041
1250160109067612162
1250160108367155202
1250160107708715008
1250160106655940609
1250077878169075714
1250077877460230144
1249691351278669827
1249331426388070407
1248667139013259265
1248271398180618241
1248271397601914884
1248004557952565248
1247589889585090562
1247541245674545157
1246167092623282176
1246091533700550657
1245731810857947143
1245731809939394560
1245397256423030785
1245103596364013570
1245103594174582784
1244740442576556032
1244660540716220416
1243598533992873984
1243568948743933952
1243524571350937600
1243253489335242752
1243253487569428481
1242921842693812227
1242833941113044993
1242561661988491265
1242543185227845632
1242513044992819206
1242456023195160581
1242201639324434433
1242201638502371329
1242201637592207361
1241025092131467266
1240735623423700992
1240656756696649728
1240650835505360897
1240360061412814848
1240312768315756546
1240312767476830212
1240312766679920644
1240312765912436738
1239995757807181824
1239995757119365126
1239995756196626432
1239995755504508929
1239971007844069376
1239966534069452805
1239957535064502280
1239907010277187586
1239669348417011722
1239669082133315590
1239669081474809862
1239572115977895936
1239234831105642497
1238691032117764098
1238691031459168257
1238691030716887042
1238555222957588483
1238529981334069256
1238515245901021184
1238515245133463552
1238256994085212160
1238207267331334144
1238207266526019585
1238207264886046732
1237842324236845059
1237842323314098177
1237842322206810113
1237077153222664192
1235952341628735491
1235678869014933528
1235678868108963851
1235323022292193280
1235323021516296193
1234978861923749888
1234978860912889856
1234568699643924480
1233054457597919234
1233054456134164481
1232349216493752322
1232349215751331840
1232036120239726595
1230910157720375296
1230910155610578944
1230573177593638915
1230514163602071556
1230181054310473730
1228115579128745984
1228052878109167617
1227975831470985218
1227975830535655436
1227706879893213184
1227334615775563779
1225784355135553536
1225486368501043202
1225195802718543872
1225113352906690565
1224900085907165188
1224890752414691329
1224889642144686086
1224886506323632128
1224884500120981504
1224883449921777665
1224881778743291905
1224881587260743680
1224878634034499585
1224878365250916353
1224859897478766592
1224817087299887107
1224812474010152962
1224762263942455302
1224441640510558209
