1273696642663886860
1266026821176430592
1264941708829220865
1262832894126456835
1261477267349405697
1259953054071369728
1259501153123020800
1258793116473217024
1258148831771983885
1257733139163688961
1257453282592731143
1255533898844569601
1254905810095878144
1254810493665128448
1253454408513466368
1249363281216712706
1244701725056958469
1244666800685580291
1243597170256814080
1242547530241581056
1241109382005436418
1238692124788490241
1238691927245107200
1227705998120452097
1227339683937603584
