1286050888772132873
1286005592541331459
1285975674306650113
1285926411883118593
1285658727400517648
1285596482989633542
1285333664008732674
1285268257256218626
1284529332111777793
1284238949540667394
1284178552993144832
1284125711205195780
1283884114303541249
1283853915339935744
1283823717685100546
1283791573302550528
1283744199985238018
1283506628050817025
1283476431109074944
1283435523911176193
1283129141169184769
1283100196528959488
1282699711191842816
1282336754834591746
1281998572343394304
1281709784366845952
1281626739731357696
1281604091685138433
1281509023943143426
1281430443598831616
1281317198301138947
1281297141420503041
1281294548048609285
1281226602752303107
1281007658603085830
1280977458943029248
1280954809365880832
1280932161684754435
1280909513030348812
1280877723620192258
1280664852474867712
1280612245731450880
1280584873019834369
1280539575492866049
1280496838689374209
1280245133196345345
1280199840455106560
1280177187719532544
1280154541636243458
1280101227519528962
1279745746338709504
1279483654956294150
1279173362305073157
1279097137264017410
1279066024592236544
1278842224030240768
1278777653869363259
1278758634038734855
1278718825945432065
1278704986654982144
1278470942600159232
1278450845504471040
1278445533829480449
1278436062826844166
1278418095065845760
1278387895758290944
1278350147219415041
1278264421031317505
1278060920892280834
1278040607093448710
1278017958917398528
1277994050759675904
1277965112800919552
1277738618304356352
1277693318772584449
1277678224030470144
1277663122359271427
1277649919810113539
1277636694578270214
1277026938884931587
1276864038421630978
1276606155704295424
1276560861751017472
1276530660098727936
1276280180290527233
1276258868046237696
1276245286256599045
1276228667883036676
1276213570213163008
1276198473549770753
1276161634407497728
1275904029000740864
1275886602062094337
1275505958505066496
1275428486899957763
1275218938503344129
1275171581501870081
1275128554636955648
1275127997524312066
1275096038123155457
1275091047572541440
1275064991536705538
1275040184380293120
1274723665767268352
1274692906994077697
1274102808560701441
1274084764232945666
1274074348551319554
1273750195470241800
1273704990562009088
1273701419674206210
1273625675208052736
1273611271594823683
1273292946792726528
1273291634592174082
1273286351350358019
1273272082869235712
1273271664361590784
1273255351488589826
1273252856741715968
1273247844384849921
1273247285783248896
1273089409420857350
1273049138834419712
1273049051181789184
1272938668152455171
1272935655178416137
1272935623159164928
1272934002538790914
1272905185803808768
1272636310163947527
1272560996696162306
1272207186349998082
1272178625098498048
1272172302193627138
1271561576739409923
1271540337362812928
1271512287526957060
1271483662706577408
1271461038072963073
1271460486496862208
1271214114250129408
1271121196906680325
1271119936157605888
1271111233098391553
1270829730846121984
1270802479719088137
1270788527027077122
1270506642912747526
1270473958790488066
1270462792320114690
1270411782079873024
1270377321636257794
1270364799076126720
1270106390846214150
1270080657742585856
1270057649376317451
1270049147194916867
1270031464583892992
1270026623526543362
1269666163895590912
1269333590971764736
1269324285258215425
1269321253724307456
1269117785973624834
1269028411726594050
1268999193403838464
1268968951628926976
1268968497431941121
1268926212623269891
1268914749795962887
1268913990442332160
1268909343254163456
1268902838538829826
1268902563551862784
1268687499100139527
1268663742881042434
1268519496601554949
1268519485809491968
1268519247208210435
1268500372521455618
1268352746522128386
1268246773853806598
1268225660620804102
1268221695694966785
1268220955505176577
1268218938879545344
1268209576765280260
1267874885562519553
1267871315060457474
1267843174959067136
1267832991717494787
1267832964525817856
1267832028050882560
1267592463490957315
1267569869245100043
1267536834738958337
1267269279491260417
1266812527394131968
1266803323820298241
1266761382101504003
1266737503798730754
1266721215407951872
1266447006773411844
1266395293391695873
1266384128389373953
1266382919410515969
1266132389279019015
1266126163572908032
1266117015904964608
1266051054191378432
1266039429271076865
1266015052378918913
1265839403299110913
1265721019706245120
1265704517724708864
1265625525940367362
1265437266782142464
1265333229290225664
1265273459900321792
1265196447827451904
1265094705223786496
1265030316495953920
1264990823952855041
1264948675484225542
1264914010161459201
1264911767987159040
1264576142553612290
1264574987639414785
1264341805837029376
1263918030192619521
1263918015185330176
1263575863569850371
1263482184230473728
1263207044301099010
1263205115646939136
1263120216470556673
1263117968684318722
1262870659270574087
1262857181306724353
1262713993678016512
1262713914820898819
1262709431659266050
1262663642400600064
1262437458861580296
1262395429272072195
1261788080593342468
1261787756210139136
1261710737661136898
1261481219553996806
1261480867874181121
1261384810162872320
1261384721730174977
1261382255932391424
1261379888994451458
1261364958031298560
1261363094573342722
1261030582919847936
1261023189917974530
1260953719316807680
1260928611483299840
1260636276828635138
1260635263111499776
1260598450841845763
1260589715608215553
1260577967387918336
1260375017994534913
1260258920452546561
1260243769351385088
1260235983536164869
1259974562936127490
1259971496245710848
1259940181228093440
1259940044208574469
1259508481973014531
1258896055237828612
1258837890777460737
1258767709472522240
1258404484998463488
1258139071303557121
1258049258286198786
1258041903213350913
1257817326973485058
1257752057227984899
1257449684861362180
1257115661018554370
1256963714726727686
1256344634617475078
1256302493258129411
1256267404906311681
1256217341400174594
1255889071886434307
1255881118005551110
1255860775320764418
1255856942171525121
1255604502683619331
1255566642958008321
1255566035979296775
1255560019778699264
1255559896784920585
1255559624759095298
1255554090848919553
1255504633948188672
1255496770068643844
1255482102004539393
1255427190197452805
1254940287685648390
1254873952977027077
1254782272286281729
1254448702141403142
1253797814775304192
1253732919971123200
1253728433219272713
1253468094028296193
1253451125015150593
1253416794389282818
1253367855128752128
1253349789703471105
1253343337748234240
1253279898237534208
1253132955037446146
1253131535059910656
1252972072055328769
1252952047344910337
1252766370804248576
1252756929333661696
1252748679074676737
1252681819780263939
1252657498697486337
1252639337851826177
1252352887285411845
1252352276032675846
1251897451159728129
1251666752867622913
1251652872137314304
1251534901175869440
1251295502014058496
1251295280026333186
1251295176905183232
1251275364455919617
1251172644206063620
1251143091035279361
1251127448131035136
1250832031019421699
1250828079557234688
1250797209903390721
1250742466720010240
1250601309620908033
1250600925724585984
1250564260524064768
1250559974234902528
1250442623225135106
1250274131473338370
1250242464524505088
1250226029681049606
1250186855653539840
1250131051453743105
1250080557943398403
1250048013998985217
1249755748495699974
1249730830240485378
1249345064918269952
1249137982344437761
1248982070501744642
1248666721411633152
1248639528014929920
1248639115832279040
1248392058672300035
1248301237612752900
1248293838977933312
1248290537481932800
1248284263629426688
1248284216812613636
1248245772832759809
1248059953350311936
1248044762122330112
1247993912809213953
1247898224267911179
1247648146269843460
1247298830246334465
1247297835722313734
1247285319214530562
1246948365771956227
1246843842013335553
1246460992046993408
1246251800946192385
1246222331132948481
1246167181118836737
1246159125924413443
1246116964126404608
1246089903978549248
1246084941001240579
1246077109304463365
1246045712267296769
1245844359272153089
1245825533083975680
1245800685851095040
1245800657505996803
1245766365178474496
1245408356094881794
1245354099048173569
1245351771184271361
1244983975929675776
1244802106344734720
1244801892972212224
1244801849246482434
1244724467403718659
1244715978195427334
1244420597393784834
1244402415698358274
1244302218301407236
1243932871942955008
1243867822268338176
1243642160982953985
1243617380615557123
1243602934425890816
1243595826175320070
1243595734970228739
1243380706354638848
1243371625493512192
1243346580100583424
1243314831828168706
1243301620177305606
1243242706530455554
1243236146332815360
1243235615656816646
1243217928805367809
1242963422985273344
1242890236725800961
1242650514006908928
1242584684770492417
1242575404390592512
1242558068656943105
1242289446889885697
1242207674252623874
1242180972763844609
1242124497681027075
1242121731961225220
1242121725984333827
1242121513605701634
1242086654199947267
1242080800700588036
1242072329368358913
1241949842848591872
1241894999450624000
1241721100360351744
1241551777226526722
1241543134623956992
1241511437366935552
1241390148803334151
1241121287986196481
1241089008127655936
1241045141697310720
1241016360551022594
1241011964102483969
1241004924969922560
1240792493333057544
1240772626362007559
1240759853414572036
1240689566442385409
1240669767519932417
1240669079649779713
1240495844555722754
1240383390324531205
1240348064205934592
1240348042592649222
1240303768845070336
1240111936907378688
1240063984780423168
1240043438772572160
1240040825742069761
1240012290881212417
1239916482148040706
1239916128157290498
1239916056350732290
1239915899609628673
1239908651311259649
1239708001893842952
1239659088092504064
1239580858446725120
1239396822675750913
1239214045833682945
1239212681741119489
1238866063326154757
1238832999283785728
1238832086729011200
1238612129323913221
1238611983936696320
1238611687080628227
1238557881622056962
1238477710848122880
1238205747621748739
1238203097966678016
1238200144702644224
1238151410778324992
1238149806591180800
1238066078338646020
1237950948426813440
1237924970417750023
1237866888148877318
1237854654697897989
1237820543371563009
1237801232292614149
1237770219550105601
1237745963499913216
1237739075878125568
1237537523817046017
1237495751003066372
1237494740737761290
1237477451518939136
1237472042871599104
1237454074800492544
1237426927968948229
1237418071142301698
1237216215841427456
1237127565610975232
1237023804146298886
1237015861988405251
1236768144821231627
1236642118862548993
1236631005462700033
1236424668493594624
1236423519451430912
1236345204254412803
1236315202095910915
1236035240621232135
1236023943728975874
1236010878153129984
1235954264205340672
1235940301052751873
1235656026168401920
1235616019248492548
1235595417594875904
1235355815911010304
1235334817778200577
1235323539118575618
1235314208050425856
1235291297260482566
1235240965000048642
1235216527961534467
1235179312539631621
1235000868304343040
1234970693713809408
1234941479283568650
1234908966628536320
1234853386111115266
1234631877979324416
1234591071063224324
1234573183577186306
1234572460261072896
1234539021457666048
1234501665648250886
1234136180310106114
1233915326653509633
1233833123567325184
1233525430591934465
1233497032360370180
1233468466574786560
1233213814793031680
1233149960016793602
1233121715045257216
1233121714130821122
1233061625885794305
1232808700382973952
1232781484655874053
1232767447331151879
1232688132153389059
1232397906780528640
1232347345016229894
1232027290332209154
1231955548783988742
1231382822453157888
1231274772027387906
1231274167619772416
1230982456511225858
1230936507038535683
1230690675517202433
1230657149484834817
1230609000640716801
1230608948891443203
1230608380512919554
1230524329542258689
1230518792964497409
1230273258756415491
1230218911213326336
1230169126104109057
1229879009649008640
1229838482362818560
1229405390137430018
1228700053797249025
1228410812311756800
1228325815374565376
1228298053930582016
1228004924522401792
1227989216828764160
1227954993032024064
1227717733917261824
1227651349443207168
1227630509192339463
1227626910999597056
1227299153564360704
1227269118493122560
1226954475744714752
1226522158714826752
1226517667592495106
1225920581994000386
1225917884955791360
1225813824160305153
1225803869814476800
1225469710642372608
1225446868798365699
1225186235104288768
1225177013553631232
1224900732442292224
1224896953479311360
1224894726350024713
1224890966726905857
1224889698872700929
1224886732069445633
1224884645277392902
1224883056043008003
1224882050165022720
1224881572945518593
1224880260149399557
1224878235663654912
1224877275826610176
1224850894304555010
1224730622624772096
1224728423681183744
1224442932725309447
