1286062626318045189
1285587284532719617
1285337469794365440
1285298909468909575
1284501589227700224
1283842146542522369
1283756747614818315
1283482734321688577
1282712087643467776
1282712086330650625
1281650464149233665
1281650463125864448
1281383409076645888
1281319133985062917
1281319132873588746
1281319131871096834
1281319130835095553
1281319129853628417
1281319128880553988
1280985749039583234
1280918074200403970
1279415296693088256
1279056994662522880
1278729551804334080
1278729548859916289
1278469489168973825
1278437017844617222
1277635913959555072
1276271498756530176
1276271497070497793
1276175885515849729
1274730113951727617
1274094113391030272
1272215856257347588
1271798594333442053
1271439065020276737
1269279643867193344
1268944490229891072
1268934711080075267
1268934709754703872
1268905337219932173
1268576846972674051
1268285899286159365
1268262508382519298
1268240986469289985
1268189125179518978
1268171470968172544
1267454508302557186
1267454506876403714
1267214400336912386
1266816697857716229
1266460760496123910
1266141679079260161
1266141678341103616
1266141677489491969
1266083634433400832
1266059226029404163
1266044400678899717
1265642089347506177
1265642088412196865
1265642087632035840
1265639188956930053
1265369807748321280
1265364802584694788
1264906104124948480
1263837369574326272
1263133511634083841
1262827252196278276
1262827251332235264
1262515547985625097
1261406434522279936
1260673493970096128
1260317358264107011
1260317357119016964
1259852782141661187
1259580093288120322
1259506511916732417
1259161484367724545
1258483421690638336
1257745539317354497
1257370137239396353
1257346277332877322
1255946914924814337
1255901501588938755
1255554667431559170
1255151098081316864
1255151096932139011
1253687267694084100
1253443927174234115
1253443926280802316
1253443925349711873
1253013688052846594
1252714074149924864
1252677327189934081
1252677326380453892
1252616631169277957
1252216997192110080
1252215497615179776
1251190629935255552
1251144872725057547
1250889564539031552
1250810471919292418
1250576694441844736
1250517861770104832
1250089794568404996
1249323773372895233
1248644445014130693
1248332660558254083
1248315859900268545
1247952437073362944
1247540481556230150
1246117469825228803
1245775008258981888
1245775006992412672
1245756724293914627
1245732708535369732
1245712280702107651
1245481637594497025
1245394952802222081
1245394951657177091
1245394950721863687
1245372076619444224
1245360887369695235
1244700531815337985
1243596243105976322
1242896828837830656
1242608917793984515
1242608916959244288
1242203486609178624
1242203484826619904
1242203481924087812
1242203480502292481
1242203479432736769
1242152464931053578
1242137062368829457
1242109972219154433
1242109970184880129
1241845333065379842
1241818545824112641
1241442435860967424
1241442433176670211
1241051088729640960
1240668837135212544
1240668835742650369
1240322985866780673
1239652292502204417
1238992439618220032
1238950236850130944
1238830562812596226
1238690158502871040
1238171883897524229
1238171882949611520
1238171882026827780
1237919791882665986
1237580684597682178
1237467307422756865
1237467306625769472
1237138758740447232
1237037422522834944
1236037709057179649
1235687491413438464
1235644703250493441
1235332548076675072
1234889138983383040
1234849797632335878
1234849796818718720
1234598581144866820
1234594179541585922
1234594178732056579
1233079068750471170
1232793676490911747
1232775175382425600
1232775171959926786
1232390939559198722
1231651584121229313
1230942661818880000
1230578508767907840
1230206626474397699
1229890247355518976
1229831438217904134
1228387247625510914
1227701851400933376
1227701850100707328
1227320646444646404
1225835667873320960
1225826338721992705
1225164572014841857
1224903732984532994
1224895834506104832
1224894288078823426
1224893097282277377
1224890048308482048
1224887507613032449
1224886736733470720
1224885261735206912
1224883334569975810
1224881704286015488
1224879437407301632
1224878492992647169
1224782913109098497
1224782912261951491
1224740230688886784
