1286049799461052416
1285649010234142720
1285283542684110852
1285240351469580289
1285240350790090753
1284514767017840641
1284488609349931009
1284488608561455104
1284209504066899972
1284132281599352833
1283514280562876423
1283499593817141248
1283458127279595522
1283055402645696512
1282696934952771585
1281286736631533569
1281218088122408963
1280942155410874369
1280909146498482176
1280904772162371585
1280564932103241728
1280564931541323777
1279384464037236739
1278693579695816705
1278361417704407052
1278361417133981697
1278297302432653313
1278056368373628928
1278056367169904645
1278037572938326016
1278037572191748097
1278014072894742528
1277716877054279681
1277698545248804866
1277698544519065601
1276847998878863365
1276579069971312640
1276573506273193987
1276573455580872709
1276161489032839175
1276161316772814848
1275808722334502914
1275161457072668684
1274694146968731648
1273700544700391424
1273647033342144519
1273647026916425729
1273298422376906759
1273298421781352449
1273298420967620614
1273280714071564291
1273027375245164551
1272995909236916227
1272912546429906945
1272189553294495744
1272136709057261570
1271171119517761536
1271151848876118018
1270759278450745346
1270371679412391937
1270371678447599620
1270024917862551552
1269310187581722624
1268996827774361600
1268949570077315072
1268226906886942726
1268211674810630144
1266112686338736133
1266058284789833733
1266058284005502978
1265675126676340736
1265297137383997440
1265283413860286464
1264888949429936128
1263161681477357569
1263161680667779074
1262805049639567360
1262805048905682950
1262492136882176001
1262492134659231745
1262460258087317510
1261627459008704513
1261471928918831104
1261458618924367874
1261057975655022593
1260980669490040839
1260902684099375105
1260276674580578304
1260276672890318855
1260247445352656897
1259952574914052104
1259952573370388480
1259901847688577024
1259891053630500868
1259453130946654208
1258733638583230465
1258498356877365250
1258366972724740096
1258089525441519621
1258075317090111493
1257710899743211520
1257695429132726273
1257372429007151111
1257353846768250881
1256235994057191428
1256235993356800002
1256235992668942342
1256222999084236805
1255956870931546120
1255956870352814080
1255563845415903232
1255563843843043328
1255180485011091457
1254807811021844483
1254797083963543552
1254773234643304448
1254773233707970562
1253742742297067520
1253737086433320962
1253713882843090946
1253451882317713409
1252987053828182017
1252987052016181251
1252701365060730885
1252292346072399877
1252292344969416713
1252292343732076546
1252292342511435777
1252292341630742529
1251607472340680704
1250867065487048704
1250867063805095937
1250845472438259713
1250818641530142721
1250818640724844544
1250527428134518786
1250527426821664770
1250527425378869248
1250453159136432135
1250096338731139073
1249306269300723713
1248685430343688199
1248685428494028800
1248418871737847809
1248304262901268480
1247942785061306369
1247934137803169792
1247586206453510145
1247324542957207552
1247324542206464002
1247206492085850113
1247188332263718916
1246785660427612161
1246126162071425029
1245822742492045312
1245822741669871616
1245708899719745537
1245531164074483713
1245465835344461825
1245465834576846859
1245439908963024898
1245365717580603392
1245365716892688387
1245357524888551429
1244662803102924800
1244615511171874817
1244615509695488002
1244333987058810882
1244333985842507778
1243957145869131776
1243957144480874497
1243957142824026112
1243631455751876611
1243631454548103168
1243611772768092168
1243611771518308353
1243565546278400005
1243235517572890630
1243224920542380032
1243224918315151366
1242600872162594816
1242600869822107648
1242531065551638530
1242531064649789451
1242531063886491648
1242478133946789889
1242478133078642688
1242186857863090185
1242149669590925313
1241023666332327938
1240709998902157314
1240444931614945281
1240444929291280384
1240432555746373633
1240432554399891458
1240432552223084544
1240337702752526336
1240337701448159232
1240309933725417472
1240032604465872901
1240032603366973441
1240025717712269314
1239899000628748290
1239663977480835073
1239628575248179201
1239619644480249858
1239237949017010185
1238558915194953728
1238484663695532033
1238484662827261953
1238466028302106626
1238174236684017665
1238149929257885702
1238116435278401545
1238116434619830278
1237757203274256390
1237740888287305731
1237469007986466826
1237469005197303809
1237415082356867073
1236059255486234624
1236004809905442817
1235914024736317443
1235607917233082368
1235243606706769920
1235222460259332096
1234930625448226817
1234544248420093953
1234513305387126785
1234507796504334338
1234507795694747648
1233496620072939521
1233121070527414279
1233121069621481472
1232741967970406402
1232402714866454530
1232402713666883589
1232379940584218624
1232379939829227520
1232379938843582464
1232018108250021888
1231997566256123904
1231997562468675584
1230929417863618562
1230899379000750080
1230890286622167040
1230865382791090176
1230495328257925120
1229877589004689409
1229803885923127296
1228385901249810439
1228003123295346690
1227707585991598080
1227673465819467777
1227625029652951042
1227601824582193152
1227333114537684993
1226300774747189248
1225880695844802560
1225853226030915584
1225847029894647808
1225608250567032833
1225468481568747520
1225468178823774209
1225182878939734020
1225181194247077890
1225068387736477699
1225068386947883009
1225063493541429253
1224901043949010951
1224453508272918528
1224433848450052099
