1286066503964659712
1285983293419278336
1285979354032418816
1285938277971877888
1285658723076182016
1285609548359905281
1285604399042174978
1285597648846716929
1285576021954240517
1285390898281549830
1285305123955265537
1284569352717709317
1284555189043724290
1284458472214532096
1284186217437962241
1284185220409888768
1284159004571324416
1284141290947584000
1283867407623376902
1283068331927445506
1283062121031442434
1281980249467686912
1281751037955715072
1281273483889184769
1280890101556535297
1280883376392671233
1280664421245870080
1280570395821735939
1280516766045790208
1280463470073389056
1280211778568413184
1280187305471496193
1279466740091703304
1279422324631056386
1279113780580974593
1278848035565559808
1278749988701552640
1278712271452147713
1278708815563759616
1278699902604886016
1278696191061082112
1278681153751392258
1278485162741960705
1278481892623503361
1278450473960431619
1278432973570875395
1278432771388694533
1278432354873327616
1278427731311681544
1278427582363557897
1278421883982163969
1278413963408158724
1278407935190851585
1278398337268490242
1278396490772361216
1278379037119983620
1278362968959463424
1278354399585349633
1278351870935908354
1278340360205459460
1278325036210958337
1278117530398347264
1278084991625428998
1278074866118377479
1278046629568929796
1278007793707036677
1277964592761585665
1277963825774391297
1277748430593576960
1277616777783062528
1277056479187677184
1276701221244600321
1276645239155982336
1276616009613479937
1276609610766585856
1276522835905839106
1276243267621879808
1276188607515103232
1275908022573903872
1275873309868122115
1275839234889396225
1275814898661015553
1275800001650798594
1275761414347673600
1275587827405914114
1275192971223355400
1275154443189747714
1274870654228193281
1274794147342417920
1274315908517953537
1274066995860963329
1274066989191921681
1273990850788327426
1273770743936036865
1273718008549163012
1273709016166936582
1273662051248939013
1273332071155499009
1273292334395011074
1273266947367546880
1273265894588854276
1273263486211104768
1273258753580838913
1273004436999286786
1272986029549551616
1272944335802204161
1272281947587436552
1272234335920365569
1271512937547599877
1270788656123514881
1270788654429077504
1270723826825916421
1269300347966763008
1268890663845801984
1266858282095910912
1266812591231373315
1266511196318023681
1266426851708350464
1266409634480500743
1266385808719843329
1266109967012171787
1266109966169116675
1266067981454491656
1266021196757454848
1265815758287908864
1265784443920437249
1265691558248173573
1265074625274413058
1263537719420030980
1263536483090272256
1263513520462860297
1263512133427499009
1263512107183673345
1263123531157643264
1263068019623952385
1262857826755543041
1262837693207187457
1262832971020750850
1262713491972030466
1262457698064400384
1262456998785933314
1262420133278031880
1261756051570991106
1261752642260406272
1261665750445670403
1261474015916494853
1261431831573827584
1261411169845338121
1261373690811301888
1261357220077334528
1261357154050682880
1261337057013751808
1261110292538372097
1261014736826781700
1260968656504344577
1260964796809306114
1260686459763384320
1260585505021923329
1260197060403494912
1260004880867090432
1259590781100273666
1259122910364655618
1259094200462835714
1258888751943737346
1258823259149172737
1258563296317321218
1258465983741734912
1258429105088925697
1258428194836942851
1258140878620811266
1258106672289058816
1258106378050207747
1258105547963973632
1257450345330020354
1257447714712891392
1257409482155528193
1257403410694967296
1257401362377310210
1256325766519767041
1256323883533086720
1255973940079575041
1255689992795553794
1255631308140810246
1255623300874670081
1255572236813115393
1255502763204718595
1255497676315033604
1255494929209581570
1255480177221611523
1255251395088912386
1255250063758106625
1255158100174176256
1254957529538453504
1254950448915759105
1254944631105761280
1254939042665267202
1254937856063266817
1254929376619233280
1254892198811840512
1254838442409762819
1254831511230128128
1254811538638151680
1254805438597660672
1254541874855055363
1254436252994220032
1254436251819704323
1254436250603446275
1254436247612928001
1254105215692877838
1253028896502620172
1253016332897079298
1252934938489479168
1252699912841674753
1252643084992761857
1252428588046880769
1252389623231205378
1251917958189850625
1251535697841917958
1251535696604680194
1251535691143675905
1251533339770658818
1251293517260959746
1251277555677704197
1251277129163120647
1251245374867681280
1251245329032380419
1251232984566562818
1251209763855237122
1251160670856294400
1250926964610908166
1250925980950106112
1250920214184722433
1250920213215936517
1250920212486127616
1250920211714359302
1250920210955149314
1250920209826938880
1250920209038393344
1250901217414467584
1250888202375880713
1250858294857674752
1250814666978328576
1250812179303084032
1250808777894506496
1250805960379006976
1250797740839317504
1250772935540969474
1250592464857153536
1250463287940190210
1250188031258230786
1250148011394686986
1250111689481162758
1250087322139443201
1249797479006076929
1249296751644880897
1249129464367403009
1248732183507931139
1248646989388173314
1248645020250447874
1248601065341300739
1248596434829676544
1248596381842931712
1248595798822203394
1248324722045210627
1248289610897244160
1248274856342360075
1248241056715595776
1248237642677997570
1248219010690363394
1248078596423499779
1248078532074516481
1248055083662815235
1248054536805253126
1247998859281907712
1247894512891908097
1247894087258091527
1247892569939300367
1247892375336136713
1247877163531067392
1247697731520528385
1247690282163978240
1247670494851223554
1247643750026948608
1247562065360957445
1247555030397394944
1247554979138875398
1247553678627737600
1247553629533417473
1247553425610551298
1247553356236820492
1247544297345466369
1247544296183599104
1247544295105724418
1247544294153621504
1247544285257400320
1246910006055714816
1246895150581927936
1246600577942990848
1246235657820872705
1246229645315407872
1246229004711059460
1246174967508742150
1246156630531747842
1246156629852205061
1246156629088837633
1246156620964511747
1246156620096311298
1246152635708735493
1246101919501860866
1246071834392608768
1246062945299304449
1246046757554978818
1245787562238672900
1245763809580646400
1245751434328641542
1245751424115499013
1245742575744671745
1245741758824296449
1245741745889054720
1245707395440967680
1245680719961227266
1245449675995570181
1245395947762352132
1245384322040897539
1245351733464875008
1245335944854679552
1245328210834993152
1245325922225528834
1245134480127467520
1245073761436667907
1245039879614013443
1245022797790941184
1244775198827692035
1244726851861389312
1244601900206632960
1244594517224951809
1244422864364806144
1244422863014244358
1244422849277898754
1244411241017335819
1244345550457245696
1244345521579405312
1244329738686078976
1244315692582735877
1244313632185487360
1244313630335795201
1244294520658952193
1244294475750551558
1244281060428398593
1244271441543036928
1244270086891978752
1244268291880861696
1244268289099956224
1244268288118591490
1244251542162718720
1244250478642429954
1244249317411610624
1244237410839531521
1244237409795129344
1244096340801576961
1244086824894705670
1244076005045739521
1244072397214375937
1244067724961218561
1244066386357428224
1244065862786723841
1244041089591513089
1244027738886934529
1244007109529870338
1243953430391074818
1243901593478717442
1243634198033960960
1243586616163274759
1243585390839283712
1243585389736189953
1243585388935098376
1243585387999768577
1243585387089539079
1243585385093115905
1243579374923927552
1243578796080496641
1243523574067007489
1243216621700857857
1243166232280469504
1243165403624456192
1242988072599523329
1242806549455798274
1242789742082772994
1242629544986714119
1242546131059515395
1242492809644564481
1242489950739759106
1242459791030697987
1242453281265385472
1242444429203574786
1242433362251350018
1242427553547202560
1242215499922051073
1242187034023919616
1242177245403394060
1242173232280723457
1242135781751357442
1242134781028163585
1242109847937712148
1242103597153652737
1242098411907809281
1242029232181690368
1241886789192777728
1241884350582534146
1241883765510635520
1241872461714554881
1241854333676904448
1241459331008278528
1241405605690179585
1241364966193627136
1241154592198590465
1241154589048610818
1241154588079775747
1241152193379655681
1241151795084263432
1241145525610729477
1241093778968129536
1241011325209391104
1240952117910818817
1240787617370853379
1240750186676334600
1240733095449505792
1240732498906226690
1240672860575842307
1240665818062610437
1240643324912062464
1240632177781616641
1240594616098983936
1240594434347225088
1240594322183127041
1240593939427741699
1240451951478833153
1240446934109884416
1240444762181840899
1240428748656259072
1240417504389890048
1240399150895829004
1240398767792230400
1240385782822711296
1240382807526031360
1240382245246046208
1240380667839557632
1240372390380666881
1240369778054909952
1240343694189957121
1240317659515928581
1240316671912525825
1239981713662464000
1239969769182212096
1239952600126181376
1239910660991049733
1239868377490960389
1239868020283015169
1239867538881814528
1239860980018012160
1239860915413176320
1239758571912474627
1239747609834684416
1239707980280594433
1239707978317664257
1239707977583661057
1239678368288735239
1239677505323270145
1239655500200935424
1239645303717969921
1239543830782894080
1239349304348770307
1239348293395787787
1239309854847762439
1239225599958401024
1239172487591624704
1239168810407604225
1239168809216475137
1239168800664231942
1239168798135062530
1239168797086494727
1239156153512341505
1239009692296318976
1238924353208811522
1238883755261075457
1238833845845348352
1238831676471554051
1238823392121368577
1238823322416283651
1238651194819698689
1238651174183743489
1238641831476371457
1238631373872775168
1238618733268140032
1238616508839927810
1238572614282600454
1238564878241206275
1238562481460654084
1238557097945706499
1238555007315775489
1238554534273744898
1238552282062557184
1238550110063165440
1238547239435370498
1238545835421564929
1238541275349090307
1238532672412098564
1238507368285188096
1238507367525908483
1238498124152389632
1238471815749664774
1238463662748205057
1238453790174568449
1238287048970326016
1238211819732434945
1238183697221849089
1238165256872042499
1238144973884862469
1238115950840500224
1238115034162757632
1238105924147052546
1237927313611935746
1237911198273810435
1237880908264263684
1237820702822105089
1237820701572304896
1237818471993552897
1237799459792343040
1237758084690386945
1237753578535649280
1237751250898296832
1237737837249822721
1237731630023938050
1237719919317397506
1237717484985126912
1237716320889815040
1237567415560503296
1237564038055251970
1237563584336412675
1237563203501961216
1237560234710687745
1237557386048495616
1237552080782364673
1237548448498331649
1237533848696586240
1237443794741735424
1237432707321409537
1237432591789293568
1237407683570995200
1237378375339171842
1237374411071774720
1237374410283274244
1237151114992197633
1237134932067209216
1237051498204475393
1237027016173670402
1236789585126002689
1236655342689402881
1236118802552819720
1236010251331256320
1236010112994684928
1235967088394715137
1235964869230440448
1235956373915152386
1235578500800790534
1235394742080462856
1235392813711478785
1235388870612541440
1235303190196891650
1235254375645425664
1235237272276078592
1235224098831249409
1234667490732412929
1234664267883802630
1234532786758967297
1234109999779110912
1233773918332346371
1233459978398240768
1233459977261547520
1233459976406011908
1233459975512563712
1233427954279079937
1233422953141952514
1233178033739137024
1232867328481792000
1232861649683599361
1232803324396789765
1232775084470931456
1232748242917642249
1232726076176162819
1232108877988143105
1231684817273659401
1231357568271998979
1230929233201029121
1230868513964929027
1230860060852703239
1230636355279081472
1230610631268720644
1230559367163858944
1230504760522027011
1230246042119090179
1230165001895383042
1230158573537308673
1229959938597933056
1229857187285082112
1229546707991613444
1229518654183759874
1229506301291528192
1229457769004249088
1229454753505202182
1229142589766537220
1228688082741923842
1228381189414805504
1228075614885883907
1227667689352630272
1227648591851925504
1227297250981928960
1227270599426396161
1226933453758902272
1226929201598648321
1226897794771886081
1226571952275456000
1226326762046578688
1226323386105810944
1226284212518608897
1225885339602051073
1225856429535506432
1225791925321596934
1225600065953292295
1225549884750778371
1225182443260477456
1225174224605786112
1225173294585958401
1225172704250204160
1225172305829138434
1225157651052531713
1225097102423941120
1225090038641328129
1225046145623261184
1224905572694269952
1224902218329088001
1224897790876246021
1224896386455547904
1224889495948013568
1224887129270095872
1224886129582903298
1224884631742435332
1224884348333240320
1224883580880478209
1224882458040184834
1224882100974817281
1224879835882889217
1224878989254234114
1224877045907435520
1224732223632564229
1224492803360788481
1224440051225903104
1224157256385777670
1224137316014403584
1223687674130829318
1223636501151481856
