1283805002117591040
1281226340419735555
1280611569202860037
1280611451258966018
1278384848881713152
1275866640723345409
1275866575065755648
1273303757447708675
1273002870003163140
1272311654093656066
1270105188888711168
1270079583212187651
1266506901342375941
1266506614686834689
1266131905189208066
1265724729387859969
1265468022350905346
1263536110967369729
1263241148191162368
1262462082643091456
1262461200815788033
1261412263589806080
1261305067304558596
1260319449535655938
1258867361203052546
1258811227381346304
1258142754498060288
1257411330392436736
1256289402860470278
1255604276052873216
1255199759700287491
1254846508538769410
1253773471689117697
1253752583140884485
1252304688877355015
1252303925199413253
1252301355856867332
1251269254432854021
1251253611230892032
1250907844397891584
1250878702768009217
1250838244595507201
1250196012645392384
1249752838835712005
1249350558907011072
1248708095699816449
1248667549224632322
1248340082920230912
1247934405865283585
1247625276739203074
1247270089147191297
1247258911662628865
1246039090505670656
1245870152874262529
1245869792491266048
1245667950868168704
1245418556864544769
1245083415059279873
1244971645879672833
1244689942988587008
1243669865992458253
1243273495078932492
1241746804611448832
1241454477527470081
1241452059813195778
1241122759738036225
1241050265345830917
1241050101495234561
1240410044186931208
1240307481932443650
1237402133797928962
1234924061966393344
1234923906647121923
1233484822015815680
1232699250162765824
1232371776631590912
1226986387423014913
1225860305491824640
1225860136306200579
1225580878660804608
1225580812046868481
