1286016915027132416
1285925306784718858
1285925305841004544
1285698164708839425
1285669626764984324
1285276117021188097
1285276116006121476
1284895782039162881
1284548491096686594
1284499634497388544
1284247593304891392
1284238395376533510
1284199757674688512
1284199751488020481
1284125710001545218
1283521723749433344
1283389603680935936
1283159337674788864
1283114037094436864
1283023441000456193
1282778073562255360
1282313764432478209
1282057075389009923
1281996680427167744
1281328079286173697
1281328076970917888
1281328075045814273
1280932161877663749
1280914666672271360
1280607521842102281
1280592423937347589
1280542066662166529
1280539574054252544
1279852548023660545
1279777048848822272
1279399566773833728
1279127771248132096
1279052276691238913
1278757834503581696
1278720215774347266
1278682769535746048
1278433198037438470
1278372800844247040
1278040609794727937
1277995313366814726
1277988256236306433
1277950010076696576
1277707159933874177
1277605238481002497
1277278083452715008
1276983643492085760
1276923246193958913
1276878366432526336
1276878365052542981
1276631580874850304
1276585726185017346
1276516019440357379
1276326942761988099
1276231184654036992
1275875048629440513
1275820981357932545
1275534095557287936
1275433435595759619
1275176622837161984
1275176620895150081
1275176617145511936
1275096208483254272
1274703619498147842
1274446927451611141
1274371431892226048
1274341236778942470
1274081920901689346
1274081920230531072
1274081919613968384
1273982618053120001
1273806629927034881
1273292424417292290
1273076649387573249
1272997377767378949
1272971397367836673
1272936979387179009
1272634991080546311
1272559490815033344
1272521742230138892
1272227302265536513
1272151805129109505
1271910213336158210
1271842265242058753
1271547826405814273
1271427031222362112
1271151463075663872
1270792851073503232
1270460663274639361
1270415363596042243
1270098275157159936
1270075624544239621
1269985026818469888
1269679366436462592
1269630190746927104
1269373497790226433
1269293743988969473
1269293743041110021
1269293741912788992
1269252704443998208
1269011110679719937
1268973362296115203
1268950713708589061
1268931837113425920
1268604992161800192
1268604990630871040
1268286333904195584
1268241038369411073
1268205803099418625
1267448311985983491
1267108901591416835
1266761285636587522
1266469083962376193
1266427318224015360
1266127106120933377
1266105095986581516
1266077567309819904
1265769972808257537
1265769971507957763
1265735211997896706
1265716626080649217
1265636372968206337
1265417432799367168
1265357066694246400
1265302452204703744
1264919146841739267
1264586959277764609
1264541662425972736
1264239671888031745
1263962663454941184
1263884831609491456
1263605493815062528
1263575294377508864
1263552644166987776
1263535194361024513
1263182705887494147
1263152511398973440
1263115985034317828
1263115983511748608
1262842736027336712
1262836439567474691
1262465478712320001
1262404241349640197
1262055393372618755
1261750717230039042
1261750705112731654
1261704550102315008
1261470043164094465
1261417615269879808
1261076326460596225
1261037963225464833
1261019743416451072
1261004122008010752
1260903851516887041
1260706388587749382
1260664282913607680
1260664281844060162
1260623341255372807
1260330285738098688
1260306065608114178
1260288274259742722
1260253643770560514
1259909439706075139
1259536534077878272
1259536533272571905
1259536532295335936
1259536531372625921
1259536529875230720
1259505979495833602
1259468231674179584
1259301659588661251
1259301658451902464
1259301657143382016
1259301655926976518
1259301654744227846
1259301653586628614
1259301652558946304
1259301648398245890
1259301647190196224
1259301644354887688
1259268773263167494
1259268700101885953
1259231994921259015
1259120946360709121
1258859197346840578
1258803852943343616
1258744546822930432
1258744545669414913
1258471664880254979
1258441904867422209
1258441903080693760
1258381738688032768
1258063981014482946
1257707790451314690
1257437346892570624
1257393673718894594
1257393671902724100
1257352722963148811
1256991045801455617
1256689225916919812
1256311962541023232
1255935754792042496
1255591478115602432
1255542093889654785
1255284672805908481
1255284671920967681
1255284671014998017
1255203360438996992
1255176880161988616
1255124346869362689
1254802487011241988
1254762462752108546
1254508044991361024
1254448038426411009
1254107180367839240
1254032410905202688
1253791349419192320
1253751619512086530
1253720179500072967
1253720176627003392
1253720175049932801
1253466183778492419
1253349905592127490
1253050945623035910
1253032431747244034
1253020746298781696
1252683193444110336
1252652850691354629
1252643262617104384
1252613059454984198
1252594184453861376
1252354455544098817
1252296780320059393
1251963782601093125
1251858087272742912
1251586294834061312
1251496616026083328
1251205634353172481
1250831144674889728
1250783516733984768
1250783515366567936
1250551978003816448
1250508838803050497
1250508836756209668
1250476772975677444
1250437619764228096
1250420707957317633
1250166242314420231
1250128221472989191
1250110406485585920
1250058180555661318
1249766968426668033
1249716081763246080
1249306272387792897
1249079779179016194
1249004282428473347
1248951431110901761
1248643766480764930
1248359815115673600
1248330505361203201
1248291528163962880
1248234208050331648
1248022814239711232
1247972018022219776
1247889814189268992
1247629453972451329
1247569831286788098
1247503738543243264
1247281671893893122
1247281671029882886
1247233079367864325
1246897900392570880
1246817348214022144
1246429815818739712
1246082119719440384
1245802703592271872
1245726588538363904
1245444228940996610
1245079624171892738
1245057417358032902
1245012752143433731
1244755914290274313
1244685825411108865
1244616119245312001
1244306952437616641
1244036546174562304
1243984543557791744
1243610659700563970
1243589856367988737
1243589850319773696
1243229728724717568
1242934282617749508
1242904084727754752
1242887865455050752
1242851235771879425
1242825234350292999
1242822621600919552
1242486003887194114
1242445889333010438
1242160584860348416
1241818856970170368
1241818856076738560
1241818855154102275
1241818853891551233
1241818852826251264
1241486860372840450
1241486859156492288
1241153596491792396
1241125403156271110
1241020960184115207
1240991137936089090
1240991136946192385
1240991135918698497
1240823776780193794
1240768590397288450
1240768589289984012
1240768588354654208
1240636351785119744
1240307157758853124
1240307150896930818
1240020081611956224
1239985443317452818
1239985442105286662
1239969151868780544
1239913122598662144
1239660569910824961
1239549194441981954
1239549193250840583
1239270693327511556
1238842711802855424
1238583942745374720
1238583941709340672
1238207958514913281
1238207957009121301
1237830655259676674
1237771178036641792
1237072301138612224
1237072297300758528
1236305606962581506
1236055432986275840
1236003966405799936
1235925125310148608
1235335200248344577
1235291585438507009
1235245040290746368
1234957616998211585
1234146377686368257
1233776440283283458
1233478794947825664
1233478792729022474
1233134711817392128
1233065171289092096
1232702159138979841
1232331872287559681
1231987152646365185
1231934303065427969
1231594563296317440
1231232175892258817
1230960363648225280
1230507023957209089
1229879385945182208
1229879384108150789
1229879382015123456
1227993072358903809
1227711161321361409
1227662235243335680
1227347764125880323
1227347763219881999
1227347762255204359
1227347761378611200
1226969398340132864
1226928475300384768
1226917960540938246
1225777171375050753
1225556013274816513
1225491801575915525
1225429693249224705
1225240408302792704
1225177217392631813
1225167889067577344
1225126601416957954
1225113214335291392
1224934655734046721
1224928013051142144
1224913705521090569
1224884103977324544
1224883294413754369
1224791168531206147
1224773420287692801
1224770777263869952
1224730960702398464
1224705286386212864
