1286069523951620101
1286030372569075712
1286030371365298177
1285964485979713536
1285773102178344963
1285701091359969280
1285351494531846147
1285217813544742913
1284855788679421952
1284571657160601600
1283871528397004803
1283862645020467212
1283502076753072135
1283482373229809665
1283146904189186051
1283081959107899393
1283036618643976192
1282787786186207233
1281694689335414784
1281687765399351297
1281585349236535297
1281349252644573185
1281339152076886017
1281267726078615555
1280891658268278789
1280602939351072769
1280572052022460416
1279396541766090752
1279130539061129218
1278774493020925955
1278774491817140224
1278722074052304899
1278722073108586496
1278680255176347653
1278385239837085701
1278378721406312453
1278356405410463744
1278065426933731329
1278065425750900736
1277993431667744770
1277759597625913351
1277753581014339584
1277685785001672710
1276938323362287617
1276619852975915008
1276318745888264194
1276296820155658242
1276270603679543298
1276270213068095492
1276181159672774662
1275929024963977216
1275901963213955072
1275783649321984000
1275512299567144960
1275490129914847233
1275433326854225920
1273822582391869443
1273724064708866054
1273706504705789953
1273344350534148098
1273326717151649793
1273308979393974278
1273281527636545539
1272660480147034112
1270386499947806723
1269648485512609792
1269645110423232514
1269298654583586824
1269280721425838080
1268694120169701380
1268694118760353795
1268662513249517568
1268567880611889153
1268293435854913539
1268293434948886531
1268264321567600640
1267581869748621315
1267581868909699076
1267429772491177984
1266478844921417735
1266423853116424192
1266423674862796801
1266419510451585025
1266029731335548930
1266029729632698370
1265764055832289280
1265761650168258562
1265734354740936707
1265304198956154882
1263916200268042242
1263904114997690368
1263870476218138627
1263228963360354305
1261436711579480064
1261435453107924992
1261392125662334977
1261378152439394309
1261335650139287553
1261060223567048706
1261036672420122624
1261009760276660225
1260968010938007553
1260692494788034568
1260692205787807746
1260298926365736960
1260271755572269057
1259962336988876804
1259962108151771142
1258434706271612931
1258096067159130112
1258092300837761024
1257761318460895239
1257456260968067072
1257403352582893569
1256308041017786369
1255960703267110912
1255614002018881536
1255544849786441728
1255200589346193414
1254830711963410432
1253779787702829057
1253448278022160390
1253447417246158848
1253050557591425025
1252644050995482632
1252615980116738049
1252353640427184133
1252327794555658240
1250948942390534145
1250907330704748544
1250891668456460289
1250819487609294848
1250530650433732609
1250498775631699968
1250176757128482816
1250085554466836481
1249743553967857666
1248709036582805504
1248301433327439873
1248000597682302976
1247278892207034368
1246101848056094724
1245458079250092033
1245362281648738308
1245177414717771777
1245074908180291587
1245074907316342786
1244752223894110210
1244686757955854338
1244666879152660482
1244423786100936705
1243588189039853568
1243274029819191297
1243268256875581440
1243183779398717441
1243183777733660675
1242873437338689538
1242176051737919491
1242150503850618880
1242122474189467651
1241472491052285952
1241462220992778241
1241452758701682694
1241123729788284936
1241093400075649029
1240772260933197826
1240670934371049476
1240646486750367750
1240399861004079105
1240370673303932931
1240337713536077825
1240266463350530048
1240049139741753350
1239973939612270593
1239965623330811906
1239564306536161280
1238549157293498370
1238524808410865665
1238138475477688322
1237753203556573188
1237158614978236416
1237146945124171776
1237016355179814912
1236049511149113347
1235580509239087106
1235291569080672259
1235247529786212353
1234541721758949378
1233517302164983808
1233508404607569920
1233074565967994880
1232706915139977217
1232400380476129289
1231646482777935874
1230979855262605314
1228000323626815492
1227955856840515586
1227712121019957256
1227699622346395653
1226999238485086208
1226926660345323521
1225851802769338374
1225784713836666881
1225495422929641472
1225492232645566464
1225416614675468290
1225174473751572486
1225170985315373058
1225170477880094722
1224897707459956736
1224893427416010753
1224888386261078016
1224886660258844672
1224704602483953665
