1286047310284304385
1285996865788444674
1285991620014465024
1285991618512777216
1285991238773219329
1285988907054706698
1285988057762717696
1285988056449916931
1285988055258718209
1285987188677763074
1285987187427860480
1285981738712420353
1285981737466630144
1285969559825068040
1285969264617361409
1285968083409149954
1285665920397058048
1285609876950069248
1285590939340353537
1285236320768491527
1284470812301496321
1284470811185815555
1284470810120519685
1284227330207088644
1284227329632473094
1284227329099792384
1284224382785724418
1284224382110502912
1284224381481295873
1284223523666497536
1284134996534493189
1284134916322713600
1284134748269563909
1284134517914193920
1284132494460280832
1284124682208321539
1283826380388655104
1283826222728912898
1283810500707483648
1283760224801902592
1283760185958334465
1283760184591036416
1283500332685963270
1283467485333860353
1283467479419953152
1283448057523208194
1283142688842420224
1283050636544823297
1283026047374692357
1282773588672684034
1282686912042602496
1282413478830120960
1282413477374631940
1281957667704131596
1281644909620006912
1281644906004373505
1281590505776852992
1281282500879421443
1281218700037808135
1280965138263220237
1280965137315356679
1280887431198277632
1280877074509705216
1280877073121316865
1280558593096515587
1280554925878099969
1280292725531848706
1280292724676190215
1280229124976640001
1279777050572861445
1279399565053931520
1279105122434457605
1279041703626846209
1278824151072092164
1278738165507989504
1278689282534903808
1278688206171619328
1278688205487976448
1278429877444784129
1278429876714909706
1278429876035469319
1278394046239641600
1278394045551779840
1278394044813582336
1278394044079575042
1278374425859985408
1278052211675848705
1278051831453712387
1277976178041606145
1277704522488578048
1277655847456342017
1277590139007533057
1276626635282878464
1276622013042475009
1276598725926887424
1276576073489297408
1276549414191083527
1276549411745730562
1276271638141718528
1276271634064846848
1276271630474493953
1276174123526430721
1275801068329451521
1275545084059099137
1275545082977026049
1275545082196885504
1275434223948591107
1275434219741892608
1275152095839207429
1275152095063277568
1275096898119049223
1275056353661390849
1274792757991702532
1274364916498120706
1274364915336306695
1274364914258378753
1274091732439912448
1274091687090978817
1274013064048738304
1273705601361641472
1273705599751028744
1273705598023065604
1273626569567764487
1273265580380958720
1273265579571511296
1272992695695351810
1272943739225473024
1272652436918976514
1272617372030042115
1272579759038496769
1272157089138384896
1271914238794137602
1271801999399370752
1271538531450716160
1271489359431204864
1271489354364530691
1271171089691930624
1271155185566527488
1271120505815384067
1271120502774530050
1271120500794720264
1271120499263901696
1271074987651317761
1271074970588889091
1271074964385542145
1271074963496284160
1270857590663262208
1270829018703675395
1270799078608306177
1270710273339465728
1270479283526356992
1270370567615471619
1270342381838258176
1270085755927494656
1270039020077228032
1269346516839391232
1268998526555402240
1268938295955857409
1268908211752644608
1268643350015549440
1268595497419276290
1268593356990484480
1268557685466828802
1268557279055556608
1268557141738209286
1268548708678995968
1268541529314013186
1268328315397369856
1268328158379597824
1268270929567780865
1268270865168433153
1268270585337057281
1268245534696976385
1267903813144522760
1267877751442341890
1266765403474276352
1266765326051663872
1266765236700434434
1266431018501844992
1266118836899717120
1266069948788617217
1266068323541946368
1266011248807882754
1266010818468024321
1266007286339842049
1266003296566861825
1265709514663346178
1265665478279729152
1265653529026482179
1265460498310606848
1265379648445300736
1265325062212771840
1265289818357063680
1265276596853837824
1264904802216996870
1264589474136092672
1264561288467922945
1264247470835544074
1264190595683233794
1263929374736179200
1263921865036365826
1263883572752125954
1263848341072310273
1263831936788815873
1263831841947213824
1263831692185407489
1263574916361867264
1263531975853387782
1263519926914101248
1263519773801041921
1263492244184563714
1263477900034048000
1263460908598210561
1263460677294882816
1263460596600750080
1263460494159024129
1263224731832135684
1263175910053810181
1263126907962392577
1262885999455211520
1262849589591318537
1262848758317936641
1262806596176031744
1262802886200897539
1262791458051981312
1262733559233753088
1262479319940706308
1262440767177531395
1262393895570362368
1262367084568358913
1262123223443034113
1262048134567473156
1262047147731685377
1262046484217937920
1262046065303355392
1261752782505291776
1261689113348132864
1261658662705098754
1261393415490633730
1261335533214523393
1261311339844251649
1261295267904540673
1261286711474061314
1261014280197025793
1261009763543986176
1261008111059509254
1260991888364093450
1260942153792053250
1260935134972280835
1260935052474683392
1260934390399463424
1260934212611424256
1260655306398298112
1260645169797361664
1260601194751410176
1260589395872186370
1260575032956387330
1260336279205613570
1260264338260144138
1260259463564533762
1260241993785016320
1260239557913653248
1260237314187550721
1259997785409163272
1259939816042639361
1259903094621720576
1259867616266596354
1259861382608101376
1259513528064421890
1259283439477493760
1259283237777571840
1259281560286699521
1258919776908382212
1258805022231539720
1258805019991736321
1258805010709852160
1258776098059370496
1258501722621820935
1258488459796283394
1258488210130374658
1258487855141269505
1258452606726348801
1258448158629208064
1258416872522948610
1258411319868510208
1258411223269412865
1258138422037950466
1258137554974638080
1258137141533687809
1258086626691035137
1258074596068282369
1258033760655888385
1258033729571717120
1257722979263315969
1257718936394752000
1257679190645600258
1257434216041795587
1257354304979173378
1257320934660124675
1257304346599075840
1257304245868601344
1256602644661010432
1256328276588425217
1256327964062433280
1256327728283836417
1256293944394121221
1256289485207330819
1256262582371000321
1256206743580753923
1255971592141758466
1255938456179572736
1255912867678892033
1255912784476409856
1255892714190778369
1255598499267260417
1255558337401368578
1255268103258279936
1255238816832593923
1255146069282811906
1255144519529426945
1254833942819151872
1254824584819466241
1254806967845031938
1254793254983393281
1254793123693199361
1254793067602853893
1254792980973715456
1254792927383076864
1254784573696692227
1254784428112404481
1254783517260537856
1254783443113619459
1254783325576675331
1254782153243586567
1254782043658936321
1254781955872178178
1254781635007930370
1254781446754938882
1254780758369001476
1254780617666908160
1254780565217144835
1254780004426113032
1254779959286960128
1254779830253416448
1254777320562233344
1254777214362501123
1254777021013454848
1254776991779184640
1254776938788356104
1254776883209625600
1254477354577125376
1254127760508944388
1254036940745252865
1253816114917838849
1253764190256402432
1253703979508383745
1253684578591682561
1253456079117324288
1253401061534183425
1253363084435087361
1253341386822180872
1253330163263139845
1253124435906871299
1253007697957576708
1252623724286803971
1252598043154829318
1252362998540201993
1252362938192560128
1252362872794935302
1252335217110667266
1252334545044672519
1251276753970106368
1251265428954980352
1251265424978841600
1251258582496096257
1251208085512781825
1251206559369236481
1251179225614364672
1250848444383666182
1250828574430552064
1250780767023779840
1250522137531682817
1250509791040020480
1250509382443556871
1250509141262696449
1250475042695151617
1250473735322251266
1250462525902278657
1250453075955003392
1250110867657699333
1250067562701955073
1249797004156264451
1249787551877074947
1249294944692580353
1248989492603691010
1248655818691612678
1248655750731378690
1248358160496197632
1248283510495940609
1248259580406235136
1248062326584025089
1247940672704872452
1247643823095808002
1247629326717259778
1247574407209500672
1247541218705199105
1247180359571292160
1247180022709919744
1246494195575074816
1246193964014866432
1246173905859084292
1246128463498686464
1245787977214824448
1245781942085324802
1245703099853017088
1245697996672679936
1245484594448736257
1245408884329566209
1245392795319390211
1244711781584510976
1244710705548451842
1244710491567665153
1244680122311028745
1244662828176257024
1244328591984340992
1244029993149181952
1243957391915470849
1243700551507947520
1243684609520476162
1243664099520765957
1243649685304246279
1243644472455553025
1243640547425824772
1243621379850874885
1243593917213429766
1243593848351309825
1243540213907030022
1243312819866664964
1243275713425346578
1243237782555955201
1243198253644034048
1242864134942842886
1242863745187090436
1242863562793639937
1242862936294658048
1242862753087397892
1242862404968595456
1242861499401502724
1242464196337393666
1242464081660895237
1242107959079034890
1241856342387802112
1241825693304045576
1241823422201593861
1241812804698615810
1241812208134369285
1241437447994695682
1240784171754291200
1240778541224116224
1240744043379863559
1240686049002577923
1240374040256303114
1240286959018401795
1240069267091083267
1240030324043776000
1239997076794204161
1239997053717090309
1239966110121771011
1239621965683589122
1239615358631378946
1239611574937141248
1239611034152980481
1239610420844994560
1239609680189698057
1239609560890998784
1239609205973299200
1239608956370239489
1239557573008859138
1239536067566542848
1239532328139067392
1239532125151531009
1239532084525481984
1239532024504954881
1239355169323847683
1239260669733634049
1239258328406069249
1238952693592399872
1238952513224802305
1238536689188044801
1238180214347309064
1238175660360728582
1238175454831525894
1238175347952189440
1238175257019797505
1238159405855752194
1237817026757955591
1237812979489484800
1237812883855155206
1237812848371384321
1237812810157117440
1237812785859395584
1237801239842349056
1237748939379613696
1237747813792075781
1237496888703811584
1237473739475955713
1237453298367639552
1237452896373026818
1237452508529819649
1237452426518704128
1237440329676214279
1237401102473138177
1237399159508029442
1237396609899651072
1237396545198264321
1237135742125694978
1237105784942706688
1237096198328238080
1237095918933073922
1236862272665878528
1236512454835920897
1236290505065017345
1236025422737035267
1236023421517131777
1236023203484651521
1235963793248829440
1235963728329412608
1235933843082940421
1235687611055947778
1235681443201736704
1235602063947476993
1235598873487454208
1235336488902160384
1235332349203820545
1235330012603207682
1235329711779307521
1235299308565598211
1235247529060642816
1235237172879470593
1235227071858831360
1235225163723046914
1235224816464138242
1235220739315376128
1235217022805475329
1235216229998227456
1234962848876580866
1234953948102037512
1234905674552881155
1234584024531787779
1234525091452641282
1234165251270070272
1233862254677741568
1233768895003054084
1233539741376753664
1233504648692035584
1233158546524643328
1233158109977284608
1233158000480866305
1233084137503907840
1233039820127186944
1232783761269501957
1232783707662102529
1232769078705709058
1232750364497072130
1232750311086993411
1232667847387684865
1232426830604488705
1232316591880253440
1232055098156568576
1232043803395215361
1232033856557023234
1231647158857715712
1231607900059009024
1231312201690030082
1231225883119120384
1230980974189649925
1230980064185065475
1230918982355619843
1230581571801014274
1230537202054189057
1230229615857283072
1230141258003308544
1230139762184458241
1229879336536281088
1229843078225199105
1229842826055299081
1229778973749465094
1229405140391776256
1229065397225377793
1228685644911849479
1228425200691273730
1228424012163952640
1228062766528856065
1227688213956956160
1227688148764897291
1227640559830958080
1227367176455294977
1226998779452067840
1226981970195963904
1226962400584355840
1226921593856811008
1226620285643829250
1226542271538946048
1226247327880376320
1226167803935436800
1225900795746373633
1225877322844295172
1225562239421362181
1225561807030497283
1225561544756465669
1225561257505361920
1225191400297390080
1225186627791806465
1224707246862602243
1224406937011228672
1224367219129364481
1224012099631841280
1223614479885389825
