1286047413812244483
1285962323849609216
1285686270270808064
1285608445643808768
1285551046945890306
1285312769810673667
1285215870869012480
1284182306048147456
1284116672471851010
1283915148030349314
1283825829915570177
1283744984865349632
1283411790865543168
1283091089856102400
1282778622378610691
1282750607548440577
1282708177457471488
1282706311591993350
1282682025196113920
1281926223174803456
1281694004103524352
1281692632218042370
1281692451871379457
1281692251027132417
1281673049893490688
1281367394917797889
1281306135002337282
1281234068399677441
1280939127786143751
1280607428627828736
1280543795529093123
1280526131762991106
1280215015392501761
1280214815491883008
1280212841321168909
1280150400839094273
1279382620808380416
1278768249824522246
1278768163245735937
1278672424012316682
1278672423261528070
1278672422355550208
1278388757603942401
1278365827771793408
1278063386316718087
1277969823079645184
1277969821959766016
1277969820596596737
1277686894260883461
1277647388669349895
1277590260415897603
1277589457651273729
1277589406849925120
1276552435935436801
1276526090983542784
1276526090165661696
1276492241524187136
1276295726738354177
1276295408155865088
1276295407203684352
1276295406318747649
1276295405467205632
1276221307017998337
1276185798476533761
1276178114222133250
1276178113467162625
1276178112762519557
1276138620492152836
1275812070882258944
1275481343657496576
1275481342357245952
1275439156693364742
1275178673277198336
1274709133829292032
1273990298599927808
1273981947627343872
1273981946264248327
1273712384247582720
1273647350737666052
1273647349890498561
1273647349118701568
1273339934208937986
1273328423503527957
1273294643573260289
1272976198142959619
1272976197450940420
1272976196800778241
1272918842461872134
1272883215590719488
1272621439112433664
1272618583428943884
1272618582657175552
1272527210621042693
1272171389240381443
1272171347314184193
1272168874667134976
1272168000859320321
1271815113536929798
1271544524825919491
1271512854693318657
1271178518307778568
1271087174218375169
1270411261650575361
1270395714846277632
1270100141559681024
1270047511919681540
1270047456248635393
1269988482203746309
1269263817986527234
1268944693280354304
1268913006613860353
1268656160128806913
1268656049747365890
1268655995162591233
1268253828111126529
1268202995994505217
1268186113732214785
1267827054361239558
1267510793622425605
1267510121711763458
1267510013309923328
1266426597655097349
1266426596870815747
1266426596124172294
1266426595339915265
1266417182050848768
1266405297540792321
1266378816823361536
1266377242570940418
1266367350724386816
1266366637906821120
1266359085202649088
1266356368640016385
1266356367813685250
1266356366987403265
1266356366119178241
1266180493114048513
1266180492300365827
1266106105857544199
1266058321502572550
1266045176335736832
1266012694085349383
1266008105743273985
1265764517759377408
1265764516278697986
1265711914803507200
1265656503538716674
1265389208908238849
1265385667120566273
1265385411863511043
1265384945981276165
1265384879048491008
1265299586526167043
1265272629826662400
1264879104253452288
1264663338417631233
1264663239713046528
1264663108100018182
1263875640194936841
1263864365255720961
1263559164321816577
1263544012553760768
1263477480024952835
1263476933741948932
1263476932500426755
1263476931506384899
1263476930717921284
1263213455680638977
1263187030621720577
1263144799877677058
1263135672933789696
1263106350202134529
1262910182532755456
1262871118404255745
1262804384477569026
1262804004662317056
1262777652022304768
1262762959912214528
1262747879581511683
1262746544509353988
1262728792927277057
1262475101435551748
1262448660769648641
1262428300175200263
1262425966787416064
1262420997342445568
1262411810239545357
1262411642203189248
1262411053218086912
1262373982998839296
1261447541499088896
1261368375021879298
1261328445054861314
1261328444304089088
1261328443481915395
1261328442760605701
1261328442005602306
1261328441292607489
1260988841307131905
1260986040455749633
1260983054216105986
1260974883724558336
1260940640776597509
1260657038331273217
1260657010418151424
1260651301907513344
1260604889593450496
1260604888779755521
1260604887798292481
1260604886821019651
1260604885961265153
1260602655178665993
1260600687605448711
1260598328187854849
1260597767681998848
1260584435587694593
1260574282343747585
1260318399730720769
1260299606514114561
1260283100346671113
1260232191239286784
1260220803951538177
1260194885799497728
1260194884893491200
1260194884025298944
1259911571104464896
1259890376762155008
1259843138140725251
1259838715217752068
1259499977769996295
1258865278961754112
1258856573243400192
1258856572496863235
1258856571133669376
1258856570022133762
1258778537315774464
1258753524902608904
1258746875735408641
1258745490134519809
1258539446258905088
1258530524441673728
1258431602834706433
1258419714180734978
1258415040186781696
1258415039364685824
1258151854040588288
1258151747241066496
1258151603401633792
1258151380650463232
1258122435574083584
1258111919619178496
1258091986206298113
1258043518175641602
1258043369395302400
1258043233353052160
1258043128583462913
1258043086665592832
1258042986727911425
1258018930091851776
1257757304226750464
1257755894672232449
1257755866125799425
1257702134625288193
1257669257854402561
1257662263605018627
1257415000580222976
1257413597862531073
1257386031814447105
1257362839305695234
1257351769908285440
1257335721704259584
1257322036935880705
1257304098338209792
1257295737769074694
1256968939046932480
1256629426642661376
1256582305310748673
1256294641625960450
1256235632327831552
1256221040029696001
1256210607990345735
1256209891238334466
1255901417333764098
1255901208839098370
1255883183406682117
1255868807593238530
1255868806624210944
1255864236624031744
1255630307371425792
1255565242987413507
1255505269095833603
1255505130671276033
1255504979776978945
1255267441011277826
1255169829717360640
1255169668802904064
1255128758186577920
1255127656863092737
1254876972469141507
1254876606314811392
1254836241079681024
1254820849988878344
1254816710068232197
1254814321844146179
1254779669481533441
1254778874065334275
1254778687699873795
1253732860839759873
1253725627057831937
1253717846472962048
1253664930005426176
1253664870836436993
1253447609370411012
1253447608628137984
1253447607889821697
1253373403471511557
1253373245006516225
1253043932142985225
1253018115765657601
1253014504172126214
1253012438527721474
1252979432354086913
1252969203189104640
1252969202404732929
1252969201691746304
1252969200961929216
1252944028259299328
1252937489586798592
1252688813907939337
1252688811043291141
1252613144368816133
1252581096459567104
1252580759220760577
1252324726954954753
1252320710212620289
1252307714912509959
1252303663223246850
1252265717451366403
1252265495765581825
1252237372433063936
1252234760866328578
1252223328770830339
1252222451456630784
1252220781775511553
1252220513465892864
1251875556544651265
1251875258061160450
1251499153336741893
1251499014148718595
1251286278072647680
1251282939259822082
1251261866015428609
1251261782087405569
1251235212819906561
1251207687364325376
1251199174428721153
1251184321857191936
1251167067178520581
1251164335440879616
1251132826583531520
1251131976175759360
1251131787062972416
1251131628858085376
1251130743323086851
1250836102321262595
1250821833206763520
1250821832393076738
1250821831503863810
1250821830614671360
1250814186927591424
1250781194737909761
1250781193945169921
1250781192972111874
1250778297765675008
1250778133076336640
1250777884270223360
1250777615721467905
1250528106873532416
1250513338553040898
1250513231560540160
1250495352727384066
1250495351955632131
1250495341054566405
1250456036714127362
1250429493740593158
1250424904379289601
1250424248671145988
1250417869428490240
1250148379574878212
1250147735048781826
1250147686189273094
1250147667239469057
1250147249868455936
1250133878423146499
1250133730531909638
1250087587928330242
1250070415399141377
1249823152584228865
1249823087467663360
1249807092317380614
1249802479627309058
1249781142342991873
1249781018774704128
1249780931432534016
1249734941044289541
1249734854809473025
1249720586114392066
1249712807144239104
1249689789835677696
1249689569894817799
1249689541767835650
1249689516258078720
1249338529563455489
1249122862214119426
1248976192188960770
1248976116875964417
1248738767743090689
1248702012943929344
1248682048497299458
1248663212448514048
1248662788635078656
1248658666741522434
1248658324461060097
1248658025969258496
1248630624132481025
1248630581656780802
1248630503311323136
1248630453734686720
1248630377117298688
1248598983817256960
1248454931989684228
1248322443229442052
1248319608278433792
1248319607481475072
1248319606688813057
1248287917816119297
1248287767236349952
1248280599649026048
1248279228149358594
1248279227285282816
1248279226534572033
1248234748117483525
1247984364165763084
1247950990856327174
1247950708860751872
1247931803672940555
1247923659223769089
1247921963693203457
1247921077206093824
1247896357953650691
1247877452250128386
1247872455882018817
1247870817930797057
1247653752183705601
1247653751437037568
1247627596067737600
1247614680123744256
1247614236836200448
1247613588476395523
1247613455655407622
1247613339519377419
1247574186517843968
1247549841955323909
1247530958682611714
1247528086607781888
1247527089869217794
1247526012142776325
1247526011060645888
1247510768842682376
1247507497277063168
1247507496484421634
1247507495481946112
1247275065399554052
1247273973311774720
1247271272515547137
1247271193641717762
1247271128558600192
1247271064872390657
1247271017967468545
1247270993804099592
1247216600425664513
1247216570776145921
1247215904473190405
1247177992343863298
1247171022140452864
1247170888467914759
1247170690937225217
1247170647375085568
1247158052324851712
1247156973751205888
1247156972920717312
1247156972098662400
1247156971394027522
1247139839897722881
1247139607516413954
1246927029011984384
1246913387667259392
1246913340791758857
1246852519483105280
1246808868283469825
1246571890983997443
1246562148555395072
1246537963590356992
1246518407538884610
1246517911960858624
1246457625094602756
1246456429474693124
1246455259934883848
1246454063786602496
1246453034789605376
1246422387811287041
1246421064709742593
1246421021277720577
1246169641413640193
1246169558114865153
1246169210650341387
1246169160461271042
1246127988804116481
1246127979257880583
1246127971657756675
1246127948161302531
1246127616702263298
1246108116669861895
1246108115839434759
1246108115029893120
1246108114279190528
1246080469118128137
1246079326140891136
1246072213742239744
1246064938742841344
1246058827973361671
1246056054821130248
1246055889947295744
1246055757218566144
1246055735575941120
1245843393999233024
1245831398985957376
1245824268891500544
1245792283905179660
1245792073208528898
1245778114858401792
1245758504704643075
1245758342225711106
1245726227316514819
1245720577521958914
1245711587727618048
1245710634471301122
1245710633431113735
1245710632600645632
1245709034180804608
1245707602597683206
1245704918809358337
1245516995698798596
1245468062016589830
1245418973866442754
1245418821667741696
1245407738777272320
1245407737913257986
1245407736940187651
1245407736084430850
1245407735044362240
1245397179998646277
1245393326074990596
1245391147884781569
1245391146710454273
1245391145884098562
1245391145049432071
1245372734038777856
1245369731378343936
1245366277247512577
1245366208410587137
1245366159924498432
1245353392991592449
1245341533039218693
1245340354464952322
1245336956722196480
1245334687083528193
1245136918301597696
1245106974884274180
1245090593719623680
1245089858508513287
1245067875754352646
1245049732243820544
1245046715960393728
1245046663007342597
1244978842361528321
1244762284880166912
1244725223280312326
1244722521355636736
1244722366258839552
1244705153611169792
1244660635457277952
1244649632371785733
1244648215435149312
1244648214525104128
1244648213321338881
1244648212214022144
1244648211253518338
1244641888457629696
1244641827816452097
1244639678990557184
1244610946041106432
1244610846275383296
1244367646461759491
1244367645337624578
1244367644087799816
1244348332862029824
1244245216669958145
1244245064320155655
1244062076492013568
1244062067876823041
1243939129123110912
1243909718898282497
1243901132839292928
1243900917751009281
1243900869516693504
1243900771588091907
1243595137458069504
1243593499120893954
1243583378449932296
1243567635935232007
1243561661811904513
1243272210166489088
1243271888891240450
1243271847484981250
1243271779797393408
1243271707701530625
1243219294089097223
1243218113027547137
1243217572880883712
1243204556957396994
1243165410385674247
1243161942539284481
1242945109097881607
1242931711412965378
1242860352855052288
1242856857535995904
1242839148416950273
1242810077838487556
1242809948167421953
1242809883260567553
1242809519174029312
1242539740173406209
1242539709492006912
1242527906536075267
1242527374002008064
1242516080515584000
1242513351974010885
1242486372419723264
1242484915708592128
1242462897181282304
1242462895381917697
1242462891741233157
1242234051781693442
1242171584460328960
1242171042686263299
1242159774394986497
1242158913748971525
1242143218122317825
1242135341148094471
1242133852279144448
1242133508887322637
1242071519121080324
1241906208375791616
1241842106139803650
1241816113438175233
1241789992395038720
1241789932017983490
1241755714550407175
1241743219840425984
1241742629924151297
1241735575209758722
1241708436263514113
1241433362369318912
1241433019111669761
1241432984034689025
1241432951742705664
1241378625506721792
1241378264637222912
1241367416053129217
1241367160993255424
1241155026292277250
1241145025234337792
1241145003461750788
1241144867750895616
1241134741312737281
1241134709503033345
1241115532973281282
1241068864567468032
1241068863518842880
1241062588550713344
1241034214247669763
1241032684656300034
1241026376695779329
1241006134183563265
1240996146224533504
1240994230669017095
1240993628748746755
1240756312956428288
1240750037988265984
1240730459161743366
1240730445802868740
1240730435128381440
1240711708378902530
1240708188237893632
1240686456521154561
1240677619349229569
1240661328827727882
1240623071163277313
1240622036004884480
1240615887754985472
1240615119668813824
1240611329230155777
1240610380654817282
1240609979956158467
1240609259471192064
1240464092042854402
1240448924957184000
1240439616546668553
1240407718248230923
1240354506803732486
1240321007191232512
1240320875544694787
1240313122537250816
1240309396082765824
1240293542934843392
1240286406909603840
1240278610046525443
1240260897219792896
1240257641458405378
1240116347289378818
1240116330281545730
1240116309939105793
1240039821269221377
1240017852339453953
1240010470393819137
1240003032697495554
1240003031623761921
1240003030654820357
1240003029534900229
1240003028641632258
1239997625803386884
1239977677722918917
1239976793102266373
1239976740191186946
1239962806545338370
1239945181656485894
1239939023092809728
1239901104558702592
1239691549920956424
1239691510108622850
1239651608042110976
1239650732124635139
1239649198527651843
1239647899451109376
1239627681462878211
1239615297092489220
1239613329670393858
1239613279061884932
1239586458022957057
1239571193348399105
1239558115814768641
1239553504617865216
1239359246136901633
1239285784609533954
1239262746815926272
1239262654969131010
1239197037020811264
1239196838999330818
1239006702873255936
1239006659428655109
1238920417332658180
1238919291191394306
1238919236422184960
1238916601749143555
1238877120132034565
1238876920219086848
1238876509345124352
1238876488381988865
1238686336640524291
1238686335449391104
1238686334371364864
1238686333381611520
1238575608243859461
1238566318066012162
1238559403894284288
1238557592076648448
1238557172939862020
1238557121404383232
1238540727061303296
1238523713336807427
1238521106421755906
1238485698753282050
1238478939632345088
1238472504332750849
1238472503401615366
1238472502415970304
1238472501308555264
1238467166694977536
1238231268564836353
1238230983297638401
1238219298750988289
1238185314331566080
1238178275870101509
1238151632241725440
1238151526578827265
1238147163768700929
1238145281289486336
1238138726817071105
1238123091022184450
1238114095674646528
1238108062243852288
1238100136213037061
1238098130941419520
1238087000814759941
1237907871800623104
1237848041261895681
1237847951835156481
1237818512569229313
1237807393255366656
1237796160972247049
1237796085105655810
1237731286212661248
1237729055660793857
1237728920163815424
1237501082521219078
1237388298986889218
1237378786456371201
1237373033242931202
1237368294010740737
1237130859347619842
1237104462923272194
1237101592144416773
1237086202060210177
1237064997513105408
1237064947319869440
1237064911676637184
1237056891341111298
1237046774436712449
1237010988634976262
1236727651970269184
1236670989041311745
1236635929835601920
1236635897657020418
1236635863913766913
1236635827582775296
1236365711053856768
1236046014643081216
1235987539837804548
1235974956175024129
1235938637667282945
1235575450916859904
1235321959786958850
1235266339591401478
1234978749847785472
1234960024499294209
1234942623758114818
1234850847026225153
1234845064339378176
1234629785260822530
1234607010240487424
1234567511288537088
1234504198881857537
1234124150735822848
1233773727801839618
1233500812367798272
1233500811432513536
1233500810430033922
1233417531400036353
1233127260162600975
1233083827075067905
1232754874250600449
1232741886990987264
1232738921810976768
1232441889833406464
1232362851387441152
1232311383867428866
1232020466900127745
1231242499731140610
1230886099205206018
1230865657610240002
1230593822272499713
1230541811829104640
1230173780376465410
1229422749304664065
1227999156112850945
1227693807015206912
1227683435738750977
1227644021889261569
1227627170547281920
1227329063854968838
1227320229266698241
1227314885283008513
1227000879569670145
1226235564552314881
1226142253049171968
1225803810188165121
1225797684533047296
1225543362603778054
1225494053913079808
1225190429898964993
1225171333111328768
1225171332352049155
1225171331517501440
1225082456971321344
1224899333222477826
1224889686574993409
1224702244538462211
1224432973191102465
1224377560517238786
1223607228994932737
