1285927927645982721
1285926974402236416
1285706703334526977
1285654268012384256
1285292867569815555
1285273410524844033
1285245529207853056
1285225012492828672
1284226499470602240
1283881112478023682
1283423822851510280
1283385818422411265
1283112487492124673
1282819382817763328
1282742520313712641
1281336562433875974
1281040028815196161
1280991145712123904
1280941410024329223
1280902286047416324
1280632153601183744
1279466013759877122
1278784192726413312
1278484388565712903
1278450908297400323
1278447620193730568
1278337705429159939
1278337520628051974
1278329821525917697
1278318586474500097
1278050945570680832
1277754917353140229
1276631446699085825
1276599250357493761
1276599062238769153
1276255090924498945
1276202141787578369
1275852543806058498
1275581364054745093
1275536596616597506
1275450855332839427
1275173879644897280
1275173836300914689
1275139347378036737
1274681025365454854
1274069806296240128
1273752187697594373
1273353651143180290
1272958117932826629
1272931434358018056
1272907888831406085
1272907672925372416
1272648742605402112
1272640422117064704
1272636216563970055
1272251421652660225
1271538683376816130
1271088713343348736
1270832967355715584
1270804939971932160
1270054360706355205
1270016720846163968
1269282819366432772
1269064522066735104
1269028258668052480
1268638941315465216
1268601853656342541
1268257725345075201
1268257614141558786
1268257358523883521
1268225750446063616
1267873955685249026
1267549562098593794
1266103441723658243
1266102580138184708
1265744581754335238
1265744417379491841
1265738069443043328
1265730704467546113
1265723847757697025
1265723749988470784
1264874165942865920
1264233545335267339
1263822692509245441
1263822533150851072
1263589963104305153
1263195286345781250
1263187774318010369
1262903960421257216
1262867605708308486
1262819152445747202
1262810881580306434
1262430810243772416
1261715830867460099
1261407595719516163
1261403040784908289
1261402981423099904
1261393949052112896
1261376700056625152
1261027665462657024
1261000439178432512
1260654676329902080
1260649721997082630
1260320603095121920
1259926360128184321
1259535936599330817
1258873513806626816
1258837573016981504
1258479350455951360
1258117457363054592
1257780848574771210
1257723545842520065
1257710682751078401
1256666504801726469
1256293915365380105
1255945300147134464
1255925629381476357
1255619122500718592
1255235001383354370
1255227700496736264
1254892135716925442
1254887289831993348
1254845734320590854
1254841083349086208
1254130606885294081
1254118312063242240
1253767035580006403
1253428681009070083
1253403745183989760
1253386281062666242
1253049309064507392
1252716076191940610
1252715085564436486
1252679061031333889
1252352136509181955
1251593413276901383
1251230487827406848
1251160784194859015
1250924963638521866
1250920889081880579
1250905815785103360
1250828126805987333
1250537402956988416
1250517968871702531
1250514355143282690
1250206960496054277
1250186584613421057
1250174970141061125
1250151049698172929
1250150840129683465
1249832076028915714
1249823072863035394
1249812054631907329
1249777685561294848
1249731435130486784
1249494989664432129
1249352173298880516
1248746783594987521
1248698314016591872
1248376317315125256
1248303667683438593
1247939675819515904
1247642353520775168
1247641479566286849
1247640632006451202
1247640496731820044
1247636906688593923
1247601367641927682
1247580597310144517
1247533473050451969
1247283011403632644
1247274612909641728
1247269497846800384
1247263656968097794
1247190559904673799
1246629119380635651
1246620059491094528
1246201399794438148
1246181438757748737
1246154392400732162
1246116429352579073
1246113465703563266
1245818857975136256
1245818584175185920
1245799937146839043
1245790901168943112
1245787795622449152
1245755445341499393
1245484169699962880
1245471619784597504
1245454300630958082
1245422596189011968
1245130491323396096
1245123299438362624
1245100948915191808
1245042063344885768
1245041513215787009
1244749378587447297
1244731591110393856
1244717773353254913
1244692619155910658
1244657496909848579
1243986367748677632
1243952110942773250
1243653261942493187
1243653251985268742
1243653237376417799
1243638514660638721
1243309536666140678
1243290493104074765
1243277151748730880
1243251385249992705
1243245679528620035
1243218896682913792
1242919515090030593
1242906268093878277
1242871828776988672
1242871731636895744
1242868196266389506
1242815213667262466
1242626485216784386
1242626234175143936
1242610504549400577
1242513747991769102
1242503688918388736
1242215454015356928
1242212650500665350
1242199480281313280
1242161917554237441
1242118466410291200
1242084687511728131
1242074543075799050
1241890516301688839
1241869954875523073
1241698009894838273
1241444852459503620
1241431982724259846
1241410771210375171
1241409781400850435
1241394273326678021
1241381468275949569
1241144536962924547
1241144517476089857
1241144467236753417
1241144105784217600
1241143976469630976
1241143891153354753
1241143695459725315
1241119189290663944
1241105186921349120
1241097507192680453
1241091150712373249
1241090251868844034
1241089343328051205
1241083273289351170
1241080440313831426
1241080062637735937
1241079448553881601
1241030318070681600
1240858590124130304
1240858369566609408
1240819032879742978
1240803937390862337
1240729741952536578
1240729717264842752
1240725363497590789
1240683525742956547
1240677511727546369
1240665000416509953
1240664798284722178
1240435644591210496
1240431996129751042
1240401692480462855
1240383322443915264
1240368956256530433
1240368916582588417
1240368875151208455
1240109836496523264
1240019788333821960
1239999180044730370
1239985724205785089
1239964352398024705
1239945211331125249
1239930854681477123
1239903155778924550
1239743195883417601
1239703092561678337
1239684466039291910
1239684407461589001
1239677194080792577
1239677186497445889
1239677057891786752
1239654854315905026
1239632755769647104
1239598780284055554
1239299228033220610
1239288389653929988
1239237509919444994
1238606045884428290
1238548216712441856
1238187761905131529
1238187030686859264
1238128909591482373
1238126551163719681
1237864817316098052
1237852993866752001
1237791034161213440
1237394056386187264
1237119590259359748
1237062043548749824
1236331818896560128
1236055776000700416
1236043104148426752
1235946301201711104
1235937111141949441
1235678321192693773
1235635198269829121
1235618847979384833
1235618259417722880
1235346141795016704
1235306654511529991
1235260564101877760
1235244726045069317
1235232796697915395
1235218931536756736
1234934190774329346
1234883104088743936
1234586485397106688
1234528062777237505
1234527883474952198
1234501868111454212
1234487588322447366
1233823046345150464
1233807206816141312
1233572660682117127
1233505446356553730
1233472632802172928
1233458034942365702
1233154277725655041
1233137867448340480
1232797351603064833
1232362577444966400
1232150707425464320
1232079979934081032
1232067547291377665
1231271682238812167
1230625209033596930
1230176378789781504
1229861464883810310
1229851737864986626
1229517300182736897
1229446198920171520
1228749744102682629
1228439313442013184
1228359239825010688
1228122667070431232
1228023730137444353
1227761648573853696
1226370128008433664
1226202460542373889
1225918078988451841
1225786030000943104
1225447573814685698
1224907327133954049
1224906790745317378
1224906688483950593
1224897050078257152
1224894938841784322
1224891011844988930
1224889777494818818
1224889385306542080
1224887877743583238
1224887048735264773
1224886862562713603
1224878824799842305
1224878365213110273
