1286020767487086595
1285697868683268096
1283482790508593152
1283470182929829890
1283421081441894400
1283394769360760832
1283040215855177733
1283029249151184899
1282685085435727872
1281619551130705926
1280915244920037376
1280204700822929409
1279414663948537857
1279121804288839680
1279120644328828929
1279120585839255555
1278455565010771969
1278440825152843777
1278359865937797121
1278359772320980994
1278344928565833730
1277992287218266113
1277641395822608386
1275795314243506178
1275491903287459844
1275080898052943881
1273993760918122496
1273708891126345731
1273669487045345281
1273641974172614658
1273361800147488769
1273344269621833728
1272961118835793922
1272945320125661184
1272945131281420288
1272921331881951233
1272909013856944128
1272905839695867910
1272901691596255232
1272896516638867459
1272896515346923522
1272573124157022210
1271805206385364993
1271803995963744258
1271240992709128192
1271188484083023872
1271172705312800774
1270419781909348352
1268891004989583361
1268646726237327360
1266442306497982466
1266425619686068226
1266419580391559169
1266031579769561088
1265671610440323074
1265358269150879745
1265275245570686977
1264937717730889731
1264937716606795777
1264937715491115010
1264937714316652544
1264937713058353154
1264937712106319876
1264310880214421504
1264310811708751873
1263111647738187776
1262813766611357698
1262788550820597760
1262371597702266881
1261396305886081024
1261278291400499202
1260661926276841474
1260588585255870464
1260340175340699651
1260313380893732865
1260288366979014657
1260202484024385537
1260201583473766400
1259918696421752832
1259542307147264000
1258810373534355456
1258404041756942339
1258097351702581250
1258083412381966338
1258031696051613696
1257714689406119940
1257398592475664388
1257348343031828482
1256256933826347009
1255935997596049408
1255502759144628224
1255197711751659521
1255145347346599940
1254795488555159552
1254781338088927234
1254763837020143619
1254549516709236736
1253816237144055808
1253810831814471680
1253718419414962177
1253677070003187712
1253675827797078017
1253440649552113664
1253417265711607808
1253395801260331008
1253349425969274880
1253018898674470915
1253007060565975041
1253006330115362816
1252997950885842946
1252993695399309313
1252992551155650562
1252687154939125767
1252666321130717194
1252664698165694467
1252611393255362560
1252604860094205952
1252281328466362371
1252280341131296771
1252279989799735299
1252279989061459968
1252279988386136065
1252279987660562432
1252266860864851968
1251152291463229445
1251137731184463873
1250872122211262465
1250817377350139904
1250463458317012994
1250429937367920646
1250147019928276993
1250117672676851717
1250117392803471366
1249777598470787076
1249441320340525056
1248681485751721986
1248670517189578756
1248669392038178816
1248668381500276738
1248648960962711553
1248641795204014080
1248638843080720384
1247993685989634049
1247964533869678592
1247577038124433411
1247574317627576320
1247562211016482818
1247223276285329408
1247223239375572994
1247147316076740609
1246829953926258691
1246128964223078402
1246113321717301256
1245780394882015234
1245780349453504513
1245727091972354048
1245486830386057216
1245364170217971713
1245361750834401282
1245044345440538624
1245040841384755201
1245040780818989056
1244976310172123138
1244729527584133122
1244720883433975808
1244675920306352128
1244655896598282240
1244648597985153025
1244339028570374146
1244338498259365890
1243596303952760833
1243593878768418816
1243568722230620165
1243563531485745153
1243265531840528385
1243230751581184001
1243230695889256451
1243197542080413698
1242870109837942786
1242813400545218560
1242537663414009856
1242449215776862208
1242224952956379138
1242163407345856514
1242133532870356992
1242132116948779012
1242132067237998603
1241547082382671872
1241151295928635392
1241094500719693827
1241083686617055233
1241014269283631107
1240996984556867586
1240973000192724993
1240739984124063747
1240728338584555520
1240695826583654403
1240634420748595200
1240438787978772482
1240361407436197889
1240308820515192833
1240290972929601536
1240276053869965316
1240270235535642629
1239989799584440320
1239926418424856582
1239663637368844295
1239597472902787076
1239590249245876227
1239568711134121985
1239562106401361920
1239302080462049280
1238806441282199552
1238575681874923526
1238549113253306369
1238495031385894912
1238185254969643008
1238128288326967298
1237863261480968192
1237835248643321860
1237834911773601792
1237834910871797760
1237834909856739330
1237821775859286018
1237807816502640640
1237807815403737088
1237758561263988737
1237726514663370752
1237712062710779912
1237499853745393664
1237494800699580426
1237492120279285761
1237491700072886273
1237489745770549255
1237474073904582656
1237424626420121605
1237367626868940800
1237365163197706241
1237122610753912835
1237034241260687361
1236094910488604677
1235954774387945474
1235684119981568002
1235329500076019713
1235329499362975746
1235329498637373440
1235329497790062599
1235329497039278090
1235314654190198786
1235302856770678785
1235299339892908032
1235267148332879873
1235250693331615746
1234882518832295937
1234879476271587331
1234866672546328576
1234607513737289732
1233505397178347521
1233495374179991552
1233457785205133313
1233409429321781255
1233167565565964289
1233119779961090049
1233085827858812928
1232775559693963264
1232775556342652937
1232747333890314243
1232705435062472706
1232699683325317121
1232690083872038912
1232684331186970624
1232672751514726400
1232374689504387074
1232374259890167811
1232346226189881345
1232046775764226053
1232041878620688384
1232012938598326273
1232002932834521088
1231987953100042240
1229499686555398144
1229449930844053504
1228002074169892865
1227949812324196353
1227942713527611398
1227718600347262976
1227715556482207745
1227687887266775042
1227687708144885762
1227687656210956288
1227682501340094470
1227654057344536576
1227590804178378752
1227323466711535619
1226972154392174592
1225854360892116995
1225814795221446661
1225791577655848963
1225197405349519361
1225137953938296832
1225057700016467969
1224892275609735170
1224890130915364865
1224890130051276800
1224878965682311169
1224878738980163585
1224867743155019777
1224818734478643200
1224784579472646150
1224751263658774530
1224740528681627648
