1286069401436008449
1286069384423845889
1286069367239856128
1286057296250929154
1286039010536837122
1286021175047598080
1286014426643148800
1285993472600743936
1285968735157788677
1285962848955518977
1285906205332901889
1285718730668941312
1285702898073194496
1285690213260505089
1285666185397370881
1285665413016301574
1285662988360462337
1285620702163476481
1285587433132888065
1285568674850635777
1285353813709332480
1285232021766373383
1284535009169281028
1284344038821330945
1284251587058294786
1284226996818632705
1284203614261698561
1284183835916328961
1284169268116979716
1284125745078571014
1284111452438237185
1283844388670648321
1283844372103127045
1283770405455527942
1283742651578232834
1283564603897712641
1283544783059910656
1283469040414011394
1283439034002546694
1283433429061730308
1283407924568764418
1283197220557332480
1283196807309414402
1283172137738678273
1283154873425580033
1283133013900046338
1283122262548320257
1283113985890562054
1283058212640559104
1283030247663906819
1282823273110294528
1282786012398325761
1282719809831149570
1282313642428575744
1281691460698505222
1281646370663698432
1281590253044805633
1281390293246517248
1281390183099899904
1281359177995169798
1281343453234855936
1281343436289867777
1281316151071592449
1281316148890517504
1281301779007836166
1281296730164736000
1281278459818520577
1281223441937584128
1280996584625405952
1280989091497226244
1280977763093151744
1280970952998883328
1280962454441414659
1280699080189063170
1280698084792717313
1280619969437470721
1280249052857348097
1280221066527477761
1280191252605083648
1280185843563593728
1279541314091208712
1279392742343393281
1279174598202994701
1278783019810250753
1278771284256722944
1278755333482205184
1278740112239624204
1278692945307357184
1278677446238371841
1278471567891193857
1278417589916631041
1278386756321230848
1278345385514283008
1278335890180444160
1278320562910244864
1278095557265850368
1278095546616623106
1278071873646071809
1278071239408603144
1278045735079096324
1278027710418292738
1278002004875493377
1277989202622365697
1277976017873694729
1277750694683054085
1277750680355254273
1277750668510576640
1277693494413471744
1277681592987721728
1277681565515100160
1277681334379581441
1277668854714556419
1277667733262475264
1277661907747569666
1277647820154195968
1277647691506483200
1277637539084591107
1277632158757203968
1277632148724383744
1277618177304911872
1277596807539970051
1277593456593035266
1277345056417087488
1277293385745866760
1277254534788759557
1277055194627538945
1277007117128474627
1276603861105610755
1276590026231631878
1276588711900315649
1276588474418659331
1276578540197163009
1276560516702502912
1276541649745858560
1276528060188278784
1276526706313121793
1276526694439038978
1276522769438650370
1276500812571635712
1276341157036011521
1276319615816171525
1276319568823287808
1276304261631160328
1276294152028934147
1276290920149856261
1276260792313274369
1276260762110103553
1276247852885344256
1276223710949711872
1276190869171900417
1276182980415946752
1276167579388850176
1276164085353254913
1275981800041525249
1275960680798191616
1275943773747494913
1275921874011205635
1275892823506763776
1275822591618494465
1275803570709901314
1275775233337802753
1275632910821974017
1275539725974212621
1275508260825636864
1275472365141602310
1275462502915112961
1275461525625540609
1275433668698181633
1275428176160862211
1275221053531459585
1275179830821163010
1275174119605260301
1275164573004414977
1275136207983345665
1275109548630605824
1275105434534322183
1275089760177045508
1274829394981388296
1274467908635238401
1274343256076279808
1274331309641543680
1274114872649879555
1274036632132386817
1273804237017931776
1273747648386908161
1273743205062844419
1273721139852959746
1273702830927425536
1273696314690322435
1273667878550679552
1273667848922169345
1273662424709808129
1273650268882767872
1273643274192986119
1273622026360631296
1273619709057888258
1273610702440325125
1273608857063997445
1273387048158855175
1273376108784898048
1273344746518437889
1273293766066147330
1273286966067564546
1273279158542635012
1273259321808359424
1273250320324362244
1273248046562914306
1273247951704424449
1273240885501837314
1273085014025146368
1273054469408927747
1272976972616957952
1272972202284122114
1272966219914674176
1272949653231763456
1272948820528291840
1272933501399162883
1272928978567868416
1272913791248891904
1272906484557512705
1272898072725635076
1272893653904691200
1272882138690527232
1272871781787996160
1272871743653384192
1272697824619225088
1272677458182094848
1272661471382700032
1272653628394934272
1272593006261161992
1272340438385639429
1272322670634455040
1272302381531836418
1272289997371121671
1272259957321347074
1272243868122128384
1272137989188210688
1271839043303735299
1271838991961272320
1271473358870380544
1271202391166259205
1271197362699059201
1271156769188872192
1271149820191944704
1271134131242631169
1271126182164140034
1271120943893659648
1271119288041181184
1270795839313784832
1270729948135862278
1270533144433823744
1270444685761396746
1270403904094814209
1270400269369606146
1270111710167347201
1270038691235463168
1270037440712114177
1270017720382341125
1270012050006294531
1269758403716489221
1269699722308194312
1269691352868061186
1269691319762522113
1269372968846741510
1269017985798279171
1269017948540338177
1269004713917366274
1268970034103291904
1268960021519519753
1268959976434864136
1268959925922942989
1268907944579661824
1268570466962362368
1268543403987554307
1268543384295297024
1268543369875279879
1268542629899370503
1268335625788428288
1268209244895154179
1267908891905601539
1267908781675098113
1267908748833677312
1267908599843631105
1267528258041663491
1266818073547374594
1266817722664521730
1266542899371655168
1266528432055296005
1266464395443556357
1266438018027728903
1266408469009256449
1266375547380092931
1266353912652730368
1266144479771340801
1266128916797886466
1266128909231423488
1266109153984090120
1266104503876628481
1266104485094588418
1266104113798033410
1266097981180252160
1266081472408150017
1266081386559127554
1266062324772765709
1266051905656160256
1265818608833384450
1265813710888730627
1265799936249155585
1265799047606087681
1265766251437096961
1265747814883250176
1265740580837109761
1265723916586278918
1265697848122847233
1265694789196042240
1265676272585359360
1265663953411149826
1265663599890116608
1265644548404936710
1265457475123326981
1265419475626659843
1265419398573109248
1265395643641716737
1265386921934585859
1265363953061957632
1265360192956518400
1265082330370248704
1265044218910781442
1265042262012178436
1264989588793298945
1264915424925319168
1264700568855105537
1264647292126203904
1264322965346418690
1264280712351494147
1264183906955341824
1263979582711095297
1263965901319266304
1263924154165866496
1263919211874844672
1263889476541206529
1263851372497244163
1263605998801113089
1263594091788464128
1263566244755714050
1263552146206834688
1263527991251959812
1263522939976155138
1263518212525887488
1263490587354902530
1263247268481830912
1263228358583824385
1263220217028792327
1263220203837685766
1263195373700616192
1263185093474037761
1263180570030374912
1263162981254389760
1263118751110770689
1263109507129004033
1262910854812643328
1262909335920947206
1262891459956690944
1262869698619768837
1262869647369650183
1262831748297240577
1262804392329306116
1262772167261007877
1262520425986342913
1262460367244058625
1262425241520922626
1262164361063391237
1261790663512899588
1261669497125007363
1261653345850265601
1261502910183211013
1261493476568465410
1261454302637244417
1261436854903152649
1261434383325712384
1261422276056096768
1261410679879319560
1261410643401256960
1261410606868914177
1261393179846209536
1261389556429000704
1261389002260672512
1261366415463858177
1261366307531808769
1261342603036983297
1261341098661703680
1261310187215994886
1261307809326645248
1261305536009699329
1261084607031709702
1261075970058051584
1261062530945949697
1261038141810642945
1261036100027629569
1261014631876886529
1261012447420387329
1260961873182298117
1260933984361447428
1260925877338214401
1260729544929169408
1260716301921800192
1260716144618606593
1260700599584202754
1260695478456500225
1260695459644964867
1260686914379800578
1260680451028586498
1260679799842000897
1260679500716703744
1260665688311705602
1260662626650128393
1260659608135192576
1260644754313760768
1260641100735356929
1260634245040689155
1260623083712524288
1260621181176160262
1260621137219854337
1260593437193187329
1260583756823441410
1260541666513076224
1260402550873956352
1260390099742842880
1260376152893521920
1260362043804340231
1260339848793260033
1260329559775416320
1260326243091861507
1260309333310672896
1260304627259539458
1260292291522109440
1260289325935230976
1260288866206076930
1260286394347524103
1260263144963878914
1260017031379734529
1260004923875434497
1260000273642205185
1259992960780906500
1259992959912722432
1259992958058803204
1259936350498848770
1259930810427363331
1259908366538866688
1259876416688025607
1259858653689118721
1259641058121703425
1259605575605932034
1259508923805110273
1259475096848261127
1259330497722941440
1259293530637373440
1259263941152309259
1259249198215634945
1259190272061313038
1259127367827685376
1258929380585287682
1258894648036265984
1258889862134054918
1258857692988354566
1258857684935364612
1258823651639648256
1258817850636148736
1258768584475541506
1258557474426236929
1258546209314050050
1258522587266551809
1258515442496204800
1258476580709466113
1258467409641553922
1258466814046146560
1258429687010902016
1258421071134502913
1258400788369588224
1258400787585290250
1258226431072645120
1258186856468004865
1258157064439857154
1258121374616469504
1258059535387951110
1257823870784024577
1257821335188799488
1257796899840688131
1257747205911465986
1257747192372215810
1257740335003971585
1257735095034798081
1257713232179007489
1257702857014419457
1257613453214257152
1257446000438005760
1257445032308719622
1257444858983301128
1257429808239255554
1257412423298007041
1257387412747161600
1257378182417784833
1257355505099554822
1257083251648335873
1257082651527217153
1256678525668601856
1256588027369005057
1256352133504544777
1256335115329744896
1256302914471112705
1256258560612335619
1256255528327688192
1256247456611926016
1256229399806042120
1255934870330773504
1255913131257352197
1255880484086788099
1255850147575205888
1255679859516375048
1255660058257641472
1255660014246793218
1255583727528431616
1255532181574815746
1255532150801260546
1255500425119313930
1255322762501148672
1255288609470590978
1255272855404716033
1255254409203810304
1255215116259393537
1255200306134159361
1255174754727845888
1255158214531985408
1255139386804465664
1254904959491018760
1254887809980215296
1254857197848158208
1254841110150746119
1254816408850124802
1254780261604012033
1254763929148030976
1254756889289728000
1254533541758676994
1254497691792560130
1254492665376387072
1254189828423536641
1254067060956692483
1253799002191155205
1253781809634201600
1253767726763565057
1253751790862053377
1253729457136979970
1253702741790273537
1253479755258703878
1253475224542228492
1253470009050968064
1253469192654905347
1253462529382252545
1253447320584310789
1253442805642526720
1253419718242742273
1253404168817082370
1253402892968562689
1253399120993308672
1253399091528306688
1253383813083926528
1253348121947656193
1253300453691006976
1253116634023198720
1253091131216314374
1253091104326660097
1253084795057442817
1253064558127742978
1253025267422986240
1252976781495328769
1252961490291785728
1252749436205367300
1252715028702285827
1252714970611138564
1252706106578788352
1252686016516968451
1252673219351449606
1252673174581501952
1252670878825013252
1252652866675892224
1252651923120979973
1252618162815803393
1252616888158507009
1252615467535151108
1252610516893290500
1252602849894305792
1252599731211157504
1252599037418786818
1252598860414885889
1252579975607304194
1252571957977063424
1252409321872187393
1252387074063269892
1252361132041334790
1252359416512299016
1252356252761329676
1252352524146761735
1252302058050502657
1252302040556060675
1252292820234375168
1252284248922488833
1252284192827879431
1252277691367280640
1252034668288978947
1252000585471197186
1251976014089117696
1251966880790777856
1251954637055418369
1251941338523762688
1251928708388130816
1251905315714609155
1251668968777056259
1251637250074587138
1251626186641477637
1251620000214982659
1251589160844038150
1251570695810830337
1251567457103470597
1251518691675684865
1251317591974567937
1251305035826421760
1251298877438857217
1251284035462103043
1251279545644322818
1251275467535069184
1251267860430798852
1251234978836492290
1251221664056123392
1251196888331812864
1251184106941153281
1251178418269573125
1251158623545262083
1251122112728829952
1250955910656200704
1250939508201267203
1250908655454740484
1250902382822785025
1250885240924577794
1250860727671435264
1250851873176911872
1250843181043855361
1250840125883416579
1250837511179505671
1250835450425638912
1250829989106327554
1250812171430383616
1250812122541457417
1250811901908529155
1250811851228827655
1250811802688028674
1250811258577850368
1250811103996784640
1250808506095153152
1250799415230595074
1250785133600354306
1250784291333853185
1250759500673495047
1250609645267361796
1250609644403392512
1250565083501133830
1250502974679457794
1250498380440240130
1250484018044440585
1250447684357492736
1250447272346779648
1250447233474052096
1250417550971809793
1250417502745759744
1250224732059951104
1250205012367728640
1250193755170275328
1250189904107225088
1250120935652409344
1250091029379850240
1250080215990185984
1250074691622092808
1250057434829336579
1250057124392112132
1249877143837958145
1249877118957293573
1249862229136232448
1249782203627732992
1249782166092947456
1249769641943224330
1249754004088815618
1249746337878466562
1249710367275696135
1249705801360474114
1249488106191028225
1249441760847302657
1249441759278649346
1249310253210128386
1249163137145868290
1249134642751574018
1249038622118084608
1249016699476639745
1248957461358424065
1248708629907333120
1248675390178185218
1248671205403561984
1248671176794288129
1248613926020898818
1248607843713859585
1248371540208635906
1248344302792724480
1248341624649891840
1248324514796187660
1248306701541019648
1248291243500670976
1248285581102153729
1248282252204744705
1248258231669002242
1248241253722083329
1248053633758957568
1248042922861305856
1248035430345388034
1248028399777599488
1248019819342913536
1248004700386947075
1248001571570450432
1247987660788060160
1247954816812408833
1247916279677280256
1247916261926940672
1247642812872523780
1247594843771146240
1247559316254711808
1247534199445180416
1247326065653055496
1247295470956879874
1247278762359689223
1247254426513018881
1247254398033633282
1246978679584022530
1246946285082607620
1246938276251996160
1246938237530189825
1246936577261088768
1246591447039705088
1246500873234251776
1246484640430505985
1246464389156388865
1246246335361290241
1246232668599128066
1246195654596198403
1246154033011752961
1246141063884136461
1246118664081981445
1246100205356933121
1246068499866357760
1246068477598806016
1245879108527108096
1245852213718597634
1245846460282724353
1245838741392035841
1245834710900789248
1245823972781981696
1245782170666512385
1245728790971650050
1245701333883203585
1245507268449316872
1245506665572679681
1245472909344333827
1245465082965999616
1245461217948438531
1245461054945140737
1245376170222407684
1245152990874546180
1245120249407721473
1245104208497573895
1245083264211091458
1245054817267060737
1245006846106140673
1244998182775525376
1244998056367534081
1244977891466764291
1244977850530357248
1244977808855535616
1244977784000319489
1244977731785416710
1244804573241520129
1244734833064116224
1244640941266386944
1244638000702803968
1244627736796282880
1244383159799681024
1244383112756375554
1244365949089824771
1244321391673061376
1244275380246253568
1244078445749047297
1244057278975705088
1243936252052869120
1243929927889584128
1243904887752097792
1243700415025250304
1243653209060671488
1243652663033692166
1243641757377708033
1243628724752453633
1243615614213722113
1243615452296855555
1243596372160450561
1243591864063799299
1243586395756793858
1243581460583534594
1243578842880630785
1243576921335771142
1243550369923416065
1243550173390929922
1243364904993566725
1243290207799193600
1243276985201238017
1243238826685931526
1243232583669997581
1243218926454083585
1243215457462747138
1243011996511076356
1242945869076402177
1242933012523880451
1242875053533954048
1242875048102375431
1242828434985926657
1242811178386161664
1242589981664858118
1242574426694172673
1242569491831234560
1242530133308837889
1242503502997438468
1242502198937956353
1242481558738604034
1242471054699831297
1242448239212797952
1242448210272161794
1242448136670523396
1242423949390209034
1242259977814884352
1242250528878362624
1242248939564400641
1242214703864131584
1242211882469072897
1242207017160396801
1242189318908674050
1242163145600380928
1242146379415388166
1242146348109049856
1242140118120574977
1242134601037987841
1242123802693304328
1242121022087794689
1242120998159372288
1242120977296883713
1242116496526016513
1242116474975723526
1242116453224062978
1242112645219614725
1242079345117728773
1242065799340326915
1242065702439321600
1241918011998711810
1241868002842337281
1241847411762515975
1241768954290491397
1241728339171258370
1241525983137673218
1241430485345148929
1241417727753048064
1241409342315913218
1241183504328777730
1241127209953304582
1241102441170513920
1241091904101629953
1241058955222188039
1241038615767064576
1241005029387051009
1241004918691057664
1240989087483465729
1240989009205133313
1240811003811639296
1240810948753076224
1240728470214320134
1240723293801496576
1240723241162989576
1240714292288270337
1240689739373527041
1240684093769158657
1240671265943441409
1240663224602841088
1240646767202484225
1240450072833339395
1240439823770550272
1240401569717407746
1240401549907709956
1240401524074971138
1240394810936168449
1240394624851685378
1240361529997955079
1240349010893983745
1240343572886495235
1240328047737348097
1240308944012181505
1240305183604776961
1240305164067667969
1240275858771894273
1240023034884431877
1240008490493624327
1240007573094440960
1239996441474617353
1239989343432912903
1239988367095463937
1239965668448976897
1239931137780322305
1239929686064607241
1239902065066901510
1239736593377890310
1239723228689547264
1239678617245925378
1239674882725732352
1239672917862072321
1239367571318673408
1238983668972113922
1238948538983350273
1238688093101752321
1238629495860592641
1238629084344791042
1238629077625573376
1238629071560626176
1238547989414793216
1238518065991745536
1238197284678090765
1238193924767875074
1238127274161037312
1238084137984184320
1237913807168704517
1237906663954362369
1237834699705327634
1237564104195235841
1237495030438379520
1237415566245322753
1237396167538991104
1237364968485502976
1237181099228397568
1237146192674525192
1237103816404873217
1236758010770448390
1236117701443141633
1236109242223951872
1236069884838195200
1236022637589131269
1235996261259587584
1235957216257155072
1235956699787341826
1235930775809335296
1235928061394087939
1235645974263091202
1235363268614635521
1235347827922022400
1235343621681016832
1235336416084873216
1235324639368400898
1235319432311910405
1235299202542063616
1235252591124246529
1234966653273853953
1234943783491588098
1234914976931905542
1234891227545337857
1234670862969626624
1234652837788995584
1234632076248453121
1234135848976777220
1233857568176582657
1233807290173677568
1233784829025669122
1233467698350379008
1233438780641677312
1233417397295558662
1233410833222422537
1233184283851939841
1233184258530971648
1233169093278281728
1233153092968943617
1233151664691073024
1233151625008746496
1233148372489510915
1233128626780065798
1233106755581829127
1233089037600280578
1233056340316172288
1233039899151998976
1232847055846039552
1232780561669816324
1232697503633551361
1232682264292708352
1232662411473293313
1232515327113728005
1232456996902752256
1232447330051219457
1232438773230624768
1232438750648492032
1232435705432834048
1232435692812128256
1232435676861190144
1232429873370664965
1232429797281816578
1232428466324344834
1232426754184224768
1232425216493735936
1232425207920545792
1232425181840388096
1232414490903400451
1232399052601511936
1232397843329101826
1232397161343701001
1232396701601861632
1232392737611288579
1232389617053261825
1232389592931848194
1232382457850232832
1232379371559825409
1232377503651651585
1232376468019253249
1232376425862307842
1232376204583481344
1232371690849669127
1232367223341223937
1232364706029068289
1232364279824814081
1232364265975226370
1232364256919740417
1232364242411704320
1232354196122472452
1232353463507574785
1232353046195326976
1232350236384931843
1232344423176048646
1232343453641605123
1232343187357929472
1232342745668300800
1232341833373626368
1232339890081320960
1232339879348068354
1232339868707102720
1232339854320644096
1232135819269414912
1232107125356290048
1231625794906214401
1231296178047930370
1231278171019972609
1231248967444373504
1230868905205358592
1230848977928675328
1230573658768379910
1230335622868611072
1229901365981347842
1229802369120161792
1229789178243747840
1229555119882219522
1229486611345428481
1229402270330167302
1229149601825017863
1229070538435432450
1228361678078795777
1228107458612121601
1228047571396046848
1228021612726947842
1227995054884741121
1227971214557241345
1227970777305186304
1227951860163719168
1227937685538582528
1227768029632745472
1227752438469361666
1227704722741747712
1227633415731765249
1227616723597176837
1227590783206862849
1227429944189427712
1227392738125111303
1227351710349352966
1227345537755688967
1227329042686279683
1227279899133607942
1227261779451031556
1226966495185580032
1226891808074084353
1226855298394206208
1226513735327604737
1226340148591431681
1226232949844185092
1226199099235618821
1226132253165658114
1225951094540578816
1225911093454921728
1225839255840313345
1225825827239186434
1225806581897580544
1225798144878940162
1225780896898351104
1225774230442258432
1225765746480951296
1225603206262272005
1225572733267988481
1225565673511886849
1225511643263754244
1225478705486716938
1225455186287775745
1225409354096095232
1225239258895716352
1225204953435852800
1225198768422821890
1225179623333515265
1225177644632813568
1225170521886687234
1225160624705019904
1225146545659699201
1225141078753447941
1225122586067161088
1225106475888062466
1225104208459943941
1225082222748884998
1225076853838315523
1225062299402219521
1225051821099638785
1224938369085558784
1224932712563335168
1224927167538171904
1224920294604886018
1224903701644693504
1224893590574374912
1224889993971355648
1224886864164937728
1224881287007260673
1224875887549612032
1224871196841463808
1224806945703501824
1224766167887249409
1224734295639711745
1224487671579455489
1224444556881494018
1224403021045604354
1224377992811614208
1223962544995434496
1223689907002118147
1223661264943173633
1223645801169215488
