1286047380916273154
1285701689841004552
1285629183054446592
1285627774384906243
1285575163971600386
1285190975321788417
1284485162965901312
1284485077527928833
1284484958619406336
1284484806865297408
1283758148470419456
1283757987639832576
1283757876679446528
1283512578556272648
1283057691846479874
1283057500716240900
1282730920437600256
1281610742215725056
1280605580546146316
1279455140265721857
1278761859261267968
1278682133347926019
1278677539792322560
1278444742783762434
1278444597404934145
1277249686995374080
1276596664179011590
1276321734682173440
1276200591132327937
1275863083722866695
1275520565172936706
1275520502929321984
1275500733559984129
1275495060310839296
1275451225782145025
1275184304721743872
1275065697056329733
1274717339590762496
1274077057438400513
1274020258786000896
1274020187122081794
1274016300495523840
1273709849013104645
1273698170892169226
1273306485615996931
1272955341127536640
1272933081226321928
1272296196313415680
1272191835948138498
1272135745642381313
1271464634718060550
1271110618498715648
1271032130370486272
1270457968295804931
1270454352776507392
1269437631408017410
1269285016862949380
1269237078132502528
1268258584120393730
1266747278397759489
1266747128665255936
1266746983563264000
1266442519144996870
1266401529361240069
1266383196234661888
1266028667844669441
1265665636669292547
1265029421452406785
1264880462159380490
1263845443831836673
1263844562293919750
1263539642739183619
1263482716466618368
1263482625928372226
1263482520210944001
1263482361582362631
1263482287817195525
1263480926190948352
1263480735744352256
1263480643046031363
1263477610446819335
1263275459971813377
1263194364144160768
1263161616792727558
1262763191236308993
1262753631931035650
1262435050752270339
1261716752507043845
1261481509220945921
1261416367737262082
1261362840788701189
1261319064212983809
1260318771929059334
1259489935599468544
1258779102686973954
1258778912936595457
1258767524436590592
1258488583171817472
1258419848499126275
1258064998024298496
1258055536534269953
1258006079222493185
1257982409301266435
1257715252399128583
1257398362598506496
1257340216668573699
1257339821590224897
1256237334435110913
1256236673618280450
1256210745873911808
1256210633198092291
1256210488645636098
1255982194356609034
1255957472801587204
1255938274394325002
1255847006171512832
1255526900388298754
1255524229400760321
1255514114346176512
1255192192169267202
1255142607279144971
1255115279119585281
1255111239082151936
1254765141662498817
1254760387481948160
1253715714487324672
1253694706938241026
1253694533210198022
1253436328517066752
1253425513663655937
1253340210512850946
1253340079637987331
1253313257298935815
1253023182224797697
1253006965590155264
1253003062043725827
1253002935501553666
1252641649274114048
1252616780712902658
1252604020281262082
1252345798404132866
1252331436402774018
1252283014664589313
1252282844363325442
1252243048689471488
1252238648650731520
1251303898561818630
1251303673638129665
1251233507231387648
1251219546826031106
1251165879057944576
1251165730227314690
1251140337420075008
1250896015072337920
1250810301756342272
1250790801988374528
1250489223255396352
1250401540919173120
1250397795628060678
1250397479557910528
1250172369785798658
1250111633298513920
1249731724596125698
1249731582442770434
1249716082740518920
1249705606405148672
1249321188712644609
1249135870411669506
1248631986362683392
1248624909611192324
1248624564596174851
1248591903882428416
1248580249413173249
1248326965154795523
1248291176588902402
1248291111728185349
1248291017931063296
1248290912339402756
1248247316277911562
1248010612946288641
1248004778673623040
1247954900295843841
1247954655184924672
1247856041888489472
1247851431148879873
1247590178753044486
1247324876890943489
1247275475992481793
1247275360129036288
1247275221540917250
1247160518760173568
1246786732739178498
1246783954176430082
1246185500714598400
1246165170105331723
1246148946302570497
1246139206994452482
1246083299430334464
1246066956572164097
1246048495766843392
1245725576524111878
1245451915313455107
1245395684708286465
1245365846207332356
1245345278233915395
1245120795908681729
1244660134632194048
1244439011902488576
1244434072312655874
1244192449716793345
1244191244785528833
1243679428963680257
1243637618463723520
1243619727173394433
1243513703447789569
1243229517138845698
1242882044545433600
1242880022416949251
1242873110866558977
1242632177797513216
1242632132083814400
1242494068975960066
1242494003716726784
1242493938776358912
1242493855670427650
1242414127005478913
1242184580783882241
1242160605257236481
1242130825556250631
1242129297474752513
1242107627276034048
1242095617901559815
1241824943349866501
1241429213867134976
1241428627180453893
1241428549367668738
1241116197338349568
1241091592322273282
1241051580155277315
1241048895779717120
1241022182500728832
1240977927673720832
1240710801494810624
1240640280811929606
1240388404719861760
1240347521513390081
1240346307551801345
1240268151314616320
1240267998721605633
1240034237249720326
1239968427114024960
1239948599062077444
1239927498491809793
1239598696108613635
1239567202493378565
1239244623643631617
1238815733246832640
1238815568175734786
1238815477956333568
1238568368858378240
1238567365522132992
1238498974409150473
1238178632369082370
1238143884364054528
1237733027515633664
1237732888927522816
1237495013543723010
1237483425612865536
1237441545550389249
1237392183423983617
1237392114058592257
1236759870558347269
1236019797177049095
1236019671159144448
1236019549981507585
1235990991276068864
1235990901354311684
1235990799743176704
1235934074755313664
1235592079797096451
1235584871625445377
1235345235598807040
1235345130045034500
1235337336491323393
1235326667758989319
1235217507629314048
1234974928694202368
1234973536453713920
1234617406271741954
1234589729703768065
1234546621389705217
1233486095175897088
1233165461052895237
1232822366201372672
1232811016549019650
1232710863515258880
1232710657449058305
1232375065204969479
1232365466607398912
1232365304711467009
1232364303300415489
1232066838080753664
1230929065814700037
1230535323773480961
1230510758762512384
1230216860202917888
1230216610952163329
1230196534475739136
1230153669406003200
1230141407626743810
1230141175207792642
1229436340481249280
1228051365429207044
1227975785392345088
1227639140084277249
1227638953718796290
1227360554261544964
1227360468379017216
1227351255141494784
1227339921955991552
1225827799631568896
1225807179468484609
1225513546844385287
1225427075500302336
1225098615842123776
1225098362459959298
1224836575995011077
1224828566271070216
1224737174958018560
1223676910066118656
1223676701173067776
