1285999029659344896
1285343214459912192
1284548466203660289
1284548465234763779
1283434910557130752
1283388487178362880
1283133082724372484
1283041850316783619
1282810430797250560
1282791555414331393
1282723907255107586
1281713018729005056
1281675815009374215
1281586805226246144
1281226496783368193
1280983665145675776
1280640507916550150
1280609859973656578
1280200319008493573
1279399563976114176
1279105122375741444
1278743671752491008
1278459146141081600
1278417901079461891
1278062586429427719
1277979792072204288
1277723837988249602
1276905523644968961
1276650972257779715
1276316585666453504
1275816365069393920
1275213770659414018
1274703621850984449
1274383731609010176
1274000358570950657
1273771695824871424
1272995463093006341
1272628454073171969
1272227302680690688
1272182006571466753
1271553993181978633
1271494373449105408
1271493984423198721
1271480593239474178
1271237396680642560
1271146321186037762
1271142570073239555
1270881838056329220
1270066049833205760
1268678278186971139
1268624242490441728
1268562954179534850
1268562798516350979
1268559489416024064
1267644278530023426
1267644277296939008
1267644275778560000
1267256916574699525
1266820149111291904
1266779670772662278
1266482436134797312
1266466439168512000
1266353600260800512
1266063135024218113
1265807241703297026
1265779699856351233
1265672215187591170
1265614372589776896
1264896497155481601
1264191996048146433
1263927077662797824
1263828261097930755
1263662984171261957
1263620725736431616
1263255790166605824
1263227238696267781
1262876840160624641
1262522523301838855
1262461858331664387
1262020847604322304
1261776831725928452
1261713252976930816
1261684991093866497
1261672269128126467
1261498347086581764
1261486672673374208
1261397155501076480
1261368681327624195
1261356747748343808
1261347804611579907
1261322226877394947
1261307205380460544
1261281813160476672
1261033730304552960
1261001908074020865
1260961223300067328
1260960464026193923
1260945893781635072
1260723064297402377
1260709187400720385
1260674283837296643
1260655393119719426
1259515621060030464
1259483209580056576
1259227203952353280
1258908043993059328
1258901787068825604
1258898724824154118
1258788629838794754
1258517026450010113
1258495950911418373
1258495949053341697
1258495947878944778
1258495946595414016
1258495945161035781
1258475043094396930
1258445026008367104
1258222536220868610
1258119258766278658
1258091664176025600
1258091627849101312
1258091612384698368
1258069961207152642
1258036364895027202
1257833071224774657
1257788747187445761
1257785849716097026
1257755176657727489
1257733736344543233
1257707525467770881
1257458177894944774
1257433210809704450
1257433032300138503
1257420585543630848
1257407485444530177
1257397192987488256
1257397176428363777
1257367980733849603
1257359880849100801
1257343898843779072
1257343726160154630
1257342182165487617
1257315419561447429
1257304113408290816
1256977526552956929
1256661697189863429
1256380143121072130
1256372662944874497
1256343084117512199
1256321809139380230
1256301756033765387
1256281197753380864
1255960488002846722
1255943382880399360
1255924310935568386
1255889315902689288
1255883306387877889
1255648008773029895
1255597450599022597
1255577364161052672
1255272867287240706
1255247352295829506
1255246308589350912
1255246261084708865
1255245965679906816
1254926330342395912
1254847922082066433
1253834999884910593
1253826144195018752
1253744330457649154
1253488269179920384
1253487721722589186
1253141394757160960
1252957244704120832
1252633452828069892
1252423055567024133
1252392452389924864
1252376748022362113
1252367755967205378
1251871483728625664
1251866968443027461
1251584337860005889
1251569042609057794
1251283715222917122
1251269545949630466
1250914271480987654
1250866741208629249
1250590388106207233
1250575868285648897
1250513136572084227
1250170990279249920
1250128454755979264
1249807675174653956
1249390709389565952
1249031280580329474
1248623972654043136
1247342999056646144
1246188353470509057
1246088062519726080
1245831263644246016
1245811030942461952
1244724822254538753
1243928470641573890
1243895983811018752
1243611669915410432
1243588030432251905
1243284998180032514
1243151700606803968
1242912878920962050
1242909330774638595
1242908997612703746
1242908652824145922
1242908140317945858
1242907730144309248
1242906664031916033
1242895452846075912
1242894752686751745
1242578558591078407
1242577783508910080
1242222970275270663
1242217592993046536
1242217453675053056
1242216155240108033
1242215783486205952
1241852041112272897
1241414813521231872
1241105994157096961
1241105196165496832
1241105159004000258
1241104545146691588
1241102572850679808
1241092382642356226
1241084845482221574
1241036622659010560
1241036533982953474
1241035247095025665
1241028612041707521
1241018633670754305
1241016001698902021
1241013797189550080
1241003129275060224
1240990473214480384
1240781765213597697
1240780779153772548
1240744994018861057
1240744902666969090
1240705946248269829
1240705740651630592
1240705598808678400
1240705438414327809
1240705417065295872
1240705293463326722
1240702554226315264
1240702539995250689
1240702248193155073
1240701968957362176
1240676097919983616
1240645813543542784
1240441628176908288
1240441540427812864
1240402429822320641
1240394787884277761
1240385390277791745
1240385332073332739
1240384947405369344
1240384886130839552
1240384707717668866
1240349085967810565
1240348331936821249
1240347957481873409
1240347878171848704
1240345039076818945
1240344470136262663
1240325371993694209
1240315750251970561
1240314666087256064
1240313127977267205
1240313037988519936
1240308836591960065
1240302800665481216
1240302717748285441
1240302295365156868
1240284077544083457
1240283286674509830
1240283242311421952
1240282699513954306
1240058057314521089
1240057632699961346
1240045558288564232
1239980433200361475
1239976295381045248
1239975690688225281
1239951933848334336
1239947390947295236
1239946822828900352
1239946695942733826
1239946302890401792
1239945623966814208
1239944560635187203
1239943870219194369
1239943644964102145
1239943181938110466
1239943147259650052
1239943124753014788
1239943100228866049
1239943071116263430
1239942741204905984
1239940387353001985
1239288685444677632
1239288684068945920
1239288682848432130
1238699135143821312
1238699004554346496
1238526060150632448
1237943697729355777
1237841302651207680
1237834201141035009
1237831260707454979
1235736420591038465
1235390284302819328
1234975858273574914
1234311892103028747
1234304982809182208
1233512238402723841
1233505545509888002
1233088466453516288
1232806955397320707
1232719377822339072
1232719334188965889
1232700214231826433
1232687868310704132
1232682717818576897
1232359964582305797
1230169548114026497
1230169486885609477
1230168567087271940
1228718394679144450
1228074380267261958
1227639556096380929
1227027512817004545
1226145018542424065
1225540137930645511
1225474929908473856
1225423377843834880
1225412763603947521
1225148805181591554
1224929495548878853
1224876083184635905
1224500835494789121
1224348483529924610
1224348267959529472
1223687934538403840
1223397740220239875
