1285984221455097857
1285983731967299587
1285960221970628608
1285960177083088896
1285929516947431425
1285929007540772865
1285673941407858689
1285600436750290946
1285597572011307008
1285597464226078722
1285597350728261633
1285569150186917890
1285293350707515393
1285293154158227463
1285293020410241026
1285261055984377858
1285260880398163969
1285260734100889601
1284486326906163202
1284216745092362241
1284184318357708800
1284179615410421760
1284164531682512896
1284122700252880896
1284122602617876481
1284122345339326466
1283841649219690496
1283841492130430979
1283828800472702982
1283828741479829510
1283820989466447874
1283820906251517957
1283813725707931650
1283757339393351680
1283757027815305217
1283440348765851648
1283440297431662596
1283419128242540545
1283418935694692353
1283418901553000449
1283386975400210439
1283109693502754816
1283103925915332618
1283066915360051200
1283052229533016066
1283041039327035392
1283040530167934979
1283040185073242112
1282738453369819140
1282729482630176768
1282694480836136960
1282692449736052741
1282689685375062016
1281687771413913607
1281656955354992641
1281644106750611464
1281643962000908295
1281643789543772162
1281642482183344129
1281635667542515712
1281607089043976193
1281282255370031105
1281278773162319873
1281278657701560322
1281257394715209729
1281256849233391616
1281254398405087232
1281252986728185866
1281227907344588802
1280935742227861514
1280935473075142658
1280934611904856064
1280914879059316737
1280914809744171011
1280914786377760769
1280573483446042624
1280568330194124801
1280560008736972800
1280537983364538370
1280537841894899713
1280537828804476935
1280537619311575040
1280233548272865280
1280233494652891136
1280233481516318722
1280199199045410822
1280160049449652224
1280159964275920898
1280159933225414658
1280140921523310592
1279137402385240066
1278769510716227585
1278756343487365120
1278748356081324033
1278748335340498948
1278709733004845057
1278709084175380481
1278709052877479936
1278433716575051781
1278429341307875328
1278383696773558272
1278338866903220224
1278338793557438467
1278338724842086401
1278337818650193925
1278337776472264704
1278059382073417729
1278041611507847174
1278015250944667648
1278015203330924544
1277997612117962755
1277975655368425474
1277678505136963586
1277668750062489601
1277663091912777737
1277661572274556928
1277661525348700165
1277661355185668097
1277615022265556993
1277614924408197123
1276576581704724480
1276540411310485504
1276539396607619072
1276520475951235073
1276520358947012610
1276513321093599234
1276513175500984320
1276237900695449601
1276233544621309952
1276233366132703235
1276233056869892096
1276232291975663621
1276159943671009280
1276159902491254787
1275848528791773185
1275848430796124160
1275845070479122436
1275844488729186307
1275832466062917633
1275832193462534148
1275832104761376769
1275508551700623362
1275491942185545730
1275484163508973581
1275464316997767170
1275463419920027656
1275463243427975170
1275462852082573313
1275142691303677953
1275142627130826753
1275133334092484611
1275121186985345024
1275121112523907073
1275099164435677184
1274091958064078849
1274032141526020096
1274031813015601154
1274029501148729345
1273989988502437888
1273988060548661249
1273967697206882306
1273963992860540928
1273676159276978183
1273662588505784324
1273655973417234438
1273655883118129152
1273621688102641664
1273621408967544833
1273355659686313985
1273354159555842051
1273353962863964161
1273322910090956800
1273321759807344647
1273321650474356737
1272971245106143232
1272971108191547396
1272935372813750272
1272917820351877120
1272915151964995590
1272898769839931397
1272891286354354176
1272888328677994504
1272887355511377932
1272588449208508417
1272588413783457793
1272580467003449345
1272577123627216896
1272566009614995456
1272538973462827019
1271529216589340675
1271499300997140480
1271467142819598338
1271467062645358593
1271449598557597702
1271415728734982145
1271158043183546370
1271155590795079685
1271151888457703425
1271149776080379904
1271149654965698560
1271093675569876999
1271093629440987137
1271093521806655489
1270783787383820288
1270778735193620482
1270777088941928452
1270772586952228874
1270760549895282689
1270759231323594756
1270757586263060486
1270757074461437954
1270416088539566082
1270402402647257088
1270391208863547393
1270391157919490049
1270391133001179141
1270362819687600132
1270362743930073091
1270054074147373063
1270054036591575044
1270053931280994310
1270049035064393739
1270004962609762304
1270004723970707459
1269018281022717960
1269005495953756160
1269001839044956165
1268931942847852544
1268908114838990849
1268908064058626051
1268899415357640705
1268898785926819840
1268892452712308736
1268892361079304192
1268638034536300544
1268637155678654465
1268614690327760898
1268581017528545281
1268580576212197384
1268580434713153536
1268579740337811459
1268279515479969792
1268279358189338625
1268279258943836161
1268235503914098691
1268235462239571970
1268231184229838850
1268223777332244480
1268223581864984577
1268223403934330881
1267933861268393985
1267885901650309120
1267852695756509184
1267829856022065157
1267829712195223557
1267816891382263821
1267615732394872832
1267615401271328770
1267539619953991682
1267539167128494081
1267523544520503297
1267499069661986818
1267492222708125701
1267491816938635265
1267449807037239300
1266813846200758272
1266425687965081608
1266413010639347716
1266382314214494209
1266376828924526596
1266373876834922496
1266371442901282817
1266367958479015937
1266367932755402756
1266098810218045441
1266093323439218689
1266063848123109378
1266049925315473414
1266029846926327810
1266028129660911616
1266027963629416449
1266019980749025281
1266004773209354243
1265709316235018242
1265709250640252928
1265704425915584512
1265679648907821056
1265679613222674434
1265679557639766017
1265671803428638720
1265652481280954368
1265652195627851777
1265381579410595842
1265360556174737409
1265315603109249035
1265315471420768257
1265288595956469761
1265288515392286720
1263930296963121154
1263894737989312514
1263883902441185282
1263883678549229569
1263838342728372226
1263838301120839681
1263838199685808129
1263541504095719426
1263536197395189763
1263536073071869953
1263535330323574784
1263533042196504577
1263522385824808960
1263496253725384706
1263496202512932865
1263495985457778694
1263209585973891080
1263198571031072768
1263184462847844352
1263182860997009409
1263182805187596290
1263180047990624256
1263179993041063936
1263172752690819074
1262804831716212736
1262783177585766400
1262783100611891203
1262782704568983556
1262781346663084032
1262772316393570306
1262757089203507204
1262754446175383559
1262731783797432320
1262478955560554496
1262449662990135296
1262449622695530497
1262434436332818435
1262428466382807040
1262428276053676037
1262416051561795585
1262411986740133888
1262411952359440384
1261457073159565312
1261416911411216384
1261404741973639169
1261389158565793793
1261354890040729600
1261354625078382593
1261353825849524224
1261323235116933124
1261300557005930499
1261292426905432064
1261292347037495302
1261292235624243200
1261283186618834946
1261283096890159106
1261016732979933184
1261002248911544320
1260993199360835585
1260993134995087365
1260988285922553862
1260988135921631233
1260970019741151233
1260956844014608387
1260950519625011201
1260949320968388611
1260668487070035972
1260663964020756480
1260647209608941568
1260624160318992400
1260622332160348160
1260618934371393538
1260616483740233728
1260602492028624904
1260595376316350464
1260308348441894913
1260285622033530882
1260285620150243329
1260282883740139520
1260282725455585280
1260249084662865924
1260249009211551747
1260232296231309313
1260219545492520960
1260219406170365952
1259908602464219141
1259899360713859072
1259899308746452992
1259897864899170305
1259868543518224387
1259868436706066433
1258851985652174850
1258851982938341377
1258844322486726659
1258815647292764161
1258815332308967436
1258807643235323906
1258800203655716867
1258799734116036619
1258789195834949632
1258468067643920385
1258467989675966466
1258449381243654144
1258449283168247808
1258448961884610566
1258431720162037761
1258424227289538561
1258402425570033665
1258390654251565056
1258133800246284289
1258099230436208651
1258099179961925632
1258098899572723713
1258071751193485312
1258071721724313601
1258071258677358593
1257758194866311168
1257752701804269570
1257736058076348416
1257735908209627144
1257674875621310466
1257669556606251010
1257669357200723970
1257394138485608449
1257393687367233539
1257393605066571777
1257372955899805700
1257327267296030723
1257327144633544704
1256335843012173824
1256330264063602688
1256276225481412608
1256276107768315906
1256275813982494720
1256275542564888581
1256230635179585541
1256222311608455169
1255949409768148992
1255949377799180292
1255916620641378311
1255916554006466560
1255912604876365824
1255887156955971591
1255887116753657858
1255861685354725377
1255606272373768194
1255606223367528448
1255577567815483394
1255571597118836737
1255528857261821953
1255525710296428544
1255525444474089474
1255525220322103296
1255213570293448704
1255213483874045952
1255199836925812738
1255165176942387207
1255148754824359939
1255148655956258816
1255148505120690176
1254856787401904130
1254855659843022848
1254839767063289857
1254827564578811905
1254807296141639680
1254804372036505600
1254789372425076737
1254789307077758976
1254768816636092417
1254768729289748482
1253767923136638977
1253760192711479298
1253751043835527171
1253735035997491202
1253723017215193099
1253722809987186690
1253691885643862017
1253678639364767744
1253671556049440768
1253450354936684544
1253437626281078786
1253433602324361217
1253413141632835585
1253397397159452673
1253397258336419841
1253389622916374529
1253366622519209984
1253343963672698880
1253331812375388163
1253031601690337282
1253008231917551617
1253008072039071744
1253005735430103040
1253005530664181762
1253005146717663238
1252996523782279174
1252995335229706240
1252992340597321730
1252712686774779904
1252686223052808192
1252650109130735623
1252650074649309184
1252650035101261826
1252621239853645824
1252608664667594752
1252608502184529922
1252421334757289990
1252363123568209928
1252352212627386369
1252329229490032641
1252329222003142656
1252293042603687939
1252292912077029391
1252237909224194051
1252237592281714689
1251219329179439105
1251218347833819137
1251209593344143360
1251208669766791169
1251202248190951429
1251186837617590274
1251170438731968512
1251170311434797058
1251149997342511106
1251149640419831808
1250886726157033479
1250845473763733509
1250845289973506049
1250826544697806857
1250818267511488516
1250811465189163008
1250808665826828290
1250807888676818945
1250807023433809923
1250797561763508225
1250797518650249217
1250523008504074240
1250494814673498112
1250494720964546560
1250489172802056196
1250463387236122624
1250463061280002051
1250449086387572736
1250424395861901315
1250224111785324544
1250224102759182336
1250146339599630336
1250139917163864064
1250139886440648708
1250131844814823426
1250081428529991680
1250081338746601473
1250081285059551235
1250070642956869633
1249787778424070148
1249780364089921539
1249780247022755850
1249778458563051527
1249778011672633344
1249716920191942658
1249716497590738944
1248676612868059139
1248366689516949507
1248329212525793281
1248323219028836352
1248317004186112000
1248316936846532612
1248297643228499973
1248270872101740544
1248266628606955520
1248015782597935104
1248015770191183872
1247988084689514502
1247981058840240129
1247980846671413249
1247980697941393409
1247922226722111488
1247922039119364102
1247921716845821952
1247917875651846146
1247619945309122561
1247619903873581064
1247619638231515137
1247598378290012160
1247583742841012229
1247583326560493570
1247538611303493639
1247538496476049410
1247530045356118024
1247529916855271427
1247295091577847808
1247264556147249152
1247254134086041607
1247254075726532608
1247235910573469697
1247199763377860611
1247193086557655041
1247175855715082247
1247175796055293952
1247175754393288704
1246873107996053509
1246177830175756289
1246166685247320071
1246162329269686274
1246139784889864193
1246132021489012743
1246126537474220033
1246117243584425986
1246114034329554944
1246113677234917377
1246091627707408385
1246091563295531009
1245820484522053633
1245804585425539074
1245797633957998592
1245797288473133058
1245796789799845888
1245787063703789568
1245787039225622528
1245742688084865024
1245719285147852800
1245719207519621121
1245709004212404225
1245708979642261505
1245469142217523200
1245465705547522057
1245465660450197504
1245465525003653121
1245438239701438471
1245435071018029058
1245430506784776192
1245430377986039814
1245428667376959488
1245416165020708867
1245416099816050689
1245079274098483214
1245048305207263232
1245048249804902403
1245038221089742850
1245038178467287041
1245020058583261187
1244992469546213381
1244992453108740096
1244992157032886273
1244726045460385792
1244720765410385920
1244701600863727618
1244688793631969280
1244683139877920771
1244682866786734084
1244675692626919424
1244669850624147457
1244640857753628672
1244640749859332099
1244640719635132419
1243640214138093575
1243640205191585792
1243617865221242882
1243604474343686146
1243599501497192449
1243592732750352387
1243581040809201664
1243557649028956165
1243542229538557952
1243541708656332802
1243272074715697152
1243269513531064321
1243257201692639239
1243255498775965697
1243255143296045064
1243254955122851851
1243254700717363206
1243236383008919555
1243236301882699777
1243222821926469633
1243182251640266752
1242933748745809927
1242898739846619138
1242894721091096584
1242871145336131584
1242871045335461888
1242857200407785473
1242856997395075072
1242854018759766016
1242853993409323010
1242853961310375936
1242561440634097671
1242561363664424960
1242509178515701761
1242509153656025088
1242497606804258828
1242488454908346368
1242488424231251968
1242488339942584321
1242454013381050373
1242451578113732609
1242451150609231872
1242446227318484994
1242183839402860544
1242159268956119040
1242152837364289536
1242152784977371137
1242152609428930562
1242152531217846280
1242142956552937472
1242131471785172992
1242118271937253376
1242117657727508486
1242110225471213568
1242109276799320064
1242090141411422208
1242082015173885972
1241482590009294853
1241453666164506624
1241087455727673344
1241078409440174084
1241029571362918402
1241022889291325440
1241018568621334529
1241018389394489345
1241018103640862723
1241018047932047361
1241018017464623106
1240998796223488001
1240740475272867850
1240721261900201986
1240719727779024897
1240715180645982211
1240712074981969922
1240711995151790081
1240711798157799425
1240710557189185537
1240710272991592456
1240693567372181504
1240645707809292290
1240645489491673089
1240644126430945282
1240362713118883840
1240343825085870081
1240339311268171776
1240339233048604674
1240337678027145218
1240334265008750594
1240331741342109696
1240307375564865536
1240304316935811073
1240301411893760001
1240300111722418176
1240300098971676677
1239992772322525186
1239977642646003717
1239975203007913984
1239969757836611584
1239969744700096513
1239939801127825409
1239929091786244096
1239915984418418688
1239642197286432769
1239640767498518530
1239640655263121416
1239633596652105728
1239589798207205379
1239579960605650944
1239571089883365377
1239571071260647425
1239568168714190848
1239554181113040896
1238919258056335362
1238876482509864961
1238563881355804672
1238562502415396865
1238558064703418368
1238553951928299523
1238539205975969792
1238524029759361025
1238515769438277636
1238514136130162689
1238493725720039424
1238476222864199680
1238476079830007809
1238217821508829184
1238202949937123331
1238187718724726787
1238163681361440768
1238163148118597633
1238128641751515136
1238128623879667712
1238114356132491264
1238109621614710784
1238109460314427393
1237862401866792965
1237855979099664384
1237852079969853440
1237850174480736257
1237841250230796291
1237837181013483520
1237796520486932481
1237790267689897984
1237768111325163521
1237768093851627520
1237759368197742592
1237737283371008000
1237737205273149440
1237730554327547911
1237729969863905280
1237496190939418632
1237488615200088066
1237487372423639046
1237467497420505088
1237466991902023681
1237466974784978944
1237416615098155009
1237381764059971585
1237380237748514818
1237373418913349636
1237370412159373313
1237135544334929920
1237134978380640258
1237133979238780931
1237111438063415301
1237098010196262914
1237085393507549184
1237072047932682244
1237059394363363328
1237037660105031680
1237028679403941888
1237011665587179522
1236046721676963841
1236038143108952064
1236017041049636865
1236015847472324609
1235955959182364672
1235951555737800709
1235949248090451968
1235942975487840256
1235685612352610306
1235678146285854720
1235678107375464461
1235653243520286722
1235653154898939905
1235649472132046848
1235631021103562752
1235630984235749377
1235625530382147588
1235582366795436034
1235344132228427778
1235324559315914755
1235323853410312204
1235298781110902786
1235296821800579076
1235286185788006400
1235286150308417538
1235283862953000965
1235266765862645762
1235256043673997317
1235253707052331010
1235244975929126912
1235229689670709249
1234938675861032960
1234934369120288769
1234926958322110467
1234925137159499779
1234925066489671683
1234892183662157826
1234892067630964737
1234866125021818880
1234843749404020736
1234574472444891136
1234563391253106688
1234561168594948096
1234557804222066691
1234551648544083969
1234549734775414784
1234490033589096451
1234490016371478529
1233511110353080320
1233489832015540224
1233471711061970945
1233468778236858369
1233464107208257536
1233448780856528896
1233418799828873223
1233409593985904648
1233165979661762562
1233160982807154691
1233144309442129944
1233104812914421763
1233093102396755970
1233080699118379012
1233065664086249473
1233056809583284231
1233054292023619584
1233054173383532544
1232801426902077442
1232798047609982980
1232769853511151616
1232766959051296769
1232754655739904006
1232743281211199490
1232742534545321989
1232717818447171586
1232717778358022144
1232682354981974016
1232426888078950401
1232407749704736770
1232404240376762375
1232397330273521666
1232397099716796417
1232391090306678785
1232388830436712453
1232366759929425921
1232359547072847872
1232359398372204544
1232319203010654213
1232063829015703552
1232051907121774600
1232048838262870019
1232046117786914816
1232045582342148099
1231991643810795520
1231970164125683713
1231956440497246208
1230967837268811783
1230946060543168513
1230934669560025089
1230909946847469569
1230909754467377152
1230894139635568642
1230893830238588929
1230871300748595200
1230598237188481025
1230594967338397696
1230590644449615872
1230555667766837248
1230554035842883584
1230553951168131077
1230553866091081730
1230525788296024065
1230509547346771969
1230241862159667205
1230228020906074113
1230225877633552384
1230224376747917313
1230199941701742592
1230181569291096064
1230180849552887814
1230172959505080321
1230165929557975041
1229887689341784070
1229886257217536007
1229884049184915456
1229874173306122244
1229853253057351680
1229814753863880707
1229806008790241280
1229805976276160514
1229781731802218498
1228428997391986690
1228428822586044418
1228401369826168832
1228401333130137601
1228383036540170240
1228381729867608066
1228334492089307136
1228332722554384384
1228077030656401415
1228061474783977500
1228060990660579329
1228050115983740928
1228050114729607168
1227987330146893825
1227971867748728832
1227967738511069184
1227967297479987201
1227772329192804352
1227725230317211648
1227719370530590720
1227707934412595203
1227707885850853376
1227707587124224000
1227707544191283202
1227703578573385731
1227703024870707201
1227653897969373184
1227632506494738433
1227632422881255425
1227619674822717440
1227613369596829697
1227339152603131905
1227313073423290368
1227304565353127937
1227300754219831297
1227297617173938176
1227295168640045057
1227293927721578496
1227293909161775105
1227278661583278082
1227244992957120512
1227011507290021893
1226998671000133639
1226975156255502342
1226958568290750465
1226953863078518784
1226927863779221509
1226924851287511040
1226899657080606720
1226897301572083712
1226874470759092224
1225909188250996738
1225907906278764544
1225902354475646979
1225886127783104512
1225870568140001280
1225870535436984321
1225823598578982915
1225818704774082560
1225816881136836609
1225794483012456448
1225550327438553088
1225545013058252800
1225534826985422849
1225522717723635714
1225522260225732627
1225521559768616961
1225491165518143490
1225491119099826177
1225464849553149953
1225462159255252993
1225178071084544000
1225172934114840577
1225171803800207361
1225170732373639168
1225169164295442433
1225143602764025859
1225103902753861634
1225103823393501186
1225096993770496000
1225090877909061632
1225084701645426689
1224926631661375488
1224909538316505089
1224909516720037888
1224902143389376514
1224899851667804162
1224804127533871110
1224763875691769862
1224725213952253953
1224724626468675584
1224723851290062850
1224723724609511426
1224707994807689222
1224707993629069320
1224707992471375872
1224455590367260673
1224452951273459712
1224446611687739393
1224446181452873730
1224432314131738625
1224428452696199173
1224427431970377730
1224425808724361217
1224422358619951105
1224404970235219969
1224370024007315459
1224340390075084800
