1286048084225593348
1285610631174017025
1285217810591907840
1284511969580589056
1284143444038946817
1283832619596226561
1283823071229599744
1283802938696245249
1283517368073945088
1283160550361444355
1282768206944403469
1281653147014803456
1281317199764840448
1281234128311128071
1280989519530070016
1280234142249234432
1279384462296571904
1278774615624552448
1278428836225601545
1278366247000977411
1278045505843494913
1276606156006252545
1276545426376851463
1276336197930008576
1276187909146791938
1275819304265699333
1275487753287983107
1275120328243544067
1274014714205478917
1273299164257038336
1272914472919859202
1271129677399236610
1270811380246077441
1270442982194511877
1270068990707146752
1269261631751696384
1268978599933206530
1268605710859935747
1267853676699361284
1267587410801590275
1267587409425895431
1267587408415129601
1267587406460604416
1267587403654578182
1266115021895077888
1265678103600402432
1265332986523922434
1264904047468834818
1264615568105246720
1263915030451564544
1263856238946910214
1263617915171061760
1263517600094486541
1263152503367049216
1262856734630084609
1262821607136952325
1262460795562135554
1261839186627301378
1261478978352820226
1261442000118624257
1260982576631689218
1260654094332489728
1260219299970547713
1259468231586144256
1258805925252653058
1258062053878771715
1257706217214029825
1257361626434584576
1256659726789758978
1256267980641644554
1255994139864375298
1255927219811205121
1255216950633955334
1254797761221976066
1253792724765102082
1253503780487921665
1253364286254088193
1252638646995476480
1252318618345336832
1252257721530884096
1250884070386655232
1250798738077089794
1250410948449443842
1250107731899449344
1249683760460767232
1249321370871160835
1248278257734225921
1247923773078151169
1247622675473690625
1247585401843462144
1247177431573807105
1246171735696838658
1246137355733524482
1245403049842970624
1245364329689624577
1245000383371579394
1244729757889159169
1244656714743525376
1243628771309236224
1242905846981500934
1242184553961336835
1241459859343781892
1241102473349251072
1241066053125505024
1240986452382511107
1240782605219397632
1240720948476538880
1240704186628501507
1240682436138237952
1240355994619785217
1240347501590437888
1240346141331513345
1240051002453131264
1239939699902382080
1239936832537800706
1239927000380424193
1239908583413776385
1239610715197112320
1238554853162483714
1238476657150885889
1237812021183352833
1237468014095863809
1237026569748647936
1235660279255633920
1235350561412780033
1235312770712821761
1235309941143080962
1235195791666327553
1234860997128654850
1234565411397623809
1233430178883305473
1233164174605398021
1232801941467561989
1231232176580153345
1230931162350129154
1230486351235178497
1230160761907023874
1230126507638566913
1229513448557600770
1227709954917851137
1227339320899489792
1225870827746447360
1225785796948627458
1225610806768930817
1225539790046715912
1225209124524302337
1225209123790299138
1225209122989236224
1225209122099994624
1225209121194094592
1225209120292253697
1225209119440883713
1225209118421639171
1225209117477888000
1225209116848685056
1225209115888234496
1224912606999261184
1224709214192447488
