1286053854593916929
1286053686809112576
1286024319672496129
1285991685160402946
1285973133229522946
1285972880346566663
1285972474644041731
1285931617287053314
1285917605136601089
1285917561499066368
1285612769870581768
1285566465257734144
1285229482375360517
1284441441872293888
1284109373250437123
1283729186562158593
1283494890438090763
1283464905576914944
1283394144765988864
1283041191563538432
1282781151942397954
1282698825388392450
1282679629371846663
1281572009395326977
1281311039276097537
1281311018782732289
1281202912958521347
1280831316175527936
1280551760273252352
1280551111930281985
1280503058884177921
1280225315365826571
1280109928879919104
1279382578605195264
1279131972481306625
1279076918327902208
1279076830197288961
1278746097679286275
1278689442195177480
1278396143572049921
1278311235419803653
1278307141456138240
1278083622910779395
1277958533317869568
1277296606128345091
1276892690156830720
1276485450841174017
1276317324295966722
1276126873957916672
1275768244310335489
1275487769620553729
1275480931441270792
1275419487504916480
1275164007134003201
1275082593021464578
1275079793386549252
1275035866285645830
1275024874751262720
1274054945797521408
1273948727988883462
1273713061669548032
1273624210435452929
1273605871117971457
1273356576947146755
1273327902344589317
1273249271593218050
1272988153146740736
1272897739509161986
1272641119734697992
1272571957511323648
1271807585621065731
1271595167502532608
1271465623219056640
1271428231678304257
1271153385266348039
1271088235188563968
1270800552390266882
1270416035469033472
1270157113105547270
1270145015378042880
1270144995547381760
1270121763138134022
1270115023675932672
1270092934919184387
1270092702894493705
1269980495246495744
1269238816163999744
1268894296507326472
1268884508704739328
1268655805923983363
1268543841612763138
1268252404618846210
1268231286872834048
1268192433797505031
1267811878107054085
1267475229842038785
1266725215490408448
1266369314724048896
1265983632834990080
1265636917930012673
1265391701104918528
1265361340740313089
1265269210504200194
1265021214214455296
1264891704185929733
1263887904759308291
1263786405647593472
1263461793478979597
1263192064629628929
1263088884520497152
1262858063821918209
1262431592703840256
1262373682946727939
1261341001567866881
1261033602525126656
1260947777942687745
1260675439078649858
1260663148102799361
1260546495134261248
1260286847013523462
1260269254970138624
1260197746558078976
1259979899420491776
1259840202585133056
1258829191631568899
1258748099083853825
1258462920918392833
1258396512326909952
1258133395428818945
1258110159995502592
1258049060793208833
1257785641045307394
1257772975882813440
1257679312246968321
1257313393473552385
1256257942803922945
1255943731951407107
1255934272487206913
1255829612187340804
1255573616801935360
1255488448879890433
1255251313778180098
1255136814702006272
1254865836398931968
1254835159691595776
1254793542389714945
1254791902886584320
1254760533070360577
1253737461492125696
1253681283101794309
1253442162471112704
1253350107736670210
1253312228805181440
1253008615901970435
1252986336107204609
1252666733992775681
1252610763941961734
1252313288240750592
1252228913587159040
1251670897875996673
1251481016025395200
1251132638032801796
1250970047864078336
1250884331213594624
1250867168952176641
1250786578626162689
1250786438154772481
1250786391451226112
1250504606125363200
1250408446937178113
1250404068897497089
1250185519994191872
1250083973948223488
1249763409333288962
1249723874897469446
1248692818035572736
1248626001480790017
1248611229788069890
1248335219477942279
1248311587020181504
1248300529534611457
1248222727984615424
1248000596419936257
1247954855815192577
1247853697859833857
1247548905442676736
1247294623648829440
1247233863987929090
1247194159687118848
1246897912363339779
1246853484915425294
1246780540642091010
1246529514005553153
1246475816697020418
1246191275340070913
1245835170722328578
1245702121707757568
1245502975516254208
1245484052880273409
1245404696749228033
1245339207599558657
1245100944192344066
1245036595096498182
1245008796214231040
1244756799905038343
1244736783386099719
1244636453210120192
1243995755716784129
1243592566773297156
1243159983132467202
1243151886733238280
1242900685315768320
1242590165236961280
1242433596847161346
1242101522084888576
1241106870783348736
1240989124825317376
1240759549067505664
1240722325655478273
1240669686263676930
1240371077966151680
1240328268902998021
1240281484818370562
1239927141132914691
1239676570610130945
1238797483704299521
1237820306393358337
1237411633405857792
1237096146788585472
1237035453771059201
1236333791435788290
1236085916961099776
1236025876883673089
1235995758622580739
1235956291421507586
1235956282298900485
1235932451991629825
1235925519188791296
1235613831465848832
1235299812628746243
1234867005578194945
1234515036657344515
1234491866881691650
1233141965367259138
1232767251826323460
1232404542983155717
1232383767597244416
1232326399408603138
1232075693166559232
1232047205609066499
1232030066181394432
1230913608521068544
1230215559222104065
1230144563324563456
1229767198815772674
1229409731577556995
1228424066689896449
1228362469590126594
1227955651466403844
1227686160983523330
1227336965256863755
1227230987630923776
1226945491184836610
1225811435852357632
1225488702308311041
1225170497152921601
1224899152926183424
1224403288633827329
