1286041233798901762
1285673166828965888
1285317482031583233
1284911695761223680
1284353856172969985
1284224034998231040
1284212827788582917
1284196247683895297
1284191467125211137
1283468352309153792
1283447332458070017
1283447270873145346
1283108115324571659
1283102874638209028
1283048164812087299
1282761121791979522
1282749290872479748
1282743301095948288
1282699661992574977
1282696428037509121
1281755820351541251
1281653639044493312
1281634925322657794
1281304070385479685
1281287406155595783
1280902040835760129
1280636367240863745
1280564900688015368
1280248255834710016
1280160840021409792
1279393819205734400
1278749452036182017
1278692415986155520
1278664357195505666
1278462298429030400
1278375812966813696
1278337401111412738
1278079688154505216
1278056838794280961
1278041890772959232
1278011994705100805
1278002553373052928
1277987826425040896
1277966774978273284
1277715753085685765
1277698300322418688
1277689569115324416
1277685079918235652
1277645782129217536
1277644874897031169
1277602983136690176
1276897753482833920
1276615406124490754
1276594944845787139
1276549568474251265
1276316503630020609
1276284211364794376
1275834369429602307
1275801247086452742
1275800144789766145
1275519017202135040
1275503891522740224
1275460588425162753
1275144510918492160
1275140542037442564
1275112123413204993
1275103468945059840
1274837581092524035
1274701339998773248
1274525924126580736
1274016487234306048
1273955832825286656
1273652751352946688
1273621526315753473
1273261309438689280
1273080083125874688
1272971278740267013
1272969520735563777
1272965318898573313
1272944941128470531
1272939067630551042
1272934860273987585
1272912763107622917
1272673061880332289
1272586538346598403
1272586061856870401
1272568101599674374
1272567985803329536
1272288459638607872
1272169628521959424
1272167306249019392
1271443271303266306
1271092760691564545
1271077406221176832
1271061868149444609
1270810529024684033
1270776966929682432
1270763503910105089
1270736133723430915
1270466679731077121
1270358537164685314
1270101883131170820
1270070348072062983
1270066212865749001
1270041200083505153
1270020020836413441
1269994692302852096
1269354317682802688
1269339135053086722
1269286145298440193
1268994255260913668
1268984830752108546
1268961826630500357
1268946107066916864
1268932821822967809
1268916863859339265
1268898599670341632
1268891296116195330
1268604587474333697
1268353298014314496
1268302116843487233
1268272298349465600
1268258763468914695
1268210181420302337
1268206296173510656
1268186242098790403
1267939967680098304
1267911092640124928
1267886633988259844
1267873638486851590
1267846722518163457
1267825946096095232
1267812428026466304
1267571818682081282
1267502039963222017
1267469995862351873
1267295459086868481
1267179206036934657
1266543444513697792
1266478432797569025
1266471172323127297
1266463991683059712
1266457460774232065
1266395753628536835
1266171431223787523
1266126530935173121
1266070736214638592
1266023991388639233
1266014569580892161
1265995683645075462
1265994410157838337
1265716514826706949
1265649829713252353
1265647630228561923
1265647597450125313
1265647107920269318
1265381894247583747
1265301318178045958
1265300727108337666
1265295875154329600
1265287595036205061
1265040387045036032
1264910260185243653
1264592030463901696
1264580781709709314
1263962620220125186
1263894103688970242
1263874720878952448
1263556475298947077
1263552529926967297
1263545158555099137
1263538947046674432
1263518264786903043
1263517793472909312
1263515234905608193
1263509133812252672
1263492890464051202
1263243161398390784
1263238656074100746
1263222967682707456
1263215631794671618
1263172786073284608
1263146113315549184
1263096895121039362
1262910628915798016
1262886144947163143
1262866377746063360
1262860147749240833
1262802211479969793
1262794124937375744
1262777436753858566
1262771862813257730
1262755503974658048
1262755324122914822
1262526054444535809
1262508982930980865
1262480032296873995
1262428952905371652
1262425876207108096
1261670879085441026
1261665560762474497
1261469218706358273
1261456692266643456
1261454378323578880
1261453638850850816
1261444239180705794
1261424990253019136
1261417568675528710
1261410633972502528
1261399946642718726
1261391989129576453
1261387069701517312
1261366352356339717
1261366184722694149
1261362042633666563
1261332468466139139
1261326378584223747
1261318721991303174
1261310230723473408
1261308076633862145
1261306345703211011
1261299233623142401
1261295548579094528
1261065351900643332
1261041882248945669
1261040834536976390
1261021342071209984
1261014737892114434
1261011962525351937
1261001098946633728
1260981201164173312
1260978321342509056
1260974774588669952
1260959578717589505
1260945758225936384
1260940358793510912
1260940308096987136
1260937958267461633
1260702692948807685
1260681382772252672
1260681062159613952
1260681046087086080
1260679793978286085
1260665251537829888
1260664487503421440
1260659302953451520
1260649201517510656
1260645687315714059
1260637997797687298
1260629231832379392
1260628055489478659
1260625223516336136
1260620153538203648
1260615652395692034
1260606478064455684
1260606266096877577
1260595819461427204
1260586417618587649
1260585332204081152
1260569621096267776
1260558651439316994
1260558615481585664
1260384909866274816
1260339875741646849
1260324828516626441
1260306407070580737
1260300371647508481
1260291534714556417
1260284297291935744
1260276140897337344
1260275972068311040
1260275064357912577
1260275032233848832
1260266514453839873
1260265261107761153
1260260561075548162
1260251562498195457
1260250112758108161
1260245219863396352
1260237437307105281
1260227551378669571
1260226689227001857
1260208657444241408
1260208615115366400
1260201106874994688
1260198818496339970
1260191721826156545
1260190528039194624
1259959083303669761
1259957886840643584
1259950721807593472
1259942030823882754
1259934342303924225
1259927943096172547
1259926773963395072
1259914178367819778
1259911963418771459
1259908380606545920
1259884076154175490
1259873395279364097
1259861984822079488
1259860014157660160
1259847243915542529
1259845821752893441
1259835634912460800
1259826874315923458
1259574719809851392
1259551430198931457
1259494331494420481
1259484019609104385
1259479734959968256
1259477288929894404
1259214970706898950
1259144382793605123
1259139566977589249
1258915961182269451
1258840735950012417
1258833800022372353
1258826790837071872
1258825229964632064
1258790383905058816
1258784078465204225
1258783783194632193
1258775657997361154
1258770754063290370
1258747931965952000
1258562816962957312
1258541792938491904
1258541757693702147
1258511835990384640
1258505328511062017
1258502685487226883
1258500597143220225
1258489637905072130
1258487602036039680
1258476067150532612
1258470822781607936
1258464584031141893
1258459141842100231
1258445115393179659
1258445106086121472
1258437067740254208
1258429161192009728
1258423444284284929
1258402029887795201
1258397866936143873
1258381880795312128
1258197829329313797
1258185558569910272
1258148060317745153
1258134940891394048
1258130860672507904
1258092855765204994
1258091807507955712
1258090373492195330
1258088906337193994
1258085614194495488
1258081530003566598
1258056916816859143
1258050057405976576
1257807981368000514
1257787982150545408
1257784544784265216
1257773391169425409
1257767752456167424
1257763430481756161
1257757621966245889
1257757168633294850
1257751971194449920
1257743074211631117
1257720147097387008
1257720061864947713
1257704983845355521
1257703891556319237
1257703767551741954
1257700015117602817
1257697927360888832
1257673333547638789
1257672930307248128
1257665590229172226
1257661978639765507
1257451184408989700
1257434335621328898
1257422809556549633
1257411644298321920
1257395394985832450
1257387014024040449
1257386552860303363
1257380219410882560
1257377550172643333
1257375936544231429
1257372588873068545
1257365781744058368
1257357076252237831
1257352942081974272
1257350315399155713
1257350301448835079
1257347954689609729
1257344972011048963
1257337318744240133
1257331483645222912
1257322024243884034
1257316323534635010
1257298341987323906
1256717239090319360
1256717124262862858
1256687644328763393
1256632939451953152
1256327138048802821
1256292424797872128
1256289336968056835
1256283004336553984
1256267372224266240
1256266470306299904
1256257988974739457
1256250589337587719
1256250565908213766
1256242994765860864
1256220662475227137
1256215499186241536
1256206718272405504
1256206633463660556
1256013517179834371
1256012978136190976
1256011454383341568
1256000315029143552
1255999362674692108
1255995732982718467
1255950509158141952
1255949068116918278
1255909429381341190
1255846363826466816
1255645964053995520
1255631695698694152
1255622652749910018
1255612462948376581
1255612218579857408
1255597316641296386
1255587916585238528
1255566574888669197
1255560207054315524
1255552072293982208
1255518682425503745
1255505562692915200
1255489692017057794
1255484476404137991
1255280803023634435
1255268280740257792
1255263534918914049
1255258859091959808
1255254467936759810
1255248960731701248
1255221943504076803
1255219588255670272
1255218195658608646
1255203722948468739
1255203709782560768
1255199150901284871
1255196760793845765
1255193341093916675
1255188181340823552
1255185319684694019
1255172036068020229
1255164723894652931
1255162563677106178
1255155378041610241
1255145505652277251
1255117587110903813
1254922248944836611
1254907826188804096
1254903078886805514
1254883861961388032
1254876150091915265
1254833993616445447
1254832480793833472
1254825815998640129
1254820001812566019
1254810151384682496
1254807066226671618
1254797973445320709
1254782167697068038
1254782141176532992
1254767787609853952
1254759466853117959
1254759464697241601
1254751161602752514
1254463730454315010
1254196791198785543
1254099326462234628
1254093130716102658
1254042553407680512
1253838001676918786
1253835886493655042
1253804055413108736
1253802587398291456
1253794799758516224
1253743973891477506
1253740842549940227
1253729365688561666
1253728732629610500
1253722780387983361
1253722766035091469
1253722749123670019
1253678669031186433
1253452126090600452
1253451101908713473
1253447730380312576
1253447148215185408
1253446161148579844
1253446160460779525
1253428280125841408
1253426509051650056
1253422317213892608
1253391193704202240
1253380319014785026
1253358032702058502
1253357165965869063
1253346268090372097
1253343343221882881
1253342336672845824
1253324220672532485
1253320601487327233
1253148029881901057
1253114716228124672
1253084460452581377
1253068507593523202
1253065515574136833
1253045156091170816
1253041069568262146
1253039727688761348
1253028660665294848
1252985319009509382
1252978533686816768
1252713769651896320
1252679695876882441
1252674867465465859
1252657415922876419
1252654724479954946
1252652244765417473
1252634427416600577
1252633738548334595
1252627521688014849
1252620000017428480
1252615772498800640
1252615567648927746
1252588662107312130
1252572027782905858
1252376139990831106
1252364304063492108
1252363235149271041
1252362751126560768
1252352616371154951
1252329337384296449
1252288507986554886
1252285013321793536
1252260011562217477
1252240586750472192
1252237176147976192
1252232227569766401
1252227983303217153
1252221311939682306
1252044171537518592
1251863614195146752
1251520235544379397
1251280200853262336
1251225682820161537
1251190968256278528
1251150304948531215
1251134005954711552
1251132792987168768
1250955900166311939
1250938792967639040
1250891697887870977
1250857734838378496
1250824716052574210
1250799063097892866
1250793692807532544
1250792082844921856
1250782047402184706
1250773649331798019
1250737663159779328
1250610089448353792
1250569658404679681
1250533922590593024
1250529021923917825
1250487176699293698
1250482907342352384
1250467882233888768
1250429097110409218
1250426304471560196
1250423677813833728
1250402480627822593
1250246199388536832
1250198469173747718
1250196536459485187
1250185616312152064
1250145248711450632
1250130733571727362
1250126570913763330
1250124120626475008
1250090671010177026
1250086733070454785
1250077987095154688
1250064724970086400
1250043286720577538
1250036005710823426
1249859146800906248
1249779525417910274
1249777519957598209
1249733823543283718
1249715808101695490
1249712572124876803
1249709919080796161
1249696576559288320
1249322740735229952
1249029448076271619
1248772493428559874
1248674386917416960
1248671066089758721
1248601757942525963
1248354840553676807
1248320537992007680
1248290142785331208
1248272871782256646
1248210653325778946
1247996026121850884
1247659717171785728
1247644418611597315
1247606861110673409
1247581418194165760
1247538916573339650
1247533857731014664
1247531763175309315
1247529541246971914
1247321709415469060
1247290640280555528
1247289088786550790
1247250129851240449
1247241888031268866
1247163504483799041
1247158859858313217
1247151230222303233
1247141174823006209
1246977616562749441
1246936318640377858
1246812952403087360
1246597474632044549
1246513679614578688
1246171547083198466
1246118711569928192
1246110653628264451
1246052338391044096
1245848792772923397
1245779665719111680
1245738200737382407
1245711698708893696
1245443259872264194
1245431164728422401
1245409915721711616
1245409873245941761
1245395731550294017
1245362574331457538
1245099231830032384
1245069568164474881
1245051575996997632
1245040603970310145
1245021876054904832
1245004751357521922
1244985378068664321
1244984165491245057
1244719089655992321
1244688778825957377
1244648369009631234
1244646568092975104
1244636566858989569
1244629929540694016
1244625488330579969
1244404882876096513
1243592319711891456
1243591490674339841
1243537772108972036
1243319772630208513
1243268031897382915
1243254563869806594
1243213021994012678
1243208378047922183
1243182229947285504
1243022261990363136
1242987170161258496
1242947001811156993
1242928685457571840
1242844999781429249
1242799077915492352
1242633719673958400
1242608709836161025
1242464456652623877
1242462620210397186
1242213370385874944
1242183756120637440
1242182384063254531
1242170395408596992
1242164393565175818
1242159432236175367
1242121614872981506
1242114924438052864
1242105229581201412
1242091641772670976
1241868773918982147
1241784384329482240
1241384246373220352
1241172254895091713
1241120967910469639
1241115600035946512
1241102162823913472
1241100677767708675
1241097322127335428
1241052226921078790
1241013039001894912
1240996069665837056
1240778661520977922
1240744593559355392
1240736224861659145
1240736201717448707
1240670407998484480
1240659454821097472
1240650406402891776
1240371434695921664
1240348662749900802
1240342533705732098
1240304430395899912
1240293577391030280
1240282863980949505
1240067015089537026
1240006377315151872
1239995086253023232
1239982119209893890
1239933615460495360
1239901518175838208
1239899961522823170
1239692532818284544
1239582094474477568
1239557980967833600
1239225378436235264
1238816875968172038
1238555586221965312
1238539699062538241
1238533041456394241
1238496863751409666
1238163151612452867
1238128486449139717
1238121002875437057
1238103553765498880
1238098654436773889
1238098386911453192
1237859096499384329
1237812896412860418
1237419448367185920
1237380983537774592
1237370302155370497
1237368698815623168
1237123899525120000
1235967342062026752
1235679129779007495
1235614826749145091
1235581068620763136
1235572141170532358
1235315687561867265
1235236749871403010
1235230829560897536
1234994875759677440
1234610416514457605
1234597430819270658
1234584257634406400
1234569975043674112
1234567010253705216
1234541061294432257
1233496757859946498
1233117235553722369
1233103610487152642
1233055049187778560
1232754602015174659
1232687915190378496
1232395378839949312
1232318021781180418
1230896666649255937
1229855450910404608
1229525615184949248
1228361219163246598
1227314524908392448
1227304915946655744
1227304907851563009
1227269465274011653
1225875952800030720
1225827292343160843
1225528423377969154
1225459031977988097
1225194441427869698
1225172866557186048
1225067019990700032
1224816892382187520
