1286042891421454347
1285996421439795201
1285927912307339270
1285823147908964352
1285620570730762242
1285555254159958017
1285203727964688384
1284513100214022145
1283816570901409792
1283804068754919426
1283788539646353414
1283457617977905153
1283016267348271111
1282734574469087232
1282541957512863744
1282302333955665920
1282161354133041152
1282160517843283969
1281212101982334978
1280907000784793602
1280654069997043713
1280598152484175872
1280535571610263553
1279739866427858944
1279394734902063104
1279068388946522114
1278711954836684807
1278694943473700864
1278403176559972357
1278397390748344320
1278389554232397824
1278361413975781376
1278358252485476352
1278324606747791360
1277997950308925442
1277772088858771456
1277692681465061376
1276847944550023173
1276792296030253057
1276303395582808066
1276302775824064514
1276282463350906886
1276225868357079040
1276127700894220288
1275904032025055233
1275753804961546240
1275753140411916289
1275519166368428033
1275460838959316992
1275460228537028608
1275460043685666821
1275459812768317444
1275434775335981063
1275385276106518528
1275086251855618048
1274699463773339648
1274001596851109888
1273982916746448897
1273908106016194562
1273816680007979009
1273650100817068032
1273647772537892864
1273646846150393857
1273346486802305025
1273341961194397704
1273330070799646722
1273283470312300545
1273283319548063744
1273054042286174208
1272947603521646593
1272945104018460672
1272930668385837056
1272923433085607936
1272921814679912448
1272860770959798274
1272693510899195904
1272171919672930305
1272171080359305217
1271855477236867078
1271642608809451520
1271541701262393346
1271452143615193088
1271184866504310785
1271161857806684162
1271111410622357504
1271055038371201024
1270515116015071245
1270373452717965313
1270181739990786048
1270155107460677632
1270131463967723521
1269996358011891713
1269987611269046275
1269788533138567170
1269741319020253186
1269722350578208772
1269705354729881600
1269407437884469248
1269368884081147904
1269259417293336577
1269005037965107200
1268947426846617601
1268890490373648384
1268744129749626882
1268515066195951625
1268379454033793026
1268336611030372352
1268306381356105731
1268292829316612096
1268150311065210881
1268021151571292160
1267993401670152194
1267936053404540937
1267923156448284674
1267922495006441482
1267827846061322247
1267660898887499778
1267610687729262592
1267609877871984641
1267609645381812225
1267580831666749445
1267511799655682049
1267282472389263360
1267231507405582336
1267060111618519040
1266833804620152832
1266788598705262592
1266627537658052608
1266626965353779201
1266626536922365957
1266547905139179521
1266467419800899585
1266391240553238528
1266388612247158787
1266380348256108552
1266089121191202816
1266007838201122817
1265996875766870022
1265988095545131011
1265980383365148674
1265980381830041600
1265826944047878144
1265814320832827396
1265803291214123008
1265754104590217218
1265730797299994624
1265717398709194752
1265635594585210881
1265617257998278657
1265539737235881984
1265453641500184576
1265359777670082561
1264917270326894604
1264565240542494721
1264556074985754626
1264550484104417280
1263976647960801280
1263889455674527744
1263871816126410755
1263542596376428546
1263495140745846784
1263492557826293760
1263288589179334658
1263284347567853568
1263220484918980610
1263188787728977920
1263138698553671682
1262944902960340994
1262898664235765761
1262883503622012928
1262869841695948800
1262867413307097093
1262841199930617856
1262804466501386244
1262572012997926912
1262447002534719489
1262405768608993281
1262353377578618880
1262352705420431360
1262352337756176386
1262012173049626626
1261831821941182465
1261659111567036416
1261475770372890625
1261475769596948487
1261475768724590592
1261473558083108864
1261449077029400577
1261447690778484741
1261408004236181504
1261375485449125888
1261369418338222082
1261300149319536642
1261266300237742080
1261046709121175552
1261021176756940808
1261009434509217795
1260975135307243521
1260924579758977024
1260675321373896704
1260597724384301062
1260540855879950336
1260359863932276736
1260322070229143552
1260308340820914180
1260249828723957763
1260249186227957771
1260242563119923200
1259916042538803201
1259472691490361344
1259169164780060673
1259121866356199424
1259117126838820864
1258775986285486080
1258421389650001933
1258407531631775744
1258100746073014272
1258075293933277184
1258054171057688576
1257773167478743042
1257730507716136962
1257643196844302345
1257302613269372928
1257036157575192577
1257018947666403329
1256982186332426240
1256718871089885184
1256713690298167298
1256349418422513666
1256310429401391112
1256209101543092227
1255993798372593674
1255888346544582658
1255863664420233216
1255858261494042627
1255837482647764993
1255592164022681601
1255587284331741184
1255574071233912833
1255570896426852354
1255167211486019585
1255151437949988870
1255147221542006785
1255133343370248194
1254962870640685058
1254908133408899072
1254884643490476034
1254841218690883585
1254840070705754117
1254838101547122689
1254541913912479745
1254483670368423938
1254159024964153345
1254001658712948736
1253782152317153280
1253693441738969089
1253693428690563076
1253691961472581634
1253458224558325761
1253411096922189827
1253404995644534786
1253309052588785665
1253073209861210124
1253011734174076929
1253008732335857664
1252975198065876993
1252956265359323136
1252778292647780354
1252728460814028800
1252662788721446913
1252659250721153024
1252651159971598337
1252646586284421125
1252623320165634048
1252616930806108162
1252607216047263744
1252596111526825984
1252582332344807425
1252575013493968897
1252397581851738112
1252370088612659200
1252368605586419719
1252336185260769284
1252285193181855745
1252232092978741248
1251896631798173696
1251725122974748683
1251717656744464392
1250952636532232192
1250836084961038337
1250813903443017735
1250491785954103296
1250462237371912193
1250421434062499840
1250141819071008769
1250081991451643904
1249871112986640385
1249867717630464000
1249811437695926273
1249399862329839618
1249257430959218689
1249014797116616707
1248986053974818817
1248985147539623936
1248795970168635393
1248789209424506885
1248668878877712385
1248665744499449860
1248609928098377728
1248554825295572999
1248521099211681794
1248506276071391232
1248334800664043522
1248315260022525953
1248284869362417666
1248283721989525504
1248060272327249920
1248035910832328705
1247990622977392651
1247956149707714565
1247886215640043520
1247528445317275651
1247277212488871936
1247213928448503809
1247183034425753600
1246863117713367040
1246559933862154242
1246054334481252353
1245755917737644032
1245737012495355906
1245733440164683777
1245728668187537410
1245708307546939393
1245483463022706688
1245436776371585025
1245431225046663172
1245422020935942144
1245379506740830208
1245371234298331138
1245135637713506311
1245084478105702400
1245081690097270786
1245001795904159747
1244999738627366912
1244987623447420931
1244976794048049153
1244976541362241536
1244668433289170948
1244654500054478849
1244653083751317508
1244382196779098112
1244088136021540865
1244084299080622081
1243692462629060613
1243638082827665409
1243596651551428608
1243586513805467653
1243575776546623488
1243575065247133697
1243564843153719297
1243564485866139648
1243545072467091458
1243245967157137414
1243237330787459072
1243225435040776193
1243149135747964930
1243140626453012481
1243130445736415233
1243128567254396928
1243024880708341760
1243023891985043457
1242871416329994242
1242632172122537992
1242599894260617216
1242592689197068288
1242591661441548289
1242578068973203457
1242547558255386625
1242517094140383234
1242479171256946689
1242417802801225729
1242246147126820865
1242207271737835526
1242206805402451972
1242192876240621574
1242192554084446210
1242186960275374081
1242186535656620033
1242185956301647877
1242184941657624576
1242184101379137543
1242183253295071233
1242127971411992586
1242098928788615168
1242079145720459264
1241945505380392961
1241939025042309122
1241873259509014532
1241817656111628297
1241785894140600323
1241698477006041090
1241492115164717059
1241385839466250241
1241077355831066626
1241075163732553730
1241063222423302145
1241028977369722886
1241026222190145536
1241001175606009857
1240815916184752128
1240814189897187328
1240812001066172416
1240740414635868168
1240721178639073282
1240643878564368385
1240402046173564933
1240372266187227137
1240357423690514433
1240356149901299712
1240140984962428928
1240008482377666560
1239995900757491712
1239914254687485952
1239712525417091077
1239705218755047430
1239702729737592837
1239687209843818496
1239685137530585091
1239656906794434561
1239586767000535041
1239558529398308864
1239539487274930177
1239530303955374080
1239529222739288065
1239202952549711874
1239018985682845696
1239008512576978946
1239008422055620608
1239008188978118656
1239008028822814720
1239007794667413504
1239007488244137992
1239007048412598272
1239006760419065856
1239006428737798144
1238706439931265025
1238672936938201088
1238670920656523264
1238667118972997632
1238612933011288064
1238601797561917446
1238558697338605570
1238506051219095552
1238463334560739336
1238448647739715584
1238301754397261824
1238268195657695232
1238268005102096384
1238264695485796352
1238220574830268417
1238212150528806912
1238207181121630209
1238206411957571584
1238199693018087434
1238183315947040768
1238180289068904450
1238180288259391493
1238169302341206024
1238158454520451078
1237854497973534722
1237846091606790144
1237799151427104771
1237795785934344192
1237788911973347329
1237575635175759873
1237488023429931012
1237383712540708864
1237377453703802881
1237192500311470081
1237183039287025664
1237125188317327370
1237026385614512130
1236906632833007616
1236901369371668482
1236899018707525632
1236641407315652608
1236381600000151554
1236378806895640576
1236341936618983430
1236312928002940929
1236109415755010049
1236019644370206720
1236015317622669314
1235977756892164098
1235591177044283392
1235541848510193664
1235389359114694656
1235333310747996161
1235232429352325122
1235038295316283392
1234920253211082754
1234888030357532672
1234876666658377729
1234873510918533120
1234859166650568705
1234822931865362433
1234128389885366274
1234079280558215169
1233690780289654784
1233602044105285632
1233506424040325120
1233342325335654400
1233026873439014913
1233016277205209090
1232817908012765184
1232812588641193985
1232801729059729409
1232785926977466369
1232648535469887488
1232647402370293766
1232421457625526272
1232400905376616449
1232322954165411841
1232033460145049603
1232020514035642369
1232008882433806342
1231907935963447296
1231320669432008707
1231231874267328521
1231055811545378817
1231047195870351360
1230864913276526593
1230856887807234048
1230603417418162213
1230524615233036291
1230341909010358272
1230308452741808129
1230300866802049024
1230295979246616576
1230226812032233472
1230128072999014400
1229985223737212928
1229755077474254850
1229599822598066177
1229545835236556801
1229485116579360768
1229401871732879360
1229395746803396608
1229202905380638721
1229003645984874496
1228906778181677056
1228273640740999169
1227997488537317376
1227977756438388736
1227657543490711554
1227609708657348609
1227572582402138113
1227456496482562050
1227335118009880576
1227283758077947912
1227254045015932931
1227250959870550022
1227038779539673088
1226978609765736452
1226897969640804352
1226873656850206721
1226856842686586881
1226616997338898441
1226345963096334336
1226254350168752133
1226239989782061062
1226206744323481604
1225886838872825857
1225859625293172738
1225828376172257281
1225760148720947201
1225489219549880321
1225432920174845954
1225414947166920706
1225278277436280832
1225264745630007297
1225180390379442184
1225176651400720385
1225050466159079424
1224896712856276992
1224895793871671302
1224892837017288705
1224892397068353536
1224892219963990016
1224890351527366657
1224889879571697669
1224889399323828228
1224887616996347905
1224887147674599424
1224886499893817344
1224886255349063680
1224886174612971521
1224885395353210880
1224883892584427521
1224882850660585472
1224881630227128322
1224881437322682369
1224881240945385472
1224880846995324929
1224880489938542593
1224880150287962113
1224879780237103104
1224879354481606657
1224878778503106563
1224878603659292672
1224878355754954752
1224877884944404481
1224877494614024192
1224875885175693312
1224733110929166336
1224382022740848641
1223983872968482816
