1286068424431427584
1286034417010356224
1286005108006744064
1286005106572320768
1286005104886177793
1286005103581777920
1285222953265725441
1284639293286252545
1284586988524511233
1284534658840043520
1284484144798543878
1284288033567543296
1284253914645192704
1284215047120543744
1284171537713491968
1283924338547265536
1283885414844002304
1283871254802345984
1283844075917938694
1283814209617137664
1283792146919649280
1283778706733854721
1283503488056479744
1283478822201901056
1283453980157198337
1283418114651111424
1283154902743519232
1283102556151885824
1283080432544669696
1283080431303155713
1283080430044864512
1283080428279095296
1283039689956524038
1282814667706888192
1282762651307630592
1282725639406022656
1282700539088695305
1282687188036009985
1282415266773835776
1282340358441955330
1282067599430496263
1282011490162180098
1281970186321571841
1281713622083710976
1281713620850638849
1281713619525234688
1281706744918372354
1281684495008030720
1281668112933285888
1281610287401992193
1281610286353444864
1281285451169447936
1281285448963256320
1281285447767830529
1281285446568300544
1281285445465157633
1281285443732959232
1281285442659160065
1281285441254158336
1281285440104878085
1281285439005921280
1281237800281452548
1281237799073533952
1281237797924245505
1280937616502743041
1280858031077515264
1280858029961822208
1280858028850348032
1280858027768209408
1280617409615822848
1280563463417286656
1280540330215931904
1280494514730348546
1280280049812336642
1280209712860901378
1280142079214018560
1279925880161271808
1279841426835034113
1279782683724451840
1279509464899452928
1279476006256959488
1279426393105825793
1279189907114799106
1279139170598785024
1279107351623041024
1279085106741706753
1279067859159707656
1279042087917420544
1278795416704651264
1278770361513828352
1278719815503364097
1278697905256140800
1278452478338453504
1278430493063745540
1278382393422868480
1278382391971557376
1278088879493361665
1278039827200368640
1277991038133690368
1277632695514742786
1277397830802509830
1277368342056259585
1277327601678405632
1277017343814762497
1276862867028029445
1276653970262376448
1276629161742745600
1276599135785779200
1276570739873771520
1276531022927036416
1276507945627353088
1276304683594706944
1276258870029987841
1276219910411243525
1276203057609617408
1275773068376510464
1275773067659264001
1275773066879152129
1275773066094751745
1275773065297907714
1275773064513556480
1275773063754326017
1275773062978441217
1275606119587725312
1275535478616252416
1275515107309572096
1275515106185449473
1275515105082368000
1275515103954100224
1275515102871949312
1275515101798252546
1275494509502066688
1275474303971061760
1275436083677814786
1275207064290070529
1275190878219296768
1275148216711786498
1275107395320987651
1274862051047862274
1274848645645565952
1274798335669518337
1274736135286251533
1274512125990440963
1274458931981582337
1274409710897303552
1274396976814133248
1274092762292355072
1274008802921074688
1274008801817976834
1274008800723259392
1274008799481696257
1274008797879521280
1274008796847722502
1274008795782410243
1273749733274599424
1273688586278154240
1273681504044855296
1273627024993554435
1273627023542370304
1273372131330371584
1273325988097605633
1273325986386374657
1273258039429066752
1273000540251680768
1272958765252308992
1272902430322233349
1272696403878264832
1272653249766555650
1272636908250652673
1272615558110785536
1272537392025440259
1272306874612764672
1272206612766363648
1271826796951097344
1271573500365385728
1271542972551589894
1271508334961496064
1271455946271678464
1271192454432059392
1271148159406796801
1270738874826846208
1270721703644037120
1270418925533007874
1270381718487220224
1269355293277913088
1269355292229337088
1269355291268853761
1269355286613168129
1269355283794538498
1269255991306190848
1269034370435674112
1269011761744580608
1269009035337928704
1268619232494800899
1267872237333307394
1267872236142116865
1267872234514690048
1267872233268994049
1267872231700348928
1266922966799077378
1266922965842698241
1266922964882251781
1266922963951071232
1266497569644933120
1266399165069705216
1266398967786467330
1266398966024818688
1266398963793424386
1266398962384121857
1266398960995823616
1266167220951896064
1266138362613829635
1266106988091502592
1266058495545061376
1266058492063825923
1266034603271131136
1265802869648904192
1265762789978566657
1265717659447918593
1265717657434599424
1265717655463358465
1265704911238385664
1265673653745680384
1265434969356132353
1265358460582981632
1265295933618585600
1265295932360290304
1265295930690924547
1265295929432616960
1265295927633297411
1265295926039465985
1265278087870050305
1264961563099828225
1264935373190254592
1264679490598264832
1264637208918548480
1264635956541288453
1264584927435206663
1264344391826550784
1264271092589289473
1264215817354280960
1264000556843978753
1263907512069156864
1263879099656757251
1263853263310295040
1263844134290247682
1263619859046215680
1263591381865426950
1263545220211240960
1263545218567028736
1263542729985806336
1263481956517494788
1263476999596789761
1263230275913281538
1263181337076224001
1263181335973081088
1263181334832246784
1263181333464932352
1263146270819930112
1263146268827594752
1263146266646568960
1263146264784302080
1263118306237538305
1262858201336180736
1262830478320525312
1262815317786456065
1262815316540665857
1262766750103293958
1262757824175550466
1262506449558581253
1262506448191287296
1262506446744240129
1262451791960006656
1262413675874250753
1262413381677445121
1262393146459160579
1262125825178185728
1262079849721663489
1262028115418714113
1261797438005882880
1261731327558193156
1261672792707096578
1261402386737754112
1261366119576690688
1261332011727216642
1261326034118434817
1261303637390704642
1261088499408625665
1261065272544247808
1261008591487524867
1260994248565862400
1260752655380410370
1260752654067630081
1260752652805173248
1260752651186126848
1260752649860689922
1260752648568926208
1260677636533223424
1260659849043427328
1260643019037872128
1260617702965522432
1260586273661693954
1260581391126933504
1260579318377451523
1260578486756036614
1260346881898696710
1260333024375238657
1260315365776621569
1260271554337796097
1260223655159578625
1260012946240856070
1259946864767459328
1259905430345547778
1259905428508405760
1259905427178835968
1259880691094847490
1259865458750230529
1259865426349248514
1259865416081592323
1259585424294506496
1259554888960233472
1259545402358984705
1259515198441996290
1259474872624914432
1259274391524950016
1259254424670801925
1259215829226475522
1259215684439093248
1259168823548116993
1259155585695543299
1258878525047574528
1258848980873564161
1258828466209779712
1258823955093176320
1258784106793406465
1258783347058196481
1258782149865402368
1258543044648767488
1258533734929686528
1258490602313809920
1258452524182323201
1258429717608194054
1258163084616585217
1258116841563541508
1258078466496319488
1258068668111454209
1258052292206571524
1258038438248329217
1258038412935716864
1257832904702357504
1257793775444746240
1257791232308154368
1257764352960000001
1257744518515834880
1257691414059642880
1257683091730001920
1257471750557667328
1257455081475227657
1257451596797132801
1257443327500341248
1257390338844569602
1257372034457382912
1257350041192325120
1257066386704269313
1257066131258564609
1257057095012110336
1257018068678537217
1256967231575068673
1256714922798481408
1256702539195711488
1256675047193882624
1256628304561549312
1256615352194105344
1256582585947389958
1256344804138512385
1256338280112517122
1256306770445656064
1256284620783366144
1256250514947235840
1256238481845567494
1256235936448479233
1255922313951735808
1255918023447207936
1255907996544061440
1255887211762814977
1255886028545511429
1255656029120954368
1255615116034203649
1255615114775937024
1255615113601495040
1255615112158736385
1255615110879444994
1255587644911702016
1255576517817425920
1255512028371968006
1255276277117980673
1255258340432777220
1255237645682257922
1255228412698021889
1255202319114752000
1255202213485395969
1255196823246913536
1255188129947856896
1255180775743385600
1255146577104003082
1255130711700332546
1254910250253201408
1254874726100602881
1254874626246746115
1254847636676411395
1254847633308467200
1254847632322822147
1254847631404171264
1254847630410121216
1254847629177098240
1254847627725848577
1254844491468505093
1254838657632083982
1254836177988997121
1254559058272514048
1254495119442501634
1254468725970882560
1254452873506615298
1254197421938298881
1254197335791480833
1254135460202344448
1254075133590999042
1253762207625605121
1253745395403907073
1253726794210922497
1253726792411561984
1253456591942082560
1253418603149320192
1253384296049475584
1253358007725015040
1253088807395737607
1253086980474171392
1253063532658061312
1253028568856006658
1253021373439471616
1253012255005765632
1253004354824495104
1252975693778112513
1252741696216948736
1252741694711148545
1252741691951296512
1252741690588229632
1252741689287929856
1252741688008704000
1252741686632964097
1252741685336870912
1252741683994742784
1252741682681921536
1252741681335504896
1252639926203478016
1252615367622406144
1252597038623014912
1252393185038315528
1252310879502098433
1252301088843132928
1252300633291452420
1252300631911485441
1252300628753133570
1252300627494879232
1252300626085638146
1252300624705712128
1252300623401250816
1252300621991968768
1252300619278282753
1252274476735053826
1252243849847558145
1252042274642382849
1252042272574541826
1252042270422921216
1252042268837437440
1252026414037037057
1251975884178767872
1251973538468093952
1251903132591767553
1251648980376674304
1251646784071335936
1251646683420610560
1251551157882740736
1251516313522130951
1251515195693961217
1251261616399630336
1251242072683671553
1251225702025707520
1251196830785953795
1251196829380771841
1251196827803824133
1251182087140302848
1251167953317314562
1251165005342359552
1251160569484197893
1250955733505474561
1250916519535509504
1250902535608471553
1250872478072598528
1250853905677733888
1250853904406835203
1250853903089856513
1250853901823127552
1250853900480991233
1250853899092627456
1250853897821814784
1250853896538316800
1250836854233944069
1250796136413069314
1250789112426029057
1250571886141923328
1250541598892363776
1250528879904583680
1250504527918186496
1250485220161187840
1250462190005411840
1250443094639534086
1250443093343473664
1250216330168426496
1250186347366629377
1250175808615755776
1250144110230392832
1250127564938477570
1250125469363531777
1250103838834487296
1250094171781652482
1250075092215889922
1250075044337745920
1249858981205405696
1249844479441268736
1249820100682641409
1249802813552484352
1249776032057450496
1249745375499390976
1249709914424881152
1249422963536879616
1249422770871480320
1249354501003382789
1249110191083118595
1249061874349543425
1249061812097748992
1249061805001003015
1248817937173143552
1248715860169994240
1248679019769294848
1248674610951815168
1248674609748033536
1248674608623923200
1248650271741235202
1248393452364029952
1248351905182408705
1248348150961590272
1248330807535472640
1248330806310789120
1248330805048258560
1248330803928420353
1248316848883388416
1248291937938845696
1248291889209430017
1248273843845644289
1248250792558989312
1248250791443361799
1247989708660944896
1247946025534238722
1247906484987412480
1247663707833819136
1247617486582882307
1247617465414119430
1247576651493343232
1247576650432131072
1247567388679127041
1247556175962370049
1247556086741127168
1247540055427543040
1247249776547999745
1247231199556202496
1247231198230806528
1247231196955697152
1247231195860983810
1247231194720133123
1247230675314302978
1247177497726210049
1247157576287924224
1246933789080612865
1246891258938658816
1246825563055992833
1246580769511714817
1246580768400240640
1246580767234244608
1246532435128418304
1246530394507210755
1246452334411964422
1246188873031376898
1246168485102673920
1246141143940648960
1246141142346813442
1246141141092683776
1246141139863760898
1246141138580303873
1246128043074019328
1246118944932384768
1246099894244216838
1245876196174266368
1245835505096200192
1245835504026701825
1245835503024267264
1245807608272834560
1245790725414895617
1245761903650979847
1245720895244488708
1245503950649987072
1245503949232193536
1245485272587857920
1245447090378948610
1245447089053552640
1245447087749132288
1245447086465671168
1245447085245132805
1245447084083310593
1245447082984390656
1245399358972907520
1245389415649689600
1245366119034056704
1245351249051975680
1245091116279427072
1245054673599352832
1245046540151828481
1245043163154153473
1245041310739783680
1245041309473067009
1245024098750582784
1245023145980915713
1244790149604503552
1244758918531702784
1244758917378269184
1244758916220649472
1244758915008458753
1244758913825693696
1244758912596717569
1244758911338418176
1244758910117920768
1244736718227394560
1244722421300523008
1244711606728060928
1244711455632453633
1244689770539671557
1244670965264474112
1244634847647133697
1244432613827170304
1244432498571894784
1244350742661664773
1244350741537599489
1244350740476329985
1244350739293655041
1244350736651206658
1244350735762042880
1244350734608580614
1244350733576736769
1244350732452663297
1244350729734717440
1244350728531070976
1244350727369228288
1244350726228160513
1244350724970078208
1244350723841761283
1244350721828544517
1244331521927827456
1244282973924413440
1244059986130374656
1244024071379017730
1243983322365247488
1243983166714580993
1243938878274203649
1243682929206636544
1243671934082015232
1243662101962317824
1243645945738231808
1243604040363069445
1243591399578038272
1243591398391046144
1243591395484372992
1243552824908058624
1243531601851461632
1243357758339993601
1243311649630457856
1243284171155329026
1243252558249902080
1243228889838567424
1243169407028912130
1243002845315489792
1242977879526264833
1242972736579751937
1242950253176737792
1242935793905053696
1242895695763259392
1242877852623572992
1242825555449237511
1242633076288585728
1242600025919651840
1242565723672604673
1242536600912793600
1242520309082632192
1242506638231097348
1242495381369262081
1242452679533555713
1242243446884012033
1242243076677963776
1242210024341946368
1242155159926362113
1242097518571220992
1242097517359009793
1242097516100771840
1242097514972475392
1242097513785479169
1242097512493641728
1242097511189213185
1242097508844625921
1242097507619835907
1242097506390962176
1242097505195552768
1242097504004403200
1242097502813224960
1242097501575901187
1242089232157425665
1241891019542519809
1241882715739185153
1241863368295632898
1241863367188348929
1241863366047490048
1241846077780717568
1241828701014118400
1241828283882205184
1241791453338071040
1241791451668701184
1241791450150387713
1241774820188184576
1241744274531553281
1241489368545517568
1241472720338067457
1241432985154605056
1241427577434234880
1241412282002944000
1241412257101369344
1241366775729700868
1241169039138779136
1241118056413200384
1241106667313319936
1241097152379543552
1241068855843119105
1241060534654398465
1241047440989384704
1241047318314414081
1241014662054830081
1240792427956277248
1240792424466636802
1240754126234849280
1240754124951392256
1240746922995929088
1240731983220629504
1240720586763993088
1240699394858475520
1240683364014669825
1240677585928859649
1240657253310447616
1240443621381271552
1240435112082194432
1240399089910636544
1240383055048523776
1240378255170887680
1240368589414125568
1240351662226563072
1240338400068001792
1240323160081219585
1240320220637495297
1240297138493353986
1240285441909084165
1240280678891057153
1240048429289488385
1240048259181101056
1240030704794079233
1239994618097225728
1239994616201371654
1239994614192304128
1239979147893420032
1239964592870023168
1239963369303490562
1239929604145426434
1239929602912301058
1239735302287056898
1239698842087374849
1239678169549901824
1239599385643638785
1239599384469225478
1239599383290580992
1239571100868046849
1239571099630702594
1239571098213052419
1239553289999417346
1239546208563200002
1239349442173493254
1239349440542056449
1239342495298772993
1239329435834183680
1239310396344938496
1239308370609344516
1239275649740591104
1239219883163947009
1239209328143486976
1238976048991285253
1238958201606934529
1238892146280759296
1238834522717913088
1238594617643327492
1238577767400255488
1238577766129434630
1238577764783001601
1238577763973505024
1238577763050754055
1238545667124953089
1238545664440754181
1238515872467214338
1238247947260891139
1238235411635417092
1238150450727325698
1238150449825484803
1238150448755990528
1238150447917084673
1238150447157911553
1238150446063247362
1237908377461821440
1237791299295686656
1237777180232482818
1237753047914360834
1237486013565501440
1237486012709974016
1237477732008767489
1237437252327874560
1237130911549927424
1237120793554948097
1237096802563895297
1237020522791272448
1236707115412131840
1236675914857172993
1236482397975216128
1236326907064520704
1236048102823530496
1236038320725143553
1236014867338928128
1235979855331840006
1235941484203069440
1235731520415059969
1235689215540768770
1235589628796768256
1235320849357471744
1235286850115428354
1235286848806752257
1235227601528029185
1235213454929252354
1234913247578525706
1233817640877072387
1233431370350891008
1233168705976197120
1233110451891904512
1232821691417595906
1232821690649976837
1232821689286905858
1232346371354742784
1232336732613423105
1232319093338001410
1232079224527376385
1232076482157203458
1232061292061614080
1232023076726071303
1231983148625465344
1231962349969473536
1231609372108886018
1231233184823758848
1230968658337443841
1230911032492777473
1230875584290607104
1230511805040119808
1230325891756175364
1230191558051483650
1230175388816617473
1230153794689937414
1229931792351801344
1229840289847750657
1229822717807013892
1229822717173600256
1229792602775531522
1229499821133901824
1229458891534163970
1229445511037325315
1229421847533543425
1229112991972495361
1228685883328602113
1228417807332904962
1228409840395051010
1228339728648458243
1228086904832319490
1228022459401736192
1227978591872462848
1227687099467517953
1227614058838417408
1226940714468171776
1226890940201259010
1226573734221316096
1225856687652921348
1225808462594138113
1225496262465724416
1225471728551432192
1225471717709094912
1225471712789135360
1225471710478184449
1225182123339976711
1225139622763802626
1225121332494569474
1224827698838634498
1224827568626524165
1224739342997958656
1224385377655558146
1224385370852294659
1224385358923735041
1224120898539675650
1223671263987752962
