1286021672978599939
1285984390871425040
1285678312048734209
1285645890447986688
1285578986517667841
1285572835092684801
1285297301179826177
1285280861634670592
1285252407987970049
1285243542902919175
1285243438997397510
1284603192320430080
1284499550464544768
1284190671671353344
1284141878624083976
1284124022725386243
1283858020783529988
1283797001164005376
1283760864730976256
1283539544994914305
1283505793678086144
1283482691309109251
1283440242020712454
1283403955805052929
1283386349035241474
1283189556796432385
1283189555647188994
1283189554355351552
1283189553092861960
1283189550983131138
1283189548814655489
1283123576397340673
1283099375724445696
1283087457412689923
1283035807708852233
1282772195559833601
1282736437503447043
1281990831940001793
1281729155315445760
1281689425123188738
1281675023149936642
1281654580535754752
1281613209913430018
1281613208651014145
1281613207514357762
1281361514390323203
1281361512611946497
1281361510401486848
1281320628067467265
1281235548737163270
1281032345475309568
1280993846206312448
1280946510490939393
1280943267094441986
1280895658216566785
1280857108527943681
1280577292318707712
1280549692212940800
1280545039014379520
1280497220484243457
1280176563858931712
1279870343587540992
1279520491938762759
1279447392601899008
1279096365805600769
1278750649296060417
1278509079388991488
1278435899777441793
1278330542585458690
1278144857291325442
1278123513820450816
1278123512293724161
1278123510473396224
1278123509026361345
1278107319683997701
1278107318534750210
1278107317419020291
1278107316307537921
1278073709018984448
1277968236642856960
1277712190460624896
1277696490404753409
1277665694285529088
1277639810077908992
1277639807590715392
1277639806328201217
1277639805191495682
1277621397888602112
1277574583978246145
1277030367862624256
1276621732766519296
1276600347507728384
1276564260978593792
1276522448150822912
1276287880810430464
1276287879430496263
1276287878084145154
1276239224161869825
1276211468485066752
1275879786594938882
1275875235456266240
1275870029238673409
1275870028106215427
1275870026877321218
1275870024964755456
1275870022905352195
1275517353200177154
1275500766975975426
1275486044142497793
1275450709878558722
1275175534612357120
1275097977363861506
1274859198791155714
1274079225398677505
1274011320971595778
1273785087121817601
1273785084437553153
1273676652371836928
1273665163326115840
1273631419168952320
1273430336744161280
1273427792601010177
1273379991565357057
1273034130742284289
1273034129496576006
1273034128217251841
1273034125864206341
1273012294151286784
1273012081193824256
1272950441865736192
1272936458308005889
1272883746849591296
1272647673636704257
1272553624363728896
1271858559463100417
1271480186463236100
1271403282968256512
1271228218754899968
1271170820090593280
1271139714909605889
1270872400499036160
1270871920360202249
1270835019188178944
1270736431191928834
1270726297375748096
1270501778623168512
1270485864242712577
1270471035473846273
1270469495010791424
1270469493425410053
1270415829977362432
1270395448898080771
1270078678043693059
1270078676814704640
1270078675464196098
1270070775421304832
1270070774129360897
1269998854780391426
1269683067549081600
1269683064499851272
1269683061949714434
1269683057226928128
1269683051619135488
1269391535931625478
1269003577495781377
1268966001854603270
1268664072880500739
1268664068489072642
1268664064181506050
1268664061991976963
1268664059693535232
1268664058116485120
1268664056594018312
1268664053129510914
1268664051372118017
1268596108131000322
1268588511353098240
1268565897364615168
1268565440550363136
1268565241299963905
1268564916744658948
1268564724586819584
1268564382948241410
1268563935835406338
1268563568653459457
1268563405918658562
1268562955790159885
1268562031088734214
1268561754004619266
1268561475133636615
1268561013517017090
1268560936987754497
1268560422719889409
1268560305489149954
1268560241186258945
1268558952477777927
1268308492521213959
1268261085905391617
1267994176890843136
1267974520998178820
1267974516430569475
1267974513154764802
1267974505772834817
1267974497895886848
1267974494460751873
1267974488232165376
1267933347935903751
1267879280819634176
1267838609492713479
1267579079408173056
1267260667758817281
1267205421946810370
1267193383677841411
1267154144403562501
1267097825990578176
1267097823918600193
1267097820861009920
1267097817723613188
1266518071822495744
1266496581211238400
1266496579130863623
1266496577612525570
1266496575871881226
1266496573514616833
1266496571757285376
1266421933006094339
1266384781295697922
1266384779815124993
1266160889981472768
1266160886697398273
1266160884617023489
1266124225259200513
1266106165311803393
1266106164061908992
1266063548083400704
1266012700905279488
1265780587324940288
1265725873862455298
1265708937896230918
1265681555969671176
1265435110238814209
1265435108397518848
1265435106250035202
1265338873007075328
1264938616134008834
1264621341929615361
1263954928441196546
1263945632269701129
1263934452125876224
1263890029887156224
1263842138405683202
1263813968507920384
1263608093054767105
1263584074880315392
1263516776576487425
1263491574719303681
1263235936223182849
1263194716079824898
1263164764651311105
1263130153997172736
1262883259970736129
1262830328953081857
1262820832973402113
1262785595216211969
1262761985336377344
1262744667663200270
1262535155790630918
1262493740045910017
1262442492286271488
1262432079436021760
1262401511289651200
1262373367384100869
1262113470352416773
1262029271712894976
1261774342595194883
1261726023705677827
1261426602262618113
1261426599909605376
1261426597770526722
1261426596122177536
1261397338683084805
1261388655970541568
1261352728309100544
1261322507992301568
1261296012846682112
1261287774730293248
1261050976049467392
1261015416605990912
1260953991061614592
1260953989593681926
1260953988385714178
1260953987102244868
1260710061975928832
1260686467363414018
1260677615419035649
1260636859048382467
1260627857186803713
1260348634002063365
1260333504723853312
1260322172293328897
1260322169231417349
1260322166907822082
1260322164202516485
1260322162805800960
1260322160859582469
1260322159253164032
1260307485715501056
1260224091031777280
1260197908235853824
1259903734714216448
1259887730516951041
1259882667379744768
1259881367636185088
1259834424633569282
1259521093007806465
1259190528782012422
1259190527003635713
1259190523572752385
1259190522092179457
1259190519542013952
1259190517398724612
1259190515322494979
1259190514039095301
1259140218894069761
1258850439858130949
1258816334101483520
1258780958398046208
1258545623575547905
1258483530713178112
1258483529471721473
1258483527626240001
1258483526007246848
1258483523608084482
1258483521917718530
1258209669576826882
1258143068093636608
1258137428759654400
1258091914529615872
1258083581789974539
1258075962912190465
1257791000619159553
1257750140275875840
1257706760250540033
1257472114753441795
1257471540666515460
1257470964348203019
1257469845404254208
1257456051290624001
1257456047935152128
1257456042918776834
1257456038787366920
1257409566352039937
1257368269230682114
1256693228436406274
1256624065093283840
1256624063142920192
1256624060299128833
1256624057614827529
1256624055446355969
1256390790793900032
1256377289199230978
1256278740885110784
1256264269378846721
1255991009059704832
1255991007419793409
1255991004970221568
1255991003074437123
1255977546312822784
1255882567309500416
1255637658459652097
1255593474503725059
1255590273196965888
1255590272127373322
1255555909079625730
1255507212774125575
1255491390626283523
1255491379515588609
1255286774483615745
1255285919780868096
1255262056288305154
1255262054149169152
1255238896352444420
1255231982159659010
1255231981534748675
1255191659811405826
1255131211019644930
1254917811622854657
1254885514206994433
1254873025817841664
1254873024731455488
1254853282201169920
1254830028799397888
1254803018438017027
1254183741049667585
1253837888179056640
1253834437571366912
1253833916332544005
1253833915032317952
1253833913627279361
1253833911588790274
1253833909583990786
1253833907943936001
1253833905259544577
1253833902952759297
1253833900444602371
1253833899031003136
1253814405663469568
1253814404572942339
1253814403490816001
1253803136189374465
1253755238307131393
1253675524385357825
1253483577205035011
1253460183629598721
1253437969073090560
1253420616683667456
1253420613915381766
1253420611377876999
1253420608601288708
1253420606441222145
1253343028468690944
1253301891834032128
1253301890907090951
1253301890126958592
1253301889267097603
1253301887060848640
1253065332815691784
1253064718643757057
1253064447779901443
1253038371741540356
1253011881176051715
1253011873190076416
1253011865032146947
1253011855506919426
1252748390867271680
1252704654527475718
1252686836788604935
1252686835505156098
1252686832770469889
1252686831663091712
1252649019995828229
1252587475060563973
1252587462968463362
1252587449030713344
1252587436477157376
1252587423504220160
1252587410803826688
1252582573026525186
1252413129205534720
1252341283948883970
1252292754127745024
1252230601110777857
1252026712017252352
1251873392598417412
1251672608338333702
1251646046125674497
1251645908934148103
1251633028520173569
1251278113541062657
1251278111959920642
1251278109984337931
1251278104280121345
1251278102921166859
1251278101293694977
1251278098559111169
1251278096508035073
1251278094431858690
1251278092779298819
1251278090996678668
1251278087653937152
1251207260463755266
1251161715938455554
1250903857544212480
1250834854914252800
1250811263694880776
1250805153160200192
1250541116245577729
1250541114731507712
1250541113154449410
1250482399776923648
1250422200672247812
1250197595827458048
1250164088765911042
1250162414169001988
1250162267016040449
1250150417612378117
1250150416366657542
1250150414349225985
1250150412025544704
1250091818399797253
1250054873745371141
1250034854114328576
1250034851367006210
1250034841434886150
1250034838964322304
1250034837123141632
1249843470627414018
1249843276317892615
1249756806005633030
1249702002050899968
1249472495784202241
1249472494664286208
1249438379520987140
1249438378082402304
1249414577135247360
1249414576027897856
1249361686382948354
1249350296138121216
1249350294166745089
1249350293076283393
1249276070722822144
1249116716845719552
1249083816788008972
1249083813176717312
1249061417950621696
1248773018492579840
1248772943733305345
1248755153357897728
1248718850763489284
1248718849421254656
1248718848209162241
1248718847047327754
1248718845856096256
1248718844698509322
1248718843469537287
1248718842265841664
1248718840785186817
1248672064497577984
1248632366316347394
1248351939630444545
1248339458476445698
1248325922236882949
1248286801200058369
1248238004415668229
1247996449964482560
1247978400142278661
1247945963739566087
1247930458790379520
1247925626801192961
1247670792126631936
1247632880769085441
1247600748864704512
1247529809036455937
1247294307104698376
1247294305150152708
1247221043783065600
1247189414847090691
1246569519411269636
1246569517439909889
1246569513266618369
1246514498728583168
1246502985246683137
1246188849195298819
1246183720169746432
1246164066244202498
1246162831382401034
1246154106860965889
1246132321515794432
1246075651607670787
1246057358658359296
1245847213038854145
1245801157651501056
1245781471207591936
1245776627356835842
1245775077402185728
1245773842712322053
1245772621410598912
1245771799931035649
1245770759399714818
1245770548879200257
1245769973861167109
1245767244765974529
1245766529574150144
1245765594420514816
1245764753751969792
1245763834234777600
1245760256556351494
1245759225596383233
1245758826701377537
1245757551221837825
1245756967236313089
1245756610561146886
1245756182284861440
1245753198729707525
1245752220047544327
1245751499768172544
1245751037434171392
1245750610579857410
1245749558606520320
1245748376014028805
1245746751862177792
1245745956425007109
1245744426841972738
1245743376928030721
1245682855562313729
1245473235120029701
1245440941806272518
1245433022784122886
1245409912416374785
1245398942726139904
1245134877671993345
1245058031165083649
1244969605061382144
1244784289557946374
1244744219165679616
1244710405974429703
1244684915414716416
1244653621708500992
1244637215180967937
1244060346412871681
1243995148574482434
1243712744555253760
1243640515809161217
1243639675841110023
1243638878906482688
1243621887105593345
1243598241230286848
1243581746463100930
1243335421460963328
1243249754609537024
1243222691697565696
1242933522442182657
1242928714930966532
1242915751880790016
1242873279125180416
1242589236433387525
1242589234776719366
1242563739662069760
1242525781634449408
1242523906780663811
1242520176559620097
1242510816852635648
1242266158549606400
1242255291955191809
1242249868694958086
1242183157568475139
1242183156100476930
1242183154544324608
1242183153365790721
1242148818449125376
1241739822588444673
1241472991189401607
1241450782035259400
1241395481231667201
1241395480086450176
1241395478442455041
1241379234066685953
1241359496494100481
1241359495533649920
1241359493667131393
1241118641434886144
1241099377550204934
1241099376304492548
1241099374920380417
1241099373834121218
1241099372609376257
1241068275930411009
1241064502394789888
1241027615915474945
1241027457496633350
1241016688059076608
1240780238566633475
1240780236847034368
1240780235592945664
1240780234452094982
1240780233265070086
1240780232036155393
1240780230752636930
1240780228743458816
1240746040225120256
1240714368653852672
1240694036853186560
1240627409176735744
1240405666533179392
1240375502822690818
1240362110602940419
1240291401885245443
1240041726301147136
1240009678345641990
1240009333146095619
1240006835597385728
1239994370243407872
1239994369115140098
1239994367500259330
1239994365847769089
1239994364295872523
1239994362391670784
1239994361137561600
1239994359686316032
1239994357509390336
1239994355458457604
1239929792809578502
1239628486303723525
1239580756499988480
1239542809348186119
1239293883135283200
1239293881113608193
1239263231727861762
1238944286139453441
1238928772067479558
1238572598839201795
1238534082029551616
1238504568138366981
1238504567026913281
1238504565227618306
1238459806882684928
1238438797987196928
1238225659908014080
1238191766618230784
1238191764235837442
1238191762839154691
1238191760200863745
1238191758682525698
1238164423056949249
1238134597696847873
1237883502194053120
1237872231834767363
1237870951468945417
1237870949493399555
1237870946788110338
1237870945013886976
1237870942946086912
1237870941562159106
1237870939930382337
1237870938118426629
1237870936449118211
1237866602525126658
1237790456823443457
1237740773891866625
1237472802242015233
1237472798861332480
1237472797523349505
1237472795417817089
1237126062355755009
1237114736006893570
1237063694930018304
1236724025033883652
1236464957983776768
1236374227227459586
1236355477916864515
1236010182293041153
1235677740306550784
1235323689513684996
1235232443998900224
1235219339160231936
1234977411621457920
1234943257479647232
1234936001736343555
1234879815997706253
1234589893789134854
1234540389115277313
1233515936939900928
1233498956614848512
1233471370203484161
1233421882977914882
1233141981125189634
1233115160698642433
1232801729449775110
1232796610427531266
1232422851820638211
1232400930550829057
1232378732037406726
1232345203685675009
1232051912209510405
1232012389840756741
1231995956888993792
1231252822835986432
1230933670451695617
1230609421530779648
1230598063095525377
1230561824803717120
1230239527324856327
1230230376527863812
1230173316385775621
1229836128519434242
1229518766607937542
1229496802946244609
1229491208625565698
1228811982704402433
1228403628811210753
1228373396276367361
1228046866509594630
1227639466111774721
1227345787614613508
1227329064257630208
1227000587390201856
1226954806025211904
1226920078039506945
1225832971275554816
1225818236844957698
1225563743335129089
1225535204888129538
1225522231947735048
1225499644140179456
1225426089557790720
1225199622773190656
1225160153739206661
1224875272287047680
1224840786560286722
1224739476989259787
1224459311415463937
1224459310299779080
1224395203521523712
1224349227490463744
1223782085971922944
