1286049958777348096
1285993454711918592
1285636342580424711
1285361685172064256
1285244837629845504
1284871845691273217
1284551126927290368
1284235629174222849
1284170956643037185
1283844996886478848
1283814210028240901
1283561274513620992
1283503312495509509
1283503080869257222
1283137735931248640
1283059909811007488
1282843510719172608
1282843403009421313
1282843200151928833
1282706067604992000
1282389025869844480
1282059472458768386
1282019524787617792
1281634601631313921
1281634540461584385
1281634352581890048
1281346219202076672
1281282267910832129
1281282030861340672
1281256546849091584
1280952360928309248
1280899886011965440
1280612749395939329
1280612526372208640
1280612420562518016
1280612286734848000
1280258462690062336
1280171242734022657
1279546679360811008
1279446851905716224
1279177326228434944
1279070541396144128
1278814388355338240
1278814283384582144
1278814190191312896
1278813800200716288
1278813707892490240
1278813419047542784
1278791711917895680
1278702305005588480
1278396442558607365
1278396157438255104
1278396070897152000
1278355651995906049
1278079052947918848
1278078805018476550
1278041644701380608
1277726240179273728
1277265358429159424
1276644026465136640
1276582156706308096
1276284318541742080
1276284136144039938
1276249765122961408
1275948583930322945
1275863291177234432
1275631697850032128
1275556716403232769
1275476861863133185
1275191623933063168
1275148750948716544
1275084068808323074
1274460558251573248
1274352873489305605
1274027126585307136
1273992047830028289
1273696523511984128
1273696162944446464
1273695518766448640
1273431174728171521
1273363721306292224
1273363624484933633
1273363451969060865
1273363339549093888
1273073627190050816
1272983648216559617
1272983534030876672
1272983375612006400
1272670714248617984
1272569161697447936
1272351583225868289
1271946608502960129
1271876142694203393
1271466965844889600
1271247011715493888
1270858828725149697
1270734217148686337
1270470724495437824
1270392379300655105
1270069100891394048
1269319297769209857
1269304798316130306
1269114783883685888
1268984577206349825
1268952663372075008
1268672006238552064
1268671849803575296
1268671763463811072
1268263995535810560
1267921756200689664
1267858543723462658
1267551322187763712
1267208758653931520
1266512062122876928
1266479091131117568
1266130589653929984
1266130502555181057
1266130372032487430
1266130284539375619
1266130236057415682
1266130144650903552
1266130060005617664
1266129950358171653
1266077216091168768
1265725488221179904
1265681123163561984
1265371556386992129
1265320780696399873
1264940057992982528
1264939902820442112
1264629937094287360
1263984728652177408
1263942934312992769
1263865689489592320
1263640438251982849
1263548357588336641
1263279815483813889
1263158898149617664
1263130820253896706
1262878588019159046
1262878517420679168
1262877921632378880
1262877365408903169
1262877276401631232
1262806325160898561
1262459059149500416
1262407984165969921
1262093604169760768
1261746780263215104
1261433063457751042
1261368354620620800
1261318931576324101
1261049044601761792
1260954672266788870
1260710575459364864
1260263300408827905
1259965652023955456
1259873742097797122
1259554647997444096
1259206210697322496
1258803508653879297
1258603754485477376
1258596997751341062
1258518267070562304
1258518076074520576
1258449551679082497
1258204715189321728
1258085187155447808
1258046741837824000
1257780827871539200
1257780553685716994
1257726878435008512
1257726633839955969
1257446975756173315
1257446744083791872
1257367886819098626
1257003595368558592
1256682970477326338
1256316907096961024
1256259138453151748
1256002025931722753
1255896441802743808
1255588484942684160
1255588371327377408
1255588257309405185
1255588162925031424
1255588044125556736
1255587684900167680
1255546663076159488
1255267119874347008
1255228290102636545
1255159719540346882
1254908746943197186
1254858686360465411
1254828425287626752
1254438262493442055
1254110680199774208
1253794461173219328
1253407588814708738
1253055416755355650
1253044360028975104
1253044261479526400
1253044128683720704
1253043791092609024
1253043719755849728
1253043391182471168
1253043133845172224
1253042876994318336
1253042639793844224
1253042400802385921
1253041832453222400
1253041551522951168
1253041101042143232
1252674908124884992
1252393763567104005
1252303678272229376
1252252481079238656
1251937691316318208
1251543305839493120
1251318024230932481
1251271710298406917
1251268864718987264
1251180402359713792
1250950129839820800
1250915723804766209
1250520746641653760
1250452803748630528
1250197423625916416
1250122552795488262
1249845973699850240
1249742370238676992
1249721965566296069
1249406883271553025
1249084939858890752
1249033056427663360
1248976550885646337
1248677397072756736
1248389295435419650
1248327668409323522
1247998644168445952
1247937180166545408
1247684426902810624
1247684299467321344
1247684082118430720
1247646096207171584
1247645979991392256
1247645915252318208
1247645675543605249
1247645477933166593
1247645399445196800
1247645306734260224
1247544693375635462
1247183778771955713
1246913863628423168
1246544215741313024
1246543953974808576
1246198792577101824
1245811671441887232
1245464432383156224
1245415951899619328
1245126146976395264
1244775637232967682
1244774907738640384
1244717527587946498
1244678128905129984
1244410611854790656
1244367148035629056
1244005534430138374
1243666942990286848
1243366611358081024
1243326006405902336
1243325883009495045
1243325810905210880
1243325623604359169
1243325323929726976
1243325119914622976
1242931358059528192
1242860107592949760
1242616590509604864
1242577581045682178
1242577464867471360
1242577312517742592
1242577192598392833
1242577092065112064
1242576987211755520
1242576878159847424
1242454422212325377
1242228001405669376
1242143528496459777
1242143297742581760
1241938185787039744
1241937926830706688
1241937711440650240
1241937450529722368
1241937097054810112
1241748274383446016
1241521267993227265
1241406507607973888
1241169804301463552
1241036202502803457
1241035864630673408
1240766322025226242
1240739210992046081
1240400215540224007
1240399837876621314
1240326281041870848
1240066908939943936
1239923931135369217
1239683507246358528
1239333728289091585
1239333534768066560
1239333442728243200
1239333354249437184
1239333189350350848
1238936499057377280
1238936233864130560
1238936136900206592
1238935943349846016
1238935557230563329
1238935496388009984
1238634132680232966
1238633837736804352
1238244980315115523
1238244902275858432
1238178624538214402
1237877758451019778
1237877652079276032
1237826819107074049
1237826611803611136
1237750254876819458
1237509809731035137
1236737957425381376
1236006622939320320
1235604421842632704
1235244609648742400
1234958594237333504
1234958364485931008
1234958013909176320
1234957513537155072
1234875552802254848
1234536088019988480
1233446284805042176
1233142775308095488
1233085313053908992
1232798931731369984
1232738238936174593
1232133774910971904
1232045081344897024
1232044931117568000
1232044830617829376
1230955214129098752
1230892219306889218
1230891744880840704
1230891530455355392
1230159403086536707
1229804088847560704
1228506487045013505
1228365402922606593
1228056837351596032
1227979734652293120
1227652397759000576
1227373892378841088
1227368833364611072
1227297509199892480
1227297248926552064
1227296901403332608
1226223916017954817
1225867866332966918
1225799621559144449
1225477340748296192
1224792157132742657
1224483334111129602
1224452536356102144
1224022138950045696
1223695029685800960
