1285996152941232128
1285991025945665537
1285694963049730048
1285666197741219842
1285654482173530112
1285269610065846272
1284341261600583680
1284159078072299529
1283904412012777472
1283904411320766465
1283904409164935170
1283904406866366470
1283904404542722048
1283904402915385345
1283878771200688128
1283837008717049856
1283496892844793856
1283188494588772353
1283188493368258560
1283188492185374720
1283153069878861824
1283120829362958339
1283115893040402433
1283104738980970496
1282716954671714305
1282368171844890625
1281789508816482306
1281700431043821568
1281690258703134720
1281371691789111296
1281343373563944960
1281309923444326400
1281266946046980097
1281000291639255041
1280995189633384448
1280913616854634497
1280913604523356161
1280894379259920384
1280635568473247744
1280617779096195072
1280617476263342081
1280587029797978112
1280577921367724032
1280533592796323841
1280296348990889985
1279448767322677248
1278843244189630464
1278843242851692545
1278843241853378560
1278812559068430336
1278801292064747520
1278782929083052032
1278710478080884736
1278499151324446724
1278486156724723713
1278486155311214592
1278441639665680385
1278441636238893067
1278386221257912320
1278122544273317890
1278109739356835841
1278096982549032961
1278013629757943808
1277672160278884352
1277649051933003776
1277258003775799300
1277238136301449218
1276674023758295043
1276647029372940289
1276641106369757185
1276621338199732225
1276582002259451904
1276582001554808832
1276581998908211201
1276581996630880257
1276320289048023040
1276307343878180865
1276297225635676163
1276286343362957312
1276267235531567104
1276250596014608390
1276247946695041025
1276239800308084737
1276225459928195072
1275924674971488257
1275924673859948544
1275912355512119298
1275902799646044160
1275850601407094791
1275624368542908423
1275576891034882048
1275568503609647104
1275568499352428544
1275568487822286848
1275568479333040128
1275568470663368704
1275551891305316352
1275521532639379456
1275460962976272384
1275195090395213824
1275195089044688896
1275195087014604802
1275195085173297152
1275195084288356352
1275195082354778112
1275195081260032000
1275195079037091840
1274798463138459649
1274784413214142464
1274759277387722752
1274421765754679296
1274416901943222272
1274392824771784707
1274076317181337602
1274013430601494528
1273778297919270917
1273737352402223104
1273737351076835328
1273737347050307584
1273737344886034432
1273737342587568128
1273737340784046081
1273691186536964096
1273633968999378944
1273415084866301952
1273415083977138176
1273396143313936384
1273370044173479936
1273355676731863040
1273300668216864768
1273060538411409408
1273060535764832256
1273035929041559552
1273014711118938115
1272990533741248513
1272951608557490176
1272633106294468608
1272633103144476672
1272609930919305216
1272576529961115648
1272278735694073856
1271882753793908736
1271882753093451776
1271882752279711744
1271882751482843136
1271882750673350656
1271548621847007233
1271505657531785216
1271235956088029184
1271235955173683202
1271235952376070144
1271161409020194816
1271149992590237696
1271131450432090114
1271131448330686465
1271131446174822402
1271131443385651205
1270881286857486336
1270881285225934849
1270839354622001152
1270817219128078337
1270797522777206784
1270797521804120066
1270797520872935424
1270797519946084352
1270797518951989248
1270549498968723457
1270470519737864192
1270470517825212416
1270470124139450368
1270116394730844160
1270087848117415936
1269077531124088835
1269077530285191168
1269077529446330368
1269077528586547200
1269077527818952704
1268981368026877952
1268981365212495872
1268722279870939136
1268722277505359873
1268722275307511808
1268722272799322113
1268665023645114369
1268655415669096449
1268616761164787717
1268294927303102465
1268240723473608704
1267961612234702849
1267633112114008066
1267578627928895488
1267550731336249344
1267531266091442176
1267328455298838531
1267291556177776640
1267276809432739840
1267272026957377537
1267270394542559232
1267229577941626880
1267174090470617088
1267174087656222720
1267174084753756160
1267174082904068096
1266888087788871680
1266832694756773888
1266832693733384192
1266832692504440832
1266832691443273728
1266832690294124544
1266542830907879424
1266542829867692032
1266542829184024577
1266542828357746689
1266485066881855488
1266455360744722432
1266450271737049089
1266414510035759104
1266148613593247745
1266145877384499204
1266120398266961920
1266102496038023168
1266079883161038849
1266031925086400512
1265825327772651520
1265791209429037056
1265791206958620672
1265791205469634561
1265779007527645184
1265758326177935360
1265710918660317186
1265706132133122048
1265443054455943168
1265429587346878465
1265362780917395456
1264950513449066496
1264599908507480065
1263951609505017857
1263951608615800832
1263951607810514944
1263951605491068933
1263603355835723776
1263279349584674818
1263151789504786433
1262839224325115904
1262839223322738688
1262839221707931648
1262839220063727616
1262806156621131777
1262785383059742720
1262558651459317760
1262537617955909632
1262497450897534976
1262473802996264960
1262426626333085704
1261799088363679744
1261463113016045568
1261436401851101184
1261417053476417538
1261062598574784512
1261039375606939648
1261014454931582976
1261014453841059840
1260977977854095360
1260955001964204033
1260746843052404738
1260729467044913155
1260679547155972096
1260679546182840320
1260679545360838657
1260679544463192065
1260679543653666816
1260385463036071936
1260307451426963456
1260280330222624768
1260017618154590209
1259946333084856328
1259929717731241984
1259555955378774017
1259526554448613376
1259262373145133056
1259162711989993473
1258896019938410496
1258883881870098432
1258873544068358150
1258517235645116417
1258437951358263296
1258239606543183872
1258225139495219200
1258201127473971200
1258147446003097602
1258139830124376064
1257802381649014785
1257744959966343168
1257691822584807432
1257689406233698304
1257416137811406853
1257404586924654609
1257404582558339072
1257404580557664263
1257404578733137923
1257136356649603074
1257136082954547200
1257020363893993472
1256376031688060928
1256363145846591488
1256343501660250112
1256336093667971072
1256276622623117314
1255900615353397250
1255886479995236357
1255886476643930114
1255886472780976128
1255886469496885248
1255886466216910848
1255886461397692423
1255886458126098434
1255615014590791680
1255575439021465600
1255562967036293120
1255282658709508096
1255264185174364160
1254944562721599488
1254887201856303105
1254824289880031232
1254809364491145216
1254453951950286849
1253825255094681601
1253775942742183936
1253775938916978688
1253775935272148992
1253775934429134848
1253753781252063232
1253722412585107457
1253704898568286208
1253489661067984896
1253475422244728834
1253380978891841536
1253135045377720320
1253121774344011776
1253107960504451072
1253076363671556096
1253066582240063488
1253027050153078784
1252777786630012931
1252752848808366081
1252752847856254977
1252752844135870464
1252752840545546240
1252752836900737024
1252752833402695680
1252752829531344896
1252752828591779845
1252752824988917760
1252748854258135042
1252707085994692609
1252681680621469696
1252633936343134208
1252401012121366531
1252371319879958539
1251982622646890498
1251982620088348672
1251982618918137857
1251982617269792768
1251875383022022656
1251857070254514178
1251597390282280960
1251567741154156544
1251283406995861505
1251269198984015873
1251235719097401344
1251235718329798657
1251235717570682880
1251235716782145536
1251235716010397696
1251235715179900933
1251235714294923264
1251235713414123521
1250955633358069760
1250955632661811200
1250955632020123649
1250955631265107969
1250936670842613760
1250936670184062976
1250936669466853377
1250936668753805312
1250936668086923264
1250936667436756992
1250936666715348992
1250915584574763008
1250898563871039488
1250545633582174208
1250525956336312320
1250211006648709121
1250150859729539073
1250136773352517632
1250105913035206656
1249824735904403457
1249813866424365056
1249813865715519488
1249813864796979200
1249813428484669447
1249804700360134657
1249796122576433157
1249777161549967360
1249777160891461633
1249777160031633408
1249777159339511808
1249767339534368768
1249465622980743168
1249440366605897733
1249390048140611584
1249375252364161024
1249375025578139648
1249086922103848964
1249041505500577792
1248764256813600770
1248764256117338112
1248764254611595265
1248764252396998661
1248764250257911809
1248764248378900481
1248764247317737472
1248733633541574656
1248710624462254080
1248703276079443968
1248675114809323521
1248643329199202304
1248410540705079296
1248403859145293824
1248403858151235585
1248403857408847872
1248403856632889344
1248403855794032642
1248381072166944768
1248363073066262528
1248352927078445056
1248342671229214720
1248342670071574528
1248319911484510208
1248305236646608896
1248054896458207232
1248054895132827648
1247994355928850432
1247994354897022976
1247994354070773760
1247994353097691136
1247661995316269056
1247653014963245057
1247621200005623808
1247621198600499202
1247621196973137920
1247621195882627073
1247621194288738304
1247621193013719041
1247621191545708544
1247615845959782405
1247612980847472640
1247592707603566592
1247554577320144898
1247372737409994753
1247279443753578496
1247279442755350529
1247279441736167424
1247279440725336064
1247279429312630784
1247277205194850304
1247270821514473472
1247234402502860805
1246914631928438785
1246872882732384256
1246872092206718976
1246786605571919872
1246541793895657473
1246203030808059904
1246203029990211586
1246203028631195648
1246203026416652289
1246203023962943488
1246192579944878083
1246192346170941441
1246078982165901312
1245899414138322946
1245866873893171205
1245866872857186304
1245866871871557638
1245866870785245186
1245866869715697669
1245866868771926017
1245866861998137345
1245864360657879041
1245856508761391106
1245819215539400705
1245800405331660804
1245798103430520834
1245797245267537921
1245796528142159872
1245795818193338368
1245795019589431296
1245794589702684672
1245792796348272640
1245791649554239488
1245790904150974465
1245534148380385281
1245522017941504000
1245479498037858304
1245458909671780352
1245446670671740928
1245437327087792129
1245410391980564480
1245385912025886720
1245133143322980352
1245124653372207104
1245124535264792576
1245079724772085760
1244809868562673664
1244785844579266560
1244762807746228229
1244762807087710210
1244762806273994752
1244762805477105665
1244762804889907200
1244762804160086016
1244762803358949376
1244732325113421826
1244685349378338821
1244670178064863232
1244311561738412032
1244293021404815360
1244257609055473671
1244053402645958656
1244004876876533761
1244000852299247616
1243750668608745472
1243731525008388096
1243689492105400320
1243663696770916352
1243663165956612096
1243649413102239744
1243649216871682049
1243649036462092289
1243648643942367232
1243648458256347136
1243640235528863744
1243552241467834369
1243381310086774784
1243309494668423169
1243309188056399873
1243308962516103169
1243308219243495425
1243308074321895424
1243307675640725504
1243307135628242945
1243306792232177665
1243306439147278336
1243306363834392576
1243298899114131457
1243237794895413249
1243236861339824128
1242950389260881925
1242689616215289856
1242601696552878080
1242577266179112960
1242577077255032832
1242552633639841792
1242552385844609024
1242552185289715714
1242552045233569792
1242551852522078208
1242526975056433152
1242518868788006912
1242510921076883457
1242492994021806081
1242311367228444672
1242267557295321090
1242250754498289664
1242250645559640064
1242249905185288193
1242249649911508992
1242249343391772672
1242249195244761089
1242248691882135552
1242248502521901057
1242248344694444032
1242248205938462720
1242247571948441601
1242162523064995851
1241865975357558784
1241838478351949824
1241838407250087936
1241788955428663298
1241788954262646784
1241563345880117248
1241562936109199362
1241505423259099136
1241167060173860865
1241166818590339072
1241166662465798146
1241166403287126016
1241166125074767872
1241165967704485889
1241147117755756545
1241074419654508544
1241074049943367680
1240833373276258304
1240815536381915136
1240782764573483010
1240773156270301184
1240765527028449282
1240722624163930112
1240716996691382272
1240684606619136001
1240666016725651456
1240436294502629376
1240421464437714944
1240405470894006277
1240400958238142468
1240400751593238528
1240400549679443972
1240400368456130561
1240400236532637698
1240399197440016385
1240398952157061120
1240398785613873163
1240372825409511424
1240304182000640001
1240141494171860992
1240104571772350464
1240064241970769921
1240055631660240896
1240038936212193281
1240038307863486464
1240026435235930112
1239989295198261248
1239970834841665539
1239737994115821568
1239735989683122178
1239723516435607554
1239722821044932609
1239693077167476736
1239692348918878208
1239679924664823808
1239646233666269186
1239629139927126017
1239627291354730496
1239614658329350145
1239377421654093824
1239376771817955328
1239376580729700352
1239376373430403072
1239376248335265794
1239376136129282048
1239295444418584577
1239259060240711681
1239258864987435008
1239258739489656832
1239033463509889024
1239033160190443520
1238927596550684672
1238703414118211584
1238589295071342592
1238567840329773061
1238567573777608704
1238566979411181568
1238566507178680320
1238566423896580096
1238565010839752704
1238547643485179905
1238533634811777024
1238527022529253377
1238517999922888704
1238314287237496833
1238313992835088387
1238313799083413505
1238313699397341184
1238313319271772161
1238313100983406592
1238312968095281152
1238312759852318720
1238312506260516865
1238312293722513410
1238284905517182976
1238270318302511106
1238253809882857473
1238239435507912706
1238221381805850624
1238210488820854784
1238210251674882048
1238210119868878849
1238209912104075265
1238188769297092608
1238152003311697920
1238143585276424192
1237920238693318656
1237904573156610048
1237891484352798722
1237874887852560385
1237851427742953484
1237845652438020102
1237793599816794113
1237792851133530112
1237792262542602246
1237792023043665920
1237791303527628802
1237791115782131712
1237775563424579584
1237482193443680256
1237416476392353792
1237416286402908160
1237413712345980929
1237411827438370816
1237221720756342784
1237175786345394176
1237174510836518912
1237163273193062400
1237152227422158848
1237115221606457344
1237114924419002368
1236775339818246145
1236774758911324160
1236774517181001728
1236631954654560256
1236425969193254912
1236085732038471680
1236074601332928512
1236073972766109697
1236053588687728641
1236019276122906624
1235987399747878912
1235767050917883905
1235738666959433733
1235684977284530176
1235648471132069888
1235635435277185024
1235280671263715328
1235226580533882880
1235226132863057920
1235070936488919043
1234967987347582976
1234631337564180480
1234617702938898432
1234607510876639232
1234529405394796544
1234248768955899905
1233858902027984896
1233855791091707904
1233822794325954560
1233620465844776960
1233576334737072128
1233575737535254528
1233575203671724032
1233574889728004096
1233574313497808896
1233487963549569028
1233192565727350784
1233187194807808000
1233120238209650688
1232763973654568960
1232727752052076544
1232727610649526272
1232483874594160641
1232062003805487104
1232061994406010882
1231371436125650945
1231356072511692800
1231343378102489090
1231021236290850816
1230991426793570304
1230714119071789060
1230650031264288769
1230213436769832960
1230192767524990976
1229902405145223169
1229858758940975109
1229858572953014272
1229829747607130113
1229569138588147712
1229482951982776320
1229474655888523264
1228480515780407296
1228403367925338112
1228134807349022721
1228133932027138048
1228131969046679557
1228131401137971200
1228130534875750400
1228129966744719360
1228069535044927488
1228049279811342336
1227725459372118016
1227636318416453632
1227450510225104902
1227314179347972103
1227295132992491520
1227029741351235589
1226954526143287296
1226922684681867264
1225935151374323712
1225901085321097216
1225877112332025856
1225871965044428807
1225857358854647811
1225838118810480640
1225615917872119808
1225615797965316097
1225563870116405248
1225522650023219200
1225522649016651776
1225490772297998338
1225209214554951680
1225189944366227457
1225173085638127617
1225125669731880960
1224809937097785344
1224766089277526016
1224408644667629568
