1284567752368287744
1284473185451364352
1284197029543948288
1284196952624619520
1284196838472466432
1284187021565542400
1283107418994438145
1283107029494595589
1283099258124554241
1278391776957456389
1278391624557400064
1278391503467900928
1278391114228051968
1276582633850322945
1276582483589427203
1276582420343435264
1276575233407725570
1275892459273195520
1275892395377225728
1275892289584295942
1272597659769909248
1272597514877714432
1272596740416270337
1272590122261733377
1271505653534732288
1270069505801084928
1270069330600845312
1270068396093104131
1270054792539168769
1265793049906622471
1265792979576532997
1265792891596783617
1265716184562843649
1265715958158520322
1265715741526945792
1265664158432759814
1265340420692688896
1265340348621971456
1265340211485044736
1264924612208594944
1264924575114158082
1264924471804207107
1263907060971757568
1263906458996899840
1263566721736048640
1263565922133872640
1262814143305809920
1262814053715439616
1262813941022904321
1262813812194856960
1262461586578391040
1262461503627616256
1262460604037517312
1262460500173963264
1262453544482791425
1262453390895767561
1262453182866677767
1262436982182916096
1261362846878720001
1261362771414806533
1261362616334561280
1261362551876513792
1260231651109502976
1260231616095490051
1260231547698937856
1258842631750156288
1258842552775725057
1258842409666043904
1258842289838927873
1258842034229706752
1258841829589553154
1258814964841750528
1258431783584116738
1258431703821029377
1258431491916390400
1258431420575465472
1258431127427178497
1258393630773071873
1258107049268912137
1258106934382735362
1258106789305950210
1258096338555809804
1257395343777501189
1257366105074606082
1256317939445198849
1255618462698795009
1255616609705586688
1255616437206441984
1255616134558085121
1255616077175742466
1255556955331891200
1255244919964413954
1255243526260109312
1255242541248716802
1255161821721358340
1254828849172566019
1253796940153643009
1253742980172615680
1253404722096193543
1253404615690903556
1253404011144896513
1253403884032339969
1253369284027453443
1252984063285231616
1252694729109708804
1252694582455930892
1252694484900601856
1252694394454540288
1252691904111624196
1252654896911810560
1252293117191032833
1251297179177754624
1251209167202684928
1250875773684273153
1250865210593808385
1250865030989570054
1250864937724977152
1250844551616573445
1250790416858836992
1250553159606505477
1250502760442691584
1250478339535429633
1250475458157613056
1250120165670387716
1249753012051968001
1249355394654392323
1248962918311497729
1248745237268201472
1248745161808416768
1248745089603522561
1248742944460271616
1248677009183531008
1248640503370772480
1248349896182083584
1248310862005272577
1248038869511135232
1247904568534388738
1247609420978110464
1247609375063019520
1247609286504538112
1247609204812083201
1247498294521192449
1247184645105414144
1246565356501680128
1246565268660326402
1246565188318498816
1246202715237048320
1246202593635786753
1246202383316602880
1246091903994454017
1245816800941617152
1245729731749638151
1245716118817267712
1245427776758231040
1245427653135355904
1245427566715875330
1245373596416872448
1245110246403477504
1245087157049593865
1244723778245890048
1244723710176538624
1244682146825953282
1244678093534445574
1244677967080374296
1244644682430324741
1243665394264682496
1243665060486094859
1243644979383173121
1243644873703448576
1243644834696425472
1243619332250271745
1243561994986323968
1243554904037195776
1243519406526926848
1243519324436025344
1243519158769287170
1243294864789458952
1243279186963374081
1243278962442133504
1243204996080062467
1243198422108143616
1242848781067931648
1242836101028446213
1242521384561061888
1242518431045476362
1241437820218204160
1241142147937689600
1241094765522771968
1241094719637082113
1241094383836905472
1241031463916584961
1240719784284545024
1240719688541147136
1240719472723283974
1240715459172790273
1240715369649594370
1240715301995479040
1240663067785957376
1240659139023360000
1240308126844203008
1240307946388484097
1240307834715164672
1240307767258341377
1240303122968465408
1240103923341381635
1240097515015266305
1240090161326592000
1240013651655815168
1239965520272617478
1239706704243118083
1239706583073841153
1239706162108313601
1239706042994266112
1239705757123108864
1239705708737617922
1239705631990243328
1239693149842239488
1239690611818561536
1239338721104793601
1239218415681695745
1239191947325116416
1238166402046947330
1238166274909163522
1238166183032971264
1238165844187725824
1237892123564716033
1237770297006227459
1237770218069508096
1237476524489691137
1236294112686505987
1235039844109299713
1234602024949313536
1233485785875308545
1233484848217673730
1232773696772804615
1232380845471584258
1232380635592806400
1232081247884709889
1230883933719605248
1227674895284342784
1227255288283246603
1225708210063052801
1225193475387338754
1225193381732765697
1225113455725809664
1224407140535652353
