1285943268237357063
1285943090025574400
1285930848282390528
1285675914299351043
1285654823782809605
1285647321183727616
1285638557701419009
1285594770274951168
1285553453587222529
1285349788473593858
1285313227212107776
1285286748579344386
1285258609052483585
1285197122627829761
1284958017440620544
1284562645543276545
1284541602241949704
1284336977987469312
1284336976993320961
1284249551168319488
1284176983354638339
1284142565017759747
1284089963940843521
1283887174950297606
1283882874983403521
1283882874312241154
1283882873666383878
1283882872655482880
1283794952896614402
1283565572035358722
1283561377173516288
1283561376036913153
1283469382702764033
1283456071949004807
1283428591523463174
1283202621424230408
1283188503036272640
1283121616977891330
1282847493865312256
1282809521266663426
1282802265242456064
1282777328645537797
1282776906027466761
1282765950069219334
1282738982909026304
1282313213833551879
1282304378645491713
1282011689446264832
1282001139035242502
1281712405718990849
1281703017264427009
1281703016580747265
1281703015213412359
1281670024378429441
1281658903697199104
1281619462714793985
1281597234304425987
1281309989026574336
1281300890180296714
1280858893896290304
1280674418474311681
1280673687377756161
1280669552255401986
1280669550749548545
1280600826424233985
1280566428236754951
1280549677683871747
1280530406283116551
1280299701431160833
1280233847209316353
1279966502989545472
1279930658815643648
1279573039894663168
1279419187505528833
1279069844353269760
1279046795390320641
1278855037016571915
1278816233912258560
1278810925462585344
1278806982141640704
1278788901465923586
1278748148190642177
1278695163649503233
1278663222967574529
1278658096982822916
1278470690564386818
1278443707822415872
1278349607358148609
1278089152786038788
1277953847747543041
1277718035739049985
1277700398401368065
1277673712880365568
1277668980245790720
1277661096296546304
1277641037406748672
1277402887786807296
1277035675213115393
1276636796730912768
1276614469238620161
1276607427459321857
1276598066561286144
1276539015240572932
1276503773872037888
1276503773091897344
1276236446144311296
1276236439693537285
1276224148197584898
1276223172308852738
1275908084611850240
1275792418764447746
1275775884088283136
1275528789435580418
1275451588350316549
1275441081975365634
1275403756738355202
1274843650896408579
1274763888073072645
1274046957309362177
1273984133014925312
1273719781120708610
1273674188759478275
1273669784429887490
1273664735548968963
1273627597738565632
1273280872465215488
1272983929352486914
1272983927985143810
1272917714928099329
1272871613688623113
1272314535030992898
1272216503082004480
1272200908483579905
1272167624705748994
1271942513079791617
1271942511003602950
1271570091445039115
1271455256669536256
1271449967610269698
1271445432414154752
1271441389860118528
1271190057546854401
1271176309453000704
1271162976104579078
1271130571754950659
1271067193766227968
1270825051546411013
1270823340400431104
1270770884148711425
1270411415921332225
1270106557704032256
1269975591463387137
1269741901604937729
1269701592716136449
1269643276639965186
1269625327162134531
1269345372356464641
1269257785344233473
1269040330130759680
1269023864106954752
1269020372642521088
1268916389315837952
1268893147469316096
1268660968151756800
1268660965991727105
1268660953786220555
1268660941085913093
1268660932575662080
1268554862620442626
1268548517234163712
1268530908417724417
1268341201318617089
1268333316920483840
1268308105273589760
1268277431724658694
1268264348226662402
1268252295525007368
1267989484785872901
1267964114351132672
1267874549397442571
1267588091516276738
1267573686451802112
1267573685298348038
1267573683914190855
1267557783748186115
1267529329531129856
1267520870672732161
1267276372990361601
1267264335165915137
1267242548155887616
1267242113382653952
1267236544118751232
1267231393467244544
1267219771780730885
1267216491537104897
1267197897348714496
1267184962580680704
1267180451963244545
1267169583129075716
1267169377889247232
1267165371234234374
1267152987430047746
1267118713343533062
1267072305198436353
1266938437984288769
1266933522863980549
1266933515238748162
1266920420139302912
1266915501650968576
1266909560897486849
1266909078829387776
1266884273061138432
1266878149796773889
1266877137660923906
1266844491824201728
1266820613034987520
1266769036198674433
1266609673404403713
1266582531308048385
1266582530234482688
1266556409413603329
1266556408490754054
1266495932952174601
1266400024415678464
1266379995913617408
1266372817047547920
1266366154542587904
1266355152212156416
1266352437381795844
1266351491117469702
1266346342089187333
1266156023598940160
1266046741859762178
1266010240656510976
1266008747819892737
1265992536251908096
1265983361689976832
1265817666947878913
1265745352356958208
1265736765337473024
1265671560951738368
1265637395434819584
1265627048690831360
1265382249006055424
1265309060938727424
1265278545628221440
1265264352472567809
1265048196776165376
1264907069246836737
1264623569729925124
1264236289307615232
1264186606279446529
1263989367397388293
1263960451429400577
1263926117553115138
1263905361268015106
1263897941569396742
1263888879574290432
1263853461780692995
1263836890463158276
1263827463911682049
1263587412019605505
1263527741342855168
1263481458817224705
1263442472602132480
1263178384881913858
1263176195845361666
1262826114554224640
1262750648237342722
1262516732809412614
1262437842636111873
1262377910394118150
1262074086336978945
1262054074364682241
1261815561371164680
1261716083406524418
1261674288291119104
1261669723198144512
1261661881871319040
1261651965529989120
1261633365498908672
1261398640611872769
1261358568093016066
1261351385141927937
1261331228558610433
1261309533701447680
1261298468527706112
1261108727555469313
1261078150341111813
1261077401771151360
1261028987431784448
1261020407781605376
1260992860373090305
1260671280518397952
1260618685003243522
1260600776327598082
1260595108929507332
1260583394687307778
1260570001548939265
1260565591339008006
1260560492625625088
1260552866160414720
1260340305242587137
1260314499124469760
1260300156798472195
1260224242714644481
1260197296559579136
1259961856132866049
1259902332558606339
1259870683145949190
1259648140623466496
1259550508810932225
1259500588863238156
1259477583240069121
1259267335392825347
1259137212643454977
1259131909818507266
1259124120954048518
1258848708751429632
1258819209532002311
1258788218906034177
1258770336805539840
1258558924254519298
1258554675697258496
1258497847525289985
1258493644883079169
1258464266107211779
1258464258477744129
1258464251972333570
1258458033707012096
1258458031559512065
1258400968728875008
1258379769026170883
1258155642663038976
1258137953584496640
1258132747488501761
1258100535779102720
1258054858294386693
1258033734223355904
1257852741000613893
1257849561260929032
1257839549796974596
1257777299606429702
1257701562903924736
1257680308809457664
1257455113356140544
1257433257265827850
1257408694003929092
1257373624580952068
1257336260127055873
1256948430561296384
1256919208908271616
1256910672681631746
1256627277229686784
1256580928769490945
1256347753019473920
1256318977061515266
1256306601545338881
1256302943080525829
1256282460788318214
1256255984454062081
1256255963050491910
1256255952250114048
1256255945014984706
1256006925482954754
1255996412686450688
1255996402901094401
1255927918888394752
1255920626365325313
1255835720369004545
1255587299825459200
1255488696238968834
1255488511358177280
1255261171483054081
1255216634358358016
1255216630545686529
1255216628251402244
1255216626703773697
1255216612862504960
1255162475890315264
1255145566125780994
1255118077076951040
1255117806548520963
1254907191359942656
1254900050330861568
1254900049601060868
1254831169767723008
1254772605329891330
1254168754155593730
1254080581761208323
1254047659855355905
1253828234929737730
1253827251533238274
1253813307976212480
1253813089285410826
1253812253796769792
1253800103279833088
1253736686380597253
1253735690954825728
1253733065312088070
1253726843665932289
1253679066802200577
1253507141165555712
1253489403130974209
1253489401855987712
1253489400882827265
1253489399758761986
1253489398420733952
1253466556950097920
1253442593914007559
1253397466868862976
1253391722597568516
1253375969462755332
1253375263435558913
1253367191984050176
1253366034775642119
1253365855704027138
1253365854819016704
1253365853762007040
1253365852843520001
1253365850284982274
1253318801535500289
1253106411673968651
1253106411074093061
1253106410273017859
1253089322494025728
1253082802712707072
1253081359192592387
1253077764250505217
1253051985168945152
1252964379252985858
1252945356222091264
1252708223154601984
1252609171700305921
1252363782241701889
1252339589945061378
1252339589047480325
1252339588162637826
1252339587269095426
1252339586291949568
1252329761671647232
1252292147199565826
1252245294542094337
1252238098811047937
1251949028427935746
1251878169025667073
1251877926213242881
1251877583186210817
1251658042258718722
1251650002872610817
1251610635386998784
1251610616999149577
1251595267935215619
1251595096493035530
1251566240063262726
1251563850652155906
1251508523646832640
1251508492915089409
1251508305438146560
1251506172408061952
1251285212958461952
1251282691892412417
1251281883373146114
1251276608608120841
1251276607412744192
1251276606078881792
1251276604032122883
1251252020323012610
1251218597533429761
1251148611817107460
1250930524769697792
1250930524031516673
1250930522861297666
1250930521858871297
1250929178796589056
1250585952315158528
1250582873876332544
1250574258985676800
1250539063070928897
1250539061762232323
1250539060755599361
1250531789061455880
1250531564183838720
1250526976915505154
1250526116999299073
1250517876689305601
1250506382186557440
1250501721740148736
1250500285308559363
1250438769003466760
1250190471110037504
1250188316537950210
1250158067842461698
1250083758755270656
1249845249037434881
1249842007356424194
1249811275422498819
1249776093810262021
1249757780501766149
1249723717892149252
1249723034795155456
1249702216111448065
1249702182720593922
1249693929563398144
1249675979750027264
1249675753572229126
1249673136716632065
1249655722196992002
1249474512434987015
1249424543783018496
1249420353153249280
1249412349074776066
1249342600777170945
1249165752806096896
1249063158179921921
1248982619074842625
1248953830600998912
1248716889045549056
1248682913840992256
1248677873491247105
1248666724699910144
1248643349587861506
1248636360921145346
1248620955494039552
1248608699041501184
1248394003130662912
1248373557157036032
1248342607173947393
1248302735423934466
1248302096123912194
1248255014700793857
1248226678901477378
1248049710679691266
1248049513102802946
1248030202858438657
1248021708650491906
1247970178337509376
1247970118442893323
1247892455480909826
1247888396006993921
1247656223438254081
1247610027092987904
1247607211075014658
1247541745711120387
1247521634937757696
1247499007552819207
1247302840063852547
1247273629232041990
1247237601565839360
1247208757299470341
1247208756414500868
1247208754661208065
1247208752744366080
1247208751758745600
1247208750726995969
1247208747459543047
1247200040797573125
1247188566049988608
1247179057168613377
1247126360008667136
1246962518683193349
1246960815082819585
1246919020072370176
1246891637416001536
1246883809674571778
1246879634588864522
1246879313351389185
1246599888906989568
1246569145413574656
1246555160358334465
1246499433694535684
1246494284850900993
1246489297693392897
1246419123409649665
1246409873648234497
1246252419127947273
1246236298727297026
1246197027140186113
1246190120912502787
1246190119926878211
1246154042272866311
1246107902621949955
1246081550950809600
1246079588897341442
1245863422006157312
1245852655261380608
1245840538340900866
1245435470844215296
1245379958605852673
1245374119597785093
1245360796852510720
1245356182073720838
1245352852601614338
1245335489089024000
1245322834706149378
1245164135588954118
1245117775259058177
1245083927850692609
1245079709945417728
1245064221597093890
1245052342191472649
1245047727937015809
1245045819952238593
1245045660405161990
1245044593764315140
1245035605207244801
1245021748581617664
1245003754476355586
1244997570793005057
1244964918631292928
1244800814415306753
1244800775890534401
1244788439427538944
1244742896475156480
1244727736528187394
1244715175560851457
1244712261995958273
1244711500167761921
1244668906465304578
1244625625975083009
1244603692394913792
1244355899726221320
1244345040119443456
1244295895883157506
1244281701318176770
1244007990912581632
1243924029888749569
1243901194340360194
1243683064854740994
1243682658149900290
1243645712954466305
1243605098112188417
1243586014267965441
1243576037109370881
1243564768725794824
1243564767178043394
1243543229506760707
1243531670965366785
1243343946971074562
1243323259053060102
1243244305671692290
1243219437383278594
1243212240389656577
1243211223140839425
1243207608363880450
1243198971545292800
1243198442261942273
1243166659512320003
1242956069560778752
1242882322250321923
1242877275428847621
1242840504364040192
1242825695753052162
1242788724771037184
1242633391360684042
1242616454282907649
1242584572291887107
1242562277452234755
1242462348813746178
1242202040505376775
1242200725536608257
1242199457946652672
1242198233348268036
1242196957302525955
1242195685333753856
1242195125159198724
1242194474832400384
1242173555514773504
1242141345466245123
1242140688654962695
1242098726233149442
1242076445394042880
1241889440806522880
1241867039515521029
1241771936222502914
1241458018375663618
1241382889687789568
1241109105487552518
1241108766621343747
1241066547130572800
1241006367839850496
1240763452567797760
1240753708729843712
1240721841192345601
1240717392445157376
1240678146787196929
1240677996710813701
1240660585492230144
1240451280511909888
1240411908588670979
1240399280332050433
1240398015908786181
1240373175042674689
1240373088048594944
1240368653427707907
1240326395122900992
1240324910406348806
1240300159994662918
1240284313716957185
1240281559573372929
1240279149186605056
1240277941545766916
1240262507740237824
1240250005895745537
1240230982583754754
1240082233068838917
1240069150690750465
1240068595897556992
1240065699290189824
1240064640249454594
1240049895622488067
1240038586059313153
1240037974714220552
1240015231327391744
1240004395984658432
1239999671365521408
1239999647395000320
1239998923323949056
1239974656808873987
1239715657790492672
1239702921102663682
1239681897518768128
1239646136085946368
1239637385958350852
1239588262139879426
1239587919171649539
1239585246514905089
1239581646938148867
1239580907616571392
1239578701865652224
1239532979556409345
1239531270482296832
1239530814095884294
1239520752535207939
1239517114836357127
1239374177423015941
1239374169017593856
1239374168161947650
1239374167331475458
1239374166329118720
1239374165473402880
1239374164689145858
1239374163636301829
1239374162604560384
1239374160327069696
1239369715673423874
1239358933044727808
1239345538354593793
1239322166761525254
1239261546108399619
1239220174483488769
1239213216338792449
1239177645658648576
1239177588070912002
1239174052964634625
1239173825281110017
1238953964034560006
1238938326289260544
1238895007538479105
1238876704153767938
1238859920239460352
1238835907316375552
1238815640745631746
1238815517466595328
1238637766042439681
1238605329455370242
1238575829233393671
1238467013581905920
1238297381768179714
1238229948730683393
1238221096891092993
1238180638521536515
1238149782985674754
1238149782150971397
1238142955287916546
1237912394128556032
1237906883366789121
1237878964867104769
1237860970459852802
1237860967628697604
1237771972685303809
1237739812066594817
1237574158533328896
1237562736617213960
1237195943117828096
1237189452713394176
1237082675996954627
1237053012482408449
1236991976005873664
1236839000931012615
1236641297387094016
1236641296284110848
1236641294388277248
1236641291959746560
1236641290198155264
1236641270124228608
1236468795033694208
1236396428890685440
1236327595060461571
1236313825730801664
1236306243695915008
1236088469862129664
1236065359066804224
1236052928999366658
1236028452236603392
1236021693346439170
1235938143616016385
1235935370803638272
1235925990079180806
1235717224628768768
1235690209322455041
1235620596396044289
1235300401437700097
1235206820899237892
1235197464296280067
1234986588729266177
1234923169045237760
1234913733790617600
1234871016561823744
1234818199453077505
1234687591246680065
1234687589342420994
1234687577141190656
1234687575706697730
1234687572762406912
1234681317322711043
1234675086516346884
1234657008248348674
1234565648598126592
1234543521304137730
1234528188249903104
1234503918132113409
1233770137012101120
1233535488297984001
1233510298369318914
1233442405858365440
1233442404671348740
1233442402771329030
1233121637542879232
1232829014387122177
1232817664541720577
1232759148430929926
1232674443891236864
1232459166523908097
1232459097682870272
1232046911173120001
1231998999521038342
1231950921980162050
1231248094521589761
1231228013456523264
1231204174785916930
1230925160338927616
1230683081910165506
1230617555955539969
1230597148577849348
1230516868915585024
1230494045807562754
1230478795846701061
1230311351798706176
1229873613366493185
1229868437314383878
1229859758334791680
1229834756029853696
1229796431491469313
1229607803054120962
1229516073281687553
1229481483284336640
1229393396046979072
1228744351251156992
1228693086513115136
1228343897237196800
1228123974376267777
1228066130461437957
1228066129664499725
1228066128938885135
1228066128037060609
1228066127156305920
1228066126011260941
1228066125239418883
1228059487552114688
1227994562804666369
1227691271013179393
1227621275931156481
1227595260219490309
1227315040430313472
1227310121052753920
1226974843603767296
1226864223814287361
1226534174057693185
1225787628529815554
1225780541926133760
1225579135780696071
1225149710509449216
1224855170582044672
1224852851173855233
1224848941495345152
1224845199077187585
1224762047939989504
1224711391023697923
1224678595026657287
1224370759574937600
1223972513232932867
1223750031460720642
1223663687996715008
