1286013251319238656
1285955863664922626
1285735607646539782
1285695073301278721
1285693704246829058
1285587250642706434
1285583452243283968
1285334829500788736
1285298795354284032
1285283064797528069
1285271488422047745
1285260930893312005
1285225614987784194
1284985141366910981
1284912266270277632
1284900116248162304
1284610188633272322
1284339699016822784
1284252316170764288
1284250522896089088
1284250496199360512
1284189070982148096
1284174793000935425
1283894225428295681
1283892714866540544
1283891804652236800
1283852676124405761
1283846176870002690
1283807466917031936
1283561990753939456
1283557932253077504
1283448858920378368
1283183829621014529
1283078224789020677
1283060534758141959
1282809063537930240
1282796664609050624
1282770467539922944
1282754224019828736
1282754223117983744
1282754222295924737
1282754221264130048
1282754219951325184
1282439748636667904
1282439746413719553
1282086109783060480
1282078679380529152
1282044222254669825
1282042677924491265
1282042643090833408
1282042389360635904
1281721185869283329
1281675946488000512
1281675945200377856
1281671190046576640
1281648690612981761
1281638145256116224
1281619235009998848
1281619234175324162
1281619233223225345
1281395015629991936
1281395013918666752
1281370138772570112
1281368991764590593
1281348073898139648
1281284931604197377
1281240487316164608
1281240486053740547
1281236712635555841
1281229249962102785
1280985033000407046
1280985031003926530
1280964167629856768
1280950692002197505
1280950690844532736
1280948056146341888
1280919800810622976
1280911432557539328
1280907469552680960
1280881893169192960
1280881891961262082
1280625928633110528
1280625926959587330
1280583767061434373
1280583468141776898
1280528263136215040
1280522386035507205
1280293297664061440
1280257783896502272
1280216116753620992
1280214205610594305
1280202729193791488
1280169135268229120
1279885301897244672
1279875184485228544
1279874920671932416
1279540510944718849
1279537399152775169
1279473438789259264
1279466030792798208
1279173220415926274
1279173218796896257
1279146392275922944
1279120717217333250
1279084278081400835
1278822105056862208
1278815287026962432
1278815285621874690
1278766254325547008
1278740461306277890
1278740459272036352
1278713530129059840
1278713529059520512
1278712352381104128
1278712340821667842
1278485575348060160
1278463436108607488
1278385392723431424
1278385391725207552
1278334905110290433
1278333868278308864
1278104004988243968
1278092365815668736
1278051184306122752
1278049568752414720
1278037514037551104
1278028602261397505
1278001714604343296
1278001242162081792
1278001179704741888
1277990319263383552
1277990318189588481
1277990316000243712
1277990313890508801
1277741093073768448
1277728221547520000
1277726194738163713
1277661631535673344
1277660575628058624
1277627965593972737
1277385062435090433
1277347318614769665
1277347317130002432
1277323210069966849
1277323161554411520
1277312253604196352
1277018110218792960
1276924350948499457
1276921672533041152
1276921660243734531
1276657902623703040
1276622604695072770
1276553421986783233
1276553420959182849
1276297972284747776
1276296650307170304
1276296648830795777
1276296647383736320
1276271136590848003
1276270615373025280
1276270058012995584
1276266652120674304
1276266527440789504
1276266496994365441
1276266385920757760
1276259143003672576
1276176964487753728
1276176953960062976
1276170796277235712
1275926715336818689
1275848780961722372
1275848732509077505
1275833807900270592
1275833806801362944
1275833805283053569
1275833804406419456
1275833802762248192
1275560552190717952
1275492170078642178
1275492168870899712
1275465844663828480
1275193782426693633
1275190617279090688
1275155383665872896
1275142913756770304
1275088733545459714
1274831998746419200
1274766149939392512
1274764102821277696
1274485652176826368
1274373191406739457
1274167921699196929
1274167920768061441
1274119993001574400
1274079635236466688
1274065727448727553
1274015888937607173
1274010351416176641
1274010350317219841
1273768032838381570
1273768032007884800
1273768031114559488
1273768030053339137
1273764864658255872
1273749880368816129
1273718536553127937
1273718535621980161
1273710880614580224
1273710879666614272
1273689017935003648
1273642160185733121
1273642158612832256
1273386363782496256
1273375663664197634
1273375509053730816
1273354783504478208
1273325809231466496
1273325808048889859
1273325806983340039
1273325805800579072
1273325803594342400
1273325802386362368
1273284543022170112
1273284541692567553
1273025068659081216
1272749641541574659
1272658927570661378
1272657809973243905
1272624390220341250
1272613872990433281
1272594778085969920
1272572116332769280
1272536867913691137
1272297981178376193
1272297979806801921
1272293988234440705
1271936143898992641
1271872475177996288
1271853491359674370
1271573076816228352
1271541918460076038
1271489643314245632
1271464837223026688
1271464836346466309
1271464835151040519
1271200893745000448
1271191868085133312
1271184814872256513
1271150199843373057
1271113779661598720
1271111904488878086
1270843286605844480
1270770233611935745
1270746324892176384
1270483409832312833
1270439078530445313
1270422918707638273
1270381568725356550
1270375800177491968
1270123442180722688
1270061879293927426
1270027422801354752
1269785922544865281
1269709511108866048
1269709509221441536
1269388878290378752
1269354229530898433
1269323956302909442
1269029100817006592
1269028744024354817
1269026611896016896
1268990578911350785
1268945765327450112
1268945764312477696
1268731218238959616
1268689077265559553
1268689075822682113
1268689074287595520
1268689073230602241
1268689071938789376
1268689070848307201
1268649365742039041
1268575854897979392
1268555628013858817
1268312513117999105
1268310860042137600
1268277355048431616
1267969842155417600
1267955621627740160
1267955619689926656
1267955618859454465
1267944130555965442
1267912715181252608
1267885968335310855
1267885923775242241
1267881230013358081
1267881228964790272
1267856887375990784
1267839109105516546
1267839108291805185
1267541167454908417
1267474995061485569
1267474993765421056
1267474992402296833
1267474990363901953
1267470559824117762
1267229390301040640
1267229388598214656
1267151403404767233
1267151402494685184
1267151401622237184
1267151400481353733
1266877883999416322
1266802911473876992
1266802909376770048
1266499597754462208
1266494382389125121
1266459238559174661
1266446769119883264
1266446768247410688
1266429116720398336
1266408392622403584
1266408280617742336
1266404146594238464
1266404145042317313
1266404143524007937
1266404141221339136
1266138442385076225
1266102004872441857
1266066718385819649
1266057708916011008
1266038727786164225
1266038725965799424
1265769896790487040
1265755996208508928
1265733003843530752
1265711360471478273
1265702460917608449
1265702403191369729
1265676805421195265
1265676804364234752
1265676802787143680
1265425025449906176
1265412602357669888
1265412601296465920
1265412599849484289
1265412598775726080
1265412597827768320
1265412596481441802
1265389770764464129
1265342066151714816
1265312919551504384
1265061448251629570
1264939803599986691
1264736430699372545
1264703738603659265
1264703104982765569
1264604130280001537
1264604129344712705
1264604128166031362
1264602987990708225
1264367347709521922
1264367078749777921
1264282364026314752
1263974468818370560
1263972937796739073
1263951609790205952
1263951608812982273
1263951607890194432
1263939156931043328
1263910562649391106
1263910561365909504
1263867815582240769
1263859701596315649
1263858910831669248
1263856066552446977
1263602679839748096
1263601948378271746
1263599222093312002
1263572533002952704
1263571973491187715
1263564896341340161
1263533779504656384
1263524999756779520
1263524980538531840
1263497408584933377
1263245475735465985
1263244209147936768
1263242913560973312
1263238280381779969
1263184046747553792
1263157546287656961
1262877068750024704
1262842705450680321
1262815465476218880
1262803473684295680
1262782608477306883
1262515964513406976
1262471065386627072
1262435128648667136
1262427804982841349
1262406548543832064
1262148480497115136
1262148479050113025
1262132301233655810
1262088028551430144
1262078039904489473
1262078038985957377
1261816283076546561
1261744573061009409
1261744571844710403
1261683398231199747
1261417580348100608
1261417578460614656
1261417576996802560
1261408678525071364
1261408676914409472
1261408675438051328
1261408673970044928
1261408672434946048
1261408670434201603
1261399327076827136
1261381192634400768
1261350665520951296
1261314217296068609
1261064303488020481
1261058028696039424
1261026067583610880
1261025749072400389
1261007645198049280
1261001192563290116
1260969387051282433
1260967451853905920
1260942960847228929
1260736666634878978
1260736664944603136
1260736663166177281
1260736660502802433
1260736658397253632
1260736657235431424
1260736656056832000
1260702422311157760
1260691704513998861
1260593160289304576
1260351563891179520
1260294967970463744
1260262236502646784
1260262234971766785
1260262233310806016
1259983821635633152
1259983818926125056
1259925245877600256
1259925244724211712
1259910426038382592
1259910424348094466
1259906505794416640
1259900633873698816
1259611285374693377
1259611121889112065
1259513705202479105
1259257407525412865
1259248043230027777
1259199107509309440
1259177655787614208
1259177076315140096
1258935513324548098
1258887517987725312
1258887516431609856
1258842558697893888
1258835001312858112
1258803871167594497
1258785256791924736
1258785255047065600
1258520981783506948
1258520979963146240
1258514993860902913
1258502953448558594
1258487142398885888
1258449093522714624
1258449091979145216
1258426434445402114
1258425141362667521
1258423420297101312
1258419249623826432
1258418951626907652
1258160975607283714
1258160971043999744
1258153347741134848
1258107665051418626
1258107609577451521
1258094973506863104
1258093395936862209
1258093223815163904
1258083373416763392
1258083371156008962
1258067927812603905
1258067926122283008
1258058544877727745
1257815047486664704
1257815045200732160
1257803539977404416
1257803537678917632
1257777238293897216
1257726377890988035
1257458791421018118
1257449628057899012
1257437406745239553
1257360695852744704
1257356085511491586
1257330398029205505
1257329154359345153
1257329152861954048
1257077500665987072
1256970890220167169
1256968390746361857
1256711393501261824
1256667288582774785
1256646277699231744
1256618463386152960
1256369102072905728
1256354388920070144
1256348444915953664
1256343457703968768
1256343435839070208
1256323773311016965
1256323201317011456
1256312181265534977
1256312169261481985
1256302149685805056
1256267380918910983
1256267379845132288
1256267378935033857
1256267377987031040
1256267376108036096
1256256552513634304
1256256551490224128
1256256550215184386
1256256549267230723
1256256547828555777
1256034420626034689
1256033283944542215
1255979405911797760
1255978363509805057
1255977516944068608
1255976776594976768
1255976240063770624
1255975688034635777
1255975113205280769
1255974697826582528
1255964921545682944
1255938779556089856
1255907491054903298
1255622987635548160
1255622986234617856
1255621685929074688
1255604495708381184
1255589138637582336
1255565035981553665
1255553070861189125
1255534826075181056
1255263042343972867
1255263040066539521
1255210293497487361
1255202295823757312
1255179985330991104
1254900659037466624
1254897002292236288
1254848059957063680
1254834183601418248
1254791674972143616
1254787415866130434
1254534491688693760
1254534489797165057
1254482187472134144
1254482126180769792
1254462813822545920
1254457365019189256
1254174690257428480
1254174687522746368
1254172054107983873
1254134361093365760
1254105414372753408
1254105412703408128
1254105410753052672
1254105409352134656
1254105407359823872
1254075212833755136
1253847458683076608
1253822674498772992
1253813645370245120
1253813642794950656
1253796559709331456
1253796197241729029
1253784856384815105
1253784852995780608
1253707933365334016
1253447379795062784
1253447378129924097
1253405821758615552
1253398482691305474
1253398480359288832
1253398478014738433
1253392520500805633
1253387887933968384
1253354452414795776
1253339178361712641
1253339176805691397
1253339174259703808
1253339171776688134
1253106298201112576
1253073687042912256
1253066649583775744
1253039435374944256
1253024683445719042
1253017449827467265
1253012844892680192
1252987941283983360
1252740178566713344
1252718766510628865
1252718763943710720
1252681801513885701
1252681799798419457
1252652946065510400
1252652556553093120
1252652555584155648
1252652554455928832
1252652553386332160
1252624606763995142
1252619701739352064
1252360255226343425
1252293478832156674
1252291869360324608
1252273856552681473
1251997826596274176
1251997823802863616
1251994513347764224
1251994446389932033
1251952471477370880
1251901747787776000
1251726112062758913
1251683190281924610
1251636871911796738
1251635437157801984
1251600677706412032
1251570040165371905
1251567482004836353
1251274368916709376
1251246574304260097
1251221778858307584
1251214142653923330
1251193792742526978
1251189981197955074
1250914395716116480
1250914393610571777
1250891772407906304
1250891771078340609
1250891769052422144
1250832539255627777
1250828065736781824
1250825765177843718
1250813861583679488
1250552017916882944
1250552016843141120
1250552015882579968
1250545230601785344
1250513577305190406
1250469154173280261
1250446339072131072
1250197383557742593
1250197379904466944
1250140568803373057
1250110646152282117
1250081108701491200
1249822397579984896
1249822395159863296
1249811176680116224
1249805514411655168
1249805513237258240
1249805511735689216
1249783677833248768
1249769366599503872
1249731778467659778
1249457285132251137
1249434632384200704
1249434631146835969
1249344037372309509
1249114026270806016
1249114022491721728
1249113771076767744
1249096796661399557
1249039590012227586
1249035568463220736
1249002584402055168
1248738105210703872
1248738104258617344
1248738102815924225
1248734697162768384
1248717281804218368
1248699687328083969
1248666455777742849
1248648621186113537
1248643476683493376
1248412389675896836
1248408122957283328
1248404991477305345
1248377448896462850
1248370434707316744
1248334239583494144
1248325039071490048
1248315950278922240
1248022913057345537
1248011510942584832
1247996367563194371
1247978396136570882
1247940330776715264
1247934932556513281
1247925492709122048
1247656672677351424
1247656671146422272
1247648208299241473
1247648207191994368
1247648206218915842
1247648204654444550
1247627185659056128
1247614331560194048
1247608409861410817
1247608408779288577
1247608407474880513
1247608406011084800
1247608404610146304
1247576451315978241
1247569529623826434
1247549047256178688
1247298192036622336
1247298191109709825
1247298190124011520
1247298189079670785
1247298187259342848
1247292343620751360
1247283186674978817
1247267311179845633
1247251902577782784
1247225241706717185
1247207077732212736
1247206762228277254
1247202665261457408
1247202663449513984
1247185301702770688
1246923255195111424
1246901874378194944
1246901785924481024
1246588697706811392
1246578323162988544
1246578322059882496
1246578320981942272
1246578319526473728
1246570207289552896
1246570205590859776
1246537000062050304
1246509204434636800
1246509203067244545
1246489609258676226
1246488675279462400
1246487569413464066
1246229913985662976
1246229912995762176
1246229912035311616
1246229911120908288
1246229909283819520
1246211354773434368
1246180254571364352
1246142940960796673
1245848548937093120
1245848547678810120
1245848545522880512
1245834245261553664
1245822891515498496
1245788102288764929
1245787913570242561
1245787604701728768
1245786157499088896
1245785668145405957
1245785369041203200
1245784892513775616
1245783923663056896
1245783177047638016
1245783175877423106
1245783174497501185
1245782332079919104
1245781244186472449
1245780351802150912
1245780350699102208
1245779312319422464
1245777874176495617
1245777872976928768
1245776348209012736
1245775100814581760
1245775099799556106
1245775098482552837
1245774421769388032
1245773560330588162
1245773016526544901
1245768218506981377
1245761740530257920
1245758090978267136
1245756329165119490
1245756328162689024
1245756326921162752
1245756325134393359
1245724021536067585
1245473897220210693
1245473895529869312
1245425803086594048
1245425801887006722
1245415022454423552
1245412070163533824
1245405725481791490
1245401716385673216
1245391686332629000
1245391199998865409
1245377427649380352
1245374553364123648
1245138594311766016
1245108540760457216
1245064702868123648
1245010852962381826
1244751106657247232
1244729712120713217
1244722230417690624
1244722228677062656
1244722226823229440
1244722225694912517
1244689033415909383
1244373380318429184
1244372485446877184
1244322451032379392
1244322449665060869
1244322448650072064
1244322447278526464
1244027141236260875
1244016007754080256
1244016006244130817
1243988616281346048
1243986243974643714
1243952460126810118
1243952459141115904
1243952458222600192
1243952456553205761
1243943541346152448
1243933024833564673
1243674757616160768
1243668245422305280
1243664174145613824
1243644002538151937
1243644001355362313
1243643999274954752
1243608446882074624
1243608445841846278
1243608444688424960
1243608443644071936
1243608442465472512
1243608441379151872
1243608439869194240
1243576483722825728
1243576482682683395
1243576480698793984
1243298894194212865
1243282218174177280
1243282217175896064
1243282215464660992
1243258925438210048
1243249130769494016
1243241590765715459
1243198565893025793
1243198564676726786
1242953768745881601
1242940153993125888
1242904618536808453
1242874765016092672
1242873240218787841
1242844996203503616
1242844995230396416
1242597854817861632
1242574791195815936
1242530909904973824
1242530908604751877
1242522202257293312
1242514291854422016
1242498931046510593
1242496485809213440
1242486278571962371
1242478310208094214
1242478008536952845
1242228067054964736
1242207033937424384
1242207032398110720
1242207031404015616
1242207030330281984
1242207028589637632
1242198930898563072
1242198555760066560
1242155546624421888
1242155545244520448
1242111375167516673
1241874240837521408
1241773228168605697
1241475163100549120
1241464274884550656
1241461276796014592
1241458377823105024
1241458376279650304
1241421022496083968
1241421020495368192
1241417954266189824
1241414469948866560
1241414469017722880
1241414468036210689
1241414465821618176
1241390175134945282
1241126686902456321
1241090634003304448
1241081708545323008
1241071910647021569
1241054420076335104
1241030019813539840
1240748297293193216
1240748296315891712
1240748294696919040
1240748292805259264
1240721275300925440
1240721273191198721
1240655583478304768
1240432327127269376
1240432324992352256
1240432323775959040
1240432322547052544
1240432321636917249
1240432320378572800
1240432317304197122
1240391158259494914
1240373113570779136
1240366128251039744
1240366127366025217
1240366126019653632
1240343170073767938
1240322173647998977
1240313615795630080
1240313543817179141
1240313349109239809
1240313347586707457
1240058894036033537
1240058891930497024
1240040235364315137
1240040234521251841
1240040232751222790
1240006910662692864
1239985408823287809
1239982238281764864
1239955687586680832
1239954561026027520
1239951000842014722
1239919151117774854
1239668953418350592
1239663700581072896
1239649695963570176
1239648427773800448
1239613832437198848
1239576745042259970
1239573067895996416
1239550412023164930
1239549794634190855
1239369775102357506
1239331553651482624
1239331552535822336
1239331551101325313
1239307684479811584
1239295319713579008
1239295318589452288
1239295317599604737
1239295316471336960
1239295315238215681
1239295313698942977
1239271913504964609
1239266433005019136
1239266401736519680
1239221105539166209
1239221103920209923
1238946130852864000
1238944576347328512
1238639069573206017
1238638752685146112
1238570666414059520
1238570665508130816
1238570664589590528
1238570663377383424
1238570662077140994
1238530602980102145
1238524570887319552
1238524569838706688
1238524568899219462
1238524567217266689
1238495955327967233
1238487720625758210
1238487719438741505
1238259626879090689
1238259625675366402
1238259623607578624
1238256455268130818
1238215850009579520
1238157151639494656
1238157150343458816
1238140721296629761
1238140720403189762
1238140719476256768
1238140717832101889
1237908389230854144
1237904908717678592
1237903513641865216
1237797142766313472
1237797068749467648
1237787794375725056
1237765350285955073
1237765348859891713
1237461905502949377
1237129082279612417
1237108416536969217
1237108030606422017
1237103997900611584
1237099846047166464
1237099029781069824
1237059303334281217
1237036211568427008
1237036209806794757
1236830534707245057
1236781301950115841
1236081737966309378
1236068964666445824
1236044459457966082
1236034290464329728
1236034288560164864
1236034286249074689
1236006806679216128
1236006804305281024
1235993252257361921
1235959902549340160
1235663954015211521
1235643097389789184
1235643096039227392
1235343210987302912
1235343152996913160
1235303029479542785
1235303027860557826
1235303026707042305
1235303025557803009
1235303023905320964
1235303021686542337
1235251279674236930
1234989544203640832
1234989542978945025
1234989541963919360
1234989539736731650
1234989537777963008
1234953428960329728
1234898967118266369
1234874936923000833
1234874595619950592
1234629624887300096
1234629623981330432
1234624778306084864
1234620790429093888
1234620788147286016
1234597284437905408
1234595968739201024
1234571770662768640
1234568254892363776
1234544056396439552
1234522787445821443
1234522785793204230
1233529276852367360
1233483292860657665
1233483270609932289
1233456860805517312
1233176297561395201
1233111056551043073
1233111055494041600
1233040710271524864
1233040692861009920
1232822745185972225
1232800317143601152
1232800308645908481
1232800300181778433
1232736776294453249
1232420207534018560
1232420206665818112
1232420204606418945
1232418815322931200
1232092045432328192
1232031271724843008
1230623475036913665
1230342557126647808
1230330353149022208
1230267434843590656
1230248446445023232
1230211174219710464
1229921310051946502
1229881444366897152
1229881443070828544
1229881440868790272
1229454412893970432
1229438901225345026
1228890305870516224
1228805523765465088
1228762272899584002
1228757787632525313
1228752096637247488
1228711210180210689
1228481700449181696
1228477421676048386
1228454874377003008
1228420270823657473
1228419489433178113
1228404114150715392
1228398236194394112
1228398234424340485
1228374220503044096
1228165751959277568
1228165750617063426
1228113047505399808
1228076487686770689
1228020219324456960
1227754703624134656
1227704273955241984
1227653222015193088
1227650444077326336
1227642688595382272
1227615905070272514
1227615903514120192
1227429572079054848
1227377346790838272
1227371853338959872
1227346930734264320
1227314750910091270
1227304345747836928
1227286355752833024
1227282665251885057
1227280268588810240
1227268398200934401
1227267332000452609
1227267167030140929
1227245105465053185
1227244412276637696
1227026692977246208
1227013864174190593
1227013698549506049
1227009606632607744
1226988791782490112
1226988790448717830
1226971083242459139
1226966689096589314
1226966687523786753
1226966684625494016
1226939041381113857
1226910309551505411
1226903051606228994
1226903050117234689
1226903043678982145
1226684498600837120
1226269960499953664
1226242604062269440
1226211491952521216
1225931728822235136
1225931727568175104
1225931726297321474
1225871029060263937
1225869026724724737
1225850879418363905
1225836627160784897
1225831392925249542
1225801980091625472
1225566225343737856
1225521493498568711
1225499323745652738
1225247136276631552
1225222984794693632
1225195537957130240
1225195171026833408
1225158463229059072
1225154917033078784
1225135177803784192
1225128379235454976
1225107974160437248
1225092573515018240
1225084600088580096
1225084028321091585
1224907894346248192
1224815025203757056
1224797709489467392
1224797708180840448
1224795061461774336
1224795035176067072
1224771522746675200
1224733457181372421
1224492270038241280
1224472493232214017
1224461944515715072
1224440339307491329
1224422040620290049
1224411910524661760
1224037325711106048
1223746851234385921
1223672368653975552
1223397575631331328
1223395659828482048
