1286043762259570693
1286043017158242310
1286030180260225024
1286030157455806469
1286015971531067396
1286014140906078209
1285990295411339264
1285989779402821634
1285989269132255235
1285988212419289088
1285987894633652225
1285987501841276930
1285987458170130433
1285986968355180544
1285986766156177415
1285986435225530368
1285985986686656513
1285985934459252741
1285985327832879108
1285985274279923712
1285985184920342528
1285985023632515081
1285984777385005062
1285984685764509697
1285984566117900289
1285984491413151745
1285984463038623747
1285984312421224448
1285984249154240521
1285984179532988416
1285983994186801152
1285983341494194176
1285979307689615361
1285979289813495814
1285926815253618695
1285671057509285890
1285670173798735872
1285670128336670723
1285667654259417088
1285654200836395008
1285645410586046464
1285637407652683781
1285637406402785280
1285609127192997893
1285594609691906049
1285594595645169666
1285588341749092353
1285584909378215938
1285558374088810498
1285557870344515584
1285367671719108608
1285346633287335936
1285313162741460993
1285302437692276737
1285288923770621954
1285265156612788226
1285265142654132224
1285265127009390595
1285249164264255489
1285248927239938051
1285248539442937856
1285248385394577412
1285248334647697410
1285247876738756608
1285247399250853889
1285247049949224972
1285246701662605312
1285246570053632000
1285246428755963915
1285246290515734528
1285246207854510080
1285245755280830465
1285245363813638146
1285244960778977287
1285244749050523653
1285244599179649026
1285244356492955648
1285243695143374848
1285235326496145408
1285235308146110465
1285209998969143296
1285193562552963072
1285050957701754880
1284900155943256064
1284900153833529344
1284876225597583361
1284566975788781574
1284533797489463296
1284513083289894912
1284478257300152329
1284464318566862848
1284285173270564864
1284216022304796672
1284192731351453697
1284179904230195201
1284178181289844741
1284178100880912384
1284177772911431680
1284176865909932033
1284176252434251776
1284176092589326336
1284175814053986307
1284175162372390914
1284174822541537281
1284174702311858178
1284174188966825984
1284174074000941057
1284173734350221312
1284173561704468480
1284173500920496133
1284173223899389953
1284173150687768576
1284172819094548481
1284172684042141701
1284172552370376704
1284172313613799424
1284172151524937728
1284171976685301760
1284171489432891392
1284152413654585344
1284146201823256577
1284142824636768269
1284132703605067779
1284126573382250496
1284115649246232577
1283942266973949952
1283912743838461952
1283912678881341440
1283912424614240256
1283912316199882753
1283912310071930880
1283911349395955712
1283911280768757760
1283911219313807366
1283911153974992903
1283503030957215745
1283502062265864195
1283455903593910272
1283451951217348609
1283450742670581761
1283450341758062592
1283449818208247808
1283449245769633794
1283448823034126336
1283448490958508032
1283448383290650624
1283448304781713409
1283448229233938432
1283448036711178240
1283447831777415170
1283447103075815426
1283447006896193536
1283446406913511424
1283438019689750528
1283421228968087553
1283386736823930886
1283215151907446785
1283206302810988550
1283198658037583872
1283194477864267777
1283143326926020609
1283137349707280385
1283134679424602112
1283134626962255877
1283131114081652736
1283127973412048897
1283121905759932417
1283111783688024066
1283086162731708421
1283086076962377733
1283082756357083136
1283075287220137984
1283067181027164160
1283066965951733762
1283065004313518080
1283050043109445632
1283010844419403777
1283008335575257089
1282822525668515840
1282801936832647171
1282764444469207047
1282764411422334977
1282748219269709825
1282734154174664708
1282734095420788737
1282728593005727745
1282727395909423104
1282727167374372866
1282726816990535682
1282726612174331905
1282726305247768577
1282726256979697664
1282725874983460869
1282725644321918977
1282725039767527424
1282724902865436677
1282724551118528517
1282724313657946114
1282724230543663105
1282724155532742658
1282723779957927939
1282723654791503872
1282723615973277696
1282723085733507074
1282722688180658179
1282721873776668672
1282708737015324677
1282685169913257984
1282669877556379652
1282364804179664908
1282080075270283264
1281998606757748737
1281978119797301254
1281978065929809924
1281916429533614087
1281686732900048899
1281652646072336385
1281640885642567687
1281640156936712195
1281639652995280896
1281639201239379969
1281638403063328768
1281638062834032641
1281637662424813568
1281637565339250693
1281637445394673665
1281637354185338880
1281637292843708422
1281637249302573056
1281636576125231105
1281636506914959361
1281636479824003074
1281636135542968323
1281635718297792513
1281635107653201926
1281634511776694272
1281604177978970114
1281578700811665409
1281576550253690881
1281403011751907334
1281393453486809093
1281369934912774144
1281341956040331265
1281340960555835393
1281327195852505090
1281309225004777472
1281309223897440258
1281300469529354240
1281300468610760709
1281295795493494785
1281292766132174853
1281285715242950656
1281285690496552961
1281269799444795392
1281259803923427329
1281247819739869197
1281234631434489856
1281216579431272454
1281027239224672256
1281023467803021314
1281019609097920514
1280956173844389893
1280954550627774466
1280954193080131585
1280935763463602177
1280930896498110464
1280929948048527361
1280928290807721985
1280919527971344389
1280917747065552900
1280917354063552512
1280916968942551041
1280916839758008322
1280916607435489283
1280915874623508480
1280915293682970625
1280915187126677506
1280914974618116098
1280914692446343168
1280914498744922114
1280914296889884678
1280914169571586048
1280914065808936963
1280913934808203270
1280913747566039040
1280912956646215680
1280912844939280385
1280912693973651458
1280912490134679553
1280912442680279040
1280912394043240448
1280912264615395328
1280911982963699713
1280911547787816961
1280911483430408192
1280911357282484229
1280911275153936384
1280910468241141762
1280909896930582531
1280892571682779136
1280890074331258881
1280885740696678400
1280856264600424448
1280833354015932416
1280833075363098625
1280624228916740097
1280593313515651073
1280562709029928960
1280548077754032131
1280547875236319237
1280547873055297536
1280546199796436992
1280545764293382144
1280545700883894275
1280520445784133634
1280511694666633217
1280511687314083843
1280497385102336007
1280497369172381697
1280483551679561730
1280253470428270592
1280249359511228419
1280224634785402881
1280211540294225924
1280211526088040449
1280196716822704129
1280195048475426818
1280195038564286475
1280194744870670336
1280194730786250757
1280194684657315845
1280193500731105280
1280189176265179137
1280188822744190976
1280188111851577346
1280187808330723331
1280187504864485380
1280187043268739075
1280186943561699329
1280186790922596354
1280186670139269120
1280186607694483457
1280186495073124357
1280186466711359492
1280186184581382144
1280186085302247428
1280185798780993536
1280185672452759552
1280185039343386625
1280180688273227776
1280157138397126662
1280156558123577347
1280155968266014720
1280124079543066625
1279847902031097856
1279822970181914624
1279786413882564608
1279783872348200966
1279783511843536897
1279783445812727814
1279484471788650496
1279460938807205893
1279453446840729600
1279448641338556417
1279417012285067265
1279410559255969793
1279409817447211009
1279218484971528192
1279157082386808837
1279098143053877250
1279086662585368576
1279080732523200512
1279080718551986179
1278801966228025344
1278801835374120961
1278743217496875009
1278741754745888768
1278741643861135360
1278741540828045312
1278741321860210688
1278741254298390529
1278740866509783041
1278740416658116610
1278740259644243974
1278739819674337281
1278739535619330048
1278739470280536066
1278739306069311490
1278739064003461121
1278739019237658626
1278737997450657792
1278737397526736897
1278737281982005248
1278736961587552259
1278736485391491074
1278736196760473602
1278735973254381568
1278735341180973056
1278706492187774987
1278683520236486658
1278506452387336193
1278506451573575680
1278506450080403459
1278429679532363776
1278429665821102081
1278429651824709633
1278429600163549185
1278429567657693186
1278428166206427136
1278415946114387969
1278415825012166657
1278415645940551682
1278414687345008642
1278414201124532225
1278413922413010944
1278413869644492800
1278413654136930305
1278413529406717952
1278413263198355458
1278413168801386498
1278413099402493953
1278412874004803585
1278412762050412545
1278412245454786560
1278412121580150787
1278411962783879175
1278411842818318344
1278411781849964544
1278410880787443712
1278410245681876992
1278410244029386754
1278402929330999296
1278401046470156293
1278400365814259712
1278380812870680576
1278376951300984833
1278354097402494978
1278340566988840960
1278324676746510337
1278054992738430983
1278038846555467776
1278016366189084673
1278015788809666563
1278015623797366785
1278015016931856385
1278014723229958145
1278014604719857665
1278014384321814530
1278014180029800448
1278014121976496128
1278013997975994371
1278013736096317440
1278013623353442306
1278013527643631616
1278013427387117570
1278013275301650432
1278013100965482497
1278013007092736003
1278012421567905793
1278012159654494210
1278012031187202048
1278011827436347393
1278011777092136961
1278011417665339396
1278010842001190913
1277987983111655424
1277986733943070720
1277960164239462400
1277960155129356288
1277954387734822915
1277947679826497537
1277947662105485314
1277786685699391489
1277754316619644928
1277731267224784898
1277706315721322497
1277705089973616641
1277702627044864000
1277697179013038080
1277697147748696065
1277697129495048193
1277683054358810625
1277683040295288832
1277680444897660935
1277679315078074375
1277679287869624321
1277675889929547776
1277675681191800833
1277675595284000769
1277675406519414787
1277675115539554305
1277674955174486016
1277674368210960387
1277674316889546754
1277674171758247942
1277673944263393282
1277673841393913857
1277673713400451078
1277673510333227008
1277673140374712320
1277673037073207298
1277672635795681281
1277672545274212354
1277672435895107587
1277672385676816385
1277672285529407488
1277672220689604615
1277672134010114051
1277671974190354433
1277671168112070656
1277664874789851136
1277638447692480513
1277636349764476928
1277625398835195904
1277607878833188865
1277408097745678336
1277344426734608386
1277294044595523584
1277276129028648960
1277237720339922945
1277061528106283008
1276989620157329410
1276923962438672390
1276899864849383425
1276682023365677056
1276676511521800192
1276676325017890817
1276676093848805377
1276670786334601222
1276646665831821314
1276619224493015041
1276612969862959105
1276608830550540290
1276606515034685440
1276606502414045185
1276585446475169792
1276583025871130634
1276582568536821761
1276582566691246080
1276582562186526720
1276571204686622720
1276569771945988096
1276568108585627648
1276567942340259842
1276567594829561856
1276567179627020288
1276566713350402049
1276566399431868417
1276566230711795715
1276565993322688512
1276565854189244417
1276565593899048968
1276565445152251908
1276565205376471040
1276565108748140544
1276564392369360897
1276564247435186181
1276564068699189249
1276563924398346243
1276563897269587970
1276563743795744770
1276563696798642178
1276563607745167364
1276563487414784001
1276563423900426242
1276563321492291584
1276563250499518473
1276563140852006918
1276562895086800898
1276562731890618368
1276562549325119489
1276562384275091456
1276562223570313218
1276561910943698944
1276561108912893952
1276525403444838400
1276525353796808704
1276525323916582917
1276512364662345728
1276503058307039232
1276272568425734147
1276254641454546949
1276231693121343488
1276231669859655681
1276231639539093505
1276225576437768194
1276225301522022401
1276204661477986309
1276204085172228108
1276203581360742404
1276203460539670528
1276203390322855936
1276203181689667585
1276203145929150466
1276203115864301569
1276203025707794435
1276202961102942211
1276202919268888582
1276202875237076992
1276202584718671872
1276202489008787456
1276202177455890435
1276201954591625219
1276201870588026883
1276201594611212289
1276200506218725382
1276200330825531395
1276199962989268992
1276199477179584513
1276147325963026432
1276147312167923713
1276145405844209665
1275914204168544256
1275912672735870976
1275871277971103745
1275858929625583617
1275852662190280705
1275849014550966275
1275849013519167491
1275849012567040000
1275849010453123073
1275841630432636928
1275841315482238976
1275840996601978880
1275840442492424195
1275840217849696257
1275840067739815941
1275839987271991297
1275839778911551489
1275839673932414977
1275839576175755265
1275839439403696136
1275839192203964418
1275839027875319814
1275838962876272640
1275838730759094272
1275838686765166598
1275837658296508416
1275837493334749187
1275837452717109248
1275837420655783938
1275837239847780356
1275837211850813441
1275837159770140672
1275837015116955650
1275836333194276864
1275834567598002176
1275816132725833729
1275814288666644481
1275780721773293568
1275773372023128064
1275595587505786882
1275522637339525120
1275519690517946375
1275494139413565447
1275492004059889664
1275488853160321025
1275488852254302208
1275488851423891457
1275488849691586562
1275479498289537033
1275479277593600000
1275479180751314946
1275479140993576962
1275479088795463680
1275478628155957250
1275478207790288896
1275477805254561793
1275477630331076608
1275477542934384641
1275477433479827456
1275477324335472640
1275477242366365698
1275477098489171968
1275477052515397633
1275476883539361793
1275476798558658562
1275476686042251265
1275476575836934146
1275476258902675457
1275476203043000323
1275475757029089281
1275475638313517056
1275475561926864897
1275475408423735296
1275474832440938497
1275471834746630144
1275464194968690689
1275446174057558019
1275409273305141248
1275225052418650119
1275196994626162690
1275195515890733056
1275195504046018562
1275192586219720704
1275164000972652546
1275145034325790727
1275145033432412160
1275145032560005120
1275145030752231424
1275140206082109440
1275140167007965185
1275140109894062080
1275140006156394496
1275139976540442624
1275139639251283968
1275139048575774720
1275138788184985601
1275138649248747529
1275138569133273089
1275138471296974853
1275138367165009932
1275138279097196552
1275138206493741058
1275138113594146816
1275137887873323008
1275137682587488263
1275137101433131008
1275136481556934656
1275136350027763718
1275136021613752321
1275135501817741312
1275135232056922119
1275135163232550913
1275134956994465792
1275134912304222211
1275134220038332417
1275124415718723590
1275087870890573824
1275083306783191041
1275078971869114374
1275076167985278977
1275064999380058114
1275060847577051136
1274859656427507712
1274758437252075520
1274756771756769280
1274749490784874497
1274749489547554816
1274749487857139712
1274749486745747458
1274749484761845762
1274721157544136704
1274706248479490050
1274706228267159562
1274423965767827457
1274391133095956480
1274387462471716864
1274387461054095362
1274387459577712642
1274387458466160641
1274387456771661825
1274344869385965568
1274344845910384640
1274111929905295360
1274091770348032008
1274087755635724290
1274087634676170753
1274087437808144384
1274087403494531072
1274087355759149056
1274087335144103936
1274087256509292545
1274087171859808265
1274086931085889538
1274086807655927808
1274086759547142144
1274086686193061888
1274086590424416257
1274086399910842370
1274086190661218310
1274085797013213185
1274085414882680832
1274085157964832777
1274085069750239232
1274084931069718533
1274084801482555392
1274084757622730752
1274084691474173952
1274084560121335809
1274084434644525057
1274084272232697856
1274083923522355202
1274083870699401219
1274083808388800517
1274083656471019522
1274083535431831558
1274083280741171200
1274083199380004869
1274083079829815296
1274082937894469633
1274078597871890432
1274076447423041537
1274055522828910593
1274053696033370112
1274042014326091777
1274034176359043080
1274005782913265666
1274004183809699841
1274004182920572930
1274004181993619459
1274004180777283584
1274001048093560834
1274000561126477826
1274000559977226249
1274000558991474688
1274000556789567490
1273999029114937351
1273998557683556352
1273998351495827458
1273997803774230534
1273997671645282305
1273997556146745345
1273997432578363394
1273997291100266498
1273996988808400897
1273996925637885954
1273996865755807745
1273996798965747714
1273996559676571648
1273996475631099904
1273996393527619587
1273996177088937984
1273995960654483459
1273995847798317056
1273995120753487872
1273994064891801602
1273986488146046977
1273970486872072193
1273966770718748673
1273740641747513344
1273707722857472001
1273696494663712769
1273685561409179649
1273682995774459904
1273678071560896514
1273678057434484738
1273675445695807488
1273669764649549826
1273669763747721217
1273669762795606016
1273669760899842051
1273668067382476800
1273666923654451200
1273666267933704192
1273666046474493959
1273665673328300032
1273665554449141761
1273665424216002561
1273665325050011649
1273665249984552963
1273665142199390209
1273664690179182593
1273664597581606914
1273663728056176640
1273663658095185920
1273663527249682432
1273663415832195078
1273663377986985984
1273662153329766400
1273653782593888256
1273603813627301888
1273400378621599744
1273357168025251842
1273350405196599298
1273343648533536774
1273329359898714112
1273326585085595650
1273319477300559884
1273319456383602688
1273318129465204736
1273308354874675202
1273308353821921286
1273308352911736840
1273308351301128192
1273304117730070532
1273303652564901889
1273303384246943745
1273302870859882496
1273302712239734786
1273302649299927041
1273302409578758144
1273302279903498241
1273301865778810880
1273301631434665985
1273301488257961986
1273301034199367680
1273300661036294144
1273300450305904643
1273300390088491009
1273299622878826497
1273284928843780096
1273246729534668803
1273033689656688643
1273028851640213504
1272983540649603074
1272976260516495361
1272976203901788163
1272976177481895936
1272976097764945921
1272976072246726656
1272976046690893829
1272976015388815426
1272969594131668992
1272962319325310978
1272953434480807936
1272946164632076288
1272946163680006147
1272946162820157440
1272946160471289856
1272942291171315712
1272941985188495362
1272941488125640704
1272941039335223296
1272940932283932672
1272940852718055424
1272940736468717569
1272940608135532544
1272940491739467779
1272940383614504962
1272940295873855489
1272940087735717889
1272939859817181186
1272939642950737923
1272939394660544512
1272939232898793472
1272939136975060998
1272939050731737088
1272938974621978624
1272938923958980608
1272938914039414784
1272938738419748864
1272938696912879616
1272938591795261444
1272937707711406081
1272936968221941760
1272920661237743616
1272920627809312770
1272920611875102720
1272920593948696576
1272883766906798086
1272727848797769729
1272661276410482688
1272650196967710721
1272645950582992896
1272615547100958722
1272595557563981826
1272594407506747398
1272594406349176834
1272594405359222795
1272594404361097220
1272594402347757570
1272586413578608641
1272586386688937984
1272586363309875200
1272581735541362688
1272580733362737152
1272580364582739968
1272579910519963650
1272579618512527361
1272579483548241923
1272579391978123267
1272579250248392704
1272578865945284611
1272578735041130508
1272578622780575745
1272578511388229634
1272578337181962240
1272578175797731330
1272578056499212288
1272577901339332609
1272577838844186626
1272577794095095808
1272577748909862915
1272577673135566850
1272577626918531073
1272577580869312513
1272577323301249024
1272576834585210881
1272576634827268098
1272576534964994048
1272576454614794240
1272576397840711680
1272576290567204871
1272576001638305798
1272575792032165888
1272575204640915457
1272575186223521792
1272573957032620035
1272525802857529344
1272524958409916425
1272518182159384577
1272518056665890816
1272227537557618689
1272212824434118658
1272212823523962881
1272212822366224384
1272212821363875842
1272212819447078912
1272178388678164481
1271915580187123718
1271850860566515712
1271850859580792833
1271850857609547779
1271850856636440576
1271850854866391041
1271646836999274497
1271646796515811329
1271582817751834630
1271513192708165632
1271513015620419584
1271506088312127488
1271501782678736901
1271500264453951488
1271494217483812866
1271494216619868160
1271494215705509895
1271494214875074561
1271494212488515585
1271493013072760833
1271492722994659328
1271492403065749504
1271491774268178434
1271491656433446914
1271491351104929793
1271491118987988992
1271490635435061249
1271490523656794112
1271490424612573185
1271490349412868096
1271490157703806978
1271490054171623427
1271489881794117633
1271489754186616833
1271489544651706368
1271489451500371971
1271489413290381316
1271488600379658244
1271488491092938755
1271488382368129025
1271487732871651328
1271480602374688768
1271433698307645440
1271145142897041414
1271145108105244672
1271145083572715521
1271137623248166912
1271137566943739905
1271135750466293762
1271135749182758913
1271135748276793344
1271135746343219201
1271131773607575555
1271131358719610880
1271131311021965313
1271130122175815681
1271129375023476738
1271128879932022784
1271128547030183937
1271128442080296960
1271128314653130755
1271128166204145666
1271128103092457473
1271127731854548992
1271127378966843393
1271126972509413376
1271126910572146693
1271126829215240193
1271126529028784134
1271126421457588225
1271126316444778496
1271126112765181952
1271125652188672004
1271125162998423553
1271067549250265088
1271060247969398789
1271060044050763776
1270818683296845826
1270806459501158400
1270804300722208769
1270773426194731009
1270770877966286848
1270770876754034688
1270770875516755969
1270770873620992012
1270769076143603715
1270768972959551489
1270768909118046208
1270768092126367744
1270767581809565705
1270767379895681029
1270767227067944968
1270767117810446336
1270766913874997251
1270766653291315211
1270766521661427714
1270766437112721411
1270766370972631040
1270766369773150209
1270766368850415617
1270766367906635777
1270766366757355522
1270765827713896449
1270765654149300225
1270765154700058626
1270764921735675904
1270764652025257984
1270764518793191424
1270764511683735552
1270764182825205760
1270764079993454594
1270764004588294147
1270763996765978627
1270756774333816832
1270711349887336448
1270533039618166786
1270440095724814336
1270409831845945348
1270409830193389569
1270409829237043202
1270409827462918145
1270406141915344896
1270405929708765184
1270405558424735744
1270404925512716288
1270404617797582853
1270404131333836805
1270403998592483328
1270403906905026562
1270403819680288769
1270403568160423936
1270402735150686208
1270402603558543361
1270402515943768064
1270402342253445120
1270401977684549639
1270401919580811264
1270401593092046848
1270401529149894656
1270400533006700544
1270379218476679168
1270350650350678023
1270174818965520386
1270110971588235269
1270103236079423488
1270085083081445377
1270085082221555715
1270085081269493767
1270085079289790464
1270081354336780288
1270067041953894405
1270066962635329539
1270066656165933059
1270065733624631298
1270065280836919296
1270065078352711680
1270064996643483648
1270064712680644608
1270064577225654272
1270064435722412034
1270064302276464644
1270064159040954368
1270064028300333056
1270063897085689856
1270063559439982592
1270063428217049091
1270062885847420929
1270062701985832963
1270062500118175744
1270062415384915968
1270061161740787713
1270052420861808640
1270034452975095813
1270019380043276288
1270019363685498882
1269995439123726336
1269984489473740801
1269795226366947328
1269729375655809026
1269729371515953158
1269729342223011847
1269718266701897735
1269717417116172302
1269717295502368769
1269700071349772288
1269676667238338560
1269676666407837696
1269676665459879939
1269676664511959043
1269676662746157056
1269437820881506305
1269317917377773576
1269317830014574592
1269316521874075654
1269316520963956736
1269316520167059462
1269316519357489154
1269316516962545666
1269296316255023105
1269287454135259139
1269271761062965248
1269271721766461441
1269261119367131137
1269054250526662656
1269052664056360962
1269043230588493824
1268981193288101890
1268977466934267910
1268974879811960834
1268970157977866242
1268969471106056193
1268969462079918082
1268958994074386434
1268958992841179139
1268958991733981187
1268958990085619712
1268955293960024068
1268955109477814277
1268954853562355713
1268954212551069696
1268953786468499460
1268953698107088896
1268953594558111744
1268953305767653377
1268953205507067910
1268953081259200520
1268952784075993094
1268952676693409795
1268952523865497601
1268952249071472641
1268951026549178369
1268939893641752582
1268937230766215168
1268935156078870528
1268927154861080577
1268926782629187586
1268926769492570114
1268923819969916929
1268920823487836160
1268916099741089792
1268915903816765442
1268908927946600449
1268710160786210816
1268696192101343233
1268661334478069761
1268606908744847360
1268598209447895044
1268596332480036864
1268596330882097162
1268596329929936897
1268596328155799554
1268594918555111437
1268594423635591168
1268592994019684353
1268592704126160899
1268592266249154564
1268591755118534656
1268591621056221185
1268591442534043650
1268591358228471808
1268591252041347075
1268590928744321024
1268590610430263298
1268590498467459072
1268590395086290945
1268589982320648192
1268589701084184577
1268589511736545286
1268588953050832896
1268580857524207617
1268568533161644032
1268544896471912448
1268544881317855232
1268543423692316679
1268542196308938752
1268377279966609408
1268296328028794880
1268294320504832000
1268244899226411010
1268244886463152128
1268243444264206336
1268233567764701189
1268230281141587969
1268226942588903427
1268226884153851914
1268226870975356938
1268223358203822089
1268223357213978631
1268223356182151169
1268223354571497472
1268222763929657345
1268222669775929347
1268222668664438784
1268222667427123201
1268222666185547783
1268222665275445249
1268222435960205318
1268222404309979137
1268221854239477760
1268218400268058630
1268218107518214145
1268217847173517312
1268217014671364096
1268216576936943618
1268216459794288641
1268216053680783364
1268215909572907008
1268215822448832512
1268215666995335169
1268215505430683651
1268215401563000833
1268215294251630595
1268212420247347201
1268211653004242944
1268208523944525827
1268180831496859648
1267964592027848705
1267907170114420737
1267900856856436736
1267879922841894914
1267879912439939072
1267879900712763400
1267879888096301056
1267879877241450497
1267879862309654530
1267872817166594054
1267872816340369417
1267872815467974665
1267872813865734151
1267869813738700807
1267869592124362753
1267869106189078531
1267868689342386180
1267868392293269506
1267867957474058241
1267867798497374209
1267867696651173888
1267867533027180554
1267867448885248001
1267867383420592128
1267867176066789378
1267866751158665218
1267866533197422592
1267866484472197123
1267866166564880387
1267866056934252550
1267865453025787904
1267865198871937024
1267864912300257280
1267864266956083201
1267847530706079744
1267834315330793473
1267825673533403136
1267812467293466624
1267634384435380225
1267634371625914369
1267587113870114817
1267581661513998337
1267534547052367873
1267534545563406336
1267534544653164544
1267534542828711936
1267533030878478337
1267532925437911041
1267532644633501696
1267532016859467776
1267531584003080194
1267531056502190080
1267530938650628097
1267530836016017409
1267530784786833408
1267530581505687556
1267530260544978953
1267530126486618115
1267529921229971459
1267529818326929408
1267529733367103494
1267529246748168192
1267529005072293892
1267528353613074438
1267528164764454912
1267527929262718985
1267527749008318464
1267527599036776448
1267527294647762945
1267527032893825031
1267526020976041988
1267525881989341190
1267525682017587203
1267525555366264832
1267525225283047427
1267525139253649409
1267525018344394753
1267524384052310017
1267493350975946753
1267477968026243075
1267453487593512962
1267444406832988160
1267246248379273216
1267220334585040904
1267175297713143814
1267140385714982916
1267140384775438342
1267140383529750529
1267140382586011648
1267140380807630848
1267129282834378753
1267113252888199174
1266940012869935104
1266935759652761605
1266926240323244033
1266925970373648385
1266923234710237185
1266777913032159239
1266777912046477314
1266777910834278408
1266777909882171397
1266777908074426369
1266777012208832513
1266777010313052164
1266773257480548352
1266762192793329665
1266762177144336384
1266762158735589378
1266762141597663232
1266747683827585024
1266524170990620672
1266488919249563658
1266453827512930306
1266452319727759360
1266452308776423425
1266443156956024834
1266424052639502339
1266424051351851009
1266424050521382913
1266424048835231750
1266420074358988805
1266419983770431488
1266419702752051203
1266418991989510144
1266418315876016132
1266418009486262273
1266417902724489226
1266417798659690496
1266417694770896905
1266417437844680706
1266417327802847233
1266416807054843905
1266416537558290435
1266416129905430529
1266416038553550853
1266415908916002822
1266414319253639168
1266413772039749633
1266367681764052994
1266196023459885057
1266125929203544064
1266111292655403010
1266111272619302913
1266102025537892360
1266088087488278534
1266079393169969155
1266065796385644550
1266059786518433794
1266059785566326786
1266059784714956800
1266059782676516866
1266058034792599553
1266057860305293315
1266057782215745548
1266055956129034247
1266055669695877121
1266055017968140289
1266054857313697794
1266054483219558401
1266054341963759618
1266053978435043329
1266053893164851200
1266053604244369409
1266053537122959360
1266053390917926912
1266053211334627331
1266052931968786432
1266052778067136512
1266052594318917632
1266052113857081344
1266027317454872577
1266015072394100741
1266015059718914049
1266015047622569986
1265989915361378305
1265792021207355394
1265748975870709761
1265739630915305474
1265738907280445441
1265735584053592066
1265712423580860416
1265703550816071687
1265699370625912832
1265699369782857728
1265699368876769285
1265699367920578560
1265699365399801862
1265695110542561281
1265694574556647426
1265694169294659586
1265693910506049544
1265693582800891905
1265693273223544835
1265692939457572865
1265692822809829376
1265692703049867264
1265692603003154434
1265692400871264258
1265692300103081984
1265691941683040256
1265691653114920965
1265691552950738944
1265691478363422723
1265691217297379328
1265691126654275584
1265691038146015242
1265690833560440833
1265690778552143879
1265690617872560132
1265690224438513669
1265690131731791875
1265690054955073547
1265689537470009344
1265632872762871809
1265426525136080896
1265412756565565441
1265361808141037574
1265348228607873024
1265326642467127296
1265315177462931457
1265315176473034753
1265315175504269313
1265315173990088704
1265315171720970240
1265303952641478667
1265302720614936576
1265302648237981697
1265302138281963526
1265301900477505536
1265301205225484288
1265300970474479618
1265300361704878080
1265300281753034754
1265300166799773696
1265300024809992193
1265299839983681536
1265299569132417024
1265299513998278656
1265298496825016321
1265297240861507584
1265287817917337600
1265277820437245954
1265262058624385025
1264970661514153984
1264965578445533191
1264964752293408777
1264964750716342274
1264964749718106112
1264964748656947200
1264964746584952832
1264964743992836096
1264959033473187841
1264934788001136640
1264933646948950018
1264932510242418688
1264703508869263369
1264653797994962944
1264602828489797636
1264602827491508229
1264602826627522563
1264602825700651008
1264602823221796864
1264594527249207297
1264591394850639883
1264555868038877185
1264365432246538247
1264353573627977730
1264353289619091456
1264316225204695042
1264299352786419712
1264240635307003915
1264240634367524866
1264240633406947328
1264240631846785029
1264240630789791744
1264240628499648512
1264223496466563073
1264218825282793474
1264213304274292736
1264194564627271680
1263992824749490177
1263952180496740353
1263952133289840641
1263952079007219713
1263951999571300359
1263914871109943297
1263895650317541376
1263886849652789249
1263861552211464192
1263861551372677121
1263861550437347328
1263861548084314112
1263853287411011587
1263852495807352835
1263851982839840770
1263851339949510658
1263851053071679489
1263850944447549445
1263850835471204357
1263850743875895298
1263850600569110528
1263850361804259329
1263850214772936705
1263850162776137728
1263849849511981059
1263849744276819975
1263849497584689152
1263849423056048132
1263849281775112195
1263849197738102784
1263849149998534658
1263848700922728449
1263848639979552768
1263848284759752705
1263848138974117888
1263847549812670465
1263822211992993794
1263572154911768586
1263537361088102404
1263536861814947841
1263533106516185088
1263533105610215432
1263533104788094983
1263533102724505603
1263532773710626816
1263526997285916672
1263526769832996864
1263521143677423616
1263520890416922631
1263520017057972226
1263518489761009665
1263517861802389509
1263517375015661569
1263517028620648449
1263516919946194945
1263516818150481922
1263516558103588865
1263516482111262720
1263516364867874816
1263516188279214087
1263515983387537410
1263515882887790598
1263515637953056770
1263514998719909888
1263471875369373701
1263471855412928514
1263471839436734466
1263471820197502983
1263467811395043334
1263258918790316032
1263211215117062153
1263211101354934275
1263210780595494913
1263201943138304000
1263163745653719041
1263160489795883011
1263160488483074049
1263160486960472066
1263160484099997696
1263158204663574528
1263157972831739906
1263157655616532487
1263156944048656387
1263156514438754311
1263156119918256130
1263155773632380931
1263155550302416897
1263155166070661122
1263155050811138048
1263154992183214080
1263154653191159809
1263154213942636550
1263153998074388482
1263153030762909696
1263143616408682496
1263105903076634624
1263080981667422209
1262933064663130117
1262908736953298944
1262864369660186627
1262864303444688899
1262836761346048001
1262835637784363008
1262810649417170945
1262810647806558210
1262810646825119751
1262810644576980993
1262797100846374914
1262796663606972417
1262796116699099137
1262795665350025217
1262795517173673989
1262795227389140994
1262794973587570692
1262794685619286016
1262794496783396870
1262794370127929352
1262794166460956672
1262793998948802560
1262792820177371136
1262792513963819010
1262792369575014403
1262791918133665792
1262791693608370177
1262791388283969536
1262790329578614789
1262772604185739265
1262744437408456705
1262583372150444033
1262543293579132929
1262521107615232000
1262519127287173123
1262476812283793414
1262454482115444737
1262443625197318144
1262441355848138752
1262441355017625600
1262441354187231235
1262441253356142594
1262436744839991299
1262436684051951619
1262436538098606082
1262436185152065536
1262436070832181250
1262435855320461315
1262435746805399554
1262435498297118721
1262435215978438666
1262434941826187267
1262434388018696192
1262433728313331712
1262433485014384640
1262433460565823493
1262433415057588226
1262433331695833088
1262433184358240256
1262433081853689856
1262432972642402308
1262432831092948999
1262432542671671301
1262431924741648384
1262431829933666306
1262431700300304385
1262431035352141825
1262430330943922176
1262430084092383232
1262429444842688512
1262429097747263488
1262428733266419712
1262428678262226945
1262428098328317952
1262405694378119169
1262378858583597057
1262160104935301120
1262067815307251712
1262067531998789633
1262067531017306112
1262067529855512576
1262067528815312896
1262067526424580099
1262046411627081728
1262042200097067010
1261842346511085568
1261842319860477952
1261842273555353601
1261842243922599938
1261842167590510597
1261842133113286663
1261828828034478081
1261828794018603010
1261828397270999041
1261826959174221824
1261826010326224904
1261825977279225860
1261825911005069314
1261825858500808711
1261825708793499650
1261825455310745603
1261825221981585409
1261824588650024967
1261824560015556610
1261824404046176257
1261824273699799041
1261824230666231809
1261823813530025984
1261823490212200448
1261823359869956097
1261823250918768640
1261823066457456641
1261822899188576258
1261822834512453633
1261822705885679616
1261822663141490688
1261822630056902656
1261822446598008832
1261822440361132032
1261821836133830657
1261821751056572416
1261821700309684225
1261821231428505600
1261821208569483264
1261820528219881477
1261820436544880640
1261820299005382661
1261820215412822016
1261819641753669633
1261819378972217344
1261817786495574021
1261815113247608832
1261752446096941056
1261747885282152448
1261726371526606848
1261726353843466240
1261720345188405248
1261720344370524166
1261720343540051969
1261720341082144774
1261713206516559872
1261709672010178560
1261709103308713985
1261708720431562753
1261708687464370182
1261708311923220480
1261707875484872707
1261707253381509121
1261706801201975298
1261706561493352448
1261706227345698817
1261706088833040396
1261705999846694913
1261705888144003072
1261705254548189185
1261704669811933185
1261704460117716999
1261704218945228801
1261704163643228162
1261703965974069248
1261703424472576007
1261680111851638784
1261654137437126657
1261640346137767936
1261475630975266816
1261466806088318978
1261433043807383552
1261412533539229697
1261352775566450688
1261352774660390913
1261352773620301828
1261352771560800256
1261349403169882112
1261349113343299584
1261348979041689601
1261347139789090817
1261346615161425920
1261346322319360000
1261346132829114370
1261345503129808898
1261344755574857728
1261344515148992518
1261344409620119554
1261344267479339009
1261343970631618562
1261343573972340737
1261343176259850241
1261343107976699906
1261342597999521793
1261341184531632128
1261338118998941699
1261334146888069121
1261330544094257155
1261301852861317122
1261301276173877251
1261286590992789504
1261107575984140289
1261055698793881604
1261036324477456384
1261036306504843264
1261006685193342977
1261000549673172992
1260991135922696192
1260991135058714627
1260991134140112897
1260991131313209346
1260990415160905730
1260985678264963076
1260985439021871104
1260985092576600067
1260985064067944448
1260984543441489922
1260984092658667520
1260983817868914696
1260983527417446401
1260982980555812865
1260982911664369672
1260982234917605377
1260981941786103809
1260981819106885634
1260981756817268737
1260981600231325697
1260981508501917696
1260981440268972036
1260980126965268481
1260979320102813696
1260978326639796226
1260929284488773632
1260921302061330432
1260774824709931008
1260772482610495501
1260766370989514753
1260693526033072130
1260666799575760897
1260663073603534850
1260626403168485377
1260626402333908993
1260626401541140482
1260626399079149568
1260624330553208835
1260624329357905922
1260621905910009856
1260621783742414849
1260621123785457666
1260620711569350656
1260620207531360260
1260620060177182721
1260619871412420609
1260619710334468097
1260619470852276226
1260619266778423302
1260619062956167168
1260618482401660930
1260618333772230656
1260618264331288579
1260618053802512386
1260617846465363968
1260617737837203458
1260617601610375168
1260617438208692224
1260617120922112000
1260616863228268546
1260616580679061505
1260615924509364224
1260572523529416704
1260561804423462914
1260350466891943938
1260344693071765504
1260344368101195776
1260297183741517830
1260274745779662852
1260274375997169664
1260268884579487750
1260266865236029440
1260266864124530689
1260266863092805632
1260266860622290944
1260263739896606720
1260262247734992896
1260262017665052672
1260261788194607104
1260261603766919168
1260261522032472065
1260261445813575680
1260261388569567234
1260261276674113536
1260261233971924994
1260261131798675458
1260261004463783937
1260260923224272899
1260260832862142464
1260260676448256005
1260260153670225931
1260260009889447941
1260259714564227073
1260259574038364163
1260258858154557444
1260258808988930048
1260258780119552001
1260258644832157702
1260258614792634370
1260258584144773122
1260258552515629060
1260258424660656130
1260258397976485891
1260258206305210368
1260258033369841665
1260258002306772992
1260257975614259201
1260257757120401409
1260257756168232962
1260257672353505281
1260257195154968577
1260257162565222403
1260256410962735106
1260255588128378881
1260254884080820225
1260254495776399360
1260253879234555906
1260251133651685378
1260247050354135040
1260240135507128320
1260225980876173312
1260205760983846912
1260026217081696257
1259959751678595075
1259944498987184129
1259933643247685638
1259905126262878208
1259905125394649093
1259905124354396161
1259905121724575744
1259903542363635713
1259901838922481665
1259901721008013312
1259900970479255559
1259900490097274882
1259900207501848578
1259899822984790018
1259899189137485824
1259899144522653700
1259898998892236804
1259898810018529281
1259898736920023040
1259898620377210882
1259898496011898880
1259893538868822017
1259893338918006784
1259893134802247681
1259893086743863296
1259892985740869634
1259892862189293571
1259892780064813059
1259892410047516675
1259892334436761601
1259891987077042176
1259891474679754752
1259873809856856066
1259867623761817609
1259867571005919232
1259867504958214144
1259859883274493952
1259844881599606784
1259556453628743680
1259515370983108610
1259515369783537665
1259515368953044996
1259515367766056961
1259515365777903616
1259487130650279938
1259278978579341312
1259235566371188741
1259175945975578624
1259175944905990145
1259175943882584069
1259175941538021379
1259173739717148672
1259173404596416515
1259173015520194561
1259172267159846914
1259172027082125312
1259171726753177600
1259171187906637824
1259170589358657537
1259170508907655169
1259170010116829187
1259169718453370880
1259169578854354946
1259169508679286784
1259169195310436353
1259169131946967040
1259169077362331648
1259168883417767936
1259168832847044608
1259168735660781568
1259168666517671936
1259168301684527106
1259168251470381056
1259167563428188160
1259150114536460290
1259140149478404098
1259120988954005505
1258875738918400000
1258864288997027843
1258853662283173889
1258842672799809541
1258841832928075776
1258815271130800134
1258815270094848001
1258815268941373442
1258815266294845442
1258811570156720128
1258811538653220864
1258811493598007302
1258811492289392643
1258811491123429376
1258810796773081091
1258810639897821185
1258810030696148992
1258809861749583873
1258809614239440896
1258809227755356162
1258808813198684170
1258808676112125953
1258808559271321600
1258807875952152576
1258807722725834752
1258807628970569730
1258807451580796928
1258807420073185282
1258807279677300741
1258807209724645376
1258806803292393474
1258806402790932480
1258806362273910786
1258806270632566785
1258806135982895106
1258806047864750083
1258806002562011137
1258805961969537025
1258805410393358337
1258804884494618624
1258781350406033409
1258779461736153089
1258774597748621312
1258755210106810374
1258755208458403844
1258754996184780803
1258754976442052608
1258746909663125505
1258604909232099328
1258524797538938880
1258524769214857216
1258499222351085568
1258451370916675587
1258451369008250880
1258451367686963205
1258451365552181249
1258449183679434752
1258449014841892864
1258448831353704448
1258448554026205185
1258448152736280578
1258447525549355011
1258446826056925186
1258446261168091139
1258445952513454081
1258445852995194880
1258445753233682433
1258445679283908609
1258445458646675457
1258445334583414784
1258445286541873158
1258445163002765312
1258445055024652288
1258444958392082434
1258444642951012354
1258444580292263944
1258444474289618945
1258444346967367680
1258444278184976386
1258444214549000193
1258444108777086977
1258443821131730944
1258443352929964044
1258443214060732421
1258443015926026240
1258442223588241408
1258439634310266881
1258435165958922241
1258402306162384896
1258401913072164870
1258396846462042113
1258141846641008645
1258139266892382210
1258139017725595649
1258120174936473603
1258119400667955203
1258091266392408064
1258088671556886529
1258088670432825344
1258088669531045888
1258088667236704256
1258088531697819650
1258086233378562048
1258086052486696960
1258085080859324416
1258084723391430656
1258084428468948994
1258083863349342208
1258083524948701184
1258083434993537025
1258083286196326400
1258083252742610946
1258083102284566529
1258083037650223104
1258083001747099650
1258082870532472832
1258082836264992773
1258082711329267712
1258082455652892685
1258082389022179330
1258082316875968512
1258082051728834560
1258081795012284417
1258081721230163968
1258081570948354054
1258081312839274503
1258080397570826246
1258079933902946305
1258032656798932993
1258027373607485443
1257831634788851712
1257830382747123712
1257772473271177218
1257763534211088386
1257728825984798725
1257728769890177025
1257725970397777922
1257725969043009538
1257725967839244288
1257725966853472256
1257725964827713538
1257723094325657608
1257722939455217666
1257722634239909896
1257722633325510656
1257721426074796032
1257720980773974018
1257720808023228419
1257720634827837441
1257720545212170240
1257719835863244804
1257719733559984133
1257719668527239168
1257719505544974337
1257719383784394753
1257719254889238529
1257719119400624128
1257718967285813248
1257718940358279171
1257718828290670593
1257718789065629702
1257718701220077574
1257718469669392388
1257718347380162562
1257718060191973376
1257717992940503042
1257717893434875904
1257717086186397697
1257698204000403456
1257691765177491458
1257691763906658305
1257691590426058753
1257674119015018497
1257471940387897345
1257436479363649537
1257408289903726592
1257365622817722372
1257361045481492480
1257352613827411969
1257352612921462787
1257352611935682560
1257352610513813504
1257352608047603713
1257345721797312515
1257345531602505735
1257345014239240192
1257344414596374528
1257344167820361734
1257344114221252608
1257343866891534336
1257343672951156736
1257343595184562177
1257343527983423491
1257343420013707265
1257343213578354690
1257343010112757760
1257342692566142977
1257342503059103744
1257342344136982528
1257342179602829313
1257342103782404103
1257341942393966597
1257341843177705472
1257341660792487942
1257341278133469184
1257341136206692359
1257340995957555203
1257340824750297089
1257340526988349440
1257340513780449283
1257335443491893249
1257315350862954496
1257079319144390656
1257078868898349056
1256995099050901505
1256995083695665153
1256994450313818113
1256992834965704704
1256992833933885440
1256992833032065026
1256992832075763716
1256992829810892800
1256977980976443393
1256962250713305094
1256956523823194112
1256946893092990979
1256946840974565376
1256942960085733376
1256760064687443969
1256680870007767045
1256637030861340672
1256637029867302912
1256637028759977991
1256637026637668354
1256634893263659009
1256634593513521152
1256634439398035459
1256633865764057088
1256633724625616898
1256633473063890948
1256633197418418176
1256632714679201793
1256632565986975745
1256632492351721472
1256632231264690177
1256632130488205323
1256632014800859136
1256631951261343746
1256631855446732801
1256631747514707969
1256631625376546817
1256631512499396609
1256631422980423685
1256631178599301127
1256631037003776002
1256630973749506049
1256630487851950087
1256630263280517122
1256630134184050689
1256629598290243584
1256599480725536772
1256592452242280449
1256592419140841473
1256385233257140229
1256355987180617737
1256330002741686273
1256314307102617600
1256284850782380041
1256284825885032448
1256284136488271872
1256279319099379712
1256279317572653059
1256279316247314432
1256279314720591874
1256272731072495617
1256272393317879809
1256272210664267777
1256272057421135883
1256272024051290115
1256271987913248769
1256271781725384705
1256271638921981957
1256271579664826369
1256270924548104199
1256270567243743233
1256270239542755335
1256269586955206659
1256269493699043331
1256269460350160897
1256269343899484162
1256269188903194625
1256269156074369025
1256268717647958016
1256268574261469185
1256268487275798530
1256267863758909440
1256267830380593153
1256267769215094789
1256267371884486658
1256267358429044736
1256251006054273026
1256250473931329540
1256247698199633922
1256222041142894592
1256221597544873989
1256030154662522880
1256020748038258693
1255967049152696321
1255967048255053827
1255967046216617984
1255951647571935237
1255951646540075008
1255951645592170496
1255951643201417216
1255947915878694914
1255947528396300288
1255947437300166656
1255947076069965827
1255946777745907717
1255946588150804480
1255946409846755330
1255946022309724160
1255945500903309313
1255945394376396800
1255945275706933249
1255945228156055559
1255945180622053377
1255945086694830080
1255945027211141120
1255944934152159232
1255944832142508034
1255944591003521026
1255944404583489539
1255944246802223104
1255944087875837954
1255942493998202880
1255937685295955969
1255928412826370049
1255920078568263682
1255904601477386240
1255901658988654593
1255898815665770496
1255898793729458178
1255863542407999489
1255680944385732608
1255638635002675205
1255604345070063621
1255604320038518787
1255571571084795904
1255571534112047104
1255568803603329025
1255562470753808392
1255562469432528899
1255562468161728514
1255562466798469120
1255554478884954121
1255549510194954245
1255548962246885376
1255548024266330113
1255547861821018112
1255547537366421504
1255547358651260928
1255547320457998337
1255547192464551938
1255545670951473153
1255545344697552896
1255545055986753543
1255544456725565442
1255544360378212354
1255544302090039299
1255544190135668738
1255544080085458956
1255543896391761921
1255543856189394950
1255543728925749250
1255543537535528967
1255543426105462785
1255543330185805824
1255543223793180673
1255542670883086336
1255531370287435777
1255504107810557960
1255494727253835779
1255492543862779905
1255318274038005761
1255316537596088320
1255305716568600577
1255240821126901761
1255240236948426756
1255233768996179969
1255226089854636032
1255222753860476931
1255217403534999557
1255215942143016961
1255213455361167366
1255213453389766657
1255213452127342593
1255213450416046080
1255211698283216897
1255211635272224769
1255201689893834753
1255201674622271491
1255201659761954822
1255200502486388736
1255188570186362884
1255187796895113219
1255187737273077764
1255186960014065664
1255186923414597633
1255186892158644227
1255186859052933121
1255186801884565504
1255186800517296129
1255186799191904264
1255186797748944899
1255186796264263680
1255186794775228416
1255186793214992386
1255186376821219328
1255186321586434052
1255186263419822082
1255186206498983938
1255186150282665984
1255186089708568578
1255186017616834561
1255185956572925952
1255185887715045381
1255185825647730693
1255185750934597632
1255184660461690885
1255183728462172160
1255183076344442880
1255182728435245069
1255182382006775809
1255182311974473729
1255182293192318976
1255181866078011394
1255181492147363840
1255181329697775618
1255180273043427329
1255171947052351491
1255157574460157952
1255143328514899969
1254954928730226694
1254954892260761600
1254893290576642048
1254879205982113794
1254877274626809856
1254875733542998021
1254865192048975872
1254862712737116163
1254862705904648193
1254862700670140416
1254825218633277440
1254825217219854337
1254825216041246720
1254825214967533568
1254825212656472065
1254808797022953478
1254808692660240392
1254808595134328834
1254808212651507712
1254808000960872449
1254807936335044608
1254807799881707526
1254807724266795008
1254806876916760582
1254806507604099073
1254806378834731008
1254805998260441090
1254805927326253061
1254805807939624960
1254805458046660614
1254805159772815360
1254805021226684416
1254804806830620674
1254804682872102912
1254804403611148294
1254803872490631168
1254803736205156353
1254803516952059907
1254802811918798848
1254777827120955392
1254751963209703424
1254751584493408257
1254751576356421632
1254750066990026755
1254558335497617413
1254520011353403394
1254519987814961152
1254457037305643009
1254441831611404293
1254441830457978880
1254441829556248577
1254441828528672770
1254441827371036672
1254435650490810368
1254415407458508801
1254415360796889088
1254105032708042764
1254102978216296449
1254100837435146240
1254100836302704641
1254100834994053121
1254100832766889984
1254098135099506690
1254097689891024896
1254097556549898241
1254097458881323009
1254097310495244289
1254096964960092163
1254096778334535681
1254096688303812609
1254096614840549377
1254096224283697153
1254095850650951680
1254095150403502081
1254094888683126789
1254094656687783936
1254094515008352256
1254094468367683585
1254094368732045315
1254094299035246599
1254094164268134400
1254093946638172160
1254093159618850817
1254078776977260545
1254060092858732544
1254050421099937793
1253858218679418881
1253845255121764352
1253815414175543298
1253815376183517184
1253807155217604610
1253779610749321216
1253779324551024642
1253777056137121799
1253777055155617792
1253777052341329926
1253777051301154818
1253774301347577859
1253772819479121920
1253770278997549056
1253770105017774085
1253770023501475840
1253769718139404289
1253769499989479425
1253769164667457538
1253769135294685186
1253768920386977795
1253768746440765441
1253768667030073344
1253768534762627079
1253768500998529027
1253768378747101200
1253768052686106626
1253767809483575302
1253767736871788546
1253766326025363459
1253766102217297921
1253765537332637697
1253765287654100992
1253765195052310530
1253765105864577025
1253764998524022785
1253764859273117697
1253764783993741312
1253764384859578368
1253764238583181312
1253763558988410880
1253730601066287106
1253721548420263944
1253698650330615810
1253681285484163073
1253494317064257538
1253433015734112259
1253432976009879552
1253432867985604612
1253429014565236739
1253424372204793857
1253421304218218496
1253393616237723648
1253393614446698496
1253384247462825986
1253384221709737985
1253379770580156417
1253379769611292674
1253379768751398913
1253379767388254208
1253376171179417601
1253376127940415489
1253375830115393537
1253375760871587842
1253375715883593729
1253375614373056512
1253375502280282112
1253375434374279169
1253374943053692929
1253374677730418689
1253374393499234305
1253374340667789318
1253373910906798080
1253373699065085952
1253373634388910084
1253373431262973952
1253373205819121664
1253372995080466450
1253372959928004608
1253372923173355521
1253372780009193479
1253372724858236928
1253372440329310208
1253371881765380096
1253371634188259329
1253371269837402112
1253371098844073985
1253370962474606596
1253370867092008965
1253370803170795520
1253370169235320833
1253369904109150209
1253369780859478018
1253368711617974277
1253363165049638913
1253347350518603778
1253323443493199878
1253131401454661633
1253127006423846913
1253122242592018433
1253078518772183053
1253069252606779395
1253069239260524549
1253062629347790849
1253062628387233794
1253062627493904384
1253062626042621953
1253062107198881793
1253057256918257665
1253052442071138311
1253044673549139970
1253044165023272966
1253043897489637376
1253043784222494721
1253042771893649415
1253042662782967809
1253042504909365248
1253042285991862277
1253042247513387008
1253041086496485382
1253040471380766722
1253039966726361088
1253039484616298499
1253039062681878536
1253038863343398912
1253038504529006592
1253038402238328833
1253038322743742468
1253038170888962048
1253037837605314560
1253037438668283906
1253037282468249600
1253036177562595328
1253025577092681728
1253021122750296064
1253016187077885954
1253013127995822080
1253012019445456910
1253006792159887360
1252958387211571200
1252955409872310272
1252798437176852482
1252783981122277376
1252783911215734784
1252754070764388352
1252736193390874627
1252720550348193793
1252700616184528897
1252687647983783938
1252687600109916162
1252687599229177862
1252687598323224576
1252687596964196353
1252685778242723842
1252681309849337858
1252681079569494016
1252680727310807040
1252680502487760897
1252680363610189824
1252678896970985472
1252678802607611907
1252678650853560323
1252677915839471628
1252677609764392960
1252677479866798080
1252676791615008768
1252676691887038465
1252676453893881858
1252676232946290692
1252675838438326280
1252674009868587008
1252645917364281349
1252643904643571716
1252641453551104002
1252629011848736769
1252626550467579905
1252626454824845314
1252626292056391682
1252620996554653697
1252600472269197313
1252595780155781125
1252589835979612161
1252445511036162048
1252445223776661504
1252387268817371145
1252355989694603264
1252352650475040770
1252352619692961795
1252352593025622017
1252338734080516096
1252331702028046336
1252331663922790402
1252331532385206272
1252331531605094403
1252329390769307655
1252308633049759744
1252306749274689540
1252306192904454145
1252305813043019777
1252305627684241408
1252305486726270977
1252304601421922304
1252304491459883013
1252304344273297408
1252304141789155333
1252304089540681731
1252304073145176064
1252303595736829953
1252303376760672258
1252303041870671877
1252302997511684100
1252302631705419782
1252302558347083778
1252302225109667840
1252301979914842112
1252301850566631432
1252301526963494912
1252301433824739344
1252301283257655298
1252301088960794632
1252300199881396224
1252297595000586242
1252258210003783682
1251943477237219328
1251943475400097798
1251914721126744065
1251913717006184452
1251913715575926785
1251913714388910080
1251913713382285312
1251913709921894400
1251902194770681857
1251895268938825728
1251659277636427779
1251564011482689537
1251564010417401856
1251564009389686786
1251564008144097281
1251561997289902081
1251561915727388672
1251561811586973703
1251561384917303298
1251561212246196229
1251560099287568388
1251559901383581704
1251559737730236418
1251559513246830599
1251559435081744385
1251558623890878464
1251558285997748224
1251558031692791808
1251557881511641089
1251557687688560643
1251557587465711616
1251557431659966470
1251557255171977216
1251557142089412608
1251556975533527040
1251556851105304577
1251556209657696256
1251538479059787776
1251536200025935872
1251532403039969280
1251294359594717184
1251250591726284811
1251243837814706176
1251241946015846404
1251232096477163521
1251226578299822082
1251205022114820096
1251205020340703233
1251205019308896263
1251205018037911553
1251199653200244742
1251199621612929026
1251199201171693570
1251199126315970561
1251198621829206018
1251198444192116737
1251198295248175106
1251197978414587910
1251197621168898050
1251196948192903171
1251195883988934657
1251195101310836742
1251194751824642055
1251194602134044674
1251194451613138948
1251194033856057354
1251185078950072321
1251164112576368643
1251164043890446339
1251163812650266624
1251161979764396032
1250874531620753410
1250872582225657857
1250852701908410368
1250852700910215168
1250852699991683072
1250852698347503616
1250846899080495104
1250840608157163520
1250840371715878912
1250839996443090950
1250839850879721473
1250838597479149571
1250838237674946562
1250838059488329738
1250837429583597569
1250837401909559305
1250837238314864640
1250836853743288331
1250836819614334978
1250836770444521474
1250836474087563264
1250836312275419136
1250836232298430464
1250835178236280839
1250834682729635840
1250834479729520640
1250834379338907648
1250834078129061889
1250834001180360706
1250833217730404354
1250812364720611328
1250808208140259330
1250808084508954626
1250794268941324289
1250773988093112321
1250602266266140672
1250602179502759936
1250559925975158784
1250545789438504960
1250521417365491712
1250504178197245952
1250503793596338176
1250492336280416257
1250479934620995585
1250479933580873731
1250479932603535362
1250479931290779650
1250478734114775045
1250477995942428673
1250475437244977153
1250475042221314054
1250474680802254850
1250474479555411973
1250474421497856005
1250473586147635204
1250472484178198528
1250472342519717894
1250472198701305856
1250472064508665859
1250471984116510726
1250471548508672005
1250471395152277504
1250470838882746376
1250470089368973314
1250469772225056768
1250469661470326787
1250469518855548928
1250468975189745664
1250441799685951490
1250439664604831744
1250438113639272448
1250222176151711750
1250215624019709954
1250214373966168067
1250195243137486853
1250189543569068032
1250186816008962048
1250186797474291712
1250138073922486272
1250128327756730369
1250128326607482882
1250128160672407560
1250128159141515270
1250122769725108224
1250118266665795585
1250117833364824066
1250117672282591233
1250117462303084545
1250116380201975810
1250116277156352002
1250116083916451841
1250115930622836736
1250115311338225670
1250114240893128705
1250113948025794563
1250113568139284480
1250113187153838081
1250112738245869568
1250112536571187201
1250112291586093062
1250112033858686976
1250111792115855360
1250111702873636865
1250110956274716673
1250065775332855809
1249879349563723776
1249857723635830787
1249857101507235843
1249830997094473728
1249824651875889152
1249813882551570433
1249812196353245185
1249808510210256898
1249795309565292544
1249793271586598913
1249793270491811846
1249793269606776835
1249793268273106944
1249781146914873344
1249781006938378247
1249780689744072707
1249780564317671430
1249780378455486465
1249779864179216390
1249779778015694849
1249778528045989888
1249777345935933440
1249777148694597633
1249776910227443718
1249776732623822851
1249776683978285061
1249776167445553152
1249775905083404290
1249775789572272128
1249774903156506625
1249765892218593284
1249765507131232257
1249756020940976128
1249754678373617666
1249739341653573633
1249707496995991559
1249705786659520512
1249694641810804741
1249681314820784129
1249419411552899074
1249417092392239115
1249405130493100033
1249392201865613315
1249392200129163276
1249392198686314499
1249392197486739461
1249392196337483776
1249392194802327557
1249363813914292224
1249350144199450630
1249350131314495491
1249350121038413824
1249336298323750913
1249331642524741632
1249330404714315776
1249330287219290112
1249323292944748544
1249164727000981507
1249162616657842176
1249149066019311616
1249115146640818176
1249072130425335811
1249065628159352832
1249062087067918337
1249049188983283712
1249035729222750209
1249035728333438979
1249035727339491328
1249035725976276993
1249035724868980739
1249027281714122752
1249027069733994501
1249026541314617351
1249026266780651522
1249025806640218113
1249025369249906691
1249024664631992321
1249024407978344450
1249024121532538885
1249023702991286272
1249023563123826689
1249023436384612352
1249023232876961792
1249023150291070977
1249022397308637187
1249021667449462785
1249021485135659008
1249021312632336385
1249021214397431808
1249020982549008386
1249020602658234368
1249020456990117888
1249019732260302848
1248980668102717442
1248960697242980355
1248799253776011264
1248793787842920448
1248767502416519171
1248754232255225864
1248704386492178435
1248700977714286593
1248697564809093120
1248674810818953220
1248659334265032705
1248653922882945024
1248653921360449537
1248653920441962496
1248653919401713665
1248653917283594240
1248653007002230786
1248652133572005892
1248651845922414594
1248624504969936903
1248624267190657029
1248623999203946496
1248623808849653763
1248623424550789121
1248623144480337927
1248623062779457536
1248623026645565442
1248622926460383233
1248622895938457602
1248622783665303556
1248622063935344646
1248621542969208836
1248621441194446850
1248621245786025984
1248621010753957891
1248620368505405449
1248620115345588224
1248619494823481347
1248616131289481216
1248585336629923841
1248581035224444929
1248439717198270464
1248407156262498305
1248394903899353089
1248374518424330242
1248373253804081152
1248365173162868736
1248361586877702149
1248360905328517124
1248350644815233024
1248350519946592258
1248326918434406400
1248324773962297350
1248323743107158016
1248318648789405702
1248318647954821120
1248318647069814787
1248318645899591682
1248318643047469057
1248311721577590784
1248311589373186049
1248302528757981186
1248301939957338112
1248301694825480194
1248301391682076675
1248301055047348226
1248300930140946434
1248300862872657922
1248300674384900096
1248300506755354626
1248299135264083968
1248298916648562689
1248298450019659777
1248297345042780162
1248297170601676800
1248296953445826561
1248296723220480001
1248296343623413764
1248295997123559424
1248295616347807744
1248295065639772162
1248269941016592384
1248269819817984008
1248269765916925952
1248265879831433216
1248080657969971205
1248069245151465474
1248059906860691456
1248028521131323392
1247984170074284039
1247981155900698630
1247975922021666817
1247971634587283458
1247960294934142976
1247958416045285376
1247958385158389761
1247957347722395650
1247951038130409472
