1286027742916509697
1286013170847555585
1286013170033872899
1286013168800747527
1286013167647113216
1286013165503995904
1285982009614098438
1285751508403777538
1285696294921609218
1285667189069094917
1285667187093573634
1285667182693752833
1285604338216427520
1285583075473334272
1285360159024451592
1285360158227550209
1285318821667123201
1285318820710813702
1285312334676795392
1285267223054098433
1285227635749072897
1284602666216304641
1284337118731436036
1284337117511004162
1284246543889989641
1284246536566771720
1284246534335365125
1284220341150273538
1284185511989518336
1284182667546767366
1284171203452821504
1284159933143973888
1283884326183206912
1283884055050756096
1283861677075767307
1283861674383024128
1283861671937806338
1283848930812481536
1283841762788810752
1283841762059001862
1283841761274744834
1283841760301666306
1283841757042618368
1283798642722328576
1283783871226683394
1283506835585216513
1283483514084700162
1283483513212239878
1283483512327241728
1283483511404535808
1283483509907238913
1283483508997070851
1283483508086910976
1283483507168288770
1283482976966377473
1283445047153897473
1283189872015147008
1283125882454970371
1283117833497595904
1283117832625164290
1283117831211683848
1283086555981250560
1283086553837789184
1283086550977458178
1283086549735923713
1283067892880334852
1282760715208663042
1282427032476033025
1282396820082237447
1282366897443479553
1282329010459021314
1282110099557961729
1282079729688825856
1282063392786788359
1282042458541563904
1281683525389946880
1281649458187468801
1281626928928165888
1281611754028568577
1281360040608387072
1281341513365159936
1281022788950798337
1281022787407224839
1281022784760696837
1280988117139443713
1280977941778829314
1280944418485395456
1280924996186112000
1280902521674969088
1280902478171648000
1280902375713263616
1280902320801435649
1280902258675388416
1280902113552404480
1280902041121050629
1280902039875305478
1280901894597218305
1280901853195141120
1280901713331920897
1280901655664484352
1280901576589283328
1280901490933194752
1280901439284535296
1280901438265331712
1280901437338398720
1280901167728508930
1280901054255837191
1280900701162475522
1280900601984045057
1280900510732738560
1280895679737593860
1280893249251618816
1280871778299060225
1280592900829609985
1280577368608907270
1280566008969867264
1280222536748367873
1280200516602138625
1279848872068644865
1279818633720594437
1279577012047425538
1279490216865288192
1279437347629813760
1279127889393389570
1279093944865955842
1279093942538076166
1279093941728677890
1279093940956934144
1279093938893324295
1278769169966784514
1278746679475388417
1278731457989677056
1278713059805204486
1278410805613117444
1278391766618701824
1278376701861527560
1278365261951897603
1278362971400536067
1278116303077806081
1278089690726440960
1278071787637612545
1278048565659648000
1278048562140545025
1277989050109112321
1277704675500920832
1277663235018305537
1277625407639076864
1276979909928370177
1276966852959272963
1276934646329212936
1276678775393181698
1276598611154001922
1276576228720414720
1276542052172529670
1276321606667841538
1276321605791158272
1276321604998479874
1276321604235034625
1276321603463372801
1276321602653872128
1276321601668161536
1276321600120541185
1276262691250876418
1276262690038710274
1276262688352538626
1276262686817386501
1276262685315907592
1276262684254707713
1276262682270801920
1276262680437895175
1276262678072262658
1276262675534827528
1276235803367288837
1275929266585305094
1275878225365827584
1275878223843393537
1275878222564114432
1275878221268029440
1275878218793463815
1275857841161732097
1275528040060268544
1275523042307948547
1275523041389359112
1275523040047218689
1275523038562451457
1275523037652271105
1275523036758847488
1275523034426769408
1275522822564188163
1275522820391526406
1275522816163659783
1275522811772260355
1275522810119585799
1275522808945270786
1275522806940405766
1275510602983714818
1275466505782734849
1275180088053714944
1275141728073396224
1275141725615464453
1275116563117588482
1275116561003577348
1275116558700949511
1275079990963388422
1274726429503172608
1274428215310852101
1274046645324447744
1274046644477190148
1274046642782638082
1273718409012875266
1273718399626104832
1273681116059308037
1273635434392883200
1273635433403092997
1273348709619773442
1273348707598192641
1273348705433903105
1273348702552363011
1273348700253958144
1273348698878226433
1273348697389137924
1273348695493394432
1273348694193119234
1273348692611870731
1273348690850308098
1273348689919082498
1273348688988045314
1273348687935217668
1273348684412059648
1273321297867608067
1273313253301592064
1273012715741687810
1272977442320396288
1272959652003819520
1272944548914831360
1272925686651654146
1272631253922123787
1272605002985586690
1272575172483207173
1272575169568083969
1272575166644707331
1272575163796725762
1272559026824511489
1272558312412848130
1272230419195445248
1271887610420609031
1271854901761650693
1271588350819028992
1271549267300188160
1271510385099767808
1271208143889014785
1271162807891918849
1271162802842095622
1271144019180105729
1270868470977216513
1270853647967162370
1270835667816325120
1270835665547165698
1270835663936598017
1270811885659660295
1270792730617294848
1270766698497478658
1270766697415348224
1270766695896973318
1270766688791912448
1270766678201245703
1270746475434332161
1270721207986352131
1270522402745827329
1270497201907785729
1270429301100482563
1270171424678871042
1270074410125398018
1270074405520105473
1270059284152422400
1269719876878417920
1269396360253628417
1269366521966583810
1269283002388971522
1269056581074915330
1269043852536659970
1269042579808681992
1269042154892152833
1269035052790398976
1269035051569876994
1269035049447493632
1268989829200609286
1268975318867619841
1268974888846528514
1268935647051603968
1268707005037973512
1268706998385881089
1268686495549927427
1268686483235442688
1268603444966940674
1268275097359523850
1268225978339393542
1268207448298524674
1267988272829120514
1267942914585436161
1267905521648046082
1267905520880492544
1267905520024915971
1267905518347194375
1267873568920125442
1267598096671932416
1267567982240313344
1267497511025020933
1267497509410287616
1267497505861832706
1267201833321336837
1267182905173966849
1267136324601085963
1266776620309807105
1266714206214279171
1266500879760441345
1266489581869969408
1266489580800430081
1266489579818962950
1266489578854191106
1266489577734365191
1266489576723447809
1266489575217811458
1266460713805119490
1266450594816036866
1266440780564103169
1266186942389108737
1266186941025914880
1266186939717337098
1266186938521915393
1266186937297182720
1266186934117957633
1266186921115598848
1266122344684302336
1266120872676528131
1266120095551696897
1266119664377225218
1266119312458289158
1266119046946324480
1266117996369641477
1266117994993856514
1266116661897289728
1266115716681535488
1266114773252485120
1266114444699922434
1266112956443627543
1266109676829237249
1266109674966978579
1266109673855488002
1266109667413024773
1266109664900648968
1266109662476341260
1266109657791303689
1266088245957406721
1266064236846989313
1266040438739402752
1265798723319353344
1265791178437509121
1265791177539944448
1265791176457752578
1265791175488929798
1265791174205485056
1265791173312098305
1265791172250873856
1265791171219120128
1265791170011172865
1265781144232091654
1265781142462046208
1265781141614874625
1265781139601608704
1265772297044008962
1265734808648507392
1265734806727524360
1265734719389478914
1265725875615682560
1265704374065680384
1265678020972548097
1265678019756261378
1265371663136407558
1265371662112952321
1265371660636631041
1265371659411865605
1265366757964943363
1265366399360421888
1265328623227109376
1265025601062256645
1264660740302090240
1264660738334916615
1264660735210262533
1264660487448547331
1264646199358996486
1264611121274793984
1264611119609507840
1264611118380654594
1264611117030092800
1264611114119241733
1264611113007808512
1264611110025601027
1264611107668443136
1264599007986417668
1264599006950428672
1264599006111502336
1264599005281103875
1264599004530257923
1264599003372687367
1264599002357604352
1264598716922695684
1264587339290087424
1264434604234215425
1264412541310193664
1264356894111662085
1264350502168526848
1264350500977287170
1264292629237436421
1263993063950729216
1263992815715061760
1263960600645971968
1263960599756709893
1263960548984664065
1263960547680280577
1263948073157394437
1263948071744012288
1263948069307133960
1263945163451371520
1263944647174471683
1263944114904731648
1263943477571858435
1263942594943496200
1263941676814479362
1263941003381268493
1263940703358517248
1263940412722630656
1263939918948155393
1263939399957590019
1263935302667833344
1263935300084084737
1263935297869545479
1263914140600602627
1263907508516720640
1263893631334780929
1263877844104556544
1263864184086896641
1263609331653754880
1263609330806505472
1263600203313152001
1263600201832566784
1263600199739551744
1263551576406396932
1263502381284757504
1263502380269789184
1263209677401346048
1263209676486967298
1263209675555831814
1263209674729500676
1263209673878048773
1263209672737251334
1263209671080509440
1263209667183984644
1263209666147954693
1263209664738664454
1263189103178375170
1263176452587114498
1263176450162724867
1262831674922086401
1262831673911230465
1262831672074133504
1262826744299565058
1262811501762613249
1262783159382560772
1262782796919189504
1262781561474289664
1262780655894695936
1262779342511321091
1262777957602463750
1262777143022571521
1262776384251977732
1262776090424233992
1262775220919730182
1262752461929893892
1262737387999952896
1262504090334044160
1262503100700676099
1262501760880578560
1262500037982126092
1262499233942450184
1262498876919070720
1262496794690359296
1262483146420953088
1262464381776015360
1262458047886131202
1262436920770154497
1262120799252688896
1262108293025185792
1261756428286640130
1261743531653242880
1261445521572413443
1261410340572557313
1261408677728145409
1261408279382630400
1261407844169060352
1261407432816951298
1261407050531299329
1261406233078247425
1261405707842322434
1261405239258701826
1261405098611277826
1261404814258429952
1261404552282148871
1261404551027978240
1261402605214826497
1261402232097894401
1261402230634274817
1261401798839087104
1261397217996419072
1261397209754542080
1261391503693352962
1261377153238618112
1261375613358792705
1261318345351192576
1261075337959571464
1261075332242845697
1261053809100566532
1261053806944624644
1261053805048860674
1261053794147762176
1261014773413576708
1260984672139522056
1260751700706635777
1260700471162998792
1260698646066184198
1260697181515919365
1260696343372316674
1260695823769354240
1260693544534229002
1260692675445100546
1260691804497883145
1260671231872978944
1260671229268279297
1260671228064477186
1260671226709782553
1260671220837683202
1260671218669191171
1260671216484077570
1260671214747607050
1260671213808029704
1260671212281376768
1260652578997755907
1260646247104344069
1260629956729745410
1260317841317859330
1260317840411889668
1260317837945683968
1260317837064880128
1260317830744084480
1260317829062066180
1260317827879309314
1260290125977837568
1260261282386673664
1259966541317144581
1259966539404578822
1259966538129514498
1259966535449432064
1259966533721260032
1259966532085481474
1259928038868992000
1259883642270203907
1259883640462413824
1259570231535702022
1259521252886220804
1259264550404325376
1259206666639355904
1258853277606785025
1258853276059160593
1258853274565988352
1258853273299230720
1258853092281462785
1258852999700590593
1258841270102958080
1258796328378929157
1258522121891807233
1258502414799450119
1258502413138505728
1258502412010246145
1258502411116851202
1258502410286309376
1258502409459990529
1258502408524705794
1258502407681687554
1258502406008078336
1258478317981913088
1258443704517431296
1258442084215861262
1258417593150574593
1258184868669906962
1258172631171424261
1258137208264982530
1258137207203823616
1258137204632760323
1258137203659636736
1258137202489462784
1258137201503809536
1258137200476278785
1258137198584639493
1258137196806189057
1258137194256048128
1258137191370362880
1258116525015384064
1258105928274055174
1258105927179423747
1258105926097272837
1258105924931158017
1258105922972418049
1258105920506265602
1258105919537283072
1258105916915933192
1258105914319659010
1258105912147001344
1258105910209196035
1258105909190037507
1258105906706907146
1258105905721282562
1258105904706334722
1258105902864965632
1257850125361262592
1257820171730923521
1257762593382510614
1257762591339839498
1257762590463229953
1257762588743684096
1257762330303135744
1257761218837778433
1257761149963194368
1257761046196097030
1257760605395714048
1257760494120841216
1257760417629245450
1257759688910913536
1257759074495725568
1257758760736612352
1257758728193036288
1257758581451079681
1257753978001149955
1257728033638752257
1257452952748462085
1257391093747986434
1257384714870161415
1257373206853431302
1257090639990263808
1257028754754482181
1257027169324318722
1256946928216047616
1256720180337684481
1256696329297899520
1256696328438059020
1256696327037235201
1256666691364425734
1256309048640704512
1256308931506376707
1256308875269029888
1256308722617520129
1256308556371902465
1256308480954302464
1256308395159818240
1256307896331063297
1256307652713422848
1256307568227450880
1256307498161549312
1256307438770368513
1256305007495954432
1256292421681414145
1256267157593378824
1256252074511208453
1255942426923020288
1255923800694292482
1255923797988978689
1255914009221566464
1255650532343066626
1255610372876353536
1255610371890728961
1255610371022389259
1255610369080528897
1255610366471569409
1255579704138096646
1255527431936585737
1255270656146583552
1255232679819255808
1255232677852131328
1255232675587207171
1255232673393659905
1255232671006982151
1255232668830175232
1255232666619740161
1255232662362632192
1255232658201862144
1255216517387620360
1255206600463323136
1254860521376866304
1254860519263154176
1254860516951863296
1254860512770142209
1254854186191269893
1254821499917213696
1254511835421782016
1254491946808197123
1254444017514958849
1254189787113754625
1254165841270255617
1254130279351898112
1254085286553927680
1253847691437768710
1253847690393399300
1253847689449660416
1253847687365042176
1253847685259505664
1253799026899718144
1253767034367815681
1253764424646754304
1253750586962575361
1253478857874735104
1253417773956399104
1253417771720822786
1253417769476911107
1253417767300022279
1253417765186097153
1253417762925326337
1253417760769470469
1253417758462578690
1253417756323532803
1253417754083725313
1253417752036966404
1253417749700702213
1253417747909799939
1253417744881442818
1253417742658486276
1253417740473298945
1253417738262810626
1253412355033059335
1253411847111208960
1253411809702195206
1253411475428790273
1253411128631160832
1253410705786540032
1253410477079539712
1253410349853761536
1253410131867385856
1253409635534376961
1253409481095999489
1253408610903867396
1253408473770909701
1253408286876897281
1253408223089971202
1253408025559224320
1253407961633796096
1253404777737846787
1253349202169606146
1253100191273701377
1253081653251112962
1253081581977296896
1253081580907769856
1253058571371249664
1253046054574002179
1253046052388851712
1253046050316845058
1253042220179099649
1253024582107349002
1252991828405731330
1252991827382280193
1252991826220527617
1252991824341467138
1252991822768594956
1252991819144716288
1252758011749249027
1252758010608472069
1252758008398057474
1252745445836828672
1252717639396470784
1252692378982461444
1252692376797274118
1252692373055983618
1252692371181051908
1252685186174771201
1252685184593526790
1252685183737880577
1252685181816901639
1252681680852303872
1252680303384109056
1252360181238730753
1252360179192000514
1252360177723994117
1252360175219929088
1252317600593428482
1252304937918349318
1252265952730845195
1251986480416817153
1251986478642671617
1251986475035570176
1251986471659229184
1251957183882936326
1251957181685129216
1251957179478880257
1251957177264279552
1251957175297150977
1251955091499778048
1251933617061867520
1251692045384679425
1251639528496025600
1251597646193733634
1251597643610042370
1251594477787123712
1251288658155618304
1251239274072195079
1251239271878602752
1251239268372094977
1251239266136592386
1251239265255727104
1251239263062155270
1251239260889415680
1251239258674941953
1251239254648401930
1251239252534362118
1251239250277871616
1251239248449155075
1251239245483835393
1251239243265032193
1251239241255997441
1251231755333513218
1251227695633117184
1251140888505483264
1250966092975091713
1250933681184739329
1250933679783804928
1250933678089404417
1250933676885585922
1250933675858026496
1250933673911881731
1250933672636801024
1250933670879387648
1250933669067476994
1250933666877931520
1250933665724588034
1250906975988310017
1250906973798912013
1250906971609477121
1250906969730408453
1250902441618542593
1250867984928833537
1250849359282999297
1250809088151367683
1250567536581718016
1250514342266757120
1250514340094136325
1250514337841774592
1250514335622930439
1250514331751591937
1250514329696419848
1250514326823350283
1250514324701032448
1250514322524196864
1250514320263450625
1250514318401167362
1250514315825872896
1250514313644773376
1250514311430225921
1250514309245009923
1250514304849326080
1250514302651584519
1250514298985680898
1250514296192335875
1250505837015113736
1250491597688655877
1250484486376169472
1250484469074669568
1250480362876256262
1250404572662829056
1250218772377538565
1250192618644004865
1250171045056823296
1250171043936862210
1250171042842251264
1250171040791244801
1250171033602195461
1250171032440393728
1250171030586511362
1250117979930583048
1250099473084297216
1250089739065217031
1249848628438618121
1249827609246081027
1249816392502779904
1249815183905742849
1249815182983016448
1249815182030888961
1249815181120634881
1249815180256718848
1249815178604093440
1249815177760997376
1249814855533637637
1249814854795513858
1249814854048927746
1249814853260382209
1249814852467601415
1249814850580238347
1249814838639026176
1249814828962795521
1249761872632582145
1249758302378119171
1249427368109842433
1249427367103266819
1249427365006057473
1249427362728599554
1249427355568877570
1249427352066678784
1249427348069416960
1249414664020209664
1249121524877004800
1249102859603300353
1249102376511782913
1249102191509401600
1249101885400690693
1249100627503763459
1249100091744325632
1249098745158856704
1249098536584491011
1249098366958485504
1249098265804427264
1249097597488451588
1249097368458481672
1249095772269936640
1249087378570035216
1249087376368025605
1249087374283464704
1249087372194709505
1249087370743463944
1249087369485209601
1249087367270608898
1249087365076975617
1249087362887491588
1249087360664571904
1249087358496116737
1249072961962807296
1249063765217366016
1248949429207474177
1248949272172781568
1248773612905148417
1248759467107287040
1248759465828106240
1248759464192335878
1248759461252038657
1248759458525741057
1248759456877490178
1248759454398664709
1248759452976721920
1248759450611134465
1248759449042456582
1248759445527703555
1248759444353277953
1248759443128549379
1248759439827574784
1248759436715462659
1248759383623970817
1248759382038454273
1248759380973060097
1248759379924529154
1248759378171346944
1248759377156325378
1248759375981920258
1248759374811672578
1248759372706177029
1248759366922244096
1248759365332500480
1248759364137226240
1248759362992078849
1248759359791915013
1248759356813905920
1248717556229312519
1248664573147742209
1248640667552800775
1248408301953380355
1248392862842011649
1248392861235548163
1248392859171971079
1248392854524682240
1248392849118203909
1248392845548896256
1248392842885492739
1248392840939331584
1248392834782093313
1248392833158897665
1248392831397285890
1248392829589573633
1248392827253354496
1248392822819962888
1248392818801819649
1248392814859149312
1248392812665565194
1248392810547445760
1248383552149835779
1248383455852822531
1248362576460886016
1248348460753051648
1248348436996468738
1248315579104202754
1248311888267575296
1248055775718707200
1248045486596067332
1248034214198599686
1248000182140186625
1248000180273795072
1248000175248900097
1247979157428088833
1247961276111822854
1247927663660093445
1247917258086780928
1247685042861735937
1247683890539528193
1247683824156377088
1247683767139020801
1247683690060267521
1247683506819473411
1247683496904179712
1247683376674471938
1247667630649065472
1247660591906504704
1247660590040068097
1247660588098076673
1247660586965577741
1247660585904455684
1247660582544818176
1247660579671678976
1247644844211789824
1247608013701238785
1247605156788736000
1247605134802202627
1247557369812353025
1247541197851119618
1247541196362092545
1247541194642485252
1247338578281205762
1247302867507183618
1247302866051772422
1247302807369154561
1247302806303801344
1247302804894625793
1247298594480230400
1247280207213576197
1247280206232129536
1247280205238075392
1247280203983998984
1247280005815701511
1247279278141714433
1247279276971474946
1247279275646095362
1247268694255943680
1247163674298667008
1246963047098441728
1246905485976109057
1246905484847779841
1246905483690160134
1246905482494857217
1246905481450459137
1246905480317997057
1246905479151915010
1246905476660461568
1246905475519655939
1246905474236243975
1246905471577010180
1246845415636578311
1246845413879095296
1246845411970748417
1246845409974276098
1246845408455856128
1246845406866288641
1246845405301821443
1246845401858277378
1246845400964890635
1246845393553457152
1246831530699358212
1246831067354533890
1246830029385936901
1246814879241175041
1246593451078139910
1246573668777562112
1246560554099060736
1246558281662959616
1246558279624425473
1246558277263130625
1246558275585351687
1246558274608037890
1246558270606671880
1246558268077506560
1246558266026528777
1246539622508900353
1246516846095773696
1246514585747718144
1246501715131731971
1246501714087247873
1246501712434774026
1246501710933229569
1246499770392170496
1246485555610898432
1246460154427650048
1246242802645848070
1246242622575972352
1246242435380006913
1246242318845448194
1246241934005473282
1246241707735298049
1246241347503357953
1246240351058309121
1246239473312116736
1246239295201071104
1246239011481550849
1246238602478190593
1246238310026096640
1246238032916856832
1246237692075094022
1246234120855916545
1246234096642162688
1246234083493122052
1246234057446494211
1246233989477797895
1246189301165154311
1246189300078841859
1246189298166181893
1246189296496803840
1246187482368094211
1246148113376649217
1246132008826351619
1245865192639959041
1245841120237674498
1245815821861113856
1245815820284026880
1245815819222822925
1245815817553489949
1245815814831386642
1245810262038458369
1245797949306736642
1245739805624995846
1245739804865724417
1245739804001742848
1245739803016036356
1245739802227605511
1245508130076835840
1245488979505487877
1245488977815179265
1245488976204627968
1245488975097278464
1245488973381865474
1245488971695751170
1245488969573371904
1245468460739690507
1245468460030865410
1245468459225538565
1245468458462203909
1245468457728200704
1245468456914432000
1245468455807135747
1245468453869367296
1245467899726307328
1245467898971332613
1245467897268486144
1245467896429625355
1245467895360077832
1245467893636247554
1245467892705042432
1245467453318139908
1245375723570946048
1245202132510351360
1245163988129927169
1245084938388545536
1245084936454967298
1245084934706016261
1245084932747255809
1245084931677659138
1245084930599727106
1245084928154513410
1245080994895585281
1245080993343647744
1245080992223760385
1245080989119975424
1245080983126396930
1245080981146611715
1245053270302883840
1245053269015236609
1245053267996037121
1245053266838290432
1245053265911349248
1245053264581754882
1245053263185149956
1245053262065213444
1245053260341358593
1244778116037386241
1244746243957493770
1244746242942545921
1244746240757248002
1244746238572052480
1244746236797820930
1244746234776244225
1244746231961849864
1244746229965348864
1244719244308340736
1244694273716637698
1244632999200776194
1244632998181572609
1244441334162894850
1244441332522909698
1244441260561182726
1244441258916970496
1244441257398632448
1244441256203300865
1244441254940860417
1244441252898185216
1244441251304411136
1244441250125750273
1244441247915311105
1244441245730189312
1244441243515584512
1244441241338679296
1244441239140909056
1244440612453130242
1244439997471698948
1244439993055141888
1244439988504322053
1244439986369372167
1244439985081716743
1244439983613603841
1244439981436911616
1244439979893366785
1244439977376854022
1244439975808172033
1244439974646251520
1244439972637220871
1244439970871476224
1244439969244078081
1244439416145416192
1244289758764961794
1244289750070104064
1244289743547969541
1244286787146702848
1244048037573427202
1244048035266600963
1244048024130785288
1244021471854202887
1244010270823010306
1244010269652779012
1244010268344147969
1244010262803484672
1244010258739212288
1244010257598361603
1243951769161531394
1243951767060131844
1243940924918562818
1243926548790550528
1243656879177334784
1243656877956894723
1243656876790874113
1243656875159085056
1243656873787744257
1243656870381998081
1243656866191851521
1243656864564482057
1243656862828027906
1243656861611679744
1243656860202385414
1243656856914059267
1243656855328641031
1243656853185277955
1243656850710695939
1243630381477302272
1243630380013494274
1243630378667126784
1243630376834289667
1243630375617863683
1243630374657417218
1243630373638156294
1243630072638197769
1243576572193447936
1243576569978859521
1243576568724799488
1243576567801970691
1243576566464032768
1243576558713032706
1243576514291142656
1243576512663695361
1243576511728418816
1243576510629515266
1243576509421490176
1243576507651338241
1243534662204567553
1243322362889744387
1243300476369752067
1243300475358842887
1243300474478002177
1243300473605632000
1243300472657719297
1243300467884638210
1243274080238829569
1243242084578066438
1242962027934633987
1242962026797858816
1242962025657126913
1242962024407224326
1242962022955966464
1242962021563486208
1242962015712423945
1242905369380339715
1242897803954794496
1242579890022612995
1242579888390971393
1242579887338196992
1242579885970706432
1242579884771336192
1242579883483705347
1242579882590253060
1242579880757342208
1242579879838846977
1242579878823825413
1242579877578104833
1242579875262877697
1242579844673699841
1242223605515276289
1242223604189798400
1242223603015450625
1242223601656508422
1242223600393957377
1242223599110557700
1242223596807872514
1242223584627568640
1242223577044340744
1242223575672721418
1242223574108307456
1242223572933804032
1242223571713298438
1242223565052825604
1242201642763800578
1241839762526343175
1241839761603678209
1241839760731181056
1241839759716220928
1241839758592086017
1241839757736493057
1241839743127691264
1241779329966751748
1241770144545869826
1241575390197448704
1241500656504049672
1241500655166140416
1241500653752668160
1241500647264059398
1241500454523211778
1241469860011540481
1241469858468028416
1241469856505085952
1241469675722215424
1241469673574674432
1241469671448236040
1241386724594515968
1241359533131337728
1241359531906646017
1241359530677673986
1241359529247485954
1241359527859142661
1241359526680580096
1241359525556387841
1241359523820044288
1241359522460991495
1241359521114718211
1241359517671186432
1241172773046751234
1241138745392287745
1241123712449097733
1241123711492730881
1241123710649667589
1241123709852794881
1241123708963557387
1241123708154122241
1241123707306815494
1241123706379870210
1241123705348128768
1241123704358264832
1241123700587540480
1241123694690304006
1241058337585799170
1241058335966797824
1241058334662438919
1241058333605445632
1241058332321951749
1241058330858205185
1241020761751662599
1241009196507766787
1241009195283025921
1241009193945096192
1241009192154148865
1241009188899377154
1240814435754704902
1240814432218947584
1240814430964891653
1240797591106772993
1240797589240504321
1240797588070248448
1240797586744913922
1240778734917033984
1240778733029646342
1240778731188338694
1240446688453709827
1240411431864086528
1240392576085131264
1240392573291765763
1240366922417537027
1240311869820239872
1240311831366971393
1240311745287258116
1240311613657362432
1240311099276300288
1240310998642409483
1240066722213879809
1240046805733310465
1240046801476091908
1240046784208154636
1240032160502943751
1240032149723545607
1239999459855077383
1239980052445569025
1239723877015662598
1239697699655516163
1239697698233729032
1239697695071260675
1239697692873371648
1239697691279527936
1239697678407254016
1239642225983787015
1239642220397027329
1239596136316403712
1239557263091806210
1239557261678297089
1239557260344545280
1239557258884845568
1239557255160385536
1239387572884905988
1239329342234267648
1239329341181493250
1239329318465134592
1239321779543433216
1239295395861315586
1239295394389078025
1239295393311207427
1239295392338018304
1239295381235814401
1239265232222138370
1239265231311982599
1239252559304503301
1239252558171996160
1239252556825665538
1239164894823448581
1239021035611095040
1239021034554167297
1239021033191018497
1238949566864654336
1238949564780085248
1238949563861536768
1238949562276106245
1238949560338309125
1238949558232715264
1238949557054177291
1238949555904921601
1238949554755600386
1238949551567966208
1238869566853468166
1238869558473240582
1238590705678901248
1238590704462462982
1238590703413927936
1238590701698535428
1238590699488108545
1238590698393395201
1238590696032022528
1238590315658907648
1238590243382669314
1238590242246086657
1238590240450805763
1238590238605393920
1238590237460307981
1238590236319506432
1238590235002404867
1238590231806390272
1238590230611013633
1238241047358078976
1238241046204645376
1238241045101588480
1238241044258529286
1238241043281256450
1238241041779736578
1238241040727003136
1238241039850377219
1238241038881431557
1238241038021599232
1238241037073743872
1238241036012523523
1238241033487613957
1238169697859899393
1238169696261865473
1238169365855580161
1237866086189551617
1237840751058280460
1237793220215607296
1237760293553541123
1237760292458815490
1237760289623302144
1237502389726269446
1237466020656406529
1237465974321840128
1237465932693463042
1237465881355137027
1237465838896234497
1237465801587908609
1237465749993721859
1237465547610238979
1237463133549182978
1237449574857482240
1237420973143580674
1237167467778244609
1237167336848752642
1237167330809044998
1237167328653164551
1237167169743568897
1237138048321818630
1237138046379855873
1237138044882485251
1237138043406090244
1237138042055524355
1237138039094358018
1237137582942715904
1237137581692932096
1237137579868332033
1237137578748456961
1237137577393750022
1237137575829278722
1237137574445166596
1237137573195198464
1237137564022321153
1236781326889517058
1236091718359019520
1236091715980845058
1236091710779920384
1236091709718704129
1236091708666007557
1236091707122384897
1236091705499308033
1236011215052210177
1236011213106155525
1236011211092828160
1236011209608105984
1236011201940860929
1235629568368603137
1235629567085289473
1235629565676003329
1235629564635811840
1235629563771785216
1235629562630778880
1235629561410445312
1235629560366055425
1235629559145304069
1235629557887057920
1235629556595224576
1235629553734873094
1235367231988604931
1235367230587711489
1235367229379788800
1235367228188635137
1235367226812833793
1235367225743355905
1235367224464023553
1235367223251869696
1235367222077526016
1235367219720265733
1234955550397517825
1234955547759214598
1234908520945987592
1234908519729631232
1234908518735601667
1234908516663603202
1234908515044646913
1234908512590925825
1234642372341964800
1234642371066957825
1234642369716326403
1234642368319676416
1234642366797156352
1234642364473499648
1234642361621282822
1234619534105071616
1234619533111037952
1234619532171530240
1234619531349364736
1234619528711200768
1234570554893643777
1233513493653073921
1233513492696707072
1233513491677532167
1233513490507276293
1233513488238157830
1233436978227666945
1233436977162309638
1233436975836880896
1233436974951866368
1233436973987192832
1233436972963827713
1233436970929573889
1233170044978434049
1233170043099394051
1233170041824260096
1233170040406642688
1233170037374099456
1233170036002562049
1233170033347567616
1233104654273318912
1233104652364918785
1233085727270952961
1233085726398590977
1233085725425504256
1233085724280401921
1233085723085037569
1233085719293370370
1232396171404021762
1232396169407614978
1232396168354762752
1232396167356592132
1232396163426508800
1232386171675824128
1232386170149113857
1232386167586402306
1230557193507786755
1230557192450953216
1230557191045697536
1230557189581881344
1230557187732193281
1230557185199017984
1230557182262829059
1230203147282534400
1230202940469710849
1230202056792776705
1230201144095449088
1230200795825680384
1230200068768227328
1230197886224412674
1230197727298031616
1230197337726881793
1230197202733195265
1230196910235013120
1230196587789455360
1230196432944148480
1230196338853400582
1230196215956099073
1230196023986970628
1230195902280818688
1230195621862281221
1230195421332549635
1230195207745896449
1230194682921177089
1230194101347328004
1230193812917628929
1230193631883034624
1230193297622282240
1230191579924697093
1229847492369567745
1229847491232894982
1229847490150703107
1229554900696227840
1228816295631753216
1228816294088249344
1228816292779610112
1228816290997063682
1228816289168265218
1228816283061407744
1228434002777866240
1228434001888776193
1228434000609411073
1228433999720255488
1228433998566895616
1228433997618909184
1228433993621737474
1228125867240574977
1227652631188967425
1227652630341705728
1227652629519589388
1227652627246219264
1227615047851167745
1227615046374699010
1227615044931870723
1227615043551944704
1227615040674488320
1225955452082622466
1225554949297385473
1225227615759470598
1225198854963974144
1225170602396409859
1225113346682380294
1225113345889570818
1225113345101049856
1225113344119640064
1225113343171670017
1225113342035087361
1225113339577106432
1224448794940473346
1224006072010186753
1224006070965764096
1224006069837496322
1224006068902203392
1224006067841052673
1224006065446096899
1223704252125798403
1223704250066317316
1223704242206146563
