1286024715748900872
1286024714964606977
1286024714222211075
1286024713479823363
1286023864888307717
1286023864053633027
1286023712098197511
1286023711443869703
1286021671082754048
1286015178602053637
1285687794547990529
1285311945835413505
1285302440628228096
1284511898126495749
1284466511923630082
1284184521735364621
1284136505397727233
1283923157305434113
1283789271237709824
1283490734931423238
1283490233099706369
1283408859177070593
1283025551138205696
1282718566983315457
1281332301159370752
1280997529430167554
1280997305576022018
1280556489032314882
1279479468206313472
1279451753503744003
1279109213638348803
1278815715198414848
1278457672388444166
1278457252018565127
1278071777860689921
1277976812195213315
1277709621499695104
1277696075374243845
1277011062794194944
1276664548976623616
1276614885791739904
1276610709636419584
1276610243938697219
1276608408033075203
1276607837490286597
1276607656455737347
1276606113551613957
1276279264577454081
1276149815878000640
1275895550324494346
1275884088902201348
1275857544678903810
1275546597015851013
1275527686761467907
1275188381597736962
1275188309023735809
1275188245601693697
1275146092456357890
1275144817849389060
1274125353741623299
1274086159648514053
1274065796147425280
1274065594304913409
1274053343346917376
1274048295099342849
1273721774237196288
1273683105837170689
1273630765721542656
1273630649069551616
1273373669402841088
1273373570639572992
1272646592303071232
1272640814724919297
1272639932998221824
1272610530382041091
1272600421576687616
1272594790878715904
1271619743389224961
1271565380608278528
1271547406832865281
1271546712096735232
1271540769661300737
1271166228829175809
1270820765722607619
1270820008873074689
1270815613401866241
1270815392903159809
1270815150375829506
1270814925297012748
1270789651817693184
1270716879397482497
1270446215331708929
1270103087894724610
1270102961583202304
1270102826610548737
1269985523583590400
1269091408058757120
1268995789856165889
1268971822038605824
1268696991942533121
1268660017064009734
1268614018773553158
1268325611136708608
1267914631013634049
1267885767910658055
1267856080702496769
1267559079830052866
1267552452183838721
1267539990415802373
1267145316639412226
1267145270296485891
1266851746774540288
1266488793479229443
1266479585891356672
1266479487010701312
1266477326298202113
1266165879710134272
1266125654828953601
1266103976849805322
1266100775287218176
1266100115946835970
1266093603891359744
1266093414019366914
1265765775136165889
1265752160333070338
1265752001079660545
1265450571038933004
1265376666823557126
1265367471453855744
1265274889084243968
1265001869866340358
1265001704916951040
1264947449283649536
1264933554020106240
1264344382028894209
1264010963528888320
1263929566021791747
1263929012549804035
1263916758739628032
1263808177486913537
1263606431900631041
1263606302867152896
1263574425095622662
1263538113059659778
1263261989872250881
1263261709642403840
1263261595473453057
1263229131065643015
1263227765228273664
1263227257067384833
1262922666199199749
1262883738578534400
1262881406021185536
1262880762124275712
1262879614084530178
1262879399654887424
1262879294247895041
1262879184453611520
1262558268175659012
1262505814222348288
1262505213577084933
1262505119658246147
1262495094369857547
1262493092629929997
1262445296845553666
1261412768084721664
1261412735520309249
1261391448676630528
1261391343089262593
1261389003615621122
1261107543180562432
1261026126861828096
1261025927212998656
1261025508298575873
1260729574343815173
1260728332494286850
1260684006615658496
1260680028653858816
1260679679356387328
1260679539706953728
1260569122544500737
1260342679298326528
1260315668173467648
1260315379341168640
1260315146863497217
1260289173971484680
1260287755445305345
1260231247000977409
1260003448671604737
1260002539392679938
1259948020126355457
1259484347016544264
1259214479184838656
1259213616886226948
1259207521274904578
1259205722878984195
1259205524018679820
1259197370476232704
1259186515541987329
1259170610887958532
1258891731547889664
1258889879292911619
1258874538902814720
1258838603360342017
1258838264343146496
1258502368062300163
1258502173517897731
1258502018462887938
1258501769350516736
1258501713461481479
1258501096596701189
1258500284407599106
1258196360345653251
1258126563389902850
1258090433588101121
1258045506246320128
1257799303071961088
1257767684936273925
1257767032432603136
1257751889191546881
1257731731689484290
1257443792375906313
1257441700982796291
1257031425099993090
1256946893265022977
1256656416741502977
1256654996726329344
1256654817226883073
1256654403391676422
1256647029729574912
1256623795332399104
1256386899792596992
1256320991690555393
1256219211371876356
1256013724571271168
1255903826772705280
1255879684497252353
1255619795489304581
1255589044437897216
1255586651037995008
1255550091060039683
1255299726540517378
1255295625786265601
1255272058105323521
1255271385489969155
1255260717596450820
1255210629306220546
1255209500631580672
1255209335145353224
1255209145222877184
1255129576096837632
1254848563072434176
1254848298277646336
1254848133760258053
1254847392698032129
1254560369353392128
1254531720902303746
1254522086158217216
1254521789759270912
1254491742252007425
1254489041577431040
1254488810236325889
1254481786530410498
1254481600634662915
1254440141101432833
1254220794508566530
1254220343805382658
1254220269889228806
1254205958651346944
1254126338438504449
1254126137426534400
1254125870488473600
1254124766014902273
1254124508493099008
1254115688660295683
1253839630333612033
1253811125927514114
1253804477393616898
1253804175122747392
1253700287929503748
1253694754602311683
1253693775622307840
1253687353543200768
1253674870245859328
1253480470366617600
1253406729662070785
1253405415209078784
1253402298786754562
1253401934050050050
1253400377107656704
1253399104161566726
1253057817189273600
1253057617263505413
1253057342008102915
1253057071374893061
1253056622240378880
1253056097994358785
1253055927751782407
1253055745580556288
1253055613619392512
1253055518018547714
1252755971174260736
1252755551257272320
1252740812724678657
1252678639969280000
1252678484108947462
1252660988781965312
1252318389122588674
1252316047358734342
1251961823622041606
1251961659570229253
1251961428967395328
1251961178722635779
1251960943233437697
1251901875504451585
1251593043620302850
1251592440395563009
1251592332962652161
1251592084559183872
1251591828308217858
1251574389029691392
1251268649282867200
1251263886164180994
1251263854362988544
1251252361823223815
1251252230189088775
1251218762759634946
1250862526373470213
1250862408559722496
1250862114241237003
1250861996154765315
1250861754713812998
1250555526716575746
1250555396093358095
1250555316560953345
1250555042928738314
1250554937936883712
1250554748715118592
1250554668247367682
1250553862081204226
1250553384761004034
1250545172590592002
1250141111445848070
1250140473034932225
1250140100912123905
1250139887363338240
1250139607515254785
1250139465068265472
1250139355513073665
1250138970119430144
1250138418476199939
1250138269377011714
1250127917243404293
1250095940826005507
1249825606797271040
1249806005434757128
1249805924497330181
1249777422821724170
1249777245654265861
1249776683948834818
1249382664899084294
1249067164067299328
1249066864552153089
1249066746738290690
1249066214724448257
1249065628167790595
1249065269819068419
1249064810253352964
1249064705425059840
1249064420459851776
1249064042989260805
1249063502062518274
1249063375746842624
1249059400742055936
1248750225499598854
1248750117005471757
1248749921760665602
1248749599034130433
1248749396302475265
1248735944016121859
1248712005512544257
1248417685081219072
1248410421465239556
1248391728895119366
1248368157452107780
1248367637169614850
1248367565908344834
1248367332050849803
1248367217827291137
1248366377108373510
1248366261186301963
1248325480572485633
1248248618579980292
1248047961617162241
1248038716020527105
1248004177286115331
1248004000374497281
1248003803883941894
1247991948599865346
1247991668315471872
1247991388794425344
1247990738069196820
1247989012238917633
1247988635326197762
1247926932383174656
1247916542181945348
1247670934372311042
1247604678940078082
1247604539940880388
1247604346327650304
1247604225007378432
1247518775831859200
1247254045980594183
1247247289778831361
1247246876711235588
1247246752962490374
1247246373801660418
1247246304918614020
1247246224668987394
1247246113784188939
1247240769011941376
1247171824347156484
1247170445570383881
1246909019446534145
1246888049734287369
1246880614881677317
1246879802159771648
1246879649629700098
1246879136540495872
1246878922718969857
1246878730691248128
1246878349978370053
1246878129571991557
1246877957429264386
1246877751723855873
1246835596481486849
1246589494112985088
1246512517221941253
1246512401920544773
1246510906802143233
1246510747439554561
1246510380941271040
1246510093874671621
1246510008751226882
1246509882314031104
1246509697693364224
1246509615996641280
1246509521750634496
1246501127329320960
1246483464867774467
1246190486517358599
1246154043120062465
1246153937750831106
1246153783102627846
1246153611404611586
1246153459272998913
1246153300535320577
1246153159430541314
1246153008896970756
1246152679224684547
1246152162805198848
1246151827302817793
1246151630275457035
1246151432270688260
1246136509926977536
1246136455740772353
1246122882851311616
1245840897138401283
1245840210635735041
1245840024127578113
1245839909878779910
1245826313614745607
1245825122356940801
1245792394802597888
1245755752519806976
1245706285611397122
1245705919687806976
1245705301208203270
1245705091014889477
1245704446631436288
1245704095274590208
1245703631422263297
1245703461376798725
1245702897964326913
1245702323155894274
1245701991483015168
1245701532147945477
1245701397447876609
1245700964687937537
1245700827647541248
1245699832314028032
1245699718904242176
1245698968828424198
1245698416123969536
1245698056911290368
1245695735061983232
1245510765106335745
1245475310935646210
1245456809894334466
1245456436756393985
1245456329231261696
1245456019809017862
1245455743702228992
1245413877933891586
1245386195313610756
1245385580646670336
1245348120055230464
1245083710405386241
1245073741165592576
1245073177988005895
1245073072568307713
1245072908650721283
1245072845610397698
1245072764198936576
1245065769253249026
1245065488717283329
1245065311268810752
1245065158264795137
1245064871579959298
1245064781796642833
1244810186851786754
1244726765752324104
1244705442699378696
1244705359320801281
1244705240143802369
1244705125421191169
1244704977190293505
1244704709237145607
1244704431205212160
1244704312351170560
1244704249038192654
1244704180113215494
1244704102082326534
1244703942510026753
1244703817997918210
1244703712536338433
1244703502506606592
1244660667136847872
1244657834580680704
1244657556125093888
1244602920856928257
1244361822335107073
1244350255811919874
1244350026714841090
1244349862432239616
1244348571719270401
1244347980905435141
1244347722326511616
1244347534295924737
1244347007134765056
1244346286356250629
1244308440467550208
1243986923623976961
1243986715662061568
1243986331451240448
1243986236697645058
1243986023392186368
1243985936800788480
1243984844813750272
1243697839164792834
1243613399260581888
1243612597745745920
1243612483719434241
1243612234791759872
1243611526222708737
1243611312430686209
1243604654862274561
1243564488521113602
1243335155613302787
1243305922077896704
1243303745905209351
1243276706313633794
1243276602882117632
1243276465363390470
1243276161624485889
1243275946368684036
1243275858191802371
1243275729586008066
1243275494969225217
1243181866775203840
1242967537891016705
1242939958689751041
1242903828527304707
1242903595466579968
1242903220651003905
1242902533829468160
1242901942944305153
1242901616128339970
1242901479268265984
1242852764390170626
1242784161133465605
1242617376857829377
1242585661359689736
1242579750385782784
1242542941161140224
1242542852762144769
1242542784592195592
1242542728703102976
1242542638760329223
1242542542622806019
1242542454206877696
1242542405418696704
1242542168952180736
1242542057970896899
1242541967529185280
1242541788809830401
1242518762915606528
1242518686033948674
1242518669818765314
1242516914716446721
1242509988884557825
1242231249437175808
1242171296273874944
1242146911945216009
1242146817728565249
1242146749172658176
1242146606474035201
1242146525813358596
1242146200423403520
1242146119787982849
1242146058769174529
1242146010673156097
1242145854791782402
1242145703591321600
1242087051585105920
1241882048152973312
1241801185507586048
1241801038228860928
1241800930523299841
1241800837673955332
1241800730245283848
1241800602881003521
1241800478284972035
1241800347166953477
1241800262395838465
1241800190060888066
1241800113204363267
1241799998217519110
1241799847612682240
1241799771301597188
1241799670537621512
1241799604565393409
1241756721976131586
1241483078607962112
1241434030341578752
1241426197579542528
1241426133020786691
1241426058206949382
1241425988766089222
1241425888807452672
1241425816841531392
1241425744603078656
1241425238803591168
1241425128858226688
1241381601096990720
1241135106720509953
1241065273861554177
1241064860257071104
1241064783459336193
1241064615016050689
1241058843490205704
1241048497979301894
1240756800489652225
1240718250117341190
1240718132047642625
1240718016851083270
1240717950161580032
1240717664361811970
1240717596116344832
1240717508006555649
1240717410493181957
1240713147620536320
1240694117010567168
1240673601080172544
1240659129557008384
1240439041583198209
1240408138945363972
1240364297177399296
1240347698903031808
1240338031351037955
1240337843651780609
1240337760239616002
1240337668300562432
1240337512834490368
1240337272664469504
1240337129009483783
1240336926147829764
1240336804588519425
1240336759155838988
1240310703531143169
1240308748662571012
1240278797737504768
1240275802836668416
1240087431950499841
1240030785027158016
1240029569211609090
1239990044213026816
1239987076285845506
1239981649997291520
1239959471717257219
1239929111092563969
1239744999199248385
1239675230148313091
1239674927663452173
1239641956529168384
1239625474768359424
1239625310368419840
1239611059260047360
1239589993204588544
1239581779348029440
1239579699942227969
1239579608489607170
1239579460191621120
1239579316217950208
1239576126269411328
1239576028110098432
1239552612757798913
1239319856048156672
1239275385680015366
1239233354081370113
1239233244568182787
1239221048211574785
1239213689313595392
1238975439630217219
1238902498884190211
1238888636361461762
1238885770653577222
1238873198713876481
1238856985950339074
1238835879113895937
1238819040715472896
1238819003881095168
1238791852897243136
1238791657463648257
1238611202311405569
1238509117557346304
1237830342175625218
1237428103670042625
1237400121945534467
1237134928627859464
1237113143026909184
1236748209252335616
1236010281299566595
1236004504346247169
1235669476223447052
1235588312049516544
1235311200570929161
1235274480114642945
1234601524631916546
1234542002685063168
1234528982986567682
1234471504714379264
1233426603688038401
1233146123411427328
1232729713937965060
1232315923471773697
1231960435085205504
1231960315736285185
1230870254135410688
1230530618762592256
1229889147999064069
1228340227892219906
1228055436387115015
1228055117481598989
1227689351125045248
1227300293806886912
1227267258835177472
1227241984294825984
1226988133234900992
1225845485702914049
1224399653401219080
1224399547578880002
