1286050890869137410
1286016087448985600
1285986263938461697
1285969604917919744
1285965753317855233
1285741622689325056
1285719792993927168
1285701592168226816
1285690563744993281
1285646919319068676
1285604839632887814
1285336757383258112
1285256371420581890
1285250895643414529
1285035188590764032
1285035187907162112
1285035187303141376
1285035186669760512
1285035186053246976
1285035185432522752
1285035184820109312
1285014926092902401
1284963107287101440
1284963106448261120
1284963104434974720
1284942523014635521
1284628707169013760
1284609658016034818
1284580097702281216
1284542953835266048
1284345036130250752
1284335378665627649
1284233932796379136
1284171856786812928
1284156413829251073
1283798171185905666
1283585894994173953
1283560919679680512
1283505061037871105
1283438885943443456
1283170975865991168
1283170975152926721
1283170974448234496
1283170973739442176
1283143560645099520
1283103970018258946
1283103629969289216
1283103624034258944
1283103622813806592
1283103620712390656
1282806565272080384
1282806563971817472
1282756796407398400
1282717571263815680
1282716977245511681
1282437128731848704
1282436997798215681
1282387571801067520
1281722699702648833
1281681262839656448
1281681017623830529
1281680704468692993
1281417469127569411
1281417468485894144
1281417467810594819
1281417466829127680
1281417466149605376
1281417465495347200
1281417464853655552
1281417464014712832
1281417463289114625
1281417462605426688
1281417461934374920
1281417461275824130
1281417460567031809
1281417459816255493
1281417459166138369
1281025378383884288
1281025377633099781
1281025376295124992
1281021322550624256
1280925322326634497
1280918014364270592
1280915469424189440
1280894598156398592
1280864767909888000
1280661320715517952
1280657086045511680
1280656954889650176
1280656952704462850
1280563744259465216
1280531532868759552
1280290573627187200
1280290570133331970
1280162478928752640
1279871269727383552
1279871268976615424
1279871268364226561
1279457976227516417
1279455914601242624
1279170169764327425
1279165469233053701
1279121860706238464
1279092539518144514
1278826656182882305
1278821866719703040
1278807415715033088
1278807413005549568
1278796894303514626
1278721515010183170
1278474390720540672
1278421213451300866
1278421212666884096
1278378833830244352
1278372073698496513
1278363410980192258
1278359038741213184
1278148162310422528
1278098872028413953
1278092266528075776
1278066376091955201
1277992917269753857
1277727263673335808
1277727261626515456
1277650350074257408
1277402121290178560
1277312178471628800
1277282955111481344
1277021133766750213
1276646637427810305
1276613826062848001
1276567032608120832
1276537804239994887
1276320357712982016
1276314556327882754
1276314333694156800
1276314239385260032
1276314160377196545
1276313305909321728
1276309295768850433
1276238367236083712
1276227645894569984
1276215405728522241
1276200036221595650
1275991474648133632
1275983498076020736
1275978749503172608
1275978554371485696
1275977456902537217
1275971817618862080
1275971363816083458
1275970941655248896
1275969960913719296
1275969832953896960
1275969318887415809
1275967917465595904
1275967357526007808
1275967109013450752
1275965456520638469
1275965348366278656
1275964670394785792
1275964552853598211
1275960949321502722
1275960268166557696
1275960046153723905
1275959967606923264
1275959464772825088
1275959131887656960
1275958943659900931
1275958582513512449
1275958309082681346
1275958041418981376
1275957440173846528
1275957255863558144
1275957128767795201
1275956962065178626
1275956640836014080
1275956533671518208
1275956406231773184
1275956270428614657
1275944823606763521
1275944822461706240
1275944598427189248
1275944597189877760
1275944595554095104
1275944372710764546
1275943723310829569
1275943721972817920
1275943720710365184
1275943480171171841
1275943478946484224
1275943347211735041
1275943345999605761
1275943344393224192
1275943119532384256
1275943118450249728
1275943117317795840
1275943116130758656
1275943114956390400
1275943113756823552
1275943112695623680
1275943111739322369
1275939715061956609
1275905176805634048
1275517860052217856
1275510688958435328
1275499235014656000
1275250708959223810
1275129030157582337
1275119562405494785
1275115810122461184
1274766449727246336
1274720652189069313
1274395598842548224
1274152729774919680
1274145783323832321
1274141056762703872
1274125455579209728
1274120800598028288
1274085189849722880
1274085188629221377
1274085187530326016
1274085186578210816
1274085185605079040
1274085184594296832
1274085183981883392
1274085183319207937
1274085182652350464
1274085181939306502
1274085181243023360
1274085179087179776
1274030713835106304
1274030713197608962
1273818444748582914
1273758367245201408
1273724743036792833
1273691300387119104
1273689863057862656
1273666335839383553
1273658184515772422
1273658183723225088
1273658182980603904
1273658182317957121
1273644008485486593
1273623975583641601
1273330728483164160
1273319732662251521
1273288070855417856
1273035980677632000
1272974705197109250
1272945031263870977
1272924597822746626
1272682812793974784
1272682811334385665
1272682810071908353
1272682808796827649
1272682610137812992
1272682608900505600
1272682607709306880
1272682145748680704
1272682144448405504
1272682143315931137
1272681891116707842
1272681889434791936
1272681887543160832
1272681885739573248
1272681698799435776
1272681611515969536
1272681609632731137
1272681608110202881
1272681607023882240
1272681605216088064
1272681603831967745
1272604605352796160
1272571544552656896
1272535196655476739
1272275698292453376
1272215488425127936
1271595817913036805
1271508809739931648
1271497871959814145
1271497867752902656
1271497859364315137
1271497850979942400
1271497842616459264
1271497834198519812
1271497825822490624
1271497817429696513
1271497809045254144
1271497800665100288
1271497792276447232
1271497783871074305
1271497775515983872
1271497758772363264
1271249620287414272
1271249619536601089
1271249618731364360
1271249617556914176
1271249616751587328
1271249615946313728
1271249615161974784
1271249614381842432
1271249613576531968
1271249612771225602
1271249611982696448
1271249611106086913
1271249610271363073
1271249609386373120
1271249608543371265
1271249607758983169
1271249607008284672
1271249606232272896
1271249605364072450
1271249604495863808
1271223036742561792
1271215978366382080
1271149323762323456
1271149323036708870
1271149322210439168
1271149321363296257
1271149320578854912
1271149319907762176
1271149319198928896
1271087128512876544
1271087124469575680
1270894552686030848
1270853482484953088
1270845657792671745
1270798787636719619
1270767702995394560
1270503346638663680
1270503343173980160
1270463163335446528
1270456179110473728
1270440611447894016
1270431690255564801
1270372192140718086
1270134500924641280
1270102846147407872
1270049975045459969
1270034718826786816
1270027987107246082
1270013473641000960
1269392316025864192
1269392215421276160
1269379480876773376
1269290458124959747
1269073365794340864
1269073269438574594
1269009932386398208
1269000168105336832
1268991857859547136
1268991755891830784
1268980555585998849
1268980493799710721
1268968759735119872
1268968756421595141
1268943728091123712
1268914999537266689
1268914898114719746
1268719259984617473
1268719227977887745
1268719104262696961
1268718966513397766
1268718765157388290
1268718723877056512
1268718600631619585
1268718496008900608
1268718402505342976
1268718303230361600
1268718154194149376
1268717911985676288
1268717804531798016
1268717748344877057
1268717694578094080
1268717623459459073
1268717479964012545
1268716765845966848
1268666481169936385
1268607503127810048
1268586450536169472
1268586448770359296
1268586446123724800
1268586444450263042
1268586441740701696
1268586440922808320
1268586440197210118
1268586438934671361
1268363227714301952
1268355518440935424
1268333346959974400
1268330035108167681
1268317214471368706
1268312683662569473
1268302530301157376
1268254758998904833
1268242238770823168
1268219737621671937
1267955148099215360
1267955087952891904
1267912961659514881
1267911958319099905
1267728199783333888
1267647678634024961
1267542440950460416
1267277980348248064
1267277902854275072
1267249411672817664
1267203607692054530
1267187273121988609
1267168861549281280
1267164881364463616
1266959097913458691
1266959054112342018
1266943710060666881
1266936702876053504
1266936682663653377
1266931022437838850
1266884348990517248
1266834254299709440
1266834210737672192
1266834165007134720
1266834127333941248
1266834080936558593
1266834033834520577
1266833977983172608
1266833922693795840
1266504405550948352
1266452385758502912
1266439223701209088
1266412685123391488
1266412595759558657
1266410434791272449
1266182694175555587
1266180010072653825
1266179947095191552
1266150107818233857
1266150054974218241
1266150017472987136
1266111233767272448
1266054549468352512
1266043775874297857
1265855363506565122
1265822046581174273
1265822013291212800
1265821959398453249
1265821921473474561
1265763497381490688
1265763473213947905
1265743115232526336
1265732427042836481
1265675651383615488
1265501965993328647
1265501440728072193
1265501388068532224
1265501337577574402
1265501295936487424
1265501264181374981
1265501215862947841
1265501179737489409
1265501107838758918
1265500998732308480
1265500962539687936
1265500871632326656
1265500829190103041
1265500737297174530
1265500698843779072
1265500607634440193
1265500536591261702
1265500444056526848
1265500415283679233
1265500363039391750
1265500315673116672
1265500268520710144
1265500173905649664
1265500133178978309
1265500081920376835
1265500038752501760
1265499999711956994
1265499899950481409
1265499851770540034
1265499809030512640
1265499738817912832
1265499698321936384
1265499655061807105
1265499606261149699
1265499496387162112
1265499462081880065
1265499395174383617
1265499309182722048
1265499195932397568
1265499067972542465
1265498961877577728
1265498827588612096
1265498777814786049
1265498665814233091
1265498536403177473
1265498468874956805
1265498384204533761
1265498288670879744
1265498168898326533
1265498065928179719
1265497955408252928
1265497893189955589
1265497844817035265
1265497713761812482
1265497619788369921
1265497522325336064
1265497315831435265
1265477091727773697
1265477090691842048
1265423722015412224
1265423686573555712
1265423630499864577
1265423536836894721
1265336254171721729
1265310823532003329
1265040572462428161
1264982596385038336
1264977328355983360
1264961529960468480
1264959202151165953
1264949565754535936
1264631896589234176
1264601917751037952
1264276994495143942
1264250280738082816
1264027443477671936
1264027156100743173
1264008821447331840
1263963097183719424
1263963029902950405
1263962999250915328
1263932104242413569
1263926648996458496
1263878801949200387
1263861438642221057
1263861219158441984
1263853989113630721
1263853942724685824
1263853885459795968
1263848121852817408
1263636861253124096
1263628447076675587
1263627374651781120
1263614831120113664
1263609850363146240
1263545609270648832
1263538009036611584
1263510493978714113
1263492799422316544
1263492756661342209
1263492700365438976
1263292241352650754
1263205199713198081
1263201110560366592
1263178244246745090
1263172121204649989
1263155250665406470
1263155211389906945
1262914298847715328
1262914252613971968
1262914169231245313
1262914116034768896
1262914045096554497
1262875802955210752
1262847156752244737
1262841915587784704
1262822046167298050
1262806968965541888
1262764022241222656
1262524140524732417
1262523924429979648
1262501935380230144
1262474092889772032
1262464712173694976
1262400090829762560
1262120375485251585
1261728295134957571
1261697604179472385
1261421659178713089
1261421534813368320
1261421533836132353
1261419443898339328
1261418752207237120
1261418386988232704
1261417983496212480
1261417471631740928
1261417209085038592
1261417017925439488
1261417016683970560
1261410658328801281
1261384987342827520
1261357364768149504
1261335244973592577
1261332561948577793
1261328046264446977
1261320865330769922
1261318145706307587
1261313708032024576
1261070862737739776
1261070798573322240
1261070762674249728
1261070730877210626
1261070702897033216
1261070669904666626
1261070638220840962
1261070601575264256
1261070534097293313
1261012753696739328
1260985728491638785
1260975355008958464
1260975225581133825
1260953158106284032
1260741546002923520
1260724397083521025
1260714186331439104
1260598301709099008
1260591379782090758
1260405363414675456
1260375430537732096
1260304607793737728
1260304531616788481
1260270234537086976
1260227289817559040
1260042792744611840
1259933478084173826
1259901954777440262
1259901842764345344
1259893637539758090
1259869488201121793
1259869387739107328
1259575206596632576
1259489227412107264
1259247485605736448
1259223149758930944
1259222165020237824
1259213435901849600
1258934957314994176
1258913637520961537
1258891112090984451
1258880882649083904
1258834731530989568
1258770860225073152
1258593888941387776
1258541057660207104
1258541054967508994
1258534920508461061
1258533965322805248
1258533638938845185
1258530253179285504
1258529428310650881
1258529271309451264
1258529270168612866
1258527135234355200
1258527134340939776
1258527133141368834
1258526681729339392
1258526680441745408
1258526207919878144
1258525475653029889
1258525474482839552
1258525473409097728
1258524624544882688
1258523016780079105
1258523015656038401
1258521173815521280
1258520107858317315
1258520107002687488
1258519277365129219
1258519276207484930
1258519275234443264
1258518456887959552
1258517929018028034
1258511888410832897
1258436859769675778
1258406397231771651
1258250772199796740
1258240590031937536
1258214200523948032
1258214177753067520
1258140533030961152
1258075356268867584
1257832260717297664
1257798176683077634
1257744814923083776
1257724970118995970
1257724254038003714
1257709061719461888
1257692281974296577
1257477193917059075
1257460053948411906
1257447275053359104
1257435794912022529
1257431834893389832
1257416431202971648
1257399173084782594
1257376975020310529
1257357816798609417
1257357739216551938
1257339348195971072
1257043151690141698
1257021449203662849
1256997544632041472
1256645073371979776
1256372889919434752
1256357759315963904
1256306849105629184
1256306744365481984
1256306701726146562
1256306662102544384
1256284776215920640
1256284523207077888
1256055681167179776
1256055136545210368
1256025449798316032
1256016945020678145
1256016943909224448
1256016942923563008
1256016941984038912
1256016940935467008
1256016939949817858
1256016938347769857
1256016936107782144
1256016934862086146
1256016056931414016
1256016055752814594
1256015802345517057
1256015801326333952
1256015800302858241
1256015799032012802
1256015797849210880
1256015796716761090
1256015795634630656
1256015794443444224
1256015271837356032
1256015270797139970
1256015269790486529
1256015268737765376
1256015267634638848
1256014849223438337
1256014848309080064
1256014847268904960
1256014627197972481
1256014626178756608
1256014540468178944
1256014282573004802
1256014280849162241
1256014279142109185
1256014277485314048
1256014276243804160
1256014275153293312
1256013388297076739
1256013387349123072
1256013256432336897
1256013020955721728
1256012920070135809
1256012816684736512
1256012679707193348
1256012574153269248
1256012499066867712
1256012184015929344
1256011919091105792
1256011819128205312
1256011666841427968
1256011596591017984
1256011519726219264
1256011440051220481
1256011376494907393
1256011123666513920
1256011028388696064
1256010877523750912
1256010876483584001
1256010875170742275
1256008448023490560
1255914252373651458
1255909808261103616
1255701737815474176
1255682613521510400
1255682553849102336
1255682503362281472
1255682466112659456
1255672147797667842
1255667569916129280
1255664995217453058
1255664947981213698
1255664914154139648
1255664849960316928
1255664567843270657
1255664481138429952
1255664450960412674
1255664389698379776
1255519145627652096
1255485274081107970
1255335058275274755
1255319897070018562
1255311727463485440
1255304354527088645
1255299864726036484
1255299819263987712
1255299775219580928
1255266226185605122
1255257400736694274
1255257366188171265
1255257337205592065
1255217381045145602
1255198927810203648
1255198897707737088
1255198789368819713
1255194755782152192
1255153600986136576
1254935592967655425
1254910315365457921
1254810803674349568
1254803074268295168
1254802972485115904
1254802934652497926
1254802882995486721
1254555940734435328
1254262226459844608
1254202455539081217
1254133598317277184
1254123105556914176
1254101354319974400
1253789490016993280
1253735653520502786
1253722482265096192
1253718373784936448
1253711357582557184
1253689107739340801
1253495517465567232
1253492529313406976
1253473077771423744
1253456355282743296
1253453417755754498
1253435569088000000
1253387642395189248
1253379426244427776
1253352296085434369
1253152989331611649
1253145312857714688
1253130575709237248
1253112990565466113
1253107439852904448
1253107439106322432
1253107437948698627
1253107437193670656
1253035006735220736
1253023173349535744
1252805926630948864
1252805889737871365
1252805821517398016
1252805751124484096
1252805567883722752
1252805508026810368
1252805376472502274
1252805342016176129
1252805298517086208
1252805165184438272
1252805040634572800
1252804640195911685
1252804568515252225
1252747553835118592
1252724043293188097
1252691745814409216
1252671464156758016
1252429082161078275
1252373173980430337
1252080172917862400
1252037765446815744
1252014483158884353
1251961882082045953
1251651894843305984
1251628380656504832
1251277021029646336
1251276931317723138
1251265701098082304
1251237898168397824
1251212120575762434
1251188537254219777
1251188536474128384
1251188535383560193
1250943953811107840
1250942632466898944
1250941913533800449
1250940444717936640
1250939575217688576
1250939573581967360
1250939571820392450
1250938451534376960
1250938449831444480
1250938083832295424
1250938082716577792
1250938081655443456
1250937740968906752
1250937739970633728
1250937738271920128
1250937737290473472
1250937735801520128
1250934346099261440
1250920564748742656
1250904260843200512
1250894275748872192
1250884591956574208
1250868915732803584
1250601329744965632
1250500957881765888
1250484770456256513
1250236768118386688
1250233845107945472
1250233844210401280
1250233843434446850
1250220917550022656
1250219257650020358
1250218853914644480
1250218848021692417
1250217532742500353
1250216870822600707
1250216869786615809
1250215761622093824
1250215760653250562
1250215759260704768
1250215081784176640
1250215077245931520
1250215072346980352
1250215071461945344
1250215070673465344
1250213846981074944
1250213557632786432
1250213549583945730
1250210900709117952
1250184898133905408
1250162566967357442
1250135829017575424
1249895982143139841
1249862429011402753
1249862388007882754
1249862358031151104
1249862329895813121
1249806759436271617
1249762364255137794
1249730263887671297
1249512155897950208
1249418989320585217
1249378997189787648
1249179004965453825
1249129188591886337
1249096301951647744
1249078001687334912
1249058659708981248
1249041662082347009
1249039678180716545
1248804440049471489
1248790368675434497
1248780557128847360
1248742033331638275
1248690791641276416
1248687652410286081
1248669559839543296
1248441027628679169
1248411489230188547
1248410235368165377
1248401716636086281
1248391650813964288
1248364256795529218
1248364255532867584
1248331533292670976
1248327875058532352
1248325756742062080
1248299048999649281
1248276320166932480
1248082410215845896
1248061417569153024
1248061415648264202
1248061413773455361
1248061412057862145
1248061410279555075
1248061408228630530
1248061406156472320
1248061404445323264
1248061402658430977
1248061400808861697
1248061399009394688
1248061397499392000
1248061392898252800
1248039786629042176
1248033156592091136
1247989647973576705
1247963541006454784
1247949527593574400
1247942902837170181
1247887509566017538
1247727220967104515
1247700191794233345
1247677076724838400
1247659196411039744
1247655674785357825
1247655673615093761
1247655672402993153
1247655669655715846
1247635611835457537
1247610232043257856
1247584372766564353
1247552114823286786
1247353614886191106
1247348797010673664
1247339366311051264
1247339364398465025
1247321963959177219
1247321727350099968
1247321726377005056
1247318925982846976
1247318923952832512
1247317719256449024
1247316867443650561
1247316293235044352
1247316286712889346
1247314562115719168
1247314561239142406
1247314249166143488
1247314247303843840
1247314098515132417
1247311768331804672
1247256777604751360
1247238082962702336
1247193631217180679
1247021242915254272
1246952309361262592
1246913102093807618
1246899722054295552
1246895703101603840
1246878598042013696
1246844120124948480
1246836900884705280
1246833668758228992
1246813276446449665
1246661367488114690
1246655053345067009
1246654797043757062
1246615862838054913
1246615861361651717
1246615859415531521
1246560572616785920
1246517108176912384
1246517105580584960
1246506805120733184
1246485107940003840
1246442611591671808
1246290109902622721
1246284519092539394
1246284518010417157
1246284516819259392
1246284514818547712
1246277933712338944
1246268702288302081
1246232348204494848
1246226822636830720
1246223585816920064
1246198502641680384
1246184813825941506
1246184812626378752
1246184811154116608
1246151999986401280
1246105345560162304
1246068432367267841
1246067269001568256
1245878307654000640
1245816774504763395
1245809002438471688
1245765079548571654
1245550341782822912
1245522962528133120
1245522960900739072
1245522959457857541
1245522957868216320
1245522956488343559
1245522955267796997
1245522954059780096
1245522948321980416
1245513294682574849
1245501856375160832
1245493391401422848
1245443228238663681
1245434509949939712
1245423172775579648
1245422368345829376
1245410499417669632
1245409991038611458
1245400470471856128
1245400468999700480
1245361880505257984
1245200722678824961
1245200721374412801
1245200719684100096
1245200717691797504
1245200715527499784
1245141419112550402
1245134171711791104
1245134169698471937
1245110037397168128
1245062763128295424
1245054781892096001
1245053048520445953
1245023726975848448
1244834007721771009
1244776786480615424
1244775536817143809
1244756207094530048
1244755584353579008
1244751192363679745
1244727936298569728
1244715670522048515
1244664683660894208
1244659517561815048
1244657847826149376
1244644211799896065
1244621441930125313
1244466438913449984
1244465608084705280
1244459841705226241
1244438549467787265
1244409238639665153
1244396759352143872
1244394510882238464
1244391625091985408
1244373662762848256
1244122345272311808
1244107221362855942
1244056620746698753
1244049064758366209
1244039495869034496
1244020970177753090
1244003722243407872
1243978235743850501
1243960007290310659
1243938555673448449
1243913518476226560
1243910321388961793
1243782848085016579
1243737871611097088
1243730611547697152
1243722981450190848
1243720962559709185
1243719213182676993
1243677043478253568
1243673076903993344
1243634791997554689
1243634790428884992
1243634788625334272
1243596542566518787
1243589674276286464
1243571395520413698
1243546766844157953
1243369542270648320
1243343387031244801
1243297854354948096
1243289778537123841
1243285037723742209
1243219624998531072
1243173444029517825
1243169954507063299
1243011810774540289
1243006992224051206
1243004987879219200
1242963170639020032
1242955811967524864
1242927749913645056
1242881529241464833
1242881528444497920
1242881527454654464
1242881526489964545
1242881525252648961
1242881515404414978
1242821862326816770
1242821853850165251
1242632780732723201
1242620044409880577
1242606413458759680
1242597748186025984
1242584263620321280
1242577212899037184
1242522294653599745
1242512920908427265
1242503332381376514
1242502465301315585
1242489714663251968
1242485771824660480
1242447227705933824
1242305979141640193
1242301335631872000
1242296930232750082
1242268126005227521
1242215547372101633
1242193184576270336
1242189257059348481
1242152159300300800
1242130392456417281
1241928073252990976
1241906927522598912
1241905016333467648
1241875594473664512
1241875593794224129
1241861863110934534
1241853382693773312
1241853129420713984
1241845479261925378
1241834236627177472
1241737273445474304
1241530879731630088
1241523530119802880
1241508307530993665
1241491957475500032
1241491956825350144
1241491956053639169
1241476328051728384
1241475437600993280
1241475436833468417
1241475436179120128
1241424807398268928
1241414954902679553
1241202962254315520
1241198874175238144
1241198873185419265
1241198872325570560
1241198871474098178
1241198870433902593
1241198869595082752
1241198868672303104
1241198867598544898
1241198866675843072
1241198865790857216
1241198864863883269
1241198863886585856
1241198862968057856
1241198862070452225
1241198861151944705
1241198860124319744
1241185772440399873
1241174846148497410
1241153001902895105
1241127356766367744
1241116149997170688
1241116149053411329
1241101441088884736
1241090833224368128
1241089999564468224
1240863043250077696
1240810982839992320
1240807644106862592
1240801964734078976
1240760475660324864
1240720979942203392
1240713736467304453
1240704935492116480
1240673022521958403
1240515501945573376
1240489277080743937
1240484838269792256
1240477403656282113
1240476829846081538
1240449388519886848
1240449007903592448
1240417891251408896
1240417269357768704
1240402333223260160
1240400878651281409
1240387166380781569
1240383835679756288
1240114238481293312
1240114237608841216
1240114236736462848
1240114235893411840
1240114235020959745
1240114234169520128
1240114233313873920
1240114232345034752
1240114231342702593
1240114230340149248
1240114229471924225
1240114228603711488
1240114227680964608
1240114226720473088
1240114225785102336
1240102596083200000
1240085975000207360
1240080079167750144
1240014658947317761
1240014657248587776
1239996324570787840
1239927000166326273
1239729724693200901
1239683996759412738
1239621112712949760
1239621111806971912
1239620922362888192
1239612666244517888
1239434034024833030
1239434033278279680
1239434032519073792
1239434031701229569
1239434030824611841
1239428302516805633
1239428301644390400
1239428300612628481
1239428299559800832
1239426715593498625
1239426714599436290
1239426713043566593
1239414872099532800
1239414871189409793
1239414302991237126
1239413801859997696
1239413586922835968
1239412121965715456
1239412121135222789
1239375709321101312
1239316872660582401
1239316870223638528
1239285663251361794
1238904513156661248
1238856265117265920
1238839090654502912
1238624293925220352
1238608065995231232
1238588035639332864
1238582307855855616
1238553092766851072
1238536522262933504
1238504733565829123
1238268986782932992
1238268985679859714
1238268983721123840
1238265289512386560
1238145660680957953
1237830616118210560
1237813047042797569
1237791830336368641
1237505186643337218
1237488757177114625
1237447101480484864
1237141691775070208
1237083092315078657
1237074335384227842
1237047887491522561
1236730055516024833
1236707725213446144
1236401034366312449
1236390519103602688
1236390516880633856
1236353662135357440
1236157413130031104
1236153769269678080
1236113743005638656
1236064740914446336
1236027797870526467
1236024442217627648
1235989233254326272
1235975570720051200
1235777727564779526
1235713227494838272
1235711842745331713
1235702859489931264
1235702855337533441
1235696226630111232
1235648640523177984
1235648639105527808
1235648637293617152
1235640293447176192
1235592841348263938
1235577900289503233
1235297753942700034
1235280718227374081
1235004388365586432
1234958791256530944
1234914817443614721
1234702737599684608
1234628087335120896
1234587502431756291
1234578470144856064
1234545742968057857
1234225061835370496
1234177649678831616
1233986706774192129
1233956432963231744
1233918575418560512
1233899317460529152
1233861801017634816
1233805743997906944
1233595723427434496
1233589021139275778
1233584135567884288
1233584062209482753
1233561606388355072
1233561605255913472
1233561603947274243
1233561602101780480
1233548967398428672
1233548793422860288
1233541220430802944
1233533660000915456
1233533133728964608
1233447832083980288
1233110582456307713
1233075473199927297
1232838509766963200
1232752899756740608
1232717913632624640
1232709320124448771
1232456547789234176
1232404163927011328
1232393653739380736
1232382020707160065
1232333978364862469
1232111989519876101
1232086281384939520
1232061624359378944
1232056790818250752
1232001043917131776
1231703488696061953
1231641493984538624
1231431783784181760
1231266321913901056
1231074155136610304
1231071605419200512
1230978063191592960
1230948178028949504
1230920216219193346
1230588881009020932
1230552765266644992
1230280786093465601
1230243751085445122
1230179977536000000
1229923687865827329
1229908132031188992
1229826428218331136
1229592392304455680
1229498801271926784
1229438717204389888
1229167824968540161
1228809100403757056
1228749528205053952
1228425191010664448
1228399485249679360
1228380372347441152
1228123364121665537
1228061737905250319
1228014513766772736
1227769452566966272
1227686031228469248
1227684008420495360
1227666434974609408
1227665469039108096
1227374625807466496
1227311923328421888
1227295043729403904
1227280049973399553
1227065819508527104
1227064905091579904
1227006895044476928
1226972857982488577
1226897036483514369
1226595523580309504
1226538741000392704
1226510662106374145
1226225772118953985
1226212706027327489
1226178103640117248
1226173291691298816
1226161581857206273
1225930741479092224
1225877152446345217
1225870294356652032
1225867846351114240
1225842934374748160
1225830324086509569
1225608294338711553
1225555130562621453
1225542886231552001
1225477843359977472
1225225053593206784
1225203007677059073
1225194868164579329
1225182907716665345
1225180220895875074
1225173247500537858
1225160014819512320
1225116932652728321
1225107519447564289
1224925702408900608
1224894027654291456
1224844354872700928
1224790000841064449
1224772972696592384
1224772960998703104
1224767368447946752
1224746665946636289
1224462170131296257
1224459825033007104
1224411200936480768
1224389547410313216
1224064727183020034
1223986293308194816
1223800824498753536
1223668134143393792
1223647462788755461
1223632211024285696
1223627522144788481
