1286028606620217345
1286028605307473922
1286011409176956929
1285964438298931202
1285729453910482944
1285706644438097921
1285650115387162624
1285631490592780298
1285588768213401600
1285585114639073282
1285585106766303238
1285362603544412161
1285332973672431617
1285283071412121606
1284914903657005057
1284877936026439693
1284500879719174144
1284143797023186944
1283922475764645888
1283921595568922624
1283899545773051904
1283899543873101825
1283879249871593474
1283813696846860289
1283516784793067525
1283437881831370758
1283188276442959872
1283141016590209031
1283115459659825162
1283095163376566274
1283073285727703042
1282347742031941635
1282025584667717632
1282025117782929409
1281967452130349058
1281727796721725440
1281686121555144705
1281659185634009088
1281380210055708672
1281351934516121602
1281335266389757953
1280981332311580673
1280648289751367682
1280579804769792001
1280287845069082628
1280252882827251716
1279819327466856449
1279426996636995584
1279124247550537730
1278859014370209794
1278859010502995970
1278837105276235778
1278792784972066816
1278792783134887941
1278776707416276992
1278515737762512896
1278506942659350529
1278419745323257858
1278419743616237569
1278394921507008513
1278094488527876096
1278061974882971648
1278005271344877574
1277747844774912000
1277699457786671105
1277392712069713920
1277310036662824965
1277276574379696128
1276339691680391168
1276339690698924035
1276292840541368320
1276284482090303493
1275935737548902400
1275857036077600768
1275579892961181697
1275568738272710659
1275535086860095495
1275506935777890306
1275496470842691585
1275205519603453952
1275158683069136897
1275078925366857730
1274814627143008259
1274782654248947714
1274486264335491072
1274126363688161280
1274086879843893248
1274082076585684992
1274065500297760768
1274050414019657728
1274043618957955079
1274024056509980674
1273965015712673795
1273722035622084610
1273698708392206337
1273661183804006400
1273630779965349889
1273401719163170816
1273385260940529664
1273369818356264960
1273359239784923136
1273347807701843971
1273051528958525441
1272989921779888128
1272966967809449985
1272932392076890112
1272677015011942401
1272642279799316480
1272607477041782785
1272585276217573378
1272570975742128129
1272570973494013953
1272235452096020484
1271970774023192576
1271610695130517507
1271580495558479872
1271565719394648064
1271565199242190848
1271565194561380352
1271558964467994624
1271488646391029760
1271215806832087040
1271168890949775360
1270828831109025792
1270809889946824704
1270781404947730433
1270750444382347269
1270488504821153792
1270477731503931393
1270472397217505280
1270362897030549504
1270164361223581697
1270159659622637568
1270126558938902528
1270121142884470784
1270057947473862661
1269680950520283136
1269661511263412224
1269415259116273665
1269081576685670401
1269019230286069760
1269002328658583558
1269002327295504387
1269002325970083842
1269002322795024390
1268981141484326916
1268697100126162945
1268665466702225410
1268349953568579584
1268338637147643904
1268317114026176513
1268301796109201408
1268274659029651462
1268274657641156608
1268274656387256321
1268274651899322375
1268252234309144578
1267955501977001986
1267899902790635521
1267899902039908355
1267875541346123782
1267645792984104962
1267628606777409540
1267547500522717190
1267489021879558144
1267304018642165761
1267294431616606208
1267277089469841414
1267273708978176001
1267255425440911360
1267242265161981952
1267236013618987009
1267210436572786693
1267182635882856448
1267147420074475522
1267147419093012480
1267132906595631104
1267132905513521160
1267100490665537536
1266933896526036997
1266926967976271873
1266925086822588417
1266917561603588097
1266912654662172673
1266900474822787072
1266892064744243200
1266879859533533189
1266860119826014213
1266856741813342210
1266838498960715778
1266822756299149316
1266822683486019586
1266772465142960128
1266768741490208768
1266727112100233222
1266722688397123585
1266689088524038144
1266606075937161217
1266603820509024256
1266598585220632576
1266598242705379328
1266590321779118085
1266499883122544647
1266443862224130051
1266370296895795201
1266334388201152512
1266126207021723649
1266126206086283266
1266126205146877959
1265849420035301384
1265821650475462658
1265821648688726017
1265821646797094913
1265821645945688064
1265816170562818050
1265721106637488134
1265295837539766272
1264966404002009091
1264711435424280577
1264711433549492236
1264668085727956992
1264269422384107522
1263863497160404995
1263658355647791105
1263582919899009027
1263276744133541903
1263202865193062404
1263202864215851009
1263202863192444928
1263202861321801731
1263197424178409474
1262849666913390593
1262809031523143681
1262509227412795392
1262509226628440066
1262477397531729921
1262477394574823431
1262134329477644291
1261805492625686528
1261786832955719688
1261768181493923841
1261747877350686720
1261738702985977861
1261726762679050240
1261691624138199040
1261434799119650818
1261434798305767424
1261370046343008261
1261340850367410177
1261326022672371714
1261079576953991171
1261030727463907330
1261030726759264259
1261028605875949568
1260993039708930052
1260958089769074688
1260741006233939974
1260710923716747264
1260710922819158017
1260710920134766592
1260710919270813698
1260710918184300544
1260710917194555392
1260710915709820928
1260708273159835650
1260706038992572417
1260655438703386626
1260638905998639107
1260026214317617153
1260014198068613121
1259944708052324353
1259906629316853760
1259615453338624001
1259198683842830337
1259139654554660864
1258898291883945985
1258873106648780803
1258765589084016641
1258574771098472449
1258550179621269504
1258517967740043265
1258497113920585728
1258497113039740929
1258471208611393537
1258187540164567041
1258165897828528129
1258146879197581314
1258139978510618625
1258121172610359297
1258083605340844032
1257810556087668737
1257789416845672448
1257768303080230914
1257755340336181256
1257755339556114433
1257755338817843202
1257746362764013570
1257721678907551749
1257717946341715969
1257686992365563906
1257494756344631297
1257479923461173248
1257451521513533442
1257430067673796610
1257384895871176704
1257134082259144705
1257023558951358471
1256757524226768896
1256696146761744388
1256597060091953152
1256370316273684485
1256343891982217216
1256316044920135680
1256281337234890754
1256266001248813056
1255942640736051200
1255942639125516291
1255942637644845060
1255934395019657218
1255684281680236545
1255656046779142146
1255626958899216389
1255595024940703747
1255553796647903233
1255538610482356228
1255513413847040001
1255324274174328832
1255291231829188609
1255261951099383810
1255138957257371652
1254949714920738818
1254934978867204097
1254919963007221766
1254475323367923713
1254444677815848961
1254195945530630146
1254160691763740676
1254052465441415171
1253849292827168768
1253827250383880208
1253738328693919745
1253722368171794440
1253689853662973953
1253436489670651904
1253414916448346113
1253406369434263553
1253398144164999170
1253389864067903490
1253331540974567425
1253108884698472449
1253090275016278020
1253067304121831424
1253045670371565570
1253041114975797259
1253035688523677696
1252962683483303938
1252751247171616768
1252712255415779328
1252628905812467712
1252401236936060930
1252369940964769792
1252339693808758785
1252310952046989313
1252285847854071810
1252285509788991489
1251924454877298689
1251868702825381888
1251665857874460674
1251636454926712835
1251610709550600193
1251581517916184581
1251564848326066179
1251550305789108225
1251525891504693249
1251509387878957061
1251332165725454339
1251307879853953026
1251258205797310467
1251223491908644864
1251157776056807426
1250900372413206528
1250865528606019584
1250865527452557312
1250579654555156480
1250564102847635456
1250546995158233091
1250504465016381441
1250475885305778178
1250475882285871104
1250462187149307906
1250234802600644608
1250219647770808321
1250187672699764737
1250175850626060300
1250159901877436417
1250098106777194496
1249851864234872832
1249830473255153664
1249812605759152130
1249807860378329088
1249790774780342272
1249775263946289152
1249441183895609351
1249441183018950658
1249103055615909888
1249002076941750273
1248975754865582080
1248732528929800192
1248714790098386944
1248701415540867072
1248658835755196417
1248658834958233600
1248641896563363842
1248406314100744198
1248375252570128387
1248356259578986496
1248339671874260993
1248042608309538816
1248032878392459266
1247981739802329093
1247981738833448960
1247981737180893185
1247975480483090432
1247961886009839619
1247905888804823042
1247905887706140672
1247668477353058304
1247624116032634880
1247615629517033472
1247583182385528834
1247580833411739648
1247316910867247104
1247296526436581376
1247236883442065418
1247210962828038145
1247190134413557761
1247188561729855489
1247177242603425797
1246953970700091392
1246953794665164801
1246953246083743747
1246953175975964676
1246952514626387968
1246951965143293954
1246951631905796099
1246951330901569537
1246951013501861889
1246949493087645696
1246931873831563264
1246792204150026240
1246593393574268928
1246575294712078338
1246522174254403584
1246469227571224576
1246171800817537024
1246171799794192384
1246134921032347653
1246122800445825024
1246122799623700483
1246095722992238592
1245877471829995527
1245857890264420354
1245823111733211141
1245823109615292424
1245819346313674754
1245508961077538818
1245471334638985216
1245421656623001600
1245368061823266817
1245094517239406595
1245032920907239424
1245004675109105664
1244786804672335872
1244729164541890566
1244729163585593345
1244729162209861633
1244669466333462549
1244399940266123265
1244283674155028481
1244059562346455045
1244055503489118208
1244010121442672640
1243953263256522753
1243930144881901568
1243698140655517703
1243657296661475329
1243613256695963648
1243590051335999488
1243334419336880129
1243316299993841666
1243299071135277067
1243196329448427521
1243196328290725889
1242964985011003393
1242896257913442305
1242896256348848130
1242896254839017472
1242892136976199681
1242583702120673288
1242583695468486657
1242583685054058497
1242235931047985154
1242203970396753920
1242143372200095744
1242119413890830336
1242106131180331011
1242076296911470592
1241505367118483457
1241467748561158147
1241436161190567939
1241406329509609475
1241155813848141824
1241138681345384449
1241095186123567106
1241079500856754176
1241061302673510401
1240779545436971008
1240427758494330881
1240368486393819137
1240297659451224065
1240069153567821824
1240027881633447939
1240025551496232961
1240006755557552131
1239988646046044163
1239954585915133961
1239680871101337605
1239334820070776833
1239334818820874240
1239334817684246529
1239277515031674880
1239205173664284674
1238528352895545345
1238118653276626944
1237908439596249088
1237507341001555971
1237420435433816065
1237420434523590658
1237156059426574339
1237078218508840962
1236798266278379520
1236727970951311366
1236727968917082112
1236071910259281922
1236050034191450112
1236050031280562178
1235712989082333185
1235247667980259328
1235247384701153281
1235231827864047619
1235205245590003712
1235204317310849024
1234941802614067200
1234895865803952134
1234671774878420992
1234520034569003008
1234520033772089344
1234520032916492288
1233537180733235201
1233510870929616897
1233487345397256192
1233487204959346688
1233262425614569472
1233063201132236801
1233041629126299650
1232853973176115207
1232841602625830912
1232744184727134212
1232723484863868928
1232456831227682816
1232456828119699457
1232436144094105600
1232398444326682626
1232340147879981063
1232128243567931393
1232125514028142592
1232058618310266881
1231771815703347201
1230997925217685506
1230679808549556224
1230612601870090241
1230571669745520645
1230486153465356290
1230332622485762048
1230271595450634242
1230262283483267073
1230227135794642944
1230155845008285696
1229911210843348993
1229802438279991299
1228792349834215424
1228480956748660736
1228441174500872193
1228441165017554944
1228062307445608448
1228062306262802433
1228036128416174081
1228014813030289408
1228013918813073409
1227732435628101632
1227668484018057217
1227668473901441025
1227651702997778432
1227440918665605120
1227440894275616768
1227252481245294592
1227070803541479424
1227004024244854790
1227004022315454465
1226915198411386887
1226879897454424064
1225445096151224325
1225135956891664394
1224853581192400896
1224827000914894850
1224826999715385345
1224544323221352449
1224372776225648642
1224168383878438917
1224125866780827648
1224125800380796930
1223811656481984512
1223642594959331329
