1286026230832209923
1286013543486169089
1285974495099052034
1285974492163067904
1285974489373839360
1285974486878236672
1285974482407096320
1285958852349792256
1285946136281460736
1285923036483317760
1285918960404357120
1285765221785702400
1285765215112630272
1285702211553632258
1285702210035343363
1285702208886120449
1285702207699070978
1285702206377926664
1285702205148995584
1285702203148242944
1285666464070905856
1285651122900725760
1285647208377913345
1285640101159206913
1285569504223928322
1285569502495870976
1285556249908649987
1285313919360339973
1285311285219995648
1285311283923947520
1285311276747575296
1285311274583293953
1285311273534660608
1285311272431620097
1285288718715072512
1285230234191622144
1285198132469329921
1285184852560695296
1285184851264647168
1285184849226203137
1284828416437559300
1284555620910342144
1284468970335227904
1284335516977106945
1284335475222814721
1284335473570263040
1284335471582117888
1284335469841600513
1284335467341721600
1284301519878324224
1284297642395213825
1284220805514178561
1284201559664898048
1284158852540387330
1284110890220924928
1284108694737817607
1283956890599411719
1283956745405112320
1283952990060191744
1283886668978827264
1283852923928301570
1283841407581450240
1283805046061309953
1283805044522065926
1283790047930712064
1283756395310075905
1283516842913521664
1283486331558080513
1283476846416261121
1283421533839388672
1283396065731981313
1283386237999476738
1283373239826288643
1283204884985257986
1283129763188535296
1283114465597128705
1283081439857324035
1283023901723783173
1283016122279907330
1282811008352948229
1282759079270768642
1282751890585870336
1282707985035415553
1282702186556751873
1282041832386502659
1281958170840236034
1281936558501834756
1281906082726764544
1281665913067122689
1281605025677156352
1281605024142036992
1281574780034924548
1281543690696130560
1281380788534153217
1281349340884164608
1281321048642854929
1281303178374287360
1281270760959627265
1281270759416004608
1281270756593348609
1281270755058204672
1281270753015595014
1281270750150897665
1281270749244907523
1281270748146008064
1281239064608419842
1281234364987330560
1281212024291119110
1281192194116931584
1280953681664499712
1280940053020078080
1280895207463157760
1280884395109494784
1280880371647700993
1280850833194618880
1280595248553455616
1280594676538580995
1280577854980288513
1280514035168010240
1280494400053837825
1280494398808174599
1280494396715212800
1280494395482128384
1280494394408402947
1280494393213009920
1280494391828844545
1280494390092464128
1280494387613642755
1280494385885523972
1280494384631382016
1280494383373172743
1280494380630056973
1280487182235398145
1280343783352102912
1280194566151458816
1280168792547614721
1280167931423285248
1280115461909250048
1279852685626351617
1279852683772469254
1279614601857060866
1279494956667801600
1279429518445416448
1279388900822319104
1279077923178401794
1279059958433284099
1279059048239894530
1278773688452734977
1278770854239715328
1278682337220325376
1278675690896764929
1278667504349577216
1278436763397238784
1278415488322875392
1278403862177538048
1278402752079634434
1278398035400314887
1278395882912862208
1278374750474186758
1278346105701298177
1278313275025813504
1278123204029145094
1278123201621626883
1278122845051277312
1278122843990097923
1278056711572484096
1278040978335490048
1277981503373230089
1277964494090547205
1277955189782151169
1277757865911037957
1277706652016349185
1277678613572149249
1277635118149107712
1277591522863710213
1277588858134122496
1276937991961878528
1276937756099391488
1276883056784269319
1276719758788956160
1276680325171679240
1276655785444081666
1276647993018646528
1276647786981863429
1276595334316244992
1276595332886003718
1276595331304751106
1276595329551536128
1276595319631941635
1276595314082922496
1276595311809564677
1276595309477535757
1276595306042458112
1276585772867555328
1276585449147039745
1276584614509846528
1276584051101650950
1276582188096598028
1276580543983910912
1276579952381636608
1276572468757647360
1276562522288590859
1276551801685389312
1276546847562174465
1276535159270133761
1276534954923560963
1276534320715481089
1276534055333498880
1276533574087434242
1276533424434679809
1276530761705893888
1276526283799871489
1276524876564705282
1276524534552821761
1276523808892096512
1276523180727963651
1276522826879696897
1276522532905062401
1276522134983098371
1276522000689831938
1276521760779894785
1276521700327292929
1276521633214234626
1276521592521138176
1276509625198743552
1276500165130629120
1276489789144010752
1276323154928062464
1276314307320520705
1276295357325086726
1276271350211059712
1276250573164163073
1276237422968270848
1276221545166315521
1276190941477580802
1276178446985695233
1276176166399946753
1276173736224251907
1276145223513579522
1275905457752768512
1275896305928278016
1275875990070267904
1275866826283511808
1275829417110056962
1275824469949505537
1275777371908399105
1275770002478698496
1275531509567537154
1275531508539949059
1275531507294244865
1275531505641684995
1275520307571200000
1275504309317197824
1275470654817677313
1275464478671462401
1275428903562162177
1275401488018427909
1275201312125267972
1275173712422199297
1275166702767136772
1275141794376716289
1275120446774665216
1275088640444596226
1275086752739233797
1275077670846345216
1275064491248513025
1275051511421132800
1274893738028957697
1274893735667662848
1274683884337233921
1274538023078834176
1274378882641256449
1274345060709142532
1274092875870015488
1274064568483020800
1274061958703128579
1274016330677714948
1273992787206328321
1273988408696856576
1273988407639891975
1273988405878276096
1273988404796104705
1273982343271690240
1273955584220565510
1273955583247495168
1273955581590736897
1273780950414000128
1273720476540588032
1273720474351124480
1273720473042464770
1273720469770907651
1273720468575531022
1273720467237605376
1273720465438076929
1273720463571800071
1273720461948485632
1273720460153360384
1273720458374979592
1273720457158635522
1273720455145422849
1273692460980375552
1273647948212158466
1273645162481270784
1273632730652250113
1273623595021934595
1273601895500615681
1273370682441818113
1273348412407242755
1273348411522273283
1273348410674946049
1273348409886494722
1273348408804347909
1273330041787568129
1273317857913421824
1273281991199395841
1273278922264850432
1273274961205977089
1273259744099282946
1273256726544953348
1273239456326119424
1272988939842805760
1272967550742061056
1272965500436430849
1272920833946791938
1272920142209601542
1272919784003383298
1272913065684672512
1272908815806038016
1272876972381573121
1272870835326455808
1272842606112698369
1272556016396271617
1272552050614775809
1272548248926863361
1272514352105418752
1272503212340281349
1272331205334257664
1272257990134059014
1271899800011767808
1271810527191339010
1271554670675230723
1271543580650340352
1271511674961436672
1271478857116286977
1271425771379326980
1271253820333531139
1271158125480022017
1271111422127243264
1271065219196829697
1271064157304037376
1270853332962344960
1270793604512878593
1270740486383456256
1270734655948419073
1270730791933411331
1270702658744053760
1270510261485568002
1270510243278196736
1270430964599029760
1270414877040021507
1270368858621333504
1270340380467146757
1270118589601898496
1270106164941008897
1270091646823215107
1270016289461788674
1269969052006481921
1269614695146762240
1269333329708486656
1269305490061885440
1269255614527569920
1269121684268818438
1269086903091048451
1269048690678870016
1269041691660554242
1269037343605915650
1269037339994660864
1268990844285136899
1268965201249959937
1268963073076989952
1268958701899051008
1268943214268030978
1268928589975695361
1268895206713307138
1268719974996115459
1268706073294311426
1268669396580544512
1268603791424860161
1268603789663223808
1268583441320284161
1268578511301693440
1268537981184479245
1268354004494569473
1268353918326788097
1268351881220435969
1268328176410857472
1268300243407380485
1268300242602033152
1268300241910083584
1268300241159282689
1268300240207048704
1268300239192109058
1268300237543804930
1268300236671324161
1268300235433885696
1268300231017467906
1268283256245571588
1268277811418193923
1268277809723707393
1268268864384753667
1268240137231753216
1268219316668956678
1268213469364383744
1268208820083400706
1268192875097063430
1268190751210553344
1267995498214014977
1267957166352236549
1267953778289979392
1267837905780699138
1267803494058082304
1267795939470839809
1267789135638663169
1267623218145300481
1267570116713209858
1267570115819778049
1267570114712481794
1267570113731059714
1267565038576889857
1267540848897658880
1267531819852824576
1267515629814403077
1267475864138084353
1267442333894627328
1267408586201841664
1267230528002023425
1267126898330497025
1267099769106771973
1266839011466915841
1266792659953356800
1266792659131211776
1266792499235954693
1266779033011843072
1266710041064849408
1266455261998395394
1266455260710789121
1266455259880325122
1266455259041411078
1266455258206744576
1266455257502097408
1266455256663236608
1266455255824424960
1266455254968799232
1266455254087974913
1266455253261656064
1266455252468989956
1266455251609104385
1266455250661146627
1266444558801354753
1266419742732161027
1266418852965093376
1266418246242070530
1266415752296517640
1266393395225866241
1266392729367580672
1266392392573366273
1266391525065400322
1266390997749190656
1266390726490947585
1266390427822850048
1266390217503715329
1266389945276608512
1266389236833333250
1266353980176621568
1266338199938510850
1266338153717268481
1266332706906013697
1266331590793334785
1266195475818065921
1266082316981395458
1266033018164203520
1266032027981230080
1266013197682778112
1266013196395188224
1266013194612506626
1266013192142102530
1265991578620850176
1265991455383916549
1265985656263716866
1265789889104265218
1265772330761977856
1265725693125632002
1265719913663983616
1265686309382828044
1265667482083344384
1265666527002603528
1265665131511525376
1265664546586398720
1265664088866250752
1265663731956097024
1265663300706226177
1265662357151395841
1265661688650448896
1265648078255783938
1265648077093904384
1265648075269443586
1265648073423949825
1265629169389428736
1265403440525529088
1265401078310469633
1265374312774594562
1265357484354531328
1265326992708296704
1265318947445972992
1265297830467366913
1265266929335328768
1264995191296909312
1264942159683301376
1264904583148519424
1264901835611156482
1264567418548097025
1264272948162109451
1264198185322459141
1264198183267295232
1263961290957037568
1263942694273003523
1263908205802909696
1263885913777565696
1263885652363554821
1263885650589290498
1263885648848654337
1263885646789304320
1263885645019336704
1263885643236638721
1263885640669822978
1263885639608676352
1263854741945118726
1263853165968977920
1263843809470840832
1263843807545745419
1263836200076484608
1263817246914211840
1263599851201314817
1263545692934385664
1263537582023020544
1263514644385234945
1263507884484235265
1263485807177854979
1263474485304442880
1263474483786125314
1263454852648071171
1263223206678233088
1263209420101693451
1263204669163257857
1263204668517371904
1263196807519232002
1263183101368209408
1263135566331351040
1263127879669473287
1263121235883495425
1263121234285465602
1263092385786982400
1262863428114358274
1262814792399683584
1262812763929354241
1262811108898988042
1262809701005361157
1262806139114262530
1262804891233386496
1262803425810616322
1262797503717662727
1262796184789417989
1262786940786507777
1262757762162810885
1262757760006905856
1262730811209474050
1262504203576127488
1262461692450988032
1262454455649386496
1262400279854460928
1262393733120692224
1262391358247051265
1262383110504820736
1262383108210524164
1262367405696626691
1262088009123536896
1261752044966285312
1261670806842679297
1261670788362579970
1261667780568514561
1261627541028208641
1261461412091777024
1261394974131646464
1261371123796598784
1261354844431974401
1261333759422537729
1261314683023224838
1261314077793665025
1261298851736158208
1261298850217766913
1261280435327254530
1261056091531677696
1260982077597548547
1260935854312189953
1260935852336742400
1260680912142032896
1260651936488935426
1260651935155150848
1260651933871730688
1260651932592386049
1260651931187306496
1260651929933250561
1260651928767229953
1260651926422609921
1260651923763412995
1260651921125203968
1260651919845896193
1260651917249658880
1260651915072778240
1260612771210833921
1260592097918431233
1260589952007467011
1260580124229074949
1260580122467471374
1260555490364231680
1260283835402432512
1260254442525507586
1260254413588963330
1260254396392366086
1260234642529157120
1260219520196673539
1260219514148528128
1260193193900912640
1260190358983585793
1260040203693101056
1259921576310398976
1259859805356855303
1259856007729164300
1259856005938233345
1259853280680783872
1259830939607134209
1259422979009773568
1259211798064123904
1259189081063469061
1259164368446636033
1259151255097802753
1259121269095702528
1259121266033917956
1258935981006356487
1258864869861883907
1258834269650030593
1258780168421814272
1258777715064238080
1258758562404274183
1258758561049477120
1258743731689099264
1258562313264738304
1258517368306728961
1258426314220060674
1258405934235357186
1258405932863762437
1258401493801226242
1258400083197878277
1258162533782958094
1258148724737560576
1258126046781726725
1258109397189844993
1258091669049704451
1258074905146535944
1258065513609076740
1258050290592317440
1258038638644023297
1258038636857233409
1258038635296948225
1258018680589307905
1257774578207612928
1257762450612486144
1257755444203753472
1257701845239300097
1257685487092981760
1257678701929660422
1257678698163077121
1257671401470902275
1257656401251323908
1257406927665053704
1257384999508217858
1257353744259350528
1257329446941409280
1257309261148729346
1257309259131285506
1257294025666596866
1257012307839852546
1256949274308468737
1256949272274259969
1256735256062889985
1256618756438188039
1256584338612858883
1256584335563595776
1256571015347482624
1256372897179934720
1256343405925412866
1256321079598911488
1256321077313064960
1256321072678367234
1256304187840909314
1256267277693059075
1256244625947463681
1256224235242115073
1256222499030908930
1256222497533550592
1256206935109414913
1256189638320033792
1255968126103171072
1255968124127645696
1255968121783046152
1255968119878754309
1255968117521596419
1255968115734839296
1255968113973170176
1255935092960055297
1255879888889769985
1255860585528524802
1255860584081436673
1255844481171025920
1255833244349747200
1255681393503473665
1255681392370909186
1255681391225909248
1255681389648887808
1255681387925045249
1255681386196992000
1255681385068707841
1255681382766063617
1255681381281214464
1255681380169797633
1255681379242827779
1255603090373271554
1255572752552976384
1255568643380961280
1255516956272340992
1255516564050399234
1255516115511500803
1255514690777755649
1255502773313036294
1255502771496894464
1255482409455357953
1255269141130489857
1255269140165689346
1255269139117232132
1255269137414324233
1255269135669493763
1255269133106720768
1255269131651354630
1255269130703421440
1255269129117974529
1255269128010698759
1255269126253281280
1255269124672032770
1255269122818158592
1255269121916375040
1255269120272187394
1255269116820312064
1255269115649982469
1255269114526019589
1255269113171247105
1255234428583981058
1255232016938917890
1255223738594996224
1255210645676384257
1255165002358685696
1255153427903991808
1255143387713265666
1255143385419010048
1255119716835713024
1255096948786429954
1255089447856635904
1254909315036708864
1254862201623461889
1254848030290804736
1254796823744708611
1254790962808713225
1254783743732011011
1254776475183493121
1254757518535868418
1254366366951497728
1254246831854424065
1254123103392759808
1254054002045734913
1254054000321802240
1254017393703243777
1253806242964758528
1253746891696730112
1253711172353875970
1253686001358311426
1253685999592505345
1253670316410236928
1253443789026471936
1253406595859591168
1253404031269113858
1253398317452505088
1253383251261034498
1253356767465127936
1253355460540989442
1253349054509170689
1253338514562768904
1253329991086960643
1253329987546931216
1253307773032382466
1253069269690134528
1253055852258476032
1253035887253831686
1252999329691901962
1252978835152236545
1252967676198215680
1252967674554003458
1252945507573354503
1252704988234747904
1252689346043342848
1252673770650652672
1252620321368268801
1252602799331950593
1252602785775996930
1252583078192508935
1252342450711965696
1252316104669700096
1252316103822446592
1252316102513885184
1252316101603659777
1252316100815175684
1252316099707838464
1252311275998076929
1252286732466348035
1252258660878888961
1252258015375474689
1252255135801081857
1252240615313727489
1252240613568909312
1252220589256740866
1251876104316637184
1251876099623133185
1251566822459084801
1251558204573704196
1251513112110514177
1251513110030098434
1251262285244481537
1251262283487023104
1251251723588550659
1251249697055846402
1251180565916782592
1251173163259445248
1251151700947136513
1251151698833190912
1251133427736129537
1250934289128185857
1250934281079345152
1250922442379280384
1250904921525964800
1250876312786309120
1250801201303580672
1250787012581494784
1250787010945724416
1250771131310551041
1250755943282941952
1250562292636409858
1250522093399289857
1250522091536953344
1250499282173521920
1250495521325793281
1250484234013364225
1250484231974813696
1250439645759823872
1250426426672599042
1250426421710712838
1250163623554625548
1250154935620194307
1250154933476823040
1250136862393425920
1250098798506004480
1250065497363755008
1250065494931132419
1250045436989186048
1249867471332487170
1249833257480355840
1249774441615241220
1249770327850323968
1249770326399033350
1249770325396594688
1249770324478091270
1249770321936343041
1249717865470713856
1249705879433351169
1249702974898802688
1249702973200048128
1249684484892561408
1249331836939046917
1249331835873693698
1249331834728652801
1249315297041014785
1249313413811093504
1249135103227420673
1249135101826531330
1249135100626980864
1249135098664026112
1249135097430802433
1249135092791992320
1249099712705097730
1249099711211945986
1249099709366460416
1249070326572634114
1248975624770854913
1248975623776808966
1248975621759414272
1248940744905297920
1248740287373021184
1248733405522599938
1248722319327051777
1248722318437777409
1248722317200547845
1248722316235767809
1248705311248191489
1248687527092862976
1248663329633193985
1248655074525659136
1248655072751423488
1248650366951944195
1248629624524898304
1248617726412652544
1248617723556315137
1248596754615816196
1248577336859136000
1248426352048365573
1248399554392649728
1248371405047005189
1248368064581771264
1248362472861564929
1248331244347195392
1248325198492786689
1248295707653611520
1248293768828203009
1248293765770600448
1248293763786502146
1248293760888442883
1248293756459245569
1248293752717934593
1248293748695609349
1248293746040541189
1248293743800848384
1248293739602141187
1248293735269621762
1248293731238903808
1248293727212384256
1248265588905930754
1248252764062449664
1248252762250514433
1248234321611120640
1248024640385101825
1248024639512731648
1248024637885362177
1248024635796578304
1248009996811399170
1247998343445450759
1247998342505934848
1247994652999004161
1247962617571725312
1247902906075860995
1247891546512351245
1247891544146771970
1247871914929868803
1247681941203234817
1247678822369165313
1247677036027666433
1247676976044871680
1247675595183599616
1247643023002959874
1247643019785969664
1247632563457478656
1247604542017077248
1247600502080016389
1247568467106172928
1247552662872219650
1247536857119772681
1247530787349487617
1247530784451260429
1247509574115975175
1247321886574489600
1247280977703055360
1247256361525788673
1247256358317109248
1247237720922927104
1247182502772355072
1247182500688007177
1247178615550349312
1247172503845236736
1247147156189769728
1246879465164210176
1246879462811144196
1246810949199310848
1246810947160805376
1246564883241603073
1246448834449981440
1246429741453840385
1246201064858226694
1246200586720206853
1246199731312877570
1246191103197556768
1246185317541064705
1246183936939765760
1246180564635451394
1246177159699365892
1246176181549965315
1246173230378950657
1246167163586707458
1246165384966950912
1246164668336549889
1246163585400741889
1246159438433697794
1246150640503410688
1246114217180233728
1246105216837181442
1246097349480415234
1246086235203895304
1246076650950975488
1246060111367262211
1245858461188935680
1245820427102031872
1245801951763333126
1245789658534932481
1245731343176089606
1245721771938066433
1245713675517857793
1245697680250044416
1245472298490122246
1245455100975501312
1245446764364214273
1245425982921510913
1245401039379075072
1245401037722259461
1245401035730038784
1245387587755413504
1245367225864695808
1245335332649701376
1245202975657791488
1245088899535421441
1245078190516731904
1245063628266455040
1245036091088023553
1245008834021728257
1245003408488058881
1244972743096852480
1244774231658893312
1244742631332163585
1244740648852426753
1244731255532294144
1244725616102031367
1244725614898221057
1244725613522571264
1244725612037713926
1244725610892734465
1244725608917209088
1244723258051657728
1244701006463524865
1244681204126842882
1244637597835513856
1244610493957828608
1244424663066988544
1244424660600709123
1244383690295250947
1244383689036963841
1244383687497715716
1244383686243618818
1244378356382040071
1244370850821877760
1244296656662728704
1244057770741153793
1244028525004427264
1243947969130516480
1243915676965916674
1243911176569991168
1243710025811591171
1243655518201294849
1243628608343683079
1243628606271651842
1243614062878928896
1243557394728120320
1243523385897807872
1243327632776802306
1243303892449931264
1243301853749788672
1243284709259575296
1243251585850822656
1243205943061610497
1243203862556786692
1243196050246176770
1243192156933591040
1243182273328971776
1243160997910605825
1242987131599028226
1242969618194497538
1242969617359867907
1242969616441323523
1242969615283740673
1242953043282403328
1242935300088832002
1242931756757594112
1242919429471522816
1242910134252290055
1242889099188396032
1242880663252074496
1242845712674631681
1242845710371958785
1242830176712454144
1242825978969239553
1242798560749318144
1242611518207860736
1242609292269813771
1242603598531514368
1242603597520670720
1242603595779977217
1242603591023673345
1242600616242733056
1242535881300250624
1242495644566200328
1242495643316346881
1242495641902874626
1242495641013583877
1242495639910481920
1242468285024587776
1242454105911709703
1242446011462750209
1242436125488103427
1242242553103220736
1242242551920439302
1242242550943092737
1242242550007726081
1242242549055709185
1242242548099317760
1242242546862043138
1242232703321333760
1242193842713100288
1242193841735811072
1242193840590794754
1242193836014796806
1242184580876156928
1242171131525808130
1242171129764216833
1242171128396857344
1242164417220849665
1242137322117873672
1242106745406648323
1242081928016269312
1242073585360879618
1241876816794652672
1241783604931371011
1241783602830020615
1241752785152094213
1241726668437364736
1241696178154213376
1241683331009388544
1241544424607399936
1241535340386664449
1241514342987837440
1241498536304402438
1241470543095889920
1241161221119844355
1241140088765067264
1241130080065204227
1241091039059943426
1241091038040686594
1241091037117976579
1241091036069404672
1241091034974650368
1241091033712254977
1241091032734937090
1241091031468302339
1241091030184857601
1241091029027164160
1241091028012204032
1241091026699399178
1241080715871043584
1241051536870060039
1241051535238475776
1241051533631946752
1241015917850562561
1241015916076425221
1241015913534668800
1241015911513014277
1241015910091104256
1241015906702155777
1241015904097492993
1241015902289760256
1241015900335210496
1241015895843049474
1241015894060531713
1241015892181495810
1241000614848577538
1240986609299771392
1240809028856492033
1240791217647976448
1240758678007021569
1240748135393243137
1240732620041797632
1240723943432040449
1240714924113813504
1240676898902065152
1240676895387156480
1240676893319409666
1240676890328866816
1240676886973423616
1240676885107007490
1240676882372276224
1240676880380018691
1240676877829840896
1240676874302480384
1240676872142426113
1240676869852274691
1240649956605689856
1240628383438065665
1240624278820630529
1240616547422437377
1240430630896361472
1240429501521289216
1240428869804601345
1240400115959029760
1240376575113211904
1240372739069947904
1240331013907197952
1240331012380508161
1240331011390570499
1240331010094641153
1240297304093077505
1240295365032792065
1240295362830766086
1240295360951734272
1240295358749708293
1240295357214601218
1240295354911858689
1240295352646934529
1240295350046461957
1240295348347830278
1240295346225414144
1240295344568700928
1240266944181424128
1240261711929606144
1240057350884667392
1240049233358663680
1240029892756017153
1240029889081860103
1240029884862337025
1240029880995270656
1240029878424154113
1240029875446185986
1240029872371765251
1240029869293088769
1240029864649990144
1240029862456430592
1240029856991195136
1240029855372259333
1240002987210178562
1239989943440572416
1239988705026363392
1239930681792376833
1239899397732757506
1239698145476595712
1239652219546451972
1239644241728425984
1239627537006743560
1239616060334186499
1239592430221111296
1239563715835461632
1239542698798956551
1239536935737028608
1239349803278008320
1239348378586288128
1239313299071815681
1239247671900209153
1239247671141023744
1239247669970833409
1239247669178048512
1239247668347633664
1239233734592823296
1238991039542841347
1238963009265041411
1238942431728582659
1238926081736036358
1238915608479248385
1238896502531141637
1238610714589356033
1238558553192812544
1238513255871655936
1238503755303268356
1238503074982920197
1238490282062229504
1238475200448073729
1238464063086223360
1238450323364208641
1238450322684678146
1238450321086611457
1238449214985768961
1238423197399293953
1238423195855794177
1238423194186526721
1238423192651300866
1238423191145590784
1238423189446950912
1238423187731382272
1238423186213146624
1238423184862478336
1238423151480111106
1238126764574019585
1238113264007086087
1238101283057393671
1237879375766274051
1237865944199778304
1237836036333436928
1237834009729798152
1237806574795657217
1237800689692221441
1237790922177482754
1237773715661819904
1237773714038632457
1237761581796204544
1237557110251999233
1237472741810298881
1237428386315882497
1237360809099120641
1237205104710823939
1237122174110089216
1237077830330171392
1237057387766448129
1237053369707044867
1237022709256802305
1237004564844253185
1236841200545599488
1236824480837705735
1236820808057737216
1236788789747445760
1236743590610681857
1236698357122433025
1236639406687223809
1236622700468039680
1236471431195738119
1236460367007621122
1236459069914771456
1236458133410795523
1236451647926108160
1236429294240489472
1236422174958895104
1236396204189155329
1236336083086041090
1236290604931432448
1236259772049039360
1236073218957611008
1236065396404506624
1236040959697334272
1235979623206391816
1235974716722118659
1235973669857325056
1235951134633873410
1235928122027106304
1235913018531352576
1235727488463986690
1235705400671875073
1235705399132573697
1235671624860553217
1235666606669393923
1235639572400308227
1235632778038788096
1235617478602080257
1235616156494499840
1235614975416250369
1235614448196427776
1235607829332942849
1235596460512538629
1235580828807290882
1235565867317915650
1235374454903115777
1235339499309330437
1235309231957565443
1235297251079188480
1235283744443060225
1235228805041664006
1235222790980108289
1235221446974001154
1235203458610888704
1235022199888547840
1234972054778077184
1234945551801540609
1234931680328245251
1234916665089036288
1234898496211292161
1234894342952804352
1234891111975596032
1234889853273178113
1234888324508200967
1234880083728510979
1234863753549799424
1234841080010596358
1234599362141073411
1234567612706828292
1234554063062065160
1234508766613098496
1234485213427896322
1234176746834087936
1234161580557918210
1233859553873317894
1233851142741905414
1233785335999553542
1233753790571925506
1233570414565220353
1233570411310452737
1233551971426217984
1233528851361390594
1233518786701144065
1233518782984966148
1233518777289015296
1233518773589741569
1233518770980782082
1233448536924151808
1233448082701987842
1233445896857227265
1233444004827738112
1233443905997279235
1233443191224799232
1233436788724813825
1233391403398574080
1233368404880494593
1233242632349863936
1233189955205259264
1233170170631393281
1233170161940750337
1233156796258361344
1233139064548864015
1233088272081063936
1233074380932100097
1233074294516785155
1233074047593963520
1233072897930952704
1233071471548866560
1233069012503818240
1233052854128201732
1233040276358340613
1233029017361477632
1232832720784515079
1232798206536437760
1232784307997093888
1232783708345839618
1232783410646716417
1232782866532257793
1232781364283482113
1232779936609513472
1232778499443871745
1232765476721307648
1232739736814587906
1232736164160901126
1232736149686431745
1232713805039357954
1232688199954292736
1232666628397006849
1232440244261179392
1232394078693871621
1232372188537208832
1232326888736972800
1232304239969546240
1232111852932472833
1232079191786606596
1232053657706926081
1232034777412272128
1232009992473137152
1231995992964321282
1231989792679710721
1231979599308951555
1231960680640716800
1231958276595732480
1231941854159155200
1231745792941215745
1231675989262028800
1231584794158358534
1231579463445569538
1231411513019076608
1231269324888956928
1231267066700759040
1231262616846241792
1231259416403464193
1231255551230849024
1231251795059466241
1231217077148639233
1231213414351020033
1231041282103009287
1230981828225400832
1230981826489044993
1230981824249200641
1230981822315671554
1230981821132832769
1230969419402272773
1230904461696143364
1230902101905215489
1230900196235673600
1230900128053125124
1230898596792287232
1230884888728858627
1230865156797845508
1230667122197614592
1230666313430917121
1230665305623613443
1230663884090085376
1230661756294443009
1230654437053607936
1230650417446637568
1230646324401405953
1230641055952986112
1230638568608944128
1230622299344265218
1230610339999440896
1230577704690487296
1230541598120988672
1230528336868397057
1230527451106811904
1230527386065698817
1230526107260055552
1230492301690122242
1230329619871600641
1230303573126320129
1230299071065268225
1230245639935709186
1230245128067047425
1230244958067658754
1230243463322431489
1230243369223413761
1230235024135462914
1230226320958902277
1230156748813561856
1230131116771770368
1230130908264640513
1230129914445168644
1229970009763479552
1229965990991101958
1229943015436947462
1229939374881693697
1229935888588820482
1229935827742068736
1229935806636331009
1229934560927985666
1229934287534817286
1229914605184413696
1229858122556039168
1229790224303128576
1229767526357159937
1229555537831919618
1229495734845792257
1229390298830319616
1229207586236489728
1229193743628005377
1229074279611949056
1229042750248476673
1228807839826825216
1228786059170975744
1228780909249388544
1228725773877567488
1228680360755527683
1228501772093808640
1228446214707982336
1228422031307427841
1228413806658949120
1228337425417670658
1228317972332253186
1228297833654161408
1228061283389362176
1228021187512545285
1227974260347588609
1227958159949598720
1227955584495951873
1227736131896303617
1227698895594983424
1227676244357062657
1227627874439528449
1227627762313199616
1227624600919367682
1227620833163694083
1227412224769232897
1227371886713167875
1227361197365899269
1227356074120024067
1227354636069285892
1227349615911018496
1227349614371786757
1227349301300518912
1227349032789585923
1227348707672281088
1227348593956270080
1227337888003764225
1227334135863283720
1227326256494129155
1227324243970527232
1227321246515331081
1227317741075550208
1227309643933896707
1227301994009964544
1227294779593101315
1227293911602880512
1227290579094118401
1227279350925578240
1227276815007391744
1227276198906126336
1227274482911502338
1227273340940886018
1227271491894620162
1227271490372063233
1227271488543379462
1227268828113010688
1227264753673932801
1227261883704598528
1227261192726630400
1227256344102817793
1227255081189466112
1227253323444707333
1227252066743209987
1227251708885131265
1227251099557679106
1227250427294556160
1227250028026236928
1227235630922502144
1227230809133854723
1227019500542988289
1226996815255437314
1226996735689547776
1226996049769689088
1226994981937831936
1226981667912519680
1226977284206288899
1226969950914588672
1226950285052043265
1226915048771092482
1226906169803001856
1226883622306811909
1226868422232788993
1226657027986001920
1226621255077580807
1226540994121912320
1226506035440939008
1226302948764004352
1226232365577621504
1226204152000368641
1226189633639374849
1226183964311871489
1226183898096381953
1226181060486037504
1226143650469441536
1226113499321061376
1225937184810770432
1225929768564150272
1225929760892751874
1225929750440488964
1225921181112553483
1225921179367739392
1225921171050450944
1225880809191636992
1225853692211081218
1225850737713958912
1225847812983795713
1225847642732843008
1225844747656290305
1225819714544422913
1225819531765014528
1225819453532889088
1225817798623952897
1225785114749276161
1225781260003340290
1225547001695211521
1225546979251539968
1225509466440785920
1225473202400432128
1225454402913349633
1225449070363369478
1225434035989762048
1225418869012983810
1225196151625994241
1225178608987246593
1225166520306806785
1225118042176311296
1225117191533735936
1225094838993014784
1225094561439133699
1225093502528299011
1225088571352051712
1225081288790609922
1225061410260037633
1225056484075196416
1224845089316507648
1224819758509580296
1224780604887175170
1224731843410481154
1224718191701700608
1224712673411174400
1224709198014844928
1224694093990809600
1224566181597786112
1224467601855844354
1224467186305175553
1224452502000689152
1224407202900971526
1224373539400310784
1224373436677529602
1224373307866263557
1224372489100283904
1224365113173585938
1224351653450653697
1224324621832462336
1224324156038295555
1224120313660628992
1224052201531879424
1223998340444180480
1223969318930534400
1223659124367466498
1223642476164067330
1223641582387073024
1223622341462315008
1223622030072983552
1223606929655644163
