1286023160664600577
1285986333765369856
1285978709778927617
1285964997634535426
1285961077956784129
1285920495184076801
1285727834590380034
1285628493573902344
1285606181181022217
1285602349587804161
1285602348446945281
1285598968962002954
1285550682880253954
1285366832241803264
1285340865590964228
1285333426707603456
1285281549311778817
1285276909698379776
1285271595750174721
1285236543888732165
1285221215553171456
1285208404315734017
1285207666751676417
1285206056231006210
1285205338522714113
1285202098947272705
1285200062172332033
1284954677415731200
1284896483637186560
1284840931284389891
1284621163507875840
1284570187740610560
1284531214465011713
1284491632977608705
1284479141803425793
1284469143018799106
1284340938459025409
1284304832220856321
1284258280479625217
1284212541808418816
1284128030982578182
1284119328946827269
1284115867752693760
1284101333084143620
1283889806402105344
1283884054937559041
1283845842345000961
1283844403468042241
1283841571855704064
1283836368024739841
1283819866298908673
1283791669100519424
1283790468522938368
1283790001881456642
1283548144421265409
1283476267119992832
1283454138702061572
1283402535391440896
1283399889880309760
1283156614380388369
1283156515168419840
1283101142445101064
1283088539488591872
1283083657197035520
1283070182563418112
1283069681063153669
1283048372937674757
1283029057081311233
1283022197230108678
1282865048889827329
1282858196890157061
1282831956967919616
1282811866172067845
1282761632683261952
1282754666938368000
1282711931913220100
1282709632499306496
1282708662134493185
1282704798182244357
1282701129801859073
1282665240975626246
1282367186221314054
1282323832959832064
1282308149735809024
1281959625655492614
1281932969284898817
1281739735073947652
1281651599790809088
1281596695466389504
1281589575043952640
1281237229348835328
1281222864864260096
1281217677529358342
1281209825343520774
1280967282630578177
1280905351433461761
1280892624501686273
1280891795048710145
1280888414020214787
1280887491092856833
1280861202827153410
1280604110660739072
1280538189267177472
1280516311932702724
1280502031757848576
1280253877229686791
1280219729756590085
1280173055898275840
1280169199638392833
1280166514939879425
1280165599344242689
1280163923480719365
1280163165481795592
1280145095115890689
1280124416358260742
1280116065373237254
1279896163467091968
1279845278095421441
1279775385367056389
1279760695693901826
1279610258814631937
1279557183978582018
1279513499169947649
1279452098854354947
1279432222722965505
1279398682396418050
1279113764684562432
1279071170407604227
1279039139267194880
1278847785241128960
1278794347480219654
1278753973453946881
1278710075599785985
1278459150318608385
1278439252796280835
1278369608848887808
1278358903223353350
1278356366382505985
1278355154325123072
1278352168970358785
1278319129842384896
1278314973475803136
1277993087290261504
1277987460929159169
1277977112788398081
1277969897008447489
1277967767933575169
1277924561246457856
1277635870456242176
1277633523428589568
1277628841029185536
1277628333447135234
1277626385058525184
1277610756666785797
1277607514041978880
1277595303865131008
1277578150491414529
1277316118605111299
1277315709169696771
1277278313808084994
1277256887101280256
1277240773973508096
1277236751527038976
1277234104770138113
1276950276918915072
1276891652569866245
1276878139910733825
1276859895992782850
1276849077339160576
1276621019873267713
1276599348474896384
1276542294645186561
1276540811585388551
1276500823569137665
1276231127477489665
1276170096982003716
1276137006591086592
1276129631586959365
1275835319447945220
1275830168444166145
1275818012768174086
1275815823693754368
1275814088501637120
1275786959399587840
1275767819754450944
1275566014655352833
1275499242459738113
1275441895859040256
1275436581642362880
1275405137503236100
1275184046482522115
1275116418242150408
1275063197205069827
1275051109401407489
1274726505831108608
1274685496745172992
1274678681525538818
1274470153158262785
1274461139754197003
1274424129480011776
1274423399885017089
1274382953477558273
1274322814041022464
1274132361068916736
1274053414985531393
1274039465191837701
1274026551659704321
1274016168735657984
1274001569227239425
1273996658817335296
1273958062244737024
1273767038146707456
1273765718903971843
1273687983108108288
1273673548331180032
1273667802793041921
1273657035490459652
1273653504591216645
1273653266199515136
1273648859483213825
1273646366720503811
1273643761742929921
1273640420640059392
1273625985112563713
1273622351666692097
1273373511629799430
1273351860997455875
1273287731444092929
1273283299612471299
1273281536167682049
1273279472238825472
1273277667563892737
1273266451525373954
1273264386350686208
1273225659331067904
1272993349604126721
1272963496808976387
1272922084205907972
1272919291776708614
1272918781803802626
1272917927667412992
1272915671106502657
1272898511034552321
1272709080373747717
1272661430525976578
1272646222340333569
1272573510179790849
1272556213763440640
1272555634580426753
1272554152107925504
1272552234371346432
1272541166060396544
1272535941303996417
1272320322872762368
1272213340178219017
1272209295283834880
1272205913181630466
1272204010766950401
1272200684247670784
1272199080291307520
1272197582823931904
1272176194444759047
1272155182034550791
1271959105700335618
1271932971088478208
1271863292944887809
1271834744683220994
1271832696017293312
1271830977812279298
1271828400965947392
1271815696314445824
1271803205635248128
1271795110062284800
1271786752068509696
1271554450105217026
1271551457658101762
1271522034690994176
1271518543826354178
1271487600344346626
1271483024337702916
1271479870283972608
1271471816553443331
1271465480876814336
1271453027111784449
1271422014801219585
1271203862196760577
1271151017137233921
1271151015887241219
1271118719931109376
1271107715729952773
1271106908343148544
1271105385324318721
1271103046341165058
1271082293025783808
1271075217801129985
1270820159054323712
1270746687733149698
1270745006945566720
1270743368503627777
1270741261482246151
1270727234777747457
1270718781501747201
1270534734850985986
1270420311176097794
1270397809225859075
1270385655487627265
1270383187554971648
1270380502915129347
1270378019140431875
1270359372477140992
1270350499003449344
1270159215315881984
1270136913702387712
1270090451371032576
1270082066353475587
1270065791287865347
1270040521772277761
1270034405919260674
1270031185629065217
1270027982028058626
1270027146631798786
1270024426441015298
1270023178954379265
1270022270879248390
1270017844344913920
1270015682063687681
1269997472459390977
1269982989972312064
1269809107592253446
1269730437737459712
1269668635104206849
1269666282372300800
1269664583142293505
1269663583132147714
1269661832907612160
1269627943279644678
1269379524904529922
1269361418899460103
1269354225500393472
1269344344374497280
1269308998353895424
1269298067968274432
1269295698555609093
1269293052021157888
1269291721600446466
1269290825243963393
1269290284606767104
1269273816280322048
1269253512766066689
1269047440826605570
1269031580112244736
1269024862171004929
1269016272475471874
1268969653189185539
1268945843043909634
1268934488102440961
1268930075468066817
1268914510083043328
1268739684504604673
1268659242678079488
1268644990034612225
1268639607056478208
1268603432107204608
1268596066741616641
1268595905688752131
1268578259693903873
1268574201897771008
1268568539310546946
1268566298641883137
1268555199343407105
1268526834838376452
1268373734781530130
1268305511956516866
1268284211255037954
1268254545316139009
1268211855685832704
1268208644618936321
1268207610098061314
1268207359098269696
1268204823431639047
1268195198724722690
1267850867895664641
1267849178920689669
1267841372926574593
1267833909942894604
1267645243584847873
1267602763875332096
1267596315006885888
1267569648876367873
1267548850258096129
1267548529167392769
1267498311273140224
1267489181057667075
1267487805795717121
1267485989112594432
1267485004302557190
1267483503052107776
1267479916922064896
1267463595849285634
1267449651575369729
1267438348127416322
1267270157061283840
1267247214902030337
1267207835487735808
1267191163552968706
1267176579051991041
1267171661578670080
1267134801515069442
1267128926918320128
1267128504795217927
1267126362365542400
1267110931051491330
1266796185072930819
1266785982772326400
1266780799388565509
1266765209391284225
1266763712683225095
1266761945560072193
1266760943851261952
1266760794630500354
1266759880360316930
1266758102013169664
1266755860388147203
1266731947029659649
1266714056628592641
1266497860809494530
1266481107727527938
1266459071575740416
1266454015065370624
1266452698230120448
1266422629390602243
1266419617506848768
1266419046175715330
1266418510818934785
1266417884944830465
1266417116271476738
1266414733202124800
1266403464709656576
1266105409959604227
1266097473895960578
1266067425797320711
1266040525204971521
1266039727687417857
1266037761624158208
1266036686053613574
1266036034338533377
1266033751664070659
1266032931711127552
1266032480152403968
1266029566599892992
1266005699500351490
1265995435153461248
1265977073165893632
1265773659907674113
1265758658429964288
1265747226904707075
1265698190512226306
1265697206998315008
1265695839231639558
1265694302325420040
1265692361004326913
1265692236358057984
1265691299065331712
1265689609679171586
1265654796507381761
1265648920375558145
1265629432372506624
1265322926225666049
1265316187002593280
1265310642002681860
1265307972953165825
1265307116845314050
1265306288684257280
1265304578129399808
1265285626829643779
1265273973379489793
1264970916359999488
1264959278357626880
1264948964614451206
1264946682761969664
1264946090387914756
1264944310459473920
1264942324787732484
1264924734472491009
1264921717077692416
1264893607464579072
1264689428154515456
1264653518272704515
1264593815819759618
1264591629878525965
1264590604174008321
1264589730009808898
1264589206288039938
1264588750912438273
1264588094319333378
1264586961387352066
1264569972317204484
1264558205683843073
1264383355207987201
1264317588546506753
1264283330805186560
1264228956942864384
1264226096536567819
1264222853660106753
1264221586598625281
1264218372796899328
1264208426898522112
1264198025469145088
1264179375353802753
1263856388075393024
1263851784843546624
1263850973279203328
1263849823263997954
1263847732315254786
1263830819505950722
1263814853921251333
1263531787290062855
1263505083691663365
1263498846002446339
1263498035876761602
1263495418677284865
1263493461384114181
1263470535801032705
1263282969042661376
1263190873908621316
1263138026630385664
1263134957502947328
1263134330777468928
1263130799970250752
1263120534679814144
1263109170351480832
1262787273348845568
1262779947405447171
1262778369386483718
1262777548708237314
1262776230786580480
1262775616668962816
1262755425457299456
1262740824405741568
1262510237791203328
1262429814490882048
1262416594048778241
1262411931220152321
1262410510571655168
1262408803930312712
1262408416842133504
1262407269469347841
1262405484578889728
1262384388957966336
1262370570206883841
1262068895084498944
1262054970976874498
1262054426426122240
1262053977040003078
1262053462017277952
1262052743126102016
1262050439861686278
1262030676607590408
1262003784806543362
1261723437115904000
1261703387172581376
1261689531021037571
1261684885665853445
1261683827950391296
1261683152633954308
1261681009310883841
1261672650306392064
1261645520289828865
1261331089316077569
1261329620185436162
1261326360313724930
1261325280150462468
1261323519671128065
1261320803045556226
1261319223239819265
1261313133156556801
1261290508401467392
1261110546595745793
1261095623287361536
1261002590894071809
1261000321783992326
1260999722476732416
1260999214852702209
1260997239020965889
1260995266917871618
1260993868327088129
1260974152971948032
1260915461367173121
1260718773578981382
1260668668108771335
1260631974978387968
1260602272549142528
1260600590251556864
1260600156765986817
1260597633846050818
1260596626449747974
1260595453319667717
1260593955105841152
1260593849308557312
1260564599964930053
1260562748729167875
1260557827753619457
1260337304591351813
1260314810442485761
1260273563275231234
1260270569624346624
1260267997584818179
1260266036315795464
1260265336638668802
1260262753324933120
1260262484285386753
1260238057258676224
1260236758513483782
1259941680817504258
1259914895442788352
1259911143507853317
1259882156010209282
1259876885619716098
1259874865726861313
1259873946545119232
1259869735291891716
1259869657072164865
1259846764443709441
1259555274421133319
1259549798065074177
1259524205021822981
1259521150524293120
1259519122939023363
1259517771815190530
1259517198810386432
1259516059897520132
1259514890588491777
1259514744953663488
1259500414246039553
1259469689874518020
1259185710931816448
1259151925808902150
1259150568947417088
1259149105827373056
1259147913718116352
1259145843631960065
1259144410161451009
1259144274064498689
1259127723907219456
1259118034196803584
1259104874307911681
1258903479042662402
1258853934174789634
1258833038655578112
1258811225938579457
1258796740599263232
1258795785573015552
1258793297843310594
1258790583205797891
1258789010325016577
1258788756292644864
1258770764364484608
1258561165921333255
1258542416660803585
1258511585317761024
1258481760981188614
1258456263039619072
1258441731063844866
1258438669934964736
1258426061844549632
1258424519745777665
1258424113393274883
1258420662101782529
1258419808313528320
1258419748297007105
1258411931750346752
1258392562139828229
1258148760363900930
1258100373966991360
1258067828655173632
1258065589148450816
1258065056450981894
1258063659609329664
1258057519378976769
1258057409710317568
1258029118324641792
1258017467194126342
1257838880923045901
1257723650469441536
1257721003112910854
1257720817758146560
1257720379042390024
1257719541876043776
1257719540726804484
1257706914147905537
1257699944137359360
1257696713789378560
1257695269069762563
1257695202916982789
1257671298714603520
1257462159237361671
1257447305076191232
1257381337327075328
1257346415933763587
1257342748891459584
1257342413120692224
1257339349039022080
1257336310450270211
1257335737047015425
1257308577728835584
1257297084371386368
1257081304073613315
1256991444193153025
1256988817002725378
1256984229226872835
1256983262351810562
1256982073195343878
1256978750073339906
1256978475719647234
1256954114635960325
1256934866953867265
1256769848782336000
1256604239473844224
1256603562731282432
1256602990355664899
1256602494165225472
1256602220382093313
1256599283320709122
1256599063706779648
1256591314810015750
1256571020401676288
1256359986789318656
1256322200241496065
1256252835311878152
1256251503939129346
1256249247491555329
1256247574895431681
1256246033962749955
1256245974235668482
1256223535040782340
1256022106044870656
1255927084972736513
1255893243910336517
1255891941713162240
1255890659782856704
1255889219098226688
1255887970848120833
1255882970277306369
1255882886764351489
1255859330886381568
1255839068010819584
1255638063780421632
1255629683435200512
1255629682562695171
1255557850031677441
1255553951937806339
1255543873646067718
1255535077502660608
1255530326593605632
1255528951465852928
1255528042623049731
1255528041557745675
1255524216562221057
1255523203667156995
1255521359465271297
1255521277617545217
1255506377444937729
1255263415230136321
1255207810280894468
1255173286184484864
1255170063008661504
1255169954485202946
1255144833229787141
1255142756449611780
1255129968004280321
1254833086564642823
1254806500280860672
1254802102024577025
1254800525079560192
1254797350561816576
1254795370355462149
1254795300461404160
1254778868902158338
1254771474646237184
1254460486097211393
1254455486965047303
1254450367682797569
1254448716188135424
1254442756728127488
1254441288914567168
1254441215312850945
1254411057105440769
1254079893333254146
1254077161356636160
1254076055842951168
1254075190436401152
1254073984578129922
1254071940777750528
1254071784439070721
1254053482740449280
1254034129177509894
1253841552885133312
1253816599112552449
1253784682262650881
1253774600938364928
1253774599671754752
1253729749177970689
1253717777602486273
1253710953780146176
1253708693335662592
1253708565212041216
1253695476425199617
1253668391216447488
1253481313321062401
1253434224050180099
1253412456489086977
1253394963238436865
1253358477415788548
1253356421577654273
1253353968278876171
1253353516803993600
1253352837255438338
1253350896005758978
1253347797140725761
1253347609885851648
1253332281650851841
1253317300117278720
1253314615561392129
1253135692160544768
1253116294150438912
1253094154403545093
1253023112708460545
1252991812618387460
1252989934459330562
1252986239898263553
1252984445797380102
1252984337529593857
1252968573598924800
1252945428729004032
1252937880466608129
1252747290105823232
1252743459594780673
1252741849195982855
1252739627024187393
1252734389198434304
1252622949544275970
1252617113610698752
1252616082004860931
1252615291890208772
1252613979110887437
1252611199658799104
1252611118658289667
1252581585305698310
1252575432467251211
1252362924481380355
1252268860260179968
1252268041192300544
1252266190606655491
1252265630688071681
1252264964972261377
1252264010843672577
1252259433071226880
1252259329689845762
1252238171502346243
1252010729751928833
1252002787967340544
1251989636072853504
1251937627915386880
1251918640963870720
1251911932191399936
1251910878452232194
1251908724802846724
1251906960993255425
1251906770315776000
1251896623489257473
1251870510960566272
1251611716078702592
1251588245902811136
1251570033395974145
1251540292269981698
1251539654240808960
1251538793695514630
1251537175713402880
1251536016789381120
1251534921535029250
1251534638046011392
1251521155061747712
1251509758768676864
1251177015211950081
1251176206101286912
1251173080011083776
1251171659266035713
1251171487102365696
1251157304067502081
1251140291068940293
1250867582514745346
1250857359427149829
1250823714356240384
1250818965691039746
1250818015593185283
1250817149041590277
1250815982102360065
1250815588475318279
1250815006884737024
1250810369653780481
1250809945286537216
1250773195432628228
1250771771600535553
1250583869339951104
1250512454104350723
1250475800597495808
1250473835121520640
1250473325366837249
1250472598720430086
1250470267954102275
1250469489482903554
1250468905887334406
1250468001255743488
1250465824449736706
1250463383457017856
1250463184550412288
1250444617469906944
1250097640164986882
1250095100241330178
1250090601363668993
1250088575166799873
1250085963923103745
1250084973341577216
1250055253128548362
1250049078890835976
1249856733490667522
1249856607867097088
1249856525398691842
1249856435913138177
1249856305541656577
1249842792706310146
1249824975676112898
1249804122066432000
1249790672837709825
1249780995546591241
1249763348859756548
1249760271477997574
1249760030439739392
1249730538618978304
1249728261481025536
1249726464875954183
1249723807184695296
1249722095694733329
1249721888416333826
1249708219133378561
1249367065905020930
1249366152142295041
1249363265731297280
1249362414300286976
1249359875911622657
1249359754415288325
1249340994270703617
1249339900803112966
1249314007825223680
1249116704443183105
1249066958202568704
1249004414024761349
1249003253351800833
1249002572989554689
1249002049674653699
1249000108122943488
1249000036857413632
1248999217055404032
1248998144953679873
1248982423787970562
1248766014877245441
1248711481769762817
1248688307510431747
1248648753973800962
1248642761303130112
1248641879064936448
1248640191423746048
1248638429467992067
1248637810212515841
1248636566014234627
1248635784896434182
1248635467769118721
1248621927398133771
1248613342622527492
1248592816344895489
1248431290614857734
1248352853653164035
1248330157376647170
1248280129928941568
1248278113068384257
1248276780433227777
1248275560960266241
1248274090835795968
1248273348485771264
1248255037165502464
1248253480785108994
1248051645071740930
1248048242715250692
1248010127644319745
1248009855228469248
1247974447241453569
1247941841334538242
1247937063435014145
1247930122784706562
1247929924498923524
1247928209687162889
1247927730517262337
1247926534993842177
1247925939553665029
1247925681549234176
1247923226254159872
1247909670465011713
1247896616813527043
1247885065087897600
1247708533237387265
1247690972777119744
1247674664194801666
1247661188852396034
1247639362591797248
1247604571993714691
1247559065200451589
1247546632821977088
1247544507845017600
1247543770989514754
1247543150715064320
1247541946442113026
1247540403743514624
1247523726360326145
1247323134325374983
1247275243321737216
1247273371085279233
1247253398497484802
1247240997907595265
1247201341027635200
1247201001175687170
1247199178192826371
1247198469531541507
1247198178757218306
1247197819343077383
1247194315434135555
1247191855407566848
1247181643976192001
1247171131183955968
1246978840381009920
1246825835258155010
1246822444003926017
1246822388907544577
1246819133494366209
1246816989110325248
1246816620808306689
1246800950272106496
1246797258508599296
1246602233153716230
1246514963449028610
1246503599020158982
1246470458104524805
1246461846049169408
1246459583964602370
1246458148283731969
1246457007214931968
1246455329195462657
1246452829008605184
1246452590742630401
1246439016293113857
1246203740685840384
1246102425540407296
1246099642959499264
1246097738569330698
1246096602084921350
1246095130991476749
1246094654719897601
1246093161006542864
1246091297909334028
1246090991427182592
1246075464965332992
1245901491036213254
1245899347952390145
1245884335758204935
1245877397381152768
1245866494082158593
1245853449935130626
1245852834618208261
1245825650751135744
1245800390764957696
1245746343374663680
1245743221512089600
1245743220010647553
1245741247337242625
1245740701842837506
1245738389908918272
1245736973513490438
1245736664837718016
1245725837745434634
1245499628642013184
1245407659441913860
1245402118363779072
1245397408210706434
1245396233381908480
1245391921503240206
1245389941711998976
1245386810987089921
1245385935790825472
1245385587227373569
1245364790861668353
1245358479767896064
1245106421513039872
1245092222527139840
1245024479891329028
1245021319646904320
1245016997294997504
1245016139383607303
1245014986558189568
1245014386735034370
1245014081741914117
1245011877031292936
1245011610344624129
1244998390620073985
1244997227967324160
1244951905018789889
1244785806386122755
1244753551462748162
1244689251683446788
1244681943003922434
1244680452323106819
1244679562971267079
1244676598445604870
1244674872095244297
1244674625117646848
1244668160000831488
1244668158658719744
1244659526747525122
1244657367373021184
1244640888317493250
1244640687812993024
1244635411743416321
1244630459914629127
1244611757932494848
1244397342893187075
1244378943752454145
1244362279291719680
1244305406094118912
1244301531626770433
1244299466968006661
1244297191864389632
1244296431437053953
1244294515235655680
1244294158363136007
1243986643637473280
1243943483867627522
1243942557568184321
1243942379561922560
1243940615123087360
1243939514462150656
1243938729611403264
1243937830964989952
1243935860959129600
1243933195885838337
1243932707689660417
1243697166494957572
1243679863690625024
1243678652719652865
1243638791912513537
1243591512677629953
1243583774627168257
1243572057851473926
1243571506631884802
1243569087118217218
1243567002679218178
1243565738255843329
1243564854734192641
1243561946806444033
1243561528466399233
1243553083759656962
1243533400801259521
1243349911652925440
1243315052163338240
1243293178259783680
1243285457238142976
1243275982074777600
1243270201812160515
1243270200885157895
1243270199920517120
1243270198796390405
1243270197794033665
1243212580816125952
1243207757798477824
1243206330468499459
1243204465102131200
1243201802121723905
1243201409832624128
1243200030598664192
1243199576183410688
1243162098693177345
1242964457216712711
1242949170174013445
1242941085535608835
1242931986232217607
1242925776229597184
1242896128057782275
1242882551733239809
1242849610722402305
1242848325432467456
1242847552413880320
1242842070554939395
1242840935890857984
1242836692534509568
1242835598924304384
1242833387771113472
1242833201665433600
1242822429178724353
1242778619405008896
1242612896154169350
1242602448826568708
1242479407031296000
1242477029083295746
1242476864586706946
1242476290378211328
1242472246855204864
1242470818212466690
1242470142556155904
1242469263425908736
1242468192712351745
1242466066636230656
1242449461638561798
1242422008194969600
1242264009342095361
1242252574218244097
1242243986447904771
1242181379015794689
1242144891032895488
1242128125175136263
1242125378254184453
1242115575125618691
1242107062697504772
1242102010230571008
1242101906345840641
1242086405658030080
1241891186144612352
1241866799236464640
1241841372849672196
1241820853081440256
1241802025953824775
1241754941137584128
1241750717939007490
1241749449656983552
1241747537108893697
1241744786366889984
1241742484952297474
1241742378047696896
1241725224892149770
1241689808130408449
1241486530486710279
1241432969228812289
1241394454835204097
1241389726264934401
1241387847220936706
1241384364757471235
1241383725285478400
1241382712646275074
1241380595961339904
1241380325395058688
1241337832377114625
1241175931575832577
1241146927368077315
1241143790242377729
1241106110658088962
1241103266093678592
1241079670843543552
1241079548277448704
1241076217001975810
1241070280916766720
1241068367823413249
1241062712173645824
1241047718253989888
1241044492460994562
1241042540335443968
1241040393086685186
1241038471994769411
1241030744597725186
1241027181381406721
1241026823804289025
1241024005299109889
1241018496500154371
1241006875614863360
1240983500553158656
1240798215663955968
1240714084175220743
1240693591409750016
1240663996996476928
1240657983706746880
1240651109108199424
1240647106945302528
1240646922672566278
1240640067728744453
1240624366540468224
1240616439536668674
1240466658675830784
1240449949764026368
1240412135458582528
1240395302856785922
1240380994512982018
1240350449041125376
1240346313692233732
1240318625266970624
1240306061975998464
1240303161371394049
1240298985862160385
1240298397409480704
1240294793122648066
1240250574710411264
1240085784725684224
1240012046185508864
1240004935955218437
1239999843508068352
1239979075990585344
1239976053017210880
1239970795348094983
1239937816110473216
1239930773030961154
1239922189148794880
1239918997815971841
1239895788421070854
1239731779038253056
1239729748609245191
1239666226743427079
1239626747903082502
1239623814297915393
1239610734033670145
1239585133335851009
1239583907550560256
1239574157614108672
1239570666208313345
1239566478011027456
1239560673102880776
1239560672029167616
1239558725528178689
1239529795135975424
1239524592802201600
1239522099636637696
1239335925202784257
1239317216773931010
1239298078051414016
1239294317136674823
1239286541685534730
1239272651950039041
1239261597509595136
1239244414825963520
1239243019091685378
1239242614735593474
1239236173719093248
1239236081075265536
1239228380878270465
1239198314844872704
1239176360632999937
1239016963944448001
1239001563303153664
1239001007595667464
1238997620447723520
1238937853675085826
1238920724007485443
1238871025737138178
1238865970837536768
1238857511589097473
1238843830180298753
1238840883673522181
1238623595846340610
1238619139918495749
1238597016915259393
1238560649506062342
1238542265301204992
1238529986224668673
1238526626675253251
1238525796869947392
1238519245043929088
1238515024072671233
1238510192414928897
1238510189717970946
1238471902366068737
1238453437572042752
1238246837095727107
1238239006858653698
1238238998184824837
1238225251173048325
1238211385034706944
1238173730867740672
1238171357751529475
1238168680166494209
1238167558794215426
1238166881372196865
1238163490306572288
1237933848236883968
1237904504357609472
1237829104071819264
1237805701201870849
1237803530787991553
1237802097795649536
1237798115224088576
1237758267029434369
1237727596730880004
1237702619801452544
1237493286719365121
1237445849841643520
1237445848969117698
1237445846993702912
1237418628452102145
1237411054453284870
1237369237544542210
1237168272056991744
1237109926855684096
1237109901903695875
1237039426959794177
1237035701369176065
1237035378244190210
1237034894771064832
1237032290393313284
1236799669902217216
1236799667767304192
1236749015217209346
1236681313039646721
1236677798527410183
1236676657647423488
1236675261116092417
1236674675339669505
1236671437932359680
1236640105546293250
1236640104061513730
1236640103063306240
1236640101477859329
1236432019057508352
1236387571040751620
1236379422258757632
1236369817856335872
1236352452410191872
1236346029198409728
1236336781248704513
1236300564390125568
1236298671878258689
1236298506115186688
1236086680370757633
1236077263294259200
1236052529265479680
1236046668220567553
1236045951535464448
1235986329135190017
1235984245086175236
1235983246594318336
1235981588661497857
1235980752636071936
1235979133294870531
1235978373337362434
1235976514841149441
1235739423444267008
1235682137489145856
1235662042801020928
1235641087659737089
1235624949223747586
1235623730245586944
1235622304060710912
1235621417577635840
1235621046834757634
1235332856488087552
1235314795789811723
1235311770593566720
1235311674627887104
1235270677726482432
1235269461705445376
1235266969466699781
1235229294974160897
1235221838202048513
1235219621059362818
1235215850849726465
1235194447148744704
1234991973494165504
1234961751931666433
1234950457413525508
1234949007979503619
1234910541006671874
1234899331896860672
1234878416702332931
1234878279938723840
1234848297828810752
1234634544726380544
1234634259912155137
1234565495401172998
1234522662065639424
1234516839822233608
1234516838861754368
1234492035962294273
1234469004338552832
1234459726735462402
1234457661753765888
1234454542923726848
1234280155033546753
1234231940703834112
1234222079379169280
1234215038384328707
1234203881145536513
1234151009137700864
1234116180606103552
1233873446666473473
1233846950669275139
1233816732063666179
1233795080105996293
1233792708520574976
1233772128119480322
1233527211073900544
1233501320549675009
1233487898848235521
1233476227412975624
1233453657842208768
1233416299285504007
1233367933067366400
1233180183781367811
1233138306940129280
1233137660551737344
1233130799584751617
1233119513455026178
1233097744732086273
1233092458587860993
1233040255164538880
1233039806978023425
1232823604162813952
1232791942481752064
1232782262028193792
1232749758361538561
1232749757271068673
1232749756268544001
1232749755169636361
1232749754070814722
1232738473246781440
1232689308320043008
1232417687650869252
1232402884731572224
1232377008124039169
1232044188159692811
1232013475205042178
1231653326472830987
1231423064015097857
1231320117335805954
1230976253341175810
1230957692778418176
1230957664403935233
1230924975923761152
1230889324104818690
1230588302962708482
1230583037596925959
1230577812190498817
1230287555645575168
1230269488047820801
1230224800230014977
1230219401972060160
1229856662082793473
1229852835468206080
1229468209708969984
1229110522433474560
1228709965864620033
1228436596325855232
1228404454828974081
1228403422979907586
1228361746072719360
1228351198211837952
1228334503086690305
1228319965398347776
1228140833544843269
1228113927889879040
1228034122859282434
1228026294899793925
1227675229612318723
1227662400561778688
1227417205131894790
1227311533740482560
1227302700636868608
1227284641058455552
1226946500628041728
1226933203392499712
1226518770899968001
1226499661478932480
1226341984022994944
1226289629244121088
1225947200385056773
1225902318064939008
1225871283289837573
1225861831647989760
1225846521528274944
1225843971194269699
1225439465528795136
1225200537496440833
1225175512655503363
1224774534974377984
1224757237689847811
1224745101995528192
1224435949687361544
1224435935128911873
1224360008428740608
1224083867755274243
1223841498401312768
1223800346339921920
1223650249668997122
1223647164863262720
1223646917864906754
