1286022699349954561
1286001702391492608
1285998120015466496
1285994772172283904
1285992535664533509
1285985615973101569
1285984879512096770
1285969189719674881
1285954907175092225
1285764250665877504
1285750293012111360
1285750254525190144
1285694070250188800
1285691177744904194
1285687852215435267
1285687712754827266
1285643507001176065
1285638317074251776
1285635072641716226
1285622513335177224
1285618898910564354
1285618690235539457
1285587538531549184
1285570526656815109
1285323896749559808
1285319640168587264
1285317408454918144
1285317291417104384
1285315859137703936
1285262512296886274
1285107092928462848
1285102347044061184
1285097520562085889
1285097288226893824
1285006945733111811
1284914643123625984
1284907883281305600
1284699028978950144
1284665250147528704
1284637932389728256
1284335084850409472
1284330176021553153
1284308944844804097
1284307991471091712
1284307262895316992
1284290004735279106
1284285115724521473
1284250432915685376
1284240284239269888
1284238090559557632
1284237479038423041
1284233844116226048
1284207827460829184
1284204070761140224
1284200207232626688
1284199404694470657
1284194823793111042
1284194029240848384
1284189696092930048
1284184233536294912
1283963495344553985
1283926311237324800
1283897059817353216
1283868999655157760
1283867693104259073
1283863086751875073
1283861721216475136
1283855447481409536
1283848903381614593
1283623148810731520
1283605478367350784
1283573491430682626
1283567847982022656
1283565231541608448
1283540015524413440
1283517041727533056
1283515195051016192
1283513312873836544
1283513123161309184
1283502321624739840
1283496740063084544
1283483377740296197
1283448465238847488
1283447355136593920
1283439068924108800
1283220012216356864
1283215240461574148
1283210736391483392
1283152953256206336
1283116767867334659
1283114258524340224
1283112675199774723
1283111162830184448
1283103058579165184
1282928095163330560
1282879751779049472
1282744385558343681
1282523698415583232
1282462353473155073
1282447721060659200
1282446957995122688
1282445758378070017
1282445734801899521
1282443801416437761
1282203892013359105
1282126585173118978
1282079696516034561
1282070786589601793
1282024232394780672
1282006696471130113
1282005349826846720
1281786233807532033
1281780856688795648
1281779381778518016
1281708646116855809
1281642421500039168
1281389949216894978
1281381105338179585
1281372451193016320
1281049146674147330
1281046119867314177
1280916630495621120
1280719113115951104
1280716402379206657
1280702499444252673
1280667619603787776
1280651355292499970
1280422966803623936
1280258110100107264
1280214483844005888
1280204413840183296
1280201524241555457
1280172260037234688
1280171410300649473
1280169940578795520
1280169225026277376
1279975736200183810
1279869355300253696
1279852215251820544
1279652979843293185
1279652561327251456
1279598012071723008
1279597183650525184
1279593360563429376
1279460649991434240
1279217281583611907
1279205666054238209
1279201800235565056
1279106715066097664
1279106430323195905
1279059857040044033
1278913556369379329
1278811004365873153
1278810146207039488
1278809142174593024
1278721278220918784
1278546926087155712
1278463889517273089
1278456395860520964
1278441724323532802
1278397598454464515
1278373421236334592
1278372154711642119
1278370960312283136
1278366576312451072
1278358934701703170
1278177546316713984
1278014366294695936
1278003094434058240
1277998327355801601
1277968341613740033
1277962445684797441
1277801838088257543
1277794835093696512
1277794345446490112
1277791612282851328
1277791171851542529
1277790749791264769
1277698882609262593
1277693528685060096
1277690402263445505
1277656992505626624
1277646811914797056
1277626256251654146
1277602150265348096
1277388424366997504
1277352863749062659
1277338434521227266
1277314221706018826
1277308374397444096
1277281194476961793
1277280779891073024
1277265048524795904
1277254070072459264
1277234606568288258
1277040744927289346
1277031163463426049
1277027006723604480
1277008281668669440
1277006855903105026
1276925387080171522
1276917142127026176
1276916686533337089
1276914377703206915
1276882483183792134
1276876901529915393
1276647055482662913
1276639708748152832
1276606473389441025
1276606455479754757
1276598221511557120
1276592325121249281
1276573325448433665
1276572665680199682
1276563924603883525
1276560290679853062
1276559109249171457
1276366209026490374
1276362379111084035
1276361217498583041
1276337334892597253
1276318693744574464
1276298946126716929
1276264406188527626
1276259565651320834
1276242497325367302
1276204578636214272
1276177995619844101
1276168848220327936
1276168505969213440
1275967301184086016
1275963246210691072
1275928651595382784
1275926249270059009
1275923235432009736
1275920388749496322
1275914698450485248
1275914557471539200
1275909864687009793
1275819379477958656
1275819088577773570
1275770473201180677
1275592137829220353
1275538683303780352
1275532770727559173
1275532621209010176
1275527504456024065
1275527361421770755
1275515272854736896
1275476309817405442
1275453229686390786
1275449257860796426
1275449086225739779
1275447568583913472
1275447458584092676
1275447189498499073
1275443226288091136
1275442729959297026
1275441801550114816
1275437333878198275
1275242973719126016
1275190337816997890
1275132442941239296
1275117311993753601
1275107226731118592
1275107061957869571
1275085331981914112
1274857473082560512
1274850816264941568
1274812622546796545
1274810330628141057
1274809163927912448
1274805845461794816
1274804862556016641
1274781012917202946
1274762158232997888
1274761988309233664
1274760941712924674
1274757080793133058
1274716050362425348
1274715662976516096
1274551130031378435
1274517895536672769
1274507975839924231
1274504896281182213
1274504811363348480
1274504066165587969
1274503324742619142
1274502691708907521
1274500550147608576
1274496637499564032
1274495563338330113
1274493596364922881
1274489727945711617
1274485346135400448
1274485335054049280
1274485325285470208
1274481693370564608
1274481046059442177
1274474582125281281
1274471790186823681
1274471727850979329
1274468028839796736
1274467492644167680
1274369166724796417
1274197353285771265
1274196866800984064
1274196281683050496
1274195728013955073
1274194223097679874
1274185855347953664
1274184590685614082
1274180121692422145
1274180100611813376
1274179608146051073
1274179552105959425
1274178777682268161
1274178243093057539
1274176182905421824
1274175349656608783
1274174909581754369
1274153343884169216
1274142257399160832
1274122205031432192
1274122028082176000
1274063765806419970
1274063221566177283
1274062752588468224
1274040544692494353
1274011513989324801
1274008161897394176
1274006264742326275
1273679974269149187
1273474121964433408
1273458816777162755
1273423208302161920
1273405422108622852
1273398676644298754
1273370497762418689
1273350787306004483
1273348882542493697
1273348787919093760
1273348540941680642
1273347876819800064
1273347627992649729
1273338413748563974
1273337425138454537
1273336792939409408
1273336731652313088
1273300376842838016
1273294755905122304
1273294476182781957
1273294427222573056
1273290038755852288
1273273188869378049
1273258512597073922
1273096794864603136
1273072382836695040
1273069348924600321
1273006147025469441
1273000464750182407
1272977044155105280
1272940184976449536
1272900202408665091
1272882808294342656
1272861563184177152
1272861513871773702
1272675052555694080
1272578881074204672
1272578681249173506
1272578655810715653
1272526313509847042
1272525554353397775
1272323311394045954
1272312980030599169
1272307359205990405
1272279523145527296
1272271580740100096
1272235088000974848
1272223845848690688
1272223467606286336
1271997887963189248
1271972190838231041
1271926154451202050
1271867537786048512
1271642729454481408
1271631749622177793
1271611816288948225
1271606805085503490
1271604823482343430
1271598116534464513
1271550325636378624
1271548739803582464
1271546823984009219
1271539754128023554
1271525553242341377
1271506892200775686
1271506800194527235
1271505829380984833
1271502987375128576
1271479656349421569
1271159863972749312
1271149113757839362
1271141083590864896
1270931995837829120
1270894308745531394
1270881040370933762
1270862931060838401
1270862220818350081
1270861640486072321
1270840373712244740
1270839262947282953
1270828209534316547
1270816783885373447
1270815264934895616
1270804370603626500
1270803852711940098
1270801270492803075
1270735103266828291
1270734381175443462
1270500065115877377
1270386586233065482
1270372738100854785
1270360672266866688
1270346762335727616
1270346252903944193
1270346219282366465
1270343457794555904
1270127620768903169
1270085629104345089
1270077536479961088
1270075674536148993
1270075106270871553
1270073872113696773
1269813011373371393
1269791328528814080
1269779917845098496
1269763692502986752
1269752335800000512
1269752261921525760
1269736654341763072
1269731316943032320
1269720096416477184
1269713458141917184
1269703126593888256
1269483768680640513
1269442727617298432
1269347787625263104
1269341247925178369
1269088542417809408
1269039524505546753
1268762204905463810
1268646906562924544
1268584678203637760
1268401168671096833
1268397152192966656
1268364572252975106
1268363933477294080
1268363601321943040
1268363568275025920
1268336994662244353
1268336870078873603
1268335880923574272
1268333373648277504
1268331004025954304
1268327935234043905
1268325532036296706
1268314068198125568
1268308174748086272
1268018175674703872
1268016239332388864
1267997569113706499
1267996584148480000
1267996267730231297
1267958663131435009
1267937180015460352
1267926992252366848
1267912761075363842
1267884820039778305
1267884707041038336
1267864097082703873
1267863716927877120
1267698319398060032
1267690679808872448
1267672219649359872
1267666743259885569
1267656782089908225
1267656315326722048
1267652144917700609
1267647863313457154
1267647617237831680
1267645325210091520
1267641004833640449
1267639168902918145
1267637755749609473
1267636230855905280
1267629563942559745
1267618464685912066
1267605177327992832
1267601011297812480
1267600342310481921
1267594867942682624
1267593918561923072
1267591346761523200
1267589338168061958
1267587465512009728
1267586858243944448
1267583565505544192
1267579715134476288
1267567995615760385
1267566399322419200
1267564337423499266
1267550783580418048
1267539671975776257
1267537902784794625
1267530506544885760
1267349382971576321
1267257089572827136
1267250772980326402
1267241747874115584
1267206929845063680
1267199849549590528
1267195266592993280
1267190871067222017
1267187603737964544
1267185722546520064
1267174071608864768
1267170080820850688
1266954261251813377
1266895098266054656
1266893771217620992
1266857408933978112
1266856778026717184
1266856683675906049
1266821713657909248
1266821668439113734
1266611966308528128
1266610065391226881
1266607324279394304
1266575592209518594
1266574992214355968
1266487378383761408
1266464685701791744
1266437112364011520
1266436411751686144
1266422807467978755
1266417639758290944
1266254533920878598
1266254477935296513
1266152447531036672
1266142483706023936
1266141936353595392
1266134864694145024
1266103006958764032
1266064893242773504
1266059815685517313
1266053418272997378
1266053300920545280
1266051550683656193
1266044786990956544
1265786973530148864
1265782222012858369
1265721893245444096
1265691707980410880
1265681500013395970
1265460442232532994
1265451862477598720
1265446055077806081
1265380518209585152
1265375833545269248
1265374771757199360
1265374254482157568
1265354401503252480
1265353834705989632
1265352678961319936
1265350656837074944
1265345233455210497
1265099668742008832
1265094712827899906
1265092234065489920
1265091520547287040
1265057529555415040
1265052406628274176
1265051985822154756
1265049601398038528
1265039499995738113
1264642969102999552
1264636084694052865
1264591118190047232
1263954251132198912
1263910319811964931
1263900502145761280
1263658764621799426
1263658551748243456
1263643708802633730
1263604908013555713
1263565021226901505
1263564271746760707
1263562979968274433
1263543363107721223
1263542839427977219
1263518728517570563
1263474280806875141
1263329825089085441
1263303860367642624
1263234767597813760
1263225718143680520
1263197597705080838
1263191105392295938
1263161662259036165
1263141863114104833
1262901789269131265
1262901536788709382
1262843276614402049
1262805817910267904
1262802455122804736
1262801620636753927
1262784026118627330
1262782609861619718
1262777089939378178
1262776151518384130
1262561021509722112
1262531976474566656
1262501861376102410
1262495402483494915
1262494443778818049
1262490836035686401
1262485787200892929
1262468446912217090
1262468213138489344
1262457162158260231
1262438095837958146
1262420355504898048
1262406398618542082
1262398696005697539
1262171808490491905
1262171442629808130
1262121986706280449
1262116952564273154
1262116726671650816
1262105362863357953
1262088633584099333
1261833028382470146
1261832897671172097
1261832512143331328
1261831770028281856
1261789379661631490
1261744587527290884
1261737694566195203
1261705308180709378
1261392114702671872
1261118210293796867
1261111408684662791
1261106776948301828
1261046571380215809
1261042688708816896
1261041723767218178
1261006985467748355
1261004495166877697
1260983441052614658
1260751730490441729
1260680244870209536
1260677198551408642
1260664098783715329
1260646971896815616
1260583415235121156
1260582996639391744
1260366765005119493
1260352586185609218
1260315012935057409
1260303899128401925
1260302132605005824
1260301939927134218
1260266560490549248
1260257685645201409
1260212020227584014
1260027629811298305
1260017237450084353
1259995214380503046
1259694680012288000
1259683577610014720
1259680540111896576
1259553452851466240
1259364041027252226
1259267996691779584
1259266145254703104
1259265651861946368
1259238524806545408
1259213369988407297
1259182950685409281
1259181115559927808
1258903585900748801
1258900966864064514
1258830961145294848
1258828672775016448
1258818868111265795
1258802154501926913
1258655610268086273
1258597665564061696
1258583884368801792
1258583133777100800
1258509952047443969
1258488053191999489
1258481390552678402
1258466310746370048
1258210733315121153
1258209943250890754
1258186496231665664
1258165003380649984
1258157769489711104
1258155921441607680
1258134831235465216
1258103263129300994
1257892863972540416
1257892498661183489
1257864873507053568
1257844350492348418
1257836297974018048
1257806413947998208
1257805718691823616
1257805707082002432
1257802031118483456
1257780863086940160
1257775384159899649
1257773262500585472
1257763275762098176
1257760711301713920
1257759792384274432
1257756701500928000
1257756635025424384
1257745420446359552
1257739226063335424
1257736970379202560
1257671018694406146
1257665322816958465
1257559871005749248
1257492609422864384
1257478233970192384
1257476423893135361
1257474372605898753
1257447218728009729
1257383608551116800
1257374932243185665
1257368556917923840
1256788196920197120
1256780760662462465
1256754677409968130
1256685143181287425
1256027719147520000
1255616583642169344
1255615508679847936
1255594550715809792
1255557889701208064
1255372907422908416
1255320064481546240
1255315797792239619
1255294541114081282
1255266492272304128
1255263284078481409
1255229989915693059
1255225717173956615
1255225698798768130
1255209273593720832
1255206402420731904
1255206240155660288
1255205317777846273
1255194769942147072
1254969445216169984
1254960493325742080
1254959178524712961
1254903196742369281
1254888867510931457
1254490929399922688
1254482459913187329
1254206657187344384
1254205938195501056
1254101291959083008
1254098832603807744
1253975169476911110
1253824838889639940
1253797470674403328
1253794336380030976
1253783348930965504
1253752252528918528
1253751166090883073
1253750624128122881
1253749490353238016
1253739567733018624
1253566704933679104
1253499079201402880
1253498452853444609
1253497112534216706
1253488529939693568
1253487685139742721
1253484703799115776
1253475020971499520
1253467269453066240
1253465913573076994
1253465244829052928
1253464861075558400
1253432005678657536
1253418972612923393
1253418958079750145
1253178223787048960
1253108491633324034
1253088533905989632
1253025486852091905
1253025039873499136
1252726109172404225
1252687295112593408
1252473795744378881
1252427320356294656
1252372809637982216
1252309073732628481
1252306940668948480
1252303174687354884
1252295812933017600
1252295314532233216
1251729564662820865
1251729530969980928
1251716935697313792
1251682505419182081
1251676192945528832
1251653234818613248
1251653013296447488
1251642125822775296
1251589185368018945
1251588738339074048
1251569513272758272
1251368567666118658
1251282595641307137
1251273013074386944
1251272455085109248
1251271890062020609
1251271814107414528
1251222827660832768
1251221993782796289
1251219181569110016
1251202321675141126
1251202192146665474
1251024237332070403
1250917685019283456
1250917095388221440
1250880844706623489
1250843743785086977
1250843653729161216
1250840935367245824
1250589117215211521
1250586399847313408
1250308562745618432
1250305818341158914
1250285468815523841
1250253708773879808
1250253537268748288
1250238520704172033
1250238244861534210
1250229661583282176
1250210098170888197
1250200121800667136
1250199553455747072
1250195532112248832
1250191330896044032
1250167403784232960
1250112146572107777
1250097493032853506
1250097425911431168
1249894051484033025
1249894036443238401
1249855122923859970
1249852822528516098
1249852075749437440
1249849428619300865
1249849292786774016
1249845918980919297
1249834505713532930
1249831054942154752
1249829296635400192
1249828196217810946
1249827326738575360
1249825303687356419
1249825213291757569
1249822731308130304
1249805162920546305
1249805107580907520
1249798420652371968
1249783647604846593
1249769875980972032
1249768863085916163
1249768115342176261
1249763378815328256
1249759434898726913
1249757073140678656
1249456860127617025
1249428560235782147
1249399630434955265
1249396143051558912
1249146996805513216
1249141018395623425
1249138682478702593
1249103739916443648
1249087991903117322
1249082307064909825
1249067557773930496
1249051269559287808
1249039248864362503
1248805882466455553
1248699138859921408
1248670397240758273
1248670013470326787
1248669547067879425
1248669045894680576
1248668458927054849
1248667306554580993
1248506632520085505
1248484424636743682
1248484313059872769
1248393587454144514
1248392140763181059
1248345283383054337
1248344082151133184
1248316059985166337
1248304355461095428
1248300887996424192
1248300128642846720
1248152424868528128
1248088144982888448
1248087412003074049
1247954940221243394
1247804105046675457
1247722673196511232
1247718872519606272
1247717274565427201
1247700618174582784
1247696543085293569
1247693850484736001
1247661098263695360
1247645645432733697
1247640077116850178
1247613103086264321
1247611853540167681
1247588097786654721
1247583128509485057
1247571129541079040
1247374646044815362
1247372714408464384
1247368869162835969
1247356419625512961
1247356216310779904
1247353347834699776
1247341577090895872
1247319692781314048
1247313160198971392
1247312831386533889
1247311579181277184
1247311555072364545
1247306172979236864
1247296311147155459
1247291686226546688
1247288448534245376
1247278211819429888
1247264480758657024
1247220611140603904
1247014752263393282
1247010964773335040
1246989098104926209
1246939842757287937
1246928412255510534
1246925287914229760
1246922999535562752
1246898432876269568
1246887558476251137
1246646782399930368
1246631574944137222
1246607503074267136
1246570524441862144
1246569103474618368
1246568816223477760
1246566675991814146
1246513916525436928
1246504144589828096
1246305451160948737
1246304689173303298
1246301182886174722
1246301124606308354
1246240630746968064
1246233356456431616
1246232989329063938
1246232718557364224
1246223366903615488
1246201303560114177
1246189616450822144
1246158316851490817
1246157041753706496
1246156832197861376
1246143277868281857
1246126379894108165
1245932601879064577
1245932205144068096
1245925289709862915
1245923284094345217
1245900082198630401
1245878322837385218
1245858501403930630
1245848940664127488
1245848193021046784
1245832553413480448
1245818061250154497
1245817832232726529
1245799750328176641
1245798286990049282
1245778841890504704
1245777612984573952
1245775997196107776
1245769400914870272
1245766757404397568
1245766685140774913
1245766139956748289
1245586071011741697
1245585526238789633
1245572706398961667
1245560269813633027
1245532931826700289
1245532903649341441
1245532512836710400
1245489166382592000
1245480291025600512
1245479321000538112
1245463367633928192
1245462977874034689
1245424398804193280
1245417002396561409
1245410634172231680
1245242264810450944
1245189415627939842
1245189109137543171
1245188869286322176
1245188745936031745
1245185174884601856
1245183514087026690
1245166846967304192
1245165691335921664
1245162331115376640
1245155810201624576
1245154122703065088
1245150332188950528
1245135038254997504
1245116144266039297
1245102897802534918
1245101321193000960
1245100912843976704
1245099180520947714
1245084754434617344
1245070085779161088
1244847225374519300
1244846899527430144
1244833790565875712
1244827887850508289
1244822822658007040
1244822489240186880
1244821307537031168
1244820868473077760
1244803868094943232
1244754607957397504
1244714838762205190
1244710060321681417
1244499059781423105
1244476534867427329
1244458876226785280
1244439327049801728
1244439049911169026
1244414277055680513
1244399879322910720
1244395651703562240
1244391921495101442
1244391899315572737
1244391883658244096
1244391863647260672
1244391764078649344
1244391733141504000
1244391647950995456
1244390176547209216
1244390073782521857
1244390060998311936
1244390048780308482
1244389955444412416
1244389617094156291
1244358141438865408
1244353805954641920
1244352414418788353
1244350642505707520
1244346053517660160
1244343850048479232
1244333369359339521
1244332916093546496
1244328976694165504
1244328676440735750
1244328515341676544
1244322306358267904
1244143170985705475
1244141917283053569
1244115400566030336
1243962440456400896
1243779306582491137
1243742939278266369
1243742651511259137
1243739573416415234
1243705076566253568
1243689639870738435
1243674636002312193
1243674146967416832
1243658424077828097
1243635253945614337
1243624149995515905
1243601097391923200
1243599154338623488
1243598443899047936
1243598252076716032
1243598175698481152
1243299361137684483
1243284757292544000
1243284531777425408
1243281205560131585
1243278051615469568
1243263977859076096
1243263877732634630
1243263148976558080
1243240384001499136
1243234208018878464
1243228146956029952
1243226726479495168
1243219159711793153
1243218871537917952
1243216397439655936
1243208282098913280
1243197485499027456
1243196899844411392
1243151204181565441
1243150894251868160
1243149343877738496
1243149269550485510
1243148992067895296
1243148632943190020
1243148167245377536
1243131413790162946
1243131238229164034
1243129432304496641
1243122946861924352
1243122640946114560
1243013939451101184
1243010775091941376
1243010309050314752
1243002748293058560
1242993166778851329
1242984606443462658
1242979145312874497
1242958768612270082
1242953659429855233
1242950700205834240
1242888846469103616
1242878882098950145
1242875869229649921
1242866561171554304
1242866259793936388
1242862200622059521
1242816351682605057
1242664334058233856
1242624203737706497
1242620752588943364
1242608395032694785
1242570329198919685
1242557804147335168
1242553888559042561
1242548991839125504
1242544200173998083
1242521965140815872
1242514349161398278
1242512649046437891
1242474487968301056
1242470278178975748
1242449937461325824
1242442254784106497
1242441764897804289
1242413427936702464
1242411636222316544
1242409989882490887
1242407953556258816
1242397749858963456
1242295940586917889
1242294923929550853
1242289704902561792
1242287355987480576
1242286288734244869
1242284914956959745
1242264173029007363
1242256011605540866
1242255930634440705
1242217151282495491
1242216371926286339
1242206926110371841
1242184195167961091
1242171151272554497
1242167602753015810
1242144047264944129
1242140427408547840
1242128553837199361
1242113529571954693
1242109778198966273
1242107034176233472
1242104551521517571
1242103690540040192
1242103482263441414
1242103242290614272
1242091717421080576
1242084799587778563
1241950360354402305
1241931009769209857
1241930378761383941
1241929853655490561
1241929530991955971
1241920613981265922
1241917400015982593
1241907965143195649
1241869835941883905
1241868067526803456
1241867978427203584
1241867098797858816
1241866283030851584
1241866056500731905
1241865131530862594
1241856599234404358
1241855890266996738
1241839174992437249
1241836468156407816
1241832241799598082
1241811519136022537
1241807111543312384
1241802870128861187
1241790681724657665
1241787966068056067
1241787266533593093
1241782622491234304
1241780656503500800
1241771735982227462
1241766521883459584
1241751955694813184
1241751211583385601
1241746859774877696
1241505220309516290
1241492183804452864
1241491997397061633
1241459656507228162
1241459531563053056
1241454501028073475
1241442765361250309
1241424550979604480
1241424154521460736
1241423621958049793
1241423177127002115
1241412357814919169
1241411903701819398
1241411086751903744
1241408411297865728
1241398718299099136
1241397188837720064
1241395598500048896
1241389361444331521
1241218302615212032
1241199885430525953
1241191934259060737
1241190604547252224
1241190589741371392
1241190572456624139
1241177108442947584
1241176989870030849
1241173978963681283
1241173885837549569
1241173125452181504
1241170922406653953
1241156282070990848
1241148235869274112
1241136837105799170
1241133104468758530
1241127366748966912
1241119450910392320
1241102543255715843
1241102529938808839
1241102168725299213
1241076400490254343
1241076389031350273
1241076375873892352
1241064961012649984
1241049308587339776
1241047228971716608
1241042413516447745
1241041295084269574
1241032677953884160
1241029919490129920
1241019628836585474
1240834161029664774
1240804440648581122
1240804148884504577
1240784481423970304
1240773055951110150
1240767335222448130
1240741802036072449
1240739151202398219
1240690798212960259
1240690776972988416
1240673478510075912
1240668960925847552
1240665909968228353
1240653193455034368
1240494146068021249
1240488023445458944
1240457738905321473
1240456328746864640
1240425806893023232
1240415965571096577
1240415297435308034
1240400175807504384
1240393423942750214
1240392130482356233
1240391499692625920
1240389333892452353
1240379301180125188
1240379266883293187
1240372980343025665
1240370579460546564
1240360408847986690
1240350405307109383
1240349189068001283
1240348338517692417
1240347467926908928
1240344170675519489
1240343806702215168
1240342796994842624
1240339618085711873
1240330056884420608
1240317798951325697
1240317457568423937
1240316245456683009
1240314667970461696
1240299088727420929
1240299064069152773
1240296945303932928
1240296363570728961
1240289999783964674
1240287798030209033
1240126937416323074
1240115912310734849
1240115636426153985
1240097808222478337
1240089252039450624
1240089213938401288
1240046084103311368
1240043135788625922
1240040888795041793
1240022821213999107
1239996767338483715
1239996590674325510
1239944862813663233
1239935182695739393
1239921194331226112
1239920238298357760
1239910142709239813
1239908368883634176
1239761280677949441
1239760613045305344
1239760588047294464
1239760395365212160
1239759280452128769
1239742333224202240
1239734197314637825
1239732994623111173
1239732958036140036
1239730113127813123
1239724635148746754
1239721182473195520
1239720414449975297
1239719675702972416
1239719164245204992
1239716976852979717
1239716561755217923
1239714264153194499
1239710887818276866
1239710839789301765
1239710681022242817
1239710569730629632
1239710318403686400
1239709953851625472
1239709459506741256
1239706720785612800
1239706532826230785
1239705816829214720
1239601419046588417
1239589576370466819
1239381540787937280
1239346533541306368
1239346227914948609
1239345931872604160
1239321930869678081
1239319757498863617
1239319707154604036
1239319352119361542
1239314034182193152
1239295770077126664
1239279749022863360
1239279003644674050
1239263224983322624
1239257121587372033
1239249418337030146
1239238743539810304
1239237248756875265
1239219675256492033
1239217199824453639
1239214737348530177
1239054899867979776
1239023658397511683
1239018045517058048
1239001448609964032
1238999475118620673
1238995760924053506
1238995487220535298
1238976344786186240
1238973341396066304
1238972269172572160
1238971243036057601
1238965257294487553
1238962980123037696
1238962696734806017
1238940673715380230
1238867092788727813
1238864250157793280
1238849830052597761
1238827939313131521
1238824823238909954
1238818471875657728
1238806604641980418
1238806359254147073
1238657133345898496
1238644845863936000
1238636798605131777
1238635956833566731
1238605307431063552
1238602554994548742
1238596186774351872
1238595839058157568
1238585606013431809
1238566398198263808
1238563616418410497
1238557686008033284
1238552577698074629
1238550694736605184
1238530775626256385
1238509403206225922
1238507668278517760
1238506307013029889
1238504465830944771
1238498303584722952
1238323097234702336
1238323044046835712
1238322065981214724
1238265699300229122
1238265514595622914
1238265063561220096
1238248089527386112
1238247578044686336
1238243610677645312
1238239508648386563
1238212586413461506
1238198045189292050
1238163166405841025
1238151038470950915
1238150514287808512
1238142260384014339
1238139503962984450
1238138480414404609
1238121698014244865
1238100336923086848
1238097952721297413
1238065392330911745
1237955886380912641
1237955874271965184
1237951254887833600
1237950721510854657
1237943056432861191
1237941196485472268
1237941123454242816
1237940848505106433
1237940032025104384
1237939690646441986
1237938352055255040
1237937096498831362
1237935448196071424
1237865927355457537
1237864857250103298
1237863633889005574
1237832148431839239
1237831876393553920
1237831086396387329
1237819285197684737
1237792836763947010
1237789663873642496
1237786412986007554
1237766938203492352
1237727538857811968
1237721457859407873
1237585180128194560
1237572570972475392
1237570369667493888
1237570182190477313
1237563842009239553
1237558724807389184
1237520536709681155
1237504527944650752
1237495409477595137
1237471001790885888
1237467528189927426
1237448230381801475
1237418014309519362
1237410344852733954
1237392472231178240
1237380242378981377
1237375269947744262
1237371289674944513
1237365342298660864
1237321015870525441
1237320097099907072
1237319960118116352
1237319872666796033
1237319852093825026
1237176302307889158
1237174596698243072
1237166625935233024
1237163984572354560
1237163646549135361
1237162866224005120
1237157878236135426
1237140832320438272
1237095960682979328
1237094440029708288
1237093122569461760
1237093065577254912
1237089002760458243
1237030836815269888
1237027334160449537
1237025806599090176
1237024684060733441
1237015321157885952
1237000878051045376
1236993405034455041
1236908743746441216
1236908685021941760
1236885152539668482
1236884936918847488
1236880568375070720
1236873167672471552
1236858267520794625
1236851491178033152
1236850640824877056
1236845279682252800
1236810253854887936
1236764218994470912
1236751772384784384
1236751400954028032
1236733047048769536
1236732914638802949
1236732889263304704
1236728881064726528
1236719289052188672
1236719116410478592
1236710355293753345
1236554408126631936
1236553572692574209
1236538044611588096
1236519050953412609
1236518749412311040
1236467062668591105
1236466073941114881
1236461876898222080
1236458757317513217
1236457793848094720
1236457445100097537
1236455848005656576
1236452033860796418
1236430315477819392
1236427524193710080
1236370130575093760
1236369771160932352
1236367487001743360
1236353454462795776
1236344534910398464
1236339992487591936
1236338707499606016
1236205778450526208
1236105381727727617
1236105073748365312
1236104929258823682
1236104399644028928
1236102630562119680
1236101003880984577
1236080195288936453
1236079468567040000
1236078210594545664
1236077775053824007
1236053961716555776
1236051889239674880
1236049240377286656
1236035852507070464
1235969591811002369
1235967036112506880
1235946778597310464
1235944177646485506
1235941788315037696
1235782069055369216
1235775647978569732
1235771141945425922
1235770807047110656
1235769905103998977
1235769516191371270
1235769107158532099
1235766735724253191
1235756845584670720
1235754792737095680
1235748750695391233
1235747371071336448
1235724910963486720
1235721110588510209
1235671996765270034
1235663577639464960
1235628220428378113
1235600599099600896
1235584490996670464
1235583621697646598
1235581858257276930
1235440902023364610
1235437852063928322
1235426069143932928
1235419353954291715
1235408849533886464
1235341660629987329
1235341390139322374
1235249430573576198
1235249248372916226
1235060590080438272
1235056718607867912
1235050650972680192
1235045348487225344
1235044673435185154
1235031782421966848
1235030022852759553
1235018775122137091
1235017521683673089
1235005515442384896
1235004070567587842
1234996351613599744
1234971121713156097
1234971091342262272
1234969860599205889
1234969032845135872
1234965858696515584
1234934981874585600
1234849004946677762
1234645645014786048
1234644375755460612
1234641429298806784
1234535751632556035
1234498159142981633
1234296452492316672
1234263887429586945
1234251640099594240
1234251571568898049
1234241045048651776
1234233500175224832
1234208979946856448
1234205618874896384
1234202628558426112
1234200641116897281
1234199497674121216
1233872848608874496
1233872507347722241
1233871975644200961
1233871059851464704
1233870760252280833
1233863327903694848
1233821152633507840
1233808528831201285
1233573181841006592
1233544080476393472
1233537522254282752
1233495950800367617
1233463485591322633
1233408116940623872
1233217191161389056
1233197954443304962
1233158015261372417
1233129595332771840
1233128401969410048
1233127621623332864
1233127548831203328
1233127053689376768
1233126608287846401
1233120774807932928
1233119584124686338
1233112687992696832
1233111113123844096
1233104452560678913
1233086040698523649
1233085779741560832
1232910144079454208
1232897680679923712
1232894404790087680
1232875964557774851
1232840457484259329
1232821271877935104
1232819180971257856
1232818906730881024
1232816507937124354
1232815106188120064
1232814489063608328
1232813265379569665
1232810156855001089
1232809374554480645
1232809069028741121
1232803714626457600
1232791608204177408
1232790775089508359
1232790734723571712
1232761737054691332
1232750119612710913
1232704461027598336
1232703856070533121
1232701486142033920
1232700532227215368
1232677257669419008
1232652563075473409
1232489799522500609
1232469481395376128
1232461674919030784
1232460235417120770
1232459285352701952
1232378319255015424
1232378214795894784
1232377776398905345
1232377760506576898
1232377630801965058
1232375948282073088
1232167723452551168
1232167325262057472
1232149722372222976
1232124152275984386
1232120064557580294
1232086344358338561
1232085613681074176
1232085232205156352
1232079582548910080
1232071827222073344
1232071355354550272
1232066374228422657
1232064361369350153
1232062249562509312
1231959781839011840
1231945415756402689
1231770542874644482
1231751004959297537
1231744471051558912
1231744216591519744
1231743940069429249
1231742525473353729
1231736386702561280
1231399475047829504
1230920803627102208
1230920471756955648
1230920174255034368
1230920058227937281
1230919254939029505
1230918796757499904
1230905341296013312
1230905191689404416
1230753307951452160
1230736925603926016
1230622881056296960
1230322333438464002
1230320220780105734
1230319915011174401
1230302446389383168
1230302002267054080
1230268566122819585
1230192892112564224
1230192756775014401
1229985682300395520
1229985305190531072
1229981058810073088
1229886598294065152
1229886043031105536
1229854225024180224
1229852640223186944
1229849731196583936
1229554188532641792
1229515875088306177
1229510251415650306
1229501854448357377
1229486918137610240
1229483685600083968
1229180919019257856
1229179942518132738
1229179782648123392
1229172280611049472
1229171258870263808
1229170743453241344
1229169731430539264
1229169458763034624
1229168179865239552
1228840163872083968
1228783495293521920
1228781459659358208
1228780637030473728
1228726028178034689
1228430595144871936
1228405850403815425
1228387081115750402
1228386457934426113
1228384954242891776
1228379091361026048
1228371528347045889
1228366252206215168
1228364392481181696
1228363129853071360
1228357076843261954
1228356602392006656
1228324869063888896
1228165798264356864
1228158705901813762
1228158591942549504
1228158359485861889
1228149976800194563
1228148796183310336
1228148660942168066
1228145883079790592
1228092274074148864
1228084499520671745
1228084077070299136
1228076003584593921
1228032577866305537
1228032510816346115
1227963488967983105
1227961726550904832
1227959928901525504
1227944811723923456
1227788679260901376
1227788534616088577
1227782667892031488
1227782622258044929
1227780655024672768
1227775725295591426
1227646099369779200
1227409811287035904
1227401653218836480
1227370174807990272
1227370068780212225
1227365040807956483
1227361743686569984
1227353605864333312
1227351084676587525
1227350470567563264
1227348633080782849
1227333854958161920
1227333362202955776
1227332437572714497
1227327746881335297
1227327684528746496
1227324524418543618
1227324025950654465
1227125194990292993
1227062889627828226
1227012152692621312
1227008220327112704
1226994181320560640
1226992602110545920
1226991307215622144
1226989006690217984
1226974213531193345
1226974030462365702
1226943359853289473
1226931651453673478
1226929305998856192
1226660941330149378
1226613874675159040
1226613138595827713
1226612272455274501
1226612191857500161
1226611598124388352
1226611209325051905
1226610305163120640
1226610041173598209
1226608199786061825
1226437299354796032
1226327155941863425
1226316869683924993
1226315651674849280
1226314953084162048
1225932326724464641
1225932053813706752
1225931110195945472
1225929204551667712
1225915654718414848
1225886116722528256
1225838853379899392
1225838551259996160
1225837761212534785
1225823171024023553
1225821766217428992
1225681275089866754
1225647193433858050
1225587322118258689
1225460212007497728
1225442283299823616
1225440604093464577
1225423724939071489
1225284073246973952
1225241454533955584
1225237818831589381
1225237199353872384
1225236310773731328
1225235664649633792
1225235370540879873
1225232805052895232
1225232143271387138
1225230991561592832
1225230571447603200
1225230441172439040
1225229850517987329
1225229668518748162
1225229554614059008
1225228720463470592
1225228449507241985
1225228317084663808
1225227750715211776
1225225825626099712
1225224390217875456
1225219190795071488
1225219020921569280
1225216075320578048
1225214954149568512
1225211597200584704
1225205877101277184
1225204364295405568
1225204134145613825
1225203521919897600
1225203266633506817
1225202585163960320
1225192780433174529
1225192305977679872
1225191993611034625
1225191019618148353
1225174531054149633
1225141207027810306
1225140411540307970
1225138373574189056
1225136794443964421
1225099356996624384
1225099218982985730
1225087403981000704
1224862942698594308
1224860681683509249
1224850436026441730
1224847275899457537
1224844229861675013
1224823115999600640
1224821507744043009
1224802023083855881
1224796919442092037
1224770348090122245
1224751000361357312
1224750398487040003
1224709365225218055
1224557275534196736
1224545373357793281
1224544488917553154
1224542372845047808
1224541558520893440
1224540942411206657
1224539725932961793
1224538525531549696
1224536697465077761
1224535889268944897
1224531711867936771
1224531412029755392
1224531021032542209
1224530875322445824
1224529401536229376
1224526882357567491
1224526430182215681
1224526158915686402
1224520716063735808
1224516771182522369
1224515249526755329
1224514805106728961
1224514216004149255
1224513778106150912
1224511802043707393
1224510685113192450
1224496394486079489
1224485513375162373
1224485198403919872
1224462481948540934
1224176252753457154
1224175858740535296
1224175629287010311
1224175162989404161
1224174757429596162
1224171881458282496
1224167591859642368
1224087234846101505
1224032847150927875
1224028459611119618
1224023124062167040
1224022470883192833
1224021816248799234
1223918380593401858
1223725709882994689
1223723426235539458
1223718515405922305
1223717592042561539
1223717060049547265
1223716925630550018
1223716531797925894
1223714601055014918
1223712552464547840
1223712290060623874
1223712076306288641
1223712018059931650
1223711909523927042
1223709030000091137
1223707526929223680
1223706293971685378
1223660213510791168
1223642821925707776
1223638620751396864
1223636189602820097
1223634644932943872
1223634527001686021
1223633810992041984
1223633735435931648
1223480753524178944
1223477994444021767
1223476350746603520
1223467699919032320
1223466425509085185
1223466219656884229
1223465853754146816
1223445284379856896
1223443260775063553
