1286061182793715714
1286055922159308800
1286054464693182469
1286043087563902977
1286038094488248321
1286034103561748482
1286028491457265672
1286024083491168258
1285999298644258816
1285991645402542080
1285981598572306435
1285979272520376323
1285971268534239232
1285955161106587649
1285952490425536515
1285944940820869128
1285759468714827776
1285747022612566017
1285746854781685761
1285742104434466817
1285722475108552704
1285702837301846016
1285701587487223808
1285688986015498240
1285673905139539969
1285668135744557058
1285668023429402627
1285656251398066179
1285634143032729607
1285630166534885379
1285628347226218498
1285611424136474626
1285609390771503104
1285571728136183809
1285558142173163520
1285405721643737088
1285385723005276160
1285326502096187398
1285306055795322881
1285293397620727811
1285262221648568321
1285261578632396800
1285249434562056193
1285246086135726093
1285238367920230400
1285213912170991617
1285019643485261826
1284983844127551491
1284979014797602818
1284920214010900483
1284832110407278592
1284831896988454912
1284641065182679042
1284626568191631363
1284604425244422144
1284496539709308928
1284496381026205697
1284496251216703490
1284496133394444288
1284495727096483841
1284295381845708800
1284197704462204934
1284179558372016128
1284169207916236800
1284153134181482498
1284147597645504513
1284123104764141568
1284117925704667138
1283942392777900036
1283879412191105025
1283789730820259841
1283571393398005760
1283570077007261696
1283503126419574784
1283500759397675009
1283493766385606656
1283493744487137281
1283452287562723329
1283419047242035200
1283411931555127296
1283411596530810880
1283178254606700544
1283159587395338242
1283154805934809088
1283116270678953985
1283115860706709504
1283089664648282113
1283088852647841792
1283070500470759425
1283063060765319168
1283058420745027585
1283041148970455040
1282852112540545024
1282843285820760066
1282780427015651328
1282740121813561344
1282740104881209344
1282733278353666050
1282729587613536257
1282723145565298688
1282717769025368069
1282706604085960705
1282705689719316481
1282686230451322885
1282457313207558146
1282404109249806337
1282355035905589250
1282351075140538369
1282126444802519041
1282016121764352007
1282000505372323842
1281724841205399553
1281692168105521152
1281658446081736708
1281651003423678465
1281618180557832195
1281602034609917952
1281403703484977154
1281397742212874240
1281335853781078019
1281321659815862276
1281292879546155014
1281285740232445952
1281282720383959040
1281282499650433043
1281246984850952192
1281241484289867776
1281005388784173058
1280961039035760643
1280960955996872711
1280950201273012226
1280939458251165697
1280911021087944704
1280907000063328258
1280893651523194880
1280883338992107520
1280667342377189376
1280640029971353604
1280639917299769346
1280639798533861379
1280639734235226112
1280639684306243588
1280628527860264960
1280624492004474881
1280616832551059456
1280611696357396481
1280611508523851777
1280565494320205825
1280559345596616704
1280545928626266113
1280527494047653888
1280525531851755520
1280321405373100035
1280315405278593025
1280291350735396865
1280244629867118598
1280239508404031489
1280223239369826310
1280171638168989696
1280146055603064833
1280144028177174528
1279876258759917569
1279740161572638721
1279435911630073856
1279435553205821442
1279232092761722880
1279168024449298437
1279167799068438533
1279064000718913536
1279022868114944002
1278860763810144257
1278858865027829761
1278777965845737472
1278776092984258560
1278770539117588486
1278765834069069824
1278698066271449088
1278503337407795200
1278480237546872833
1278480016922345472
1278452319902928898
1278449601553608704
1278442376441233409
1278438432306577421
1278438278581149697
1278422372681314304
1278414319735255045
1278409309743955973
1278406898086301705
1278404772660469763
1278400981663805440
1278392322846330881
1278384811250454529
1278384587371094019
1278381423913775106
1278342476034723840
1278338318749429760
1278334632010944513
1278149826769641472
1278144959233884165
1278144842841886721
1278143167225909255
1278114342844739584
1278112078075580417
1278109792712699905
1278105031607308288
1278100908442890240
1278098603052072960
1278074657648906240
1278071182412132352
1278017706067931142
1278012695946682368
1277984739085873157
1277980461415858180
1277977403868893184
1277961838001623040
1277957643982831616
1277775267990208512
1277775074205016064
1277697750105305089
1277646176049926148
1277643238808174595
1277642307467186176
1277627635955388423
1277623466225696768
1277622297034207233
1277397494465531911
1277397204668420096
1277389163260710913
1277366414597382150
1277343320113664001
1276997927077130241
1276997806826434566
1276992544233197569
1276988384074969095
1276986460403642369
1276986428036124674
1276986385883377664
1276985786722902016
1276953243365638145
1276944503883079683
1276943925526306816
1276918332860620801
1276912032776949760
1276880883052695559
1276695209141841920
1276692348374781954
1276660776288296960
1276632579207282688
1276630842941542401
1276615146652209153
1276591180122394626
1276583929185787906
1276579614102556672
1276575228819378181
1276548777080426497
1276540821836369920
1276509518382288896
1276504484496244737
1276322336493494273
1276317934084919297
1276270320295567360
1276236972609036288
1276223131347230721
1276218041077039105
1276213942545768450
1276211913437908995
1276198262207401990
1276192124187357187
1276184109786845184
1276152667052654592
1276150423850758152
1276139130783780870
1275970466440712193
1275966943124754432
1275965232108785664
1275960539999604740
1275952850359599105
1275926699125997568
1275922903339462656
1275916359935942656
1275914613998211072
1275903659549876226
1275902873465954304
1275856548552638465
1275847631210786817
1275838540031553537
1275819411102973952
1275813901100355587
1275794557381144576
1275785135049375744
1275750013847642112
1275601991683768320
1275572091593674755
1275570106840514560
1275556874046373888
1275556247601848320
1275545592664592391
1275478222965215238
1275472629919617029
1275427732294381569
1275426257572896769
1275426256868302849
1275404008686002176
1275403764430708737
1275248962182602754
1275242992786382854
1275238049853722625
1275237943787974657
1275180513578422280
1275180485552091136
1275163300922372103
1275090920837459971
1275079852882718720
1275060270793199617
1274731548156313601
1274686937178275841
1274684096996835329
1274414554081046528
1274356903288725505
1274356492129492998
1274354304216977408
1274352087149752321
1274157308336103427
1274087547656966144
1274079774630182914
1274075434641129476
1274031407145324550
1274030774287839234
1274022524075065344
1274020037645479936
1273997471979638785
1273996459206156290
1273994430916280325
1273994248971583489
1273983304971288577
1273790352445583363
1273790350411399168
1273790347169144833
1273778620872474627
1273749446988349440
1273713847052820481
1273692828267405314
1273691821726670850
1273677105117700097
1273661956642267136
1273660667959160832
1273660018919964672
1273645528203616257
1273645162011467778
1273631990764445697
1273428214963200001
1273420894342348805
1273420168958525441
1273367651872636930
1273359466751307782
1273359251063349255
1273331388394156032
1273331209712656384
1273330952677326855
1273319501170442241
1273319245032628225
1273306311690727424
1273280180010835969
1273277723398426625
1273270159315210242
1273269981422268416
1273269825238970371
1273254745344561154
1273072204960485376
1273066833646624770
1273061696748302336
1273053077004746753
1273033363163578375
1273028098284556289
1273011371119165443
1272952294762569728
1272952109873410048
1272949471744266241
1272942766180274177
1272930134681624579
1272925561875283976
1272921166227869698
1272920858336641026
1272909132786536453
1272905727066210311
1272902142412677122
1272692458254733313
1272675683009998848
1272650087777394693
1272640575787929605
1272640476529799181
1272619841044787203
1272615735475548160
1272610584375296001
1272606341539004419
1272598854412709888
1272557396221726722
1272553094925168641
1272552977249820675
1272547526844055554
1272545741572112391
1272201189107666945
1272169852430618629
1271964758628065280
1271877632859267073
1271560625081274368
1271553216812134400
1271550001118838784
1271546659017830402
1271477533545058304
1271257014224773120
1271256252585312256
1271240099121057792
1271239978450812928
1271239669548802048
1271211995572944896
1271211685592866819
1271202987566927880
1271165391490990082
1271164647022919682
1271116148462047232
1270898272618545166
1270898085070331905
1270894966051651584
1270894202017243136
1270883979546279940
1270883799543545862
1270848321943474178
1270835331118530563
1270805169039716353
1270803419452674048
1270801863152205824
1270798624604258310
1270770220660113411
1270769886525108225
1270763406077898760
1270759157143089153
1270747356208734212
1270747312931946499
1270739498217943041
1270725066704076803
1270724498933739520
1270724212345303041
1270707906594340864
1270707633444569090
1270540130244276225
1270540038808449030
1270521735792726019
1270521536504610818
1270492068507463682
1270473369914400770
1270406554416644097
1270403186566877184
1270400011256434692
1270398693238284291
1270398046954762244
1270357732852469760
1270356263331905538
1270332063594373120
1270155094504476672
1270154696293003266
1270154495687827456
1270082418498842625
1270078134516355073
1270077967117496320
1270072570050732037
1270069920349532162
1270045412402094086
1270010488575926272
1270009074726449156
1269767468765057024
1269762914111631370
1269755532115615747
1269751073444675593
1269749239506141184
1269395922120835072
1269291062331412481
1269290758835769344
1269290284208328705
1269262338219298816
1269040508552257536
1269040170738896899
1268932914315759616
1268864392663203841
1268703136321015809
1268650773921005568
1268637509728325634
1268623052322910209
1268617764429656065
1268580008303484931
1268579795186704384
1268579400829861889
1268579285637398529
1268550249976680448
1268371394154373120
1268362034988515328
1268343235455352834
1268335435308244993
1268335328848498693
1268335070424846336
1268309279393619969
1268288630969323521
1268288489914859520
1268287994726883329
1268287851956928512
1268287732863979522
1268286868430434304
1268254456254214150
1268249250263175170
1268247698018373632
1268245502321139712
1268204287500390405
1268176610739589122
1267941814813822976
1267941314836008961
1267879693954494465
1267878257686458369
1267878152577200133
1267878007374524419
1267848954923941891
1267644916844449792
1267478880425857024
1267244502080802824
1267244422300872709
1267244320547115011
1267244229111267328
1267244147737583618
1267244076895817728
1267244023158386694
1267236469338447873
1267236332952305669
1267236016454356992
1267214241897078786
1266866022713262082
1266863964161486850
1266854924433993728
1266849616672276489
1266824114456715265
1266774376210464770
1266774263543083010
1266773867391049728
1266773297947193347
1266758516565372930
1266756316854390791
1266719761985142784
1266719689117503489
1266513556629053441
1266469336228782080
1266464302258683904
1266451493403557888
1266434197482242049
1266412124550676482
1266411953993506822
1266411536605761536
1266411383215849472
1266380569010675712
1266360987948589056
1266190523833872384
1266183068701863937
1266111086476083201
1266071325187153921
1266048350127894528
1266042062132187143
1266041797215690758
1266041679582318592
1266018731089637377
1266005572639502338
1265827801795645440
1265778821208440835
1265749853067448321
1265748832794574848
1265748178248380416
1265744423255789569
1265743660085383168
1265734728889532418
1265724856282349572
1265711558430199808
1265711263415521281
1265663305059893249
1265643736370941952
1265643074782453760
1265455828007563269
1265408118596308993
1265347468750802944
1265281786239610880
1265074301474164736
1264931955470209027
1264641507732176897
1264641492599087105
1264552879580499968
1264552679570845699
1264338209028390912
1264274397990277120
1264269204674482177
1264009781871869954
1263961521966714883
1263907441462386693
1263651544169242624
1263641963573764096
1263603805645570048
1263547372451377154
1263535289655492608
1263513605162651649
1263511868842348544
1263511640705847297
1263477412056227854
1263476915337334785
1263466323633455106
1263289659427377155
1263284291322236928
1263283843567583235
1263250839717773314
1263241774828523520
1263213649067458560
1263172638714638337
1263166989847138305
1263166378300903425
1262935534713831424
1262894842348285955
1262892923751989250
1262880665542025216
1262879456294772736
1262819087274651654
1262796912681508864
1262781058115751936
1262763442303164418
1262762008467795969
1262761186195640320
1262737335457853441
1262557585430982663
1262529405169082368
1262520913624535041
1262520043277074433
1262495731258208256
1262460948826202118
1262426423899365378
1262381427494211590
1262156460143886339
1262155603163656192
1262112239114485760
1262097043633381376
1262065502828068865
1261718623963492352
1261718486751027201
1261718135843028994
1261692225295179777
1261625617562337280
1261624799064965120
1261444941693227009
1261397907506450435
1261388056784855040
1261341563835252737
1261341345639211008
1261335005562843136
1261329163744657411
1261303321266016257
1261298293637812226
1261110683275591682
1261108768328351745
1261008384490266625
1260986197427527681
1260985126953123853
1260929085120942081
1260749834832826369
1260741662529249281
1260735312793423872
1260717185418354688
1260715148706185216
1260696264225828866
1260658572444094468
1260635420150263808
1260616545824395275
1260571726976606209
1260567050864545800
1260559515180810248
1260324118702022665
1260318923918114816
1260288696118632448
1260272710459981824
1260272181109456899
1260271751424065536
1260237895845191680
1260228588999229440
1260027665295147014
1260017879069503491
1259992609327636481
1259976578705944578
1259974676526309379
1259958301586010116
1259947902870458368
1259934803278942208
1259907357028605954
1259899823655960581
1259894022874808321
1259892801153662978
1259875408809525250
1259857493372604430
1259815801319800833
1259815496297439232
1259659744391946249
1259659095491084290
1259128127487389696
1258938262669930500
1258937265079947267
1258935137242357760
1258933149389787144
1258932068752543750
1258931620712714240
1258901935186481152
1258883523135647756
1258874413287686144
1258856777388564482
1258856402401013761
1258856099765260288
1258833546858373120
1258828985716412416
1258825586077818882
1258822407177060359
1258819725133561863
1258818183563223041
1258815774321455105
1258813646492368900
1258813305487048711
1258811952765317121
1258811034879635456
1258810201869824002
1258808970329968640
1258807135351255042
1258806100536811520
1258805356202987520
1258804898054856706
1258773904299978754
1258764089268015104
1258732380476538880
1258597870111985664
1258575990068056064
1258525517524828160
1258520356244951045
1258474430491013120
1258469649051770885
1258440708341432326
1258438817352224768
1258417639187263488
1258396416973692928
1258388867108843520
1258217235811893248
1258206124215545858
1258206012198305795
1258184519506690048
1258171321525075975
1258153963062468610
1258133575171477505
1258124375254953984
1258114464739741696
1258113301197713413
1258105683003740161
1258098476619124736
1258096850667737089
1258095163194445825
1258088779576901632
1258054700953460736
1258054246982918145
1258025127415107586
1257844063597969409
1257843852691615748
1257829271910965249
1257825128177696768
1257824811994284035
1257802525039890434
1257753246753488898
1257746407307567110
1257741083980845058
1257740620501856262
1257733212685688834
1257722682868740098
1257690076227735555
1257689835726426116
1257689492787474432
1257689316450619394
1257489378735198208
1257488373754859523
1257488222067752960
1257471050520104965
1257452446361645056
1257447362714312705
1257447000917921792
1257425183662628865
1257410671031050241
1257350902530351110
1257320577506869248
1257051827318796288
1257014154688368640
1256598167929393153
1256597563454693379
1256370064405803009
1256276699206975488
1256215825670963200
1256201675431383040
1256042552542867456
1256032947343368192
1256032570136985602
1256023654959394816
1255989759777923073
1255989657730519047
1255956008616198159
1255928912976240642
1255895648177717257
1255895431730651138
1255895204042870787
1255894818980614145
1255858449616982016
1255852655303225346
1255677502699311105
1255665958640914433
1255639576787521538
1255638866616336387
1255638620427476997
1255545380462305286
1255522227929395205
1255501865732780040
1255501456783917057
1255313135742988288
1255238947548147717
1255234988821397509
1255163541440643078
1255130038896377856
1255129514344153088
1254965045970309120
1254951238850019330
1254914606385987584
1254838975921115137
1254815118644428800
1254814827303886849
1254801226903977986
1254518747227971587
1254518427147960325
1254441204000927745
1254112941604876288
1254063007954419713
1254063005551263745
1254043477249310721
1253792625955614722
1253791912546402305
1253771017136340994
1253731986704924673
1253474912293060610
1253466984131506176
1253454613963059203
1253442524112396301
1253434481836355585
1253416874383040515
1253413559851089926
1253413333987815429
1253404623689453571
1253385328901206017
1253374873306574851
1253366583059243008
1253347657168420867
1253346873198415878
1253346751349735432
1253345839000555522
1253330212357500929
1253140906024329216
1253128507342946308
1253104399360065542
1253100098709606401
1253088698914267137
1253073322264481795
1253069928481075201
1253062122759696385
1253007208226459648
1253006665638649859
1253005602667839488
1252928386244231168
1252789687099502593
1252777567737782272
1252777206792757251
1252777053751054342
1252767565383950336
1252767400526831616
1252658864752861186
1252627146620747781
1252606641482223616
1252599162945880064
1252572230179074049
1252571833376833536
1252355468229349376
1252339278375292929
1252338187617341441
1252310180064309250
1252281142398660608
1252254244264124416
1252233054627692544
1251988991005646851
1251988722435928066
1251914455476170755
1251898201533304832
1251615870712979457
1251595575478362113
1251586972587622401
1251494487693631488
1251252291392413698
1251213822846742530
1251181626643476481
1251165929133740032
1251165519358627840
1250967911226904584
1250928392981135361
1250928002831192065
1250919531884789769
1250919327165014019
1250882956589228044
1250836351806824449
1250815075839021068
1250596213533048833
1250595537918853120
1250557860683153409
1250495286880993284
1250471157721116674
1250440598038798339
1250418095572824064
1250241307299241984
1250220977167962116
1250220974534000640
1250220972063559682
1250175851842408449
1250121793802833920
1250091946728665091
1250074833691566082
1250059625250127875
1250038228800937985
1249821322592600080
1249816015397163013
1249806925014933505
1249806339406209025
1249771585474564097
1249768062271623168
1249730560798449664
1249389326305316868
1249326737437134850
1249149108734091265
1249092840073973766
1249021846542000128
1248765203958902784
1248707305945944066
1248703548050690048
1248691996635643906
1248688448468180993
1248680599616917505
1248680291616595973
1248680032085725188
1248656431508869122
1248653215991644161
1248627467709014016
1248611110283915264
1248610819610296320
1248602672984457217
1248600732611293184
1248600165793103872
1248451109666066432
1248329835463794695
1248069300201684994
1248065728667885568
1248054238640553986
1248000781829234690
1247994487294627840
1247963924173070344
1247947259574128640
1247939766428954624
1247922653408768001
1247918907341656064
1247889181705207808
1247706226273763328
1247660443553988609
1247619656061337600
1247554709696794624
1247554579136479232
1247552581087485954
1247491309935394820
1247316172518887424
1247299546339774464
1247275922765549570
1247275068369010690
1247264674141388800
1247145292270645248
1246965419308716033
1246908298856718336
1246859921150410752
1246844128614395905
1246568894032207873
1246415163437260802
1246411192765001728
1246236038743445504
1246231005423259649
1246157731914027008
1246145662581907462
1246077268784549889
1246038235500777474
1245853234423447559
1245847839625732097
1245826609325715457
1245793183969292288
1245785506023124992
1245759250019823621
1245738645702803462
1245514986346237953
1245479644364759046
1245447465341517825
1245447197891661825
1245438608904945665
1245433609973977088
1245390507552968705
1245355817337081856
1245355510158831617
1245160109677953024
1245130471656378370
1245116094253236224
1245059256115777538
1245059039714779143
1245034766333861889
1245017590155665413
1244948555288031233
1244784282457051137
1244725809623040009
1244318509980618752
1244050235158118403
1243662876956602368
1243562924917944320
1243557583836925955
1243363903590903809
1243247223514836993
1243232862373056512
1243222934774259713
1243217526848466945
1243216980112486400
1243164583034064897
1243164490708942848
1243164087321796608
1243024784549609473
1242975302965440516
1242944099788951554
1242943983686475778
1242942699180826629
1242886683357478913
1242885488962416641
1242804223533813760
1242802162326835200
1242635060852989952
1242540826443513860
1242498410625642497
1242487743311216640
1242487197338669056
1242454587560333313
1242290792489680898
1242263020643979273
1242205361563734018
1242182579437973504
1242174745136836615
1242160663549657088
1242159933224890376
1242118645859434496
1242109347196477440
1242083118275792907
1241906030163963905
1241887148665683970
1241887025722265606
1241886962044350466
1241880720085303298
1241861392531173385
1241849132228046848
1241844825424568321
1241834450297786370
1241764575319601152
1241754030952665092
1241746902967898115
1241685554493829120
1241529370453434369
1241529367735435265
1241513024323817472
1241463292696109056
1241445369860558849
1241326941468340226
1241196749957578752
1241184539608788994
1241172078050631680
1241171853038813184
1241131335906922497
1241114450763096065
1241114199486537729
1241113773454364674
1241110514454933504
1241055768725671941
1241038075775594496
1241033813578432514
1240975920678211584
1240824691499192322
1240819626835169280
1240817561098428419
1240814564171792385
1240813570088189958
1240813055434305537
1240811843402301440
1240811394452389889
1240740526636359680
1240728698015399943
1240728352463491073
1240703584112533504
1240680934854148097
1240679928447844352
1240661305410768899
1240654258988437505
1240642874322161665
1240632332056498179
1240452505735254017
1240398790542188550
1240389011119587328
1240383886980505601
1240383773797240833
1240372117830590464
1240371646722170891
1240359446557097989
1240359215014776833
1240358893521457153
1240330772680187907
1240298778420224000
1240115600971698179
1240065378518102018
1240057246270316545
1240025113531121664
1239986772026830851
1239970538178539520
1239970171755745281
1239969803420364803
1239955411794644992
1239953894131691525
1239912685543854082
1239892215196983299
1239714426342834182
1239697544302727170
1239694549724934147
1239628512052547587
1239617148496076800
1239616920615346178
1239611985584689152
1239611004041990146
1239603585840812033
1239568533295714316
1239387457990393858
1239260072175374341
1239164663721537536
1239149091088670721
1238992490373529602
1238909424137392128
1238906492436258818
1238903254668410880
1238882536044072961
1238844584471318529
1238629920030539776
1238628493166026755
1238543725720207360
1238509930950336515
1238501070818758656
1238280366731001857
1238279863447871489
1238241743235145728
1238191339151425538
1238180709925138432
1237899104442859521
1237833523970691072
1237833072931942406
1237832413725822978
1237800203274641409
1237793059234099206
1237792146465439744
1237593915106013184
1237531431829733379
1237514121895182336
1237496192692518912
1237444851983155204
1237444609615126528
1237443479518744576
1237443099699433477
1237411086464417792
1237403420455317506
1237396065986514944
1237395284705128448
1237377804372709376
1237211362545348610
1237103324257816576
1237057056328335361
1237056804925800451
1237025850702409731
1237024088939319296
1237013061912997888
1236811940950724608
1236755580670357504
1236752434476744705
1236689305655001088
1236667765869740032
1236483440591200256
1236444587578834947
1236386003528617986
1236369660326674434
1236339002376105984
1236322571412557827
1236322078355345411
1236318819100119042
1236303088090140674
1236124022036979712
1236123152171905024
1236071512135872512
1236070807253798912
1236059666062487552
1236024362597310464
1235988012028358657
1235986980049207296
1235986796003102725
1235977712545730561
1235954317892505600
1235943560731676672
1235939780459929600
1235939434408939520
1235640670489956353
1235603981566726144
1235603730130706433
1235567438550437891
1235554549764624385
1235421390838345728
1235386800232783872
1235360365539663872
1235359329802428417
1235332442178781185
1235321620840902656
1235306521317142528
1235296936305086464
1235294422843129857
1235280097449349126
1235269871421792259
1235266759504076800
1235255686344380418
1235239831871029257
1235234295779717121
1235215599409811458
1235161883591823361
1235038505551659009
1235035425942786050
1235026677249368064
1234998014588022784
1234953444777066497
1234935828876582912
1234914396964577281
1234890643920560129
1234889743046979585
1234827867457908736
1234658501433135105
1234653719813181442
1234652011733356544
1234635097002905601
1234605833088049160
1234559427396632587
1234519166352285699
1234505744738705408
1234154362852827137
1234114744921001984
1234113157930549253
1233918114129158145
1233726610940891139
1233537064269963265
1233494078722998273
1233203161852239877
1233140247111667712
1233105770419490816
1233000325268807681
1232839515443781632
1232778614501974016
1232430147158134790
1232401127087517697
1232381920929107970
1232381394459987970
1232380946806181888
1232380622733217792
1232277814331633665
1232063494348050432
1232053861923393536
1232053858127491078
1232039187848802305
1232038738932318209
1231989719329837058
1231988957388382208
1231718287681167360
1231718111050698752
1231717115608141826
1231716412697251840
1231715600176754690
1231714854911774722
1231713901986930688
1231713344916271104
1231322373523156992
1231248025395310594
1230924144788824065
1230923390430728193
1230922383311151106
1230920621804179462
1230914330100686850
1230874567968620546
1230855900040253441
1230686965751783424
1230635943788449792
1230587356257902592
1230532184865492999
1230531996956405767
1230531349859250177
1230312111865098240
1230282346550759425
1230275440767590400
1230239437268946944
1230239398928801792
1230229477701058563
1230228589435641857
1230227615753089024
1230226206387294217
1230224200830529549
1230215260403118080
1230214825562845184
1229927549091885057
1229498972244455431
1229412109995433986
1229178059644981254
1229137241777278977
1229124118139850752
1228862757593899008
1228862417830060033
1228861237804568579
1228761215532503040
1228716069877157889
1228691112686243840
1228437918378840065
1228396540751994881
1228378090113523713
1228378089136283648
1228378087664095233
1228357067272003584
1228356894009503747
1228351712982945793
1228341401680826369
1228340796702720000
1228105221051686912
1228029640675033092
1228029294863142912
1227762845133176834
1227730848960712704
1227715806139736065
1227700723519041537
1227700236048572418
1227679495643107328
1227668210083942404
1227657742002933762
1227634876922433540
1227634875513090049
1227615908669067264
1227615654892769280
1227610373928427525
1227405269006782467
1227405267106746371
1227405263847743488
1227394612580491267
1227394611599040512
1227378587382185987
1227377558959853568
1227340103661621249
1227339734973845504
1227339666455658502
1227334879110672385
1227315460045185031
1227314954648289280
1227314652192870401
1227311215669583872
1227311099256692736
1227301167283220485
1227300764852330497
1227300539714678785
1227300493103435778
1227290853661663239
1227288152966148096
1227287929111957505
1227275203325108224
1227259536232394757
1227229840329334784
1227011239173328897
1227011237684432896
1227004941912461312
1226985153680986112
1226694519871213568
1226615414119161857
1226205220457373696
1226205131244437505
1225949220361920513
1225917548958490626
1225883359617921025
1225875410782687232
1225872686078988288
1225872305420742657
1225844821799178240
1225844621013606403
1225838474445586432
1225829968585859075
1225829643846070274
1225829595330510848
1225797368798437376
1225609413035204608
1225577336378216449
1225520102369611777
1225498074161860611
1225462541960327171
1225462067219574784
1225448956685058052
1225238062894125056
1225230125639311362
1225229269443502080
1225219745919721472
1225166817888559104
1225152865444028417
1225134467519524864
1225118060656328711
1225110704061132808
1225049044076154880
1224847157666242560
1224831690914377733
1224809411224526848
1224786929742491648
1224750170010783745
1224750066449240064
1224717847059976194
1224441581849047041
1224441167762227201
1224410154428502023
1223973457765044225
1223760603761774592
1223628359558713344
