1286084383095631876
1286047633065291792
1285976463980793856
1285732641870880771
1285729241238208517
1285694148687822848
1285685015414808578
1285679516569030661
1285653686954479618
1285637777112137728
1285610909256351745
1285339522478350337
1285318523548508160
1285286797547909122
1284589526397198342
1284524403263451137
1284499052487413763
1283895241347600437
1283843417248849923
1283833735222263809
1283813999608569859
1283495588886126592
1283180278438133760
1283154343525584897
1283148504580464643
1283086052312395776
1283070531265351682
1282817144825294848
1282730083128573953
1281734686704832512
1281698363466022912
1281247818934558720
1280896970526208001
1280622930691592192
1280544433243635713
1280222484436889600
1280163581904945152
1279833057290326016
1279433701546496005
1279166001783980032
1279095483315650563
1278820300113817602
1278780021633617926
1278721394671484929
1278477876086611968
1278473816726016006
1278467230800457729
1278463141370826755
1278452184556896258
1278010373388582912
1277998014142001157
1277967598651490312
1277949023119380480
1277736566203584512
1277621422580543488
1277370481012850696
1276969217523359746
1276591634382118912
1276587179746222080
1276332112237518849
1276255719277330432
1276251021321388032
1276227072323735552
1276222772058959876
1276182360552353802
1275955489055145984
1275950114423681024
1275943845457530880
1275818127771742209
1275534905028546560
1275493457008656384
1275177282215260160
1274726836623282176
1274500494132686853
1274384596856180739
1274102159982972928
1274082333444976643
1274068975111061507
1274050440699744257
1273790839203008512
1273725783639494656
1273689655079288839
1273656273440059396
1273628537946341382
1273378518274097159
1272967333779329031
1272924060926779392
1272919418205622272
1272671668998201345
1272657279087763458
1272593541370384386
1272545338063237120
1271568663074820096
1271567213284245504
1271561432136646657
1271177722384060416
1270858945482162177
1270845878908092417
1270768771796525056
1270737643605766144
1270428148505751554
1270357970476576768
1270015520830558209
1269315130287968256
1269070186444963843
1269028684813516800
1269007360586133504
1268950370962886661
1268938590391873541
1268915355231096836
1268695784696020993
1268690722045247501
1268680798670073859
1268677934291836937
1268371618230931456
1268329124784939008
1268313597094084608
1268233433341464576
1267940610155196417
1267933141261602820
1267859979597422594
1267843959872765955
1267615068885221378
1267534657257684993
1267513671724531712
1267190450789769217
1266515952478322689
1266468735650496513
1266413059913981953
1266395793206005760
1266383840072937472
1266139000219275267
1266113854335049729
1266039856859361280
1265763249724817414
1265749799405596674
1265475905746604033
1264911618661666816
1264700384238542853
1263890403914330112
1263585297918423041
1263568037292228611
1263556352028401664
1263548063030935552
1263524227023585280
1263484699630080001
1263230632873865219
1263115501309513728
1263096949194010624
1262855054408605698
1262812557431189504
1262511155739795458
1262067217291776001
1261713427208298497
1261471425572950021
1261420836507906048
1261033579003424780
1261028553434583040
1260941102489784320
1260929127126675463
1260287973079293953
1259893279904194560
1259856045398204417
1259849238097334274
1259515688953266176
1259170267772968962
1258875795872849926
1258835209488928771
1258812028032073728
1258595925003468800
1258519676289642496
1258496715608522752
1258458785712128002
1258171733250641920
1258162948897464320
1258153373578211328
1257823886583959552
1257816731910844416
1257465749150588929
1257427420765917188
1256993546848133120
1256388221593948160
1256352351872520194
1256224457477283841
1255624674203049988
1255573531003322369
1255563686221144065
1255483629733625856
1255268338206375938
1255238930087190529
1254931453034541060
1254870460120150021
1254863341970878464
1254848859894882304
1253854549154111488
1253806948417503233
1253761604333850624
1253743313750024192
1253479205481918466
1253107512980750337
1253073522244673541
1253071546836533249
1252968415549161473
1252747082110205952
1252740171411447814
1252735463934361603
1252663103982100481
1252657266714710017
1252621739223375872
1252381359781244933
1252338482950868992
1251651367623589888
1251303291130167297
1251195119291817991
1250890200298987520
1250872828678803456
1250854220414300164
1250816504364482560
1250536799392456704
1250529234277335041
1250481612455886850
1250436857843699713
1250245083485659144
1250198031795970052
1250166535244505088
1249860275219685376
1249848441389436928
1249833837129064450
1249746188762480642
1248767476705476613
1248332237780725760
1248299507005210632
1248295615450296320
1248252815333642242
1248036275116036109
1248016047921401858
1248009840934322178
1247985090854092801
1247704072985219073
1247619645345013763
1247609408651251714
1247280060899393538
1246853046551879681
1246496716091723777
1246469337994665984
1246181681339514891
1246089802425995265
1246071898494074880
1245861306382475264
1245847904083795969
1245772698950742018
1245482687093243904
1245461181676077057
1245446159822393346
1245352612125454342
1245131719910535171
1245086847505760262
1245058693374201856
1244975768809152512
1244783131426795520
1244712676179181568
1243674817049624577
1243674815954931713
1243674815048888323
1243674813727735808
1243674812528177152
1243674811638984705
1243674809692717063
1243674804932280322
1243674803770458118
1243591135546703872
1243513139913789440
1243365151295717376
1243033188361998337
1243033186810187777
1243010533621628933
1242936966590709761
1242853081689317388
1242464001692282880
1242443450664071172
1242258140042756098
1242222947340898309
1242180673458393095
1242152528848044032
1242152433222025216
1242131138124144640
1242089560231809024
1241788091662249985
1241776143189053445
1241747510420537346
1241548532819034115
1241520314011582464
1241520102316613635
1241511019064811520
1241496871459323906
1241414408884097025
1241376485769981954
1241084848468561920
1241006810489896961
1240758708709318658
1240737941481238532
1240730685998075905
1240697254748409856
1240677801604386821
1240422303005126659
1240403380306092038
1240402246090850305
1240401301554503687
1240386597280976900
1240333024639754241
1240074322460528640
1240016889381781506
1239999701010784256
1239719500569882624
1239703745950343168
1239652962047348750
1239583895777091584
1238874282102571009
1238841323915968512
1238593459600097280
1238582379897401345
1238577257385537542
1238572617910628353
1238563757934206982
1238502401272930316
1238182960068734979
1238148970096070656
1238125880095977472
1237931441012572160
1237875126625898496
1237870630483054593
1237824490979164160
1237736636622016515
1237717390252793856
1237513428853555201
1237509326505312257
1237469791113404417
1237408270714900480
1237383437872488448
1237082718342709250
1236749863125213184
1236691888763211777
1236114627790016512
1236103526511792134
1236092097612124160
1236091863087673347
1236022663149162501
1236018227039395841
1235967539538255873
1235754758436196352
1235577552858685440
1235380610014810113
1235353165131849729
1235348444002365445
1235273632617836554
1235241529754648582
1235220797117075458
1234948888903245833
1234931994888491008
1234854236485292034
1234603432318816258
1234556778400157697
1234535908520742912
1234323682971045888
1234249448605261824
1233846398019395586
1233789562993946632
1233551479530835969
1233514766754353152
1233489709109784577
1233402870759858176
1233155775255764993
1233148877991268358
1233121147455234049
1233110327396642817
1233096960447516674
1232819332889092102
1232438485010669569
1232011601626173440
1231966426413576193
1230873076151263233
1230557328132337664
1230541697773383681
1230237263373705216
1229858695552675840
1229810425178607618
1229441176127909889
1228085557873565696
1228049654094364683
1228034260176719879
1227980554164985858
1227736852402233349
1227723189234655234
1227713381643276289
1227668721239457795
1227636076279468033
1227609582014431233
1227315755793965057
1227298441048600576
1227287085222170625
1227009499644538881
1226932098314973185
1226926003223658497
1225837835581841409
1225561085417316353
1225508988797800448
1225434004620488704
1225188321623715841
1225173511028846593
1225158801151623172
1225047739647635457
1224918131065356303
1224907712418455552
1224901738462961664
1224898176324337664
1224886481573031938
1224884638151323649
1224856748571418624
1224813481616199680
1224806091122520066
1224746939843039236
1224724758866092032
1224457321205596160
1224446595824902147
1224355544812617728
1224114414644801536
1223979565149773826
1223437400430518273
1223437329727139840
1223410304639471617
1223406586489724928
1223399731679895557
