1286065245983842306
1286049388360540163
1286013881647804416
1286010230237802496
1285987646720946183
1285974806559694848
1285748017719648260
1285678741709037568
1285638595685036035
1285396289883185153
1285395608099008512
1285393322123710464
1285392772443275264
1285373532474572800
1285325810006622208
1285289582691573760
1285246216952000514
1284936522941243392
1284923446355468289
1284863376825475072
1284862175824273408
1284861681374568448
1284860456482594816
1284625940534960128
1284563888835571714
1284561143231590402
1284560517215006723
1284517101349351427
1284516543255252993
1284288355379884033
1284288279387480064
1284256870396559362
1284185167138033665
1284185166051774465
1284185164839620608
1284185163971399680
1284181987218132992
1284155632065687553
1283934140266614785
1283931308855562241
1283865539111194624
1283858834642145280
1283857390190854144
1283808287117508608
1283789852371308548
1283777214669037568
1283595274154381312
1283594070682750977
1283488864657702912
1283412340256509954
1283177258413445129
1283175776238604289
1283169256184713223
1283059604084215808
1283032191518351363
1283030194429796352
1283024610800402432
1282833779468492805
1282832440432775175
1282755738566352901
1282729633893552129
1282728945989885952
1282709882207182852
1282702848720019456
1282687843056394240
1282683101920067585
1282348099156021248
1282346176059146240
1281985933248737280
1281966772271357952
1281961928789762049
1281960604480278532
1281772579108397056
1281771719422877698
1281770123645378567
1281665950748737541
1281343930978701312
1281281807107985416
1281246623650271232
1280994820518023173
1280962527854235650
1280916790873292801
1280631731960373253
1280610041700245507
1280606401388335105
1280581439151579136
1280559217737416705
1280547433756463106
1280200107611299844
1280143904843673600
1279882973119209473
1279822646792912896
1279809541199335426
1279795467447042048
1279783721789513730
1279782624970629121
1279605774612824064
1279234549466226688
1279216412804997120
1279083316927479808
1279067858128035840
1279056072335069184
1279052867761037312
1279036991242489858
1279036328093646848
1278805954184830976
1278805238716272646
1278732649893421057
1278702904216608768
1278702701803683847
1278679483743076353
1278677153115144192
1278675131544600576
1278667574214090752
1278353119513055233
1278318770398932992
1278315805021798412
1278158609566830592
1278137366658658304
1278107011834687495
1278082162810593281
1278043689646989316
1278004726219657216
1277988993326604291
1277810381176614914
1277807939617730560
1277807153127002112
1277787894812495877
1277753855900516352
1277699901728731137
1277696986012094470
1277684550123077639
1277630778676035584
1277604175765999617
1277602871933100032
1277602579690766336
1277602192111865857
1277600715570118656
1277600116002754560
1277367653720563715
1277353978443988992
1277350522115297283
1277224838239748096
1277093419505143808
1277092402549919744
1277075771954286593
1277075615984861185
1277064398989910017
1277055189250383873
1276901477852893186
1276901259161882626
1276872088234668033
1276870705167114243
1276869001071800331
1276867198926098433
1276865576980353025
1276864029110214661
1276863613005955072
1276726330634260487
1276706584337559552
1276705226154807298
1276704480411738112
1276702994218786819
1276702871107534848
1276698773683658754
1276608337623371782
1276592429756551170
1276578576381378560
1276576792296468482
1276552925591080960
1276513469584609281
1276275822140297217
1276272500272496641
1276251697170571287
1276250128790302720
1276239651691540482
1276239584574222339
1276235035448926215
1276229824563085319
1276229522552225792
1276228765182578689
1276227184764518401
1276169489663614980
1276145372109381632
1275900308888195072
1275857994299904002
1275837873699254272
1275614567532560386
1275614161993699328
1275591066926960641
1275546475611766786
1275541160178614273
1275521991693434880
1275492293915619330
1275456875484418049
1275443825893240835
1275432602858598403
1275420622294745088
1275255925985730561
1275136789662109699
1275136136013365252
1275134863323037696
1274857068479098880
1274853738486927360
1274853371342700544
1274783305456660487
1274783036383559685
1274779378736672768
1274778344253526017
1274778309935747072
1274760538526908416
1274707748526137344
1274703762133790720
1274530883836534784
1274530863053750273
1274530763359256581
1274418028701245440
1274182016687378432
1274180087068459009
1274166398164652032
1274163270132338692
1274159466502635520
1274132682415489024
1274108759367917568
1273995030324273153
1273990518700195842
1273987630410215427
1273969960973451273
1273721066284888064
1273689758888341505
1273660879637282816
1273636961597743104
1273614297348833285
1273478626995048448
1273473108381483008
1273457742204862465
1273456934109220864
1273455813747707905
1273455104675450882
1273452849893122054
1273438166020653056
1273292253210054659
1273258308774891520
1272977063616618496
1272944243418574852
1272899676904337409
1272743979633856513
1272739725535780864
1272698510769639427
1272643127455686656
1272549707273965568
1272549705696886786
1272360519173881858
1272289971802644481
1272150444274524160
1272149034879332353
1272145219572715521
1272006900343808003
1271905774944448513
1271626644642562051
1271597110127968256
1271596957618909184
1271595223660081153
1271545853233311746
1271545048757407744
1271506961029357569
1271479567065198592
1271452190788530178
1271259616538693632
1271238842004226048
1271190030120300544
1271148026673926144
1271091338684051457
1270844032466522113
1270839499459899394
1270838248710066181
1270811342853812226
1270537266419687424
1270537176653103104
1270497434670596096
1270483185319772162
1270407214147219461
1270379196301348864
1270346859144495104
1270344686666944513
1270186645397127169
1270167137622130690
1270167134438645761
1270072923869626368
1270030547402862592
1270017540845158400
1269816782849744896
1269816782010945538
1269763575683469313
1269685718487633922
1269630894433853441
1269387923281129477
1269367050771877890
1269365318280974336
1269363920667578370
1269293445639798793
1269274220816732160
1269251940703232001
1269080628454207488
1269059826128171008
1268982402220724225
1268929648072720386
1268929580796174337
1268745491027767297
1268662658007478274
1268658242995073026
1268632896795000839
1268630869029330947
1268628684908498947
1268617342759526402
1268615313421033472
1268594101697613829
1268592145331560449
1268575758533963776
1268529333787901952
1268375462453092352
1268371463033237504
1268362708795240451
1268352495111360512
1268346850005987329
1268345178009583617
1268341579854548992
1268335494267625480
1268328735935168517
1268327666744164354
1268304466773716992
1268257311228862464
1268255180153331719
1268255034157957120
1268244354444988418
1268000023117271044
1267996914047483905
1267994909933481984
1267994193617715206
1267990276372680706
1267988371122642945
1267883186111090696
1267879942668369921
1267870244057612289
1267867159209918465
1267866984059994114
1267866168070746112
1267865988403466240
1267676166246354946
1267659703607230469
1267619080191782915
1267617029416255490
1267608576815751169
1267608526266007553
1267607395695497217
1267605972907892738
1267604804903321600
1267601361841111040
1267598519696793600
1267596781950509058
1267577037004386304
1267563573015912449
1267561751090008066
1267561675659583488
1267555417686769667
1267553368995696640
1267550235112411151
1267547279675834371
1267534679122591744
1267518941821308928
1267515725507330054
1267510565456482305
1267506586223816706
1267290507568431109
1267287077546328064
1267224725333389319
1267207382792384512
1267203275692167172
1267202337183084549
1266949165969559554
1266934227133702145
1266911554873761794
1266798976394764288
1266761603711721473
1266571779746791424
1266539265351180288
1266504014302261249
1266503353346994177
1266459665216475141
1266455389228466178
1266455066657148929
1266444179816828928
1266380660899528707
1266360695882383361
1266355290137604096
1266352616725856258
1266177268197588993
1266164771386253312
1266089331023843334
1266087803957510144
1266063827155791873
1266019465327710209
1266019110468583430
1266017552368533513
1265768220784562179
1265727750415036421
1265690233808605184
1265690232428670976
1265690231233286144
1265690230117617665
1265690228532097027
1265684497745543170
1265669130683891713
1265656859979067392
1265640004744855555
1265627175555923969
1265481199729991680
1265427896484724736
1265400013745721358
1265400012646887424
1265400011552174081
1265400010511966217
1265400009505284108
1265400008469360641
1265400007458512897
1265400000240070656
1265390092471934976
1265379335575425024
1265351712400965632
1265345105877139457
1265321518495674371
1265320141161746445
1265316992912896000
1265275609950945280
1265272971045765120
1265041953323921409
1264985736505417733
1264981323061628930
1264938010623250438
1264742403652620288
1264688196463534084
1264591506394021894
1264557523924811776
1264554801955823616
1264554273142190083
1264389259127066626
1264381451010785281
1264380098184196097
1264379367268012032
1264263778964852737
1263969814332297217
1263949897885196291
1263922476532277250
1263898374954237953
1263881520118411265
1263881117767262209
1263536904655572993
1263523036646555649
1263494603237404673
1263468883081605121
1263244019292831751
1263233536691240961
1263197017381179393
1263196206152507392
1263177206538387459
1263149572907585536
1263103750949883906
1263093820813705221
1263091357498867713
1263089557966393345
1262944498935648264
1262943178531000321
1262940751312424960
1262939992759963648
1262857135987331072
1262853289135276033
1262845065946423298
1262840483694497795
1262826127237820423
1262820681286369281
1262820607114256384
1262815330138718209
1262791713174827010
1262774892476448769
1262761806621143041
1262592698835443712
1262535223541207040
1262532050634117125
1262523200287772673
1262519617722953728
1262482844405899273
1262482041737707521
1262481179573436418
1262480453283577856
1262479610635341824
1262452100874805248
1262451008480870405
1262450571669385218
1262422262667513858
1262396328019210240
1262206591715160071
1262100172328316928
1262098226003480578
1262067030053748738
1261779820553424899
1261778432989552642
1261732970865582082
1261731602503172098
1261723922791378944
1261649601750278144
1261501158931259399
1261498889724665857
1261497399240994816
1261493445560057857
1261386824825462786
1261366868008480768
1261339763669258241
1261325327743234050
1261299957144977409
1261033899796377610
1261033819018330119
1261005688282775552
1260981534997336065
1260966602671034368
1260960345822318592
1260951904013758466
1260947904547753984
1260929729059667968
1260755586880344070
1260737437350977542
1260704350554513409
1260651493138423810
1260617809782063107
1260597480640651266
1260570834625855488
1260397485002035205
1260376785172287488
1260360958993629184
1260322847446237184
1260320735274373122
1260300353775509504
1260300107322396678
1260298884905144320
1260284958884745216
1260268157257814016
1260243235609481216
1260242849116884992
1260209953840812034
1260042327143448577
1260025392221454336
1260006464632086530
1259952589019451392
1259940418889887744
1259896596751417345
1259892823077330946
1259890469615566850
1259870984485601281
1259870182731808768
1259869771836899333
1259695617158328320
1259695551689494528
1259693697022734338
1259607170901069824
1259569062654377984
1259568406568861696
1259500460215590920
1259489046147072000
1259295194580729856
1259246581557198849
1259144500632522752
1258879440848932864
1258877703870124034
1258876852762009600
1258846647817306113
1258843841165172736
1258802674063065088
1258750651888254976
1258747541732163585
1258567702723072008
1258551118398844928
1258508516072943616
1258508251357839360
1258507763908374534
1258505716974776320
1258486786365575170
1258455591808380928
1258437524948746241
1258423203577376781
1258238443039199232
1258225122470739969
1258209564756971526
1258206731483713537
1258192806469931011
1258149237101072384
1258149147804401671
1258118680757616640
1258102567801847809
1258095164876177409
1258090386213482498
1258084553836695552
1258056135229288448
1258040026761437184
1257876992843792389
1257854770485891073
1257836093459910656
1257827668898258945
1257806262391246849
1257804529946505216
1257804528826580993
1257804527639691266
1257804526498779140
1257804525462786048
1257785092912676869
1257782888734560257
1257782194266832897
1257773221895712768
1257757186987560963
1257755936703361027
1257754953977921536
1257750858273640449
1257737410542256128
1257730779578347521
1257687028793294852
1257682885483560961
1257669545474625539
1257666346176962561
1257660370216419329
1257415135167156229
1257406899265421315
1257403358660435968
1257332735439450115
1257332679651065856
1257313604908404737
1257107009956196357
1256955043531632642
1256954846067994624
1256953834594799623
1256704203252289538
1256593256567144448
1256403818914480128
1256314001346134016
1256293470949556229
1256276040114110464
1255978423979249668
1255957650153578499
1255944117563076609
1255896499227148289
1255882840773812226
1255870188098117633
1255857663633752064
1255846181319647237
1255684312252534785
1255658829079076869
1255658623860191235
1255656690214678529
1255599266300600321
1255595988556951554
1255594705473155072
1255571590160490496
1255571549022814216
1255565294690582528
1255545624876941314
1255522583715471364
1255511196872183808
1255502784243412995
1255502591783550978
1255502533067509761
1255502363483348993
1255502246323851265
1255502139495002114
1255502032405962757
1255468060384923651
1255468024435523584
1255466110331297793
1255458135856340995
1255329873129848832
1255319486175068160
1255318276114132994
1255313196698738689
1255295376229371904
1255258368765198338
1255258281368576004
1255244123713548289
1255224794922061827
1255222362196377600
1255197196926025735
1255173277573681153
1255126937011249152
1254922509977346048
1254874901820964866
1254871733997318144
1254805481912139778
1254799934928441345
1254786438673035265
1254771427095351300
1254565551239843840
1254549367056408577
1254477064918437888
1254075054918447107
1254074538465398790
1253893609683922944
1253889164128509954
1253884978565459974
1253877739226124290
1253806304986107905
1253802625969065986
1253802444401848321
1253790019011121158
1253765648813096962
1253764446712889352
1253758210558898177
1253758074025914369
1253730654837243904
1253708285447897089
1253707584663683072
1253700553340866561
1253693955830579213
1253690699326926849
1253681602405847042
1253498816617230345
1253498271328284672
1253497511681146880
1253487467388420097
1253475174784970752
1253468706920894465
1253467415066882049
1253429959487451137
1253422553760067585
1253414638693126144
1253410076783603712
1253407870089125891
1253407868608536578
1253407867161452544
1253407863562661890
1253407860442234882
1253407857854296065
1253397872617365504
1253385790127734791
1253365319164399619
1253322295759605763
1253315379105083392
1253311051124350986
1253307458564521985
1253298887802195970
1253127071720779778
1253057146016628740
1253029916788039682
1253026318154969088
1253026264199434245
1252992161857114112
1252992160326189061
1252992159231488003
1252992158086443013
1252992157138530305
1252992153388830720
1252962302711775235
1252774816551178240
1252724195643006977
1252722489404403717
1252721179300958209
1252699279468244997
1252672007113760771
1252630409839546369
1252619243750854656
1252612504548773892
1252586449112875008
1252406187951190017
1252403952898863105
1252398926579200000
1252380098382053376
1252362813365825537
1252357542367248384
1252332356683345922
1252272584080662535
1252266141193580545
1252249218607198212
1252039411505782786
1252008502496759808
1251986984484122625
1251905516525228034
1251899023449096192
1251874857266053120
1251874361943953409
1251874148915306496
1251871272956559360
1251721911970775042
1251715711589847051
1251696021249409025
1251683988428730368
1251665657797754880
1251593760242315264
1251587780662214660
1251582584540336131
1251561487782510592
1251561422162661379
1251520853692555264
1251520852732100609
1251520851830288384
1251520850941087744
1251520850001625090
1251520849141739522
1251351281253433348
1251341311191515137
1251301268917833728
1251291687416184834
1251264302977298438
1251262318010339330
1251259931115880448
1251256360119013377
1251246473406185472
1251233283364589572
1251226342324080640
1251225643129470976
1251217566795792384
1251215110774968320
1250952473759625218
1250909804006117380
1250899951367979008
1250859367148277761
1250853993263378432
1250831951063322628
1250803228247240704
1250794134790602752
1250791807639859204
1250579579875536898
1250578919532769280
1250575634704859137
1250569141980925956
1250497752456462340
1250486713241174016
1250482381838077955
1250481146581913606
1250478528539299845
1250452372616368128
1250451815088435212
1250439711564238853
1250433416958377984
1250409516367306752
1250268882259939329
1250252700891176961
1250247786504884227
1250242551329828866
1250213583239155725
1250210847940579330
1250210135974318081
1250207972283777024
1250177820820733952
1250174651487182850
1250146808166301696
1250109555939381249
1250086162758348800
1250082525743124487
1250071941685358597
1250066030589874178
1250053368359333888
1250050632247115776
1250049859677233155
1250048950410842112
1249858109012615174
1249856662267191296
1249856409665142789
1249850642140672000
1249841843069648898
1249833167751729152
1249786948929159170
1249784757598261248
1249773056295403520
1249769113788055553
1249759863565156352
1249727933943603201
1249727614979366914
1249727403485728771
1249696880302477312
1249696601905541120
1249501734180982784
1249501732108939265
1249501730355712000
1249501728468336640
1249501726140502018
1249394048852529152
1249346233547870208
1249340183583043592
1249332490025795584
1249310973586006016
1249147495197880320
1249147347747160064
1249147319842410497
1249147293661646848
1249147107094794241
1249115747785355265
1249101200009486338
1249092631679971328
1249087733114580994
1249084001496817667
1249026096835825664
1249006921883025409
1248994082967506946
1248802049803857923
1248790379090128896
1248786964469424131
1248770887064653824
1248738950681964545
1248738391807713287
1248706647918284802
1248706404086689792
1248695865226792961
1248684085511426057
1248650522476904449
1248647428049436672
1248616360004861953
1248609748993204229
1248465694489841667
1248383587323269120
1248372220365283329
1248347346620092424
1248328199966261248
1248282974325481472
1248269110930100226
1248254309688541190
1248236102839865344
1248065108733054976
1248026840742203392
1248005420645408768
1247989219185889280
1247986238931509248
1247985150996209665
1247954767575474177
1247704839640973324
1247696333919662081
1247681007114956800
1247627390748102663
1247618654222630912
1247611357534576650
1247610118864330758
1247584617244381184
1247581058796830726
1247574021581033473
1247510877814894593
1247358865030684672
1247354716239073280
1247354714536185859
1247354713168887809
1247354711096860672
1247338483208851457
1247322545944215553
1247290412802457607
1247236826273927169
1247213115374272520
1247206850866577409
1247165046699880449
1247152299077705729
1247151079747391488
1247144832239316993
1247133505865252864
1246951206917939200
1246950729161506822
1246901287683330049
1246891496244199424
1246797401794449409
1246796303935422464
1246790063440171008
1246785583424430081
1246630540243058689
1246626042669826054
1246622935881846784
1246550113402707968
1246547649601437696
1246483723102695424
1246440543061716992
1246426574599176192
1246424801712971776
1246246886207623169
1246227593717846018
1246162291608956929
1246136326455308289
1246125883024343041
1246109184409645058
1246099759431061506
1246099161830821888
1246088426228797440
1246080162208374796
1245920653607231494
1245910253251723266
1245909265589719043
1245903821341184002
1245901182578626561
1245900093821239298
1245899933129027584
1245899707844567041
1245845200884436994
1245818416444968962
1245816891832242177
1245781286138019845
1245760200189120515
1245755656021426177
1245734797269438464
1245725636309762062
1245721808009072647
1245719994115198988
1245719297281966080
1245547061522595840
1245543973101371392
1245532646287040523
1245532645473292290
1245532644642893830
1245532643871129601
1245532643044855810
1245532642101145602
1245513784598421505
1245506555123990528
1245454549873295364
1245429004280180744
1245421527161585670
1245421340770865153
1245403940889530372
1245367594116354055
1245367592971145221
1245367591843045376
1245367590861582336
1245367589506887680
1245367588315684866
1245367585606176771
1245367374972403714
1245334121032953856
1245331723086430211
1245326460115726336
1245326431388930048
1245183669989445634
1245149495056351233
1245145070698987520
1245140211824279554
1245107593057533953
1245089490768666632
1245057157176995845
1245043776709701635
1245035995050856448
1245030244177903616
1245029291106217999
1245014951208669191
1244972447746740229
1244971697196892161
1244824790860476417
1244798395874709504
1244790956194443264
1244771633451143173
1244754506195308544
1244752535212212225
1244751109287284738
1244748028101242880
1244717265947439104
1244691654826745860
1244670479643881478
1244640034386579457
1244632631385501696
1244612373916389379
1244612305683394562
1244611403912286208
1244440826643648514
1244440273347915781
1244422400344801285
1244415513377284100
1244365227233366018
1244307618199416837
1244284163282423809
1244263133516095488
1244122946068721664
1244074273574191105
1244069904065626114
1244058838225084417
1244037682273058818
1244017867223379968
1243897834530902017
1243895253318414336
1243891922856554501
1243890384809451521
1243724978249482241
1243724733486637056
1243724435724648450
1243716847586992129
1243636052558000131
1243631039878238211
1243628439896285185
1243581481282404356
1243580695508910080
1243552506447306752
1243382271215726593
1243365079380307968
1243339880215830534
1243306589622276121
1243301209718640642
1243297703620235266
1243265354916233216
1243257482648092672
1243256763773857792
1243245267245240320
1243243105744228354
1243242701803397122
1243242313528246275
1243233215927681024
1243203718520209408
1243192810750259200
1243163952462299137
1243010716547854337
1243004271278411778
1242979548414857223
1242979546250579968
1242951248623611906
1242924074977898496
1242900178077655040
1242896326834225153
1242887488554795009
1242887251492843526
1242868233306345474
1242864406922477568
1242842436910620673
1242841211309883397
1242814652662403072
1242811502295420933
1242635751487143938
1242597548331843585
1242597428156653569
1242554297612742657
1242542353740677123
1242530555360677893
1242523201382625280
1242508959082328065
1242506015251275783
1242503044677410822
1242500947403780098
1242498705393098753
1242443259173052419
1242438378454503427
1242435730237992961
1242265414203301888
1242251353231155206
1242184273039446017
1242180849463889921
1242161304720281601
1242158502983938048
1242158057649590276
1242143081354252289
1242109238702415873
1242107229924401156
1242100114640064513
1242095143932526592
1242072517633859585
1241916710002855939
1241892274117783559
1241883178110980109
1241857840144318464
1241838820179546113
1241824416012566528
1241794422708359171
1241793177310371841
1241736909757583366
1241735603546456065
1241732659522473984
1241730014976016385
1241522206766698497
1241520981530816513
1241481273421574147
1241474519715504129
1241465633340108800
1241465441140330497
1241447529096585218
1241441471682826241
1241437720674807814
1241436297912254464
1241435166096179200
1241434933744336896
1241384937665826818
1241382092480667648
1241350300906270720
1241346448194764802
1241202787469463552
1241202507872964608
1241198866185293827
1241182512346550272
1241179368715673602
1241178252707868674
1241167583329599494
1241130014709514240
1241129913849131008
1241129787902627842
1241129545660497922
1241129346590531585
1241117749344186369
1241102842607349762
1241095284719079425
1241062750773788672
1241059382810509314
1241052766753165313
1241049424509493253
1241035018216050688
1241034774199885824
1241034196929466368
1241026976758071298
1241008154705629184
1241008153409527808
1241004206665990144
1240993679038459905
1240992921257742336
1240849868421300228
1240799584156344320
1240799188692209664
1240796154998198274
1240787061373915136
1240773652645326848
1240769617959813120
1240759214865354752
1240748971213164549
1240748107249434632
1240739047162687499
1240738978824888322
1240722708746428418
1240718675293896704
1240716532008837120
1240712195031224320
1240712109165555714
1240692965325987840
1240692494234337281
1240686861535727616
1240685855166984192
1240673335396249602
1240624859824218113
1240624733923807233
1240623528203952134
1240468262221221890
1240467734229651457
1240433955398131714
1240411702543384582
1240397728447856640
1240385664207785994
1240385517956616195
1240385345159651328
1240385179899891712
1240384900680896512
1240375667566534660
1240368794515705860
1240367037286883328
1240364681811951616
1240360333623144448
1240358723345944577
1240348962260910083
1240343934225854464
1240268346148425729
1240103836704018435
1240101302765531136
1240084765228912651
1240072766193307648
1240046057767071744
1240027915418578946
1240012214435745792
1240012212791644162
1240012211281690625
1240012209780068354
1240012208328839170
1239998641877798914
1239969701767155712
1239948173705166848
1239911589224079366
1239909906926444544
1239735174671335426
1239725271974064128
1239720987589050368
1239685309681582081
1239675896786817027
1239656496121643015
1239626852462923777
1239588278552211457
1239562745713963009
1239353220583096320
1239301698356682756
1239301144498909184
1239296632778297344
1239295308380717063
1239289441941946371
1239239068459958274
1239235406983544833
1239228561027981315
1239223946882490368
1239222304124665859
1239221314025652224
1239198050792472578
1239196514225926151
1239194919476039681
1239193948373028868
1239193758022934528
1239193600279351296
1239193572919959552
1238804131944562688
1238803029819875330
1238802513165520903
1238800343934304256
1238648554148806656
1238597964555259905
1238574719999279106
1238570994576621572
1238566913325838337
1238565745535131648
1238559015195549696
1238537737180983297
1238524789091860480
1238484056335175686
1238475284044754947
1238416445962440705
1238415655759761408
1238412539735814144
1238412538439700481
1238404097486848000
1238267304552673280
1238267151414419456
1238260605720633350
1238218646352285696
1238216322292596737
1238202227946373140
1238202226528735232
1238202225060728832
1238202223588511744
1238202222107901957
1238190646051078145
1238163310383636480
1238157536546750464
1238152993125646336
1238087550075654144
1238087346186334209
1238086073617715201
1237885900371005444
1237838429578125313
1237838404991291398
1237739569350672384
1237539233000120320
1237459859110596608
1237453988322258945
1237438078899363840
1237437685884731393
1237376618928254976
1237361526643843073
1237359613537923072
1237358869195751427
1237356663134392320
1237207105435820033
1237205205256732672
1237205204216492032
1237205202614321152
1237205201469222912
1237177328788217860
1237173114515185670
1237125936740474881
1237080281368141826
1237078077873836034
1237077989873025025
1237016369541124097
1236855255415107586
1236854739985477632
1236854351773253633
1236837308470566912
1236833700882546688
1236756985632174081
1236733354386567168
1236673373931012096
1236651004541665280
1236630387394256897
1236400889423892481
1236377695669321728
1236376318222241792
1236360439203860480
1236360335520681984
1236342005313286145
1236340349603282946
1236333811073507330
1236307350925041664
1236292471023382529
1236154459346161664
1236153801083584515
1236146765528797184
1236145718919905280
1236113544506216448
1236108822978211840
1236106984304369664
1236087795891998721
1236086762553978880
1236061104444518401
1236057679551967232
1236048829562195968
1236034084834611200
1235986912646696963
1235956780116725761
1235956254373224448
1235953248021999617
1235937505339478018
1235665676741865475
1235658244145676288
1235638001738215424
1235623152014815232
1235609653452713984
1235585368046649344
1235292885123248133
1235252416687243264
1235251218567647234
1235226149623656455
1235034214162190336
1235026688699817989
1235018547270750209
1235003482907828224
1234960618815475714
1234863982323929088
1234852211357896715
1234589990572699650
1234571650697486336
1234536992274251779
1234508252030939136
1234319781333028864
1234319780368322562
1234319779311345664
1234319778208264192
1234149649625296897
1233836609407258624
1233809965741203457
1233588371261460485
1233517398948532228
1233514919057854464
1233497284131860480
1233479234271809543
1233433404013764608
1233432947442749440
1233411320017539072
1233155991870623746
1233137385518641155
1233136590584786945
1233131278318305286
1233131176145170449
1233129546993541120
1233119772012949506
1233118796715610113
1233114370600775682
1233093430575861768
1233060293405822976
1233051196295962627
1233051073214140416
1233050967865774082
1233050835153801218
1233050689384931328
1233050558040281090
1233050395125133312
1233050226858119168
1233050018732498944
1233049021419282433
1233048861075263488
1233048588722343938
1233048277299404806
1233047984608284672
1233047783508234241
1233047535649984513
1233035164625797129
1233030067443380226
1232848028073111552
1232708741226778624
1232685226381496321
1232677637790760960
1232380098864652290
1232379980996325376
1232376874854166528
1232347011493568512
1232337603321569286
1232334102520569866
1232316213608448001
1232312117190987776
1232032289762238464
1232009595075399688
1231990960516665346
1231733734464008192
1231732337924243456
1231630542560538627
1231409251563851781
1231268516239724544
1231009534296166400
1231000224816082944
1230994944002854913
1230981006984990721
1230885454574211072
1230847480486662144
1230585410990026753
1230533796765761539
1230169819196149764
1229883158394548224
1229794897286324226
1229794893410729987
1229794888985776129
1229794884107808774
1229559995081089025
1229446534611324928
1229173113625174021
1228757026022526978
1228756789170143232
1228756727920779265
1228431429119479808
1228356166482350081
1228328443722510336
1228323351950700544
1228316389825372160
1228057995545907206
1228033262242521088
1228020306385698816
1227960943868510209
1227825040835710976
1227775028491583488
1227774943707922432
1227774738153517058
1227737865179758596
1227728931857616896
1227726474364563456
1227725393945382912
1227695198970564611
1227679360234217472
1227677194199224321
1227645689129263104
1227614005897895937
1227606272763158528
1227344529893863430
1227322487635152897
1227298196763922433
1227283609779830784
1227257595951484931
1227249005811453954
1227244184144359429
1227002079702593537
1226991550057582598
1226988557031682050
1226984710712238087
1226969520373469184
1226969442183237632
1226874403650228235
1226867672236855299
1226690681172787200
1226606030207029250
1226537848364507137
1226524230805868545
1226161009221521412
1226128815149244417
1226125630334545920
1225973582469193728
1225903089397485568
1225876252982235137
1225843920933879809
1225825929148207105
1225814118134960131
1225546858023596035
1225526539850256389
1225509413252927493
1225487315725934594
1225487227251281922
1225487133504364545
1225486961101635589
1225486773071106050
1225486692011909122
1225445618702802946
1225427675000516608
1225232176687521793
1225230749743362049
1225156769967673347
1225156768512258050
1225156767111356416
1225156765601366017
1225156763684626432
1225156761730064387
1225156759809069057
1225156757867126784
1225156756445286400
1225152582408163329
1225137358552436736
1225129445968826370
1225093638847377408
1225076932406136834
1225076073085325312
1225073987639705600
1225054112187809799
1225053415643979776
1225050968762605568
1224900741992787969
1224838222901075968
1224837100224368645
1224770730715504640
1224761724487847936
1224755072762044416
1224754478911512577
1224503855045541888
1224502328356757506
1223969504536952832
1223719140382400512
1223592974258442242
1223591466813067264
1223459313731166208
1223434742974111745
1223427393005682690
1223427391072145414
1223427389595799552
1223427388144529420
1223427386668212225
1223427384717774849
1223427383388098560
