1286071865849647106
1286057269847875586
1286057268434395137
1286040410691952641
1286019014607679491
1286004302494957568
1285984480121978882
1285973706033041413
1285968416675946497
1285937728807469061
1285915975779528705
1285665452144959492
1285665450693742593
1285665449582235648
1285665447770193920
1285336632980316160
1284343134713978882
1284221339667173376
1284191201541918721
1283538097297330176
1283501021797527555
1283501021092818950
1283501020140666881
1283501018903437313
1283472576874983424
1283429482037227520
1283183122465644554
1283164691292925952
1283138486791438336
1283098860878004228
1283085443945451520
1282759465507467264
1282710890463350784
1281996443021123585
1281744354202329090
1281651088119066627
1281624794165805057
1281622856888090625
1281358294884507649
1281332459674771456
1281320332033437696
1281277581854224385
1280988981468049408
1280962269480968192
1280893519184486401
1280859473591107585
1280683543832809478
1280653471016980480
1280638886788714497
1280615857304076290
1280615856159014912
1280615854997213184
1280602302890508288
1280585415091720203
1280575813025488896
1278750025695350790
1278076679051784197
1278056521432281089
1278051714759827459
1278001458533851137
1277995441674768385
1277651800418631681
1277635323435061252
1277631436309266433
1276903301628469248
1276600258366246912
1276565251362820096
1276529657836449792
1276309034757435404
1276270221679001600
1276206623007150080
1276129042819952643
1275953224957202434
1275870935837560836
1275861548708311046
1275854127424311296
1275838583321083908
1275838582381596672
1275838581588852736
1275838579466371072
1275535666173140992
1275535665405595648
1275535664625389569
1275535663874682894
1275535663040008194
1275535662209536000
1275535661395836929
1275535660749918208
1275535659961405442
1275535659055362048
1275535656652025863
1275535655830016005
1275431854020202496
1275431673002426372
1275165076270600194
1274513061945237504
1274441909893816320
1274398923449413638
1273979906993553408
1273763740379418624
1273763695387164672
1273683671220879361
1273679483913080832
1273679416778985472
1273679179251429376
1273678931468713985
1273672355857027075
1273672168564555778
1273639504159617025
1273619671074340864
1273314562054467585
1273314317291728906
1273314308630417415
1273282338739412992
1273270655354580992
1273270261832441856
1273264403320881152
1272972970806435842
1272944659866714112
1272650767560847360
1272571668309909505
1272552024266223618
1271538515944275968
1271538030902480897
1271524310876815362
1271521538257321985
1271502761654435842
1271495016758853638
1271488667782184961
1271480395650027520
1271084363741102080
1270419018722222082
1270387709744480259
1270027011063525378
1270013506931298305
1270012414776442883
1268988564714532865
1268934362965442562
1268589386846830592
1268589386062540800
1268589385223745542
1268589384288387073
1268589382996557824
1268577032583237633
1268563625943465985
1268551572801323008
1268533965431791617
1268512636402053122
1268348281492512768
1268274366061690880
1268274365289955328
1268274364534927374
1268274363545067521
1267896580927033344
1267880973296906245
1267602319555911680
1267524386552188935
1267491451983855616
1267486441803853832
1267138905884831746
1266132475820023810
1266101336455745538
1266063221783506950
1265660034765201408
1265012387272425472
1264329878545014785
1263898176324620290
1263601236684701696
1263570321908645897
1263495840066424833
1263471923759120384
1263181269862617090
1263177325476286465
1262867795945062405
1262809568645730307
1262781068693962753
1262781067934797824
1262781067158794245
1262781066349367305
1262781065569226752
1262781064747114496
1262781063983742977
1262781062670843906
1262758025539891210
1262481603672117252
1261668795023753220
1261404177281904640
1261398204857212930
1261347526176735232
1261286487561244682
1260648538960097280
1260648536942624768
1260628539734282240
1260594357507371011
1260245509874290688
1260210027152969729
1259977566976344066
1259950651724963841
1259530499753750530
1258832952924033026
1258830793763368962
1258820733700096002
1258796102943485952
1258157244891398144
1258093828130693120
1258085279967174657
1257768516653998080
1255898469010726912
1255580806338220034
1255566679133782018
1255520369689219073
1255508161131397127
1255239038493171719
1254910460681424896
1254844648461303810
1253797584046522369
1253796423226798085
1253791977524600832
1253665200638746624
1253361313834770435
1253337100146995202
1253326217773645830
1253051372498497537
1253040353655107592
1252990188399267842
1252758723426164737
1252736018958225410
1252660814714212354
1252653492185051136
1252617172230254599
1252617171282415619
1252617170472833029
1252617169592037378
1252617168879058949
1252617168056975362
1252617167108882435
1252617166089789442
1252617165099991041
1252617164198117379
1252617163027951616
1252596088130940932
1252368324865880065
1252364123670626307
1252354581176004611
1252345199612682244
1252345052480671746
1252332740302835714
1252276222639341568
1252276221142016000
1252276125058957312
1252263444625195008
1252233760755429376
1251531782249422850
1251271717231775746
1251256430323269634
1251251586241835013
1251218643578470401
1250911765812084736
1250903502529978369
1250847275192070145
1250816801186906113
1250540949954088967
1250500627983196163
1249863131133890563
1249405368586862595
1248428615575851008
1248358725355802626
1248005276784943104
1247940703210135553
1247170618220515328
1246270815466926081
1246270616208097280
1246131802328227840
1246087783225200641
1245825081730875398
1245422826858917888
1245123904030588930
1245070965240999936
1245024492931473410
1244738637343883267
1244738636240818182
1243949924191997952
1243592817156513799
1243536765077671939
1243532891180711938
1243208571120160768
1243197333313073156
1243178138366066688
1243157089939226625
1243024065171947520
1243024064463220737
1243024063657885700
1243024062869311489
1243024060684087298
1243024059799085056
1243024055789371393
1242858492957995008
1242852107759300609
1242832731530280960
1242828567332954113
1242621839374987265
1242510859861098501
1242212180537245697
1242194768756707328
1242190693046550531
1242168869965398018
1240997738990514179
1240996208400838656
1240749944044244995
1240736166288207880
1240684650659446786
1240633985052573697
1240446340540350470
1240392261772423174
1240388455793901570
1240365825841868801
1240354640669048833
1240309444338122752
1240267573075288068
1240086698849193984
1240086696278056968
1240016852920795141
1239692508453617666
1239688567510761472
1239621590557614081
1239599379520139264
1238611324114014208
1238572317418061825
1238540317068058625
1238539893757956097
1238493919878483969
1238481912563470336
1238472110860898305
1238466891645100034
1238280969137897473
1238277682359676928
1238258947536142338
1238247797746475008
1238247747024756740
1238211927882584072
1238211926309691394
1238211924661284870
1238208457070784512
1238190608893849601
1238165310546509824
1238128817161584651
1238125437592776704
1238119003077345280
1238118210337230849
1237882005640994818
1237858432146747392
1237786131032412161
1237775593099460614
1237450691913842691
1237443084952240128
1237429908244180993
1237413950364495872
1237398268260253696
1237140370133323782
1237122281769500677
1237118775482290178
1237084910332055555
1237042023057809408
1236474047715737603
1236366002105049088
1236361934812975106
1236086030010396672
1236058321465024513
1236014819469377541
1235972220054376449
1235967492058763264
1235697780636565504
1235687639069704197
1235675922277285888
1235675919945207808
1235672626204377089
1235314685286723584
1235285568554250240
1235285567094558725
1235285565630828546
1235285564183785472
1235285562728292352
1235285561742589953
1235285560748658688
1235285559276380160
1235285558303354881
1235285556835340290
1235231317551390720
1235211455118667779
1235008175616798720
1234614996383993856
1234528133648408576
1233533983419437058
1233498706252619778
1233167174665228288
1233156953305690114
1233139029371244545
1233107531674705920
1232796486972461056
1232707464639975426
1232439402783105024
1232396061991415810
1232383395503759360
1232091021875515392
1232031107136282626
1231979351882727424
1231979350377062401
1231979348909084675
1231953563334725632
1230990386757349382
1230981356454371328
1230926817156108288
1230895909120114689
1230888210194141184
1230866479274512385
1230639370711060482
1230611386000199680
1230493004932186114
1230292835154452480
1230292834139430914
1230292832994328577
1230292831752925185
1230292828816920577
1228073120113872896
1228066423722958875
1228036263292416000
1227994311784062977
1227724241585483777
1227608547724103680
1227351304722419712
1227349329721032704
1227307853813370882
1227291170365149189
1227280495341395969
1227276501718048768
1227239002790477824
1227004478584500235
1226991086863822852
1226974150901846019
1226935489963360256
1226915311942864896
1226915310915158016
1226915309912756224
1226915308784541698
1226915307131953153
1226888909692579840
1225957199329079296
1225913918343786496
1225907772828667904
1225878379062349824
1225821232504942593
1225806706518765569
1225440583537364992
1225440581586911232
1225440580592947201
1225440579254935552
1225440578164445185
1225440576688066561
1225440575253553154
1225440574347628545
1225440573240348672
1225440572065959937
1225440570950275075
1225440569058615297
1225194609489465344
1225194449355124737
1225174232700682241
1225149796442394631
1225144151974596609
1224908046654197760
1224908045735596032
1224908043906879489
1224908043005108226
1224795377112637443
1224785385605169152
1224779429366456320
1224387108363698178
1223413694476013568
