1286055665346187282
1286055660887703556
1286012935458844672
1286002102616100867
1285998392859144194
1285998300215336960
1285962762229706754
1285947322241712128
1285740370857299969
1285732255776768000
1285599245068906496
1285580347485249538
1285580294406328320
1285316805016219648
1285297709537128449
1285268207616446470
1284203532502151168
1284188789804433408
1283869896510603264
1283810949275713537
1283778695505870850
1283765566914940933
1283044860719706112
1282733722836414466
1282733684089487360
1282722053423075328
1282721865912455168
1282441818660048897
1282439367785623552
1282373040198709248
1281709784169766912
1281314077080518656
1281314072890347520
1281293584659091467
1281293436570800131
1281228053021155329
1281037866668187648
1280980561981591558
1280980559716651008
1280980557787271173
1278711468003741696
1278711466632245248
1278711464904126466
1278697849266397185
1278409034132045826
1278070351667363841
1278027132795588608
1277706106660245505
1277654703380164613
1276604173543505926
1276241339982721026
1276203988359274497
1276203987394494464
1276158884487532547
1276158883346755588
1275912828394799104
1275865051514261504
1275861190376390658
1275861189394915329
1275761558929518592
1275536528551432195
1275449567111077890
1275447373829820418
1275422699087691777
1275144736916062209
1275058180435951616
1274726191300251648
1274355943128604672
1274084339811221504
1274076140135645186
1274060873326301185
1273973625587146753
1273689243731333130
1273645380081721347
1273635031999754242
1273633370430418944
1273621608142385152
1273391030042329091
1273347618173747200
1273336362977169408
1273304905319624706
1273299768085708800
1273292744530722816
1273292721218879488
1273290908180656128
1273280592499617792
1273271999238987777
1272986549551071232
1272892542586159105
1272743761991421952
1272743760259100672
1272693158082760704
1272693156618870789
1272693154018402304
1272618474108485632
1272618473345212418
1272587111699566592
1272543075261386753
1272531186469011456
1272308980547805188
1271868648928542721
1271868308271378432
1271503332692107271
1271266215001042945
1271153369856475138
1271140724176756737
1271136918538014720
1271136834391851014
1270445345030496256
1270431680055181314
1270397068075577346
1270359521534382081
1270359519982485504
1270343094697934848
1270162800548118529
1270161800374386688
1270161796477968385
1270097320231698432
1270003535053238274
1269021076568317952
1268644758198550535
1268644757233979392
1268616872586432512
1268616871005151235
1268610460515012609
1267812682578767872
1267610682754826245
1267610553914208256
1267610552941101059
1267511213317120000
1267511212390187008
1267511211614232580
1266465927916335105
1266145793817395201
1266145791862812677
1266145787572084742
1266095766667436032
1266095765216256000
1266000614309453826
1265987394614046720
1265984750877126658
1265789538284306446
1265789535306297345
1265725577035726855
1265725575001407489
1265698706940137472
1265656477622112256
1265406782563811328
1265253359159828480
1264670163250614280
1264211202374283270
1263945289246953472
1263923495823687680
1263904999173689344
1263872841147170818
1263872837548486658
1263859527457406988
1263610222561591307
1263610220229603328
1263610218568654849
1263553606554398722
1263526383172681731
1263505844303540225
1263251289435181056
1263251288604762114
1263251287006642178
1263226477027495936
1263213026636947456
1263180367487533062
1263128367899070464
1262920328826716161
1262901776367390725
1262901775465680900
1262901772860960768
1262850985808052228
1262527248403435528
1262527247417819137
1262527246201389056
1262388693525987331
1261306649006006274
1261078915185029120
1261078913851297794
1260950726190280704
1260727136010358785
1260727135154700291
1260727134298963972
1260662545221857282
1260642461858312197
1260597731350982656
1260597199270039558
1260596367694626816
1260354239714463747
1260354238397517829
1260354235486613507
1260273438255714307
1260273435344764928
1260271650739818497
1260271574831202304
1260269630029017089
1260269583279235072
1260269538794524672
1260251769382281217
1260212174502481922
1259988435986780161
1259988435143659523
1259988433465991169
1259959131034791938
1259161955077705729
1258886214721187841
1258868507858649088
1258821628106063872
1258806083356893184
1258765603906768898
1258530261098049536
1258530259919466498
1258530258065604608
1258187158017409026
1258187156901822464
1258187155056271363
1258137967358611457
1257811318888939520
1257811316959588352
1257811315000827904
1257811311464984576
1257773720556404744
1257773715971928064
1257773713606561792
1257755516547338240
1257415810345295875
1257415808172597254
1257415803466665996
1257396708746694657
1256303441024032773
1256302632601337856
1256249797281042433
1256012088016801794
1256012086540468227
1256012084908875776
1256012081847046147
1255984252304441344
1255974437935091712
1255960647021613063
1255951080371957762
1255563135597056000
1255276078572191744
1255276077079019520
1255276073237000193
1255192011751280640
1255155191772479488
1255155183153229824
1254886624825147392
1254886488661209089
1254777026809978880
1254777025732079618
1254405139668049921
1253765797291462658
1253757908606750723
1253736659780321282
1253499151381389315
1253440428642381824
1253440417238040583
1253440408744583172
1253428005705142274
1253398714145738758
1253383867672809473
1253320722400677888
1253067855333122048
1253003400784084993
1252986396354150402
1252693570814959621
1252652359752302592
1252652339133120522
1252589912655831042
1252300674936852481
1252300673850499074
1251267866487332865
1251246050209390597
1251205865149005833
1251205860719841280
1250789341951115265
1250531695285198856
1250517202060664832
1250482523504869377
1250181690095534083
1250181688661094400
1250136283940155392
1250111718413328384
1250076349664026624
1250076348779048961
1250076347030011905
1250076345947783171
1249803339535089664
1249788046423273473
1249788044837900296
1249725028997967872
1249704858510405633
1248654625026310145
1248615649833709568
1248417532765069315
1248365692698664966
1248347884174614530
1248328075915468800
1248255828207054851
1247949548674256901
1247609711568003073
1247332127278063616
1247212354414280705
1247212352686219264
1247207608047591425
1247203578399334404
1247176632957370375
1247176631908737033
1247157771180654592
1246915314916495365
1246569958223622147
1245829044437790726
1245760997383643136
1245760996398043136
1245533090782613506
1245376672091852800
1245376671055777792
1245362244810129412
1245362243769860102
1245065024621744130
1245039735229288448
1245008716585406464
1244998165121699850
1244682997561020417
1244666862371291141
1243690134094127104
1243630418059984897
1243554306487472129
1243344715367370756
1243194896267304960
1243194894560243714
1243179919569494017
1242980770773336064
1242873585397530624
1242491653354598400
1242476057162403840
1242476053714665473
1242191843326144515
1241898792003215367
1241869845685243905
1241772637321388032
1241748918184149002
1241502199722762242
1241159645626019842
1241115551105200133
1241095018963705857
1241081967988207617
1241024331301425154
1240704035679686656
1240704034069241857
1240681862575636483
1240681861120249858
1240426742042460161
1240426733230317569
1240426729098928129
1240408383523618823
1240360091464781824
1240342055366393857
1240299551875043328
1240299550658703364
1240299548335058944
1240269952269107202
1240080110960685057
1240030124768210946
1240030123560177671
1240003192374677505
1240003139778076689
1239974095065714689
1239964578852691969
1239951046212038656
1239613589801054209
1239192136605741056
1238558682855747584
1238513782391025668
1238496576433205252
1238491216309780481
1238278886896607233
1238262955587796994
1238143048732811269
1238143041044611072
1238124117431406592
1238082095664201729
1237802721597689856
1237788580593926145
1237477073545035779
1237477072035090432
1237477070638395395
1237441563111849985
1237408511069470720
1237398492588519425
1237398490894028800
1237110345690464258
1237037352784191488
1235658303436357634
1235647711002517504
1235647699518722049
1235647697249542144
1235572889740599300
1235294624933203968
1235272708964978689
1235014060485341186
1234590493436186627
1234573023614771200
1233464249072091136
1233416624226668546
1233207831383465984
1233136842343690248
1233080341981736963
1232720663519072258
1232433811981393920
1232391946905309184
1232365188424269826
1232341173198639105
1232338615407083521
1232319060051812354
1232034215384014848
1230910746994921474
1230888357825253377
1230561530732658688
1230560441413144576
1230533400689356800
1230253659663093762
1230253572136296450
1230224101735903239
1230163869135515649
1229911031847112705
1229858097558179841
1229858096106942464
1229858091841310720
1228812979182985216
1228780873539035140
1228387365737160704
1228370707391930371
1228048966601859079
1228045958254137344
1228021786517868549
1228021785062408192
1228021784080941056
1228004814631657478
1228004813163638787
1228004811720798209
1227976766167429120
1227766560955289603
1227746856282853380
1227746852872839174
1227746847617363969
1227642379328524293
1227346258630729728
1226930706023997442
1226645986166149120
1226253328830562304
1226191265294880770
1225185969919471622
1225155941286498306
1224702077097648140
1224459966662221826
1224459965198471170
1224424873449095169
