1286051699552071681
1286035467058675714
1286010152651575299
1285722661717508096
1285671920906764288
1285655900326367236
1285629619601911808
1285297266929152006
1284339979192274946
1284232686807244800
1284188167810187264
1284129961129971714
1283938926944714752
1283908486951313408
1283889617117339652
1283859850271825945
1283859343474073623
1283807269902327809
1283560403520442374
1283511242469052420
1283505119695380485
1283151264218587136
1283068103102955521
1282752648027017216
1281769287930216449
1281681677434212352
1281354178896560129
1281253399959416833
1280995854380400642
1280970037566869509
1280936574558130177
1280919138232348672
1280597058945245193
1280549317422592003
1280266433734246405
1280253299061600258
1279490358095876098
1278812922337267713
1278812885729398786
1278757576654688257
1278474239180509185
1278419107856166912
1278419107185033228
1278093398726135816
1278071169413939203
1277739238868635648
1277719592471875586
1277679889316020224
1276584137344847876
1276317251382231043
1276286886013796352
1276267036348383234
1276253714005794817
1276253713271795714
1276225094273118211
1276177657747648512
1275906354570498051
1275823495465906176
1275551938814377984
1275489972213161986
1275079217558872067
1274368596148391940
1274089841018486784
1273765496148688896
1273653300924157958
1273653300198625281
1273620517208162305
1273428860911190017
1273329410251403266
1273318518868660225
1273312081576689665
1273021549138923521
1272957118245724160
1272692114594377730
1272652249399988224
1272599148538195969
1272598541395877888
1272573241438212097
1272548114579193856
1271468863914487814
1270719486467796996
1270499921175687168
1270457151924899845
1269022906467733504
1268969444082057217
1268662063527874561
1268304374566174720
1267852020817506305
1267576123636043780
1267539914893205505
1267501933125939201
1266761199565357057
1266761136734642184
1266483203742851072
1266461538271068160
1266457071689613315
1266221150784364544
1266021920463601664
1265807917913116674
1265752768419110916
1265725881412132867
1265725738063474689
1265725645683900416
1265695622369345538
1265427168894636034
1265389961756409868
1264993460039409666
1264993457841594370
1263967037199613960
1263938453449965568
1263863775037440000
1263606709873979393
1263479605522038784
1263247165633200129
1263188337860501506
1263160682339618818
1263138241055797251
1262946651720867840
1262757044622262273
1262555831427567617
1262490278860128257
1262475475013771268
1262412330975014917
1262103197809889280
1261418607944187904
1261415707700584450
1261412457924317184
1261411357951430664
1261087924449402880
1261050101633556484
1260994217872109570
1260719690411843586
1260609430766473216
1260345467025719304
1260292753923215361
1260177520613359616
1260004239109210112
1259279812406972416
1258932847961870337
1258932789627572224
1258868255671926784
1258851663303114753
1258804434852872192
1258571149878923266
1258558912187506688
1258523590355349505
1258504666930970626
1258484165823127552
1258483277159071746
1258104183129018368
1257808231256162304
1257779655479832582
1257734149017866240
1257445131315302401
1257031134891966466
1256425769913458695
1256382537393491968
1256338921211887618
1256332083842019328
1256023687242887172
1255961831002210308
1255961815512645633
1255895624844746756
1255570465558605829
1255301652376178688
1255277480975503360
1255253573107146755
1254906874622861318
1254446083838705668
1253845092038782977
1253812414736408577
1253708737233158146
1253456320981798912
1253092120430350337
1253036930347995136
1252748450497585152
1252742961256955904
1252674887874985986
1252332279537508355
1252315780735217671
1252311141004476416
1252310634974392321
1252309846441025541
1252309814895656961
1252309798072311814
1252308621226053632
1252288513913040900
1251962437873647616
1251162963064442887
1250873284507418624
1250855566395748360
1250491659713802240
1250159629667008517
1249806993487015942
1248329944251412482
1247993480443543552
1247901913661575174
1247679003860893697
1247652228783116293
1247551835012988928
1247309763169398784
1247196594522464256
1246228805968179200
1246115817613414414
1245796618223435776
1245749751196377098
1245495686050824197
1245396182471450627
1245166405160443904
1245101738778124293
1245038751342120965
1244740932693614592
1244684107524837388
1243648415176822788
1243626386247618562
1243584158640885762
1243352138836840448
1243294300055785472
1243269325995343873
1243025496419549190
1243025493835776007
1243025491319296000
1242903603280588803
1242653657377771522
1242652927728197632
1242553334231437313
1242471026375737344
1242235325730246663
1241870121867542528
1241094442448232450
1241079287782014976
1240671339628937216
1240671338278330369
1240671336709701638
1240422880975953925
1240355358863998976
1240003502249820168
1239698771497365504
1238222966917390338
1238177034087673858
1238104697128521729
1237931093170454528
1237862832684728329
1237510082272940033
1237467217031299072
1237137891395915776
1236728212690022400
1236115670242390021
1236070383801061378
1235768361512062976
1235669828050001920
1235347291000713227
1234953479443165184
1233545431381987328
1233471477095247873
1233122501846327296
1233054717120524288
1232795338047676418
1232723777336827904
1232673733229371394
1232454995678769154
1231680433970122758
1230981007677018114
1230609619610984462
1230294933904527365
1230254985721462785
1230234443018797063
1229937227096055808
1229873173572784131
1229792510958067713
1228745287851761665
1228441033010302978
1228413248971689987
1228392471010447360
1227971435974610944
1227761239692120064
1227719690908241920
1227365777994592262
1227355433402327040
1227315412246958085
1227274000998465537
1227035035498426369
1226300623429292032
1226269486858330113
1225901919966814208
1225851305094209544
1225575269764861952
1225140101975617536
1224868027461783552
1224830194243993601
1224487015560949761
1224378119441743873
1224361981274152962
1223410668335960064
