1286074563336511489
1286026379453235206
1285996782409793536
1285965576779816965
1285953269274234880
1285718951691943936
1285705131242196993
1285693534528405504
1285674660181372929
1285665888788783104
1285655785708515328
1285631580137050117
1285631579486916610
1285601141804412928
1285594130052034561
1285588414771924993
1285346245838606338
1285334202649653255
1285322338339176448
1285302708878979072
1285283331345719296
1285244748358451206
1284997699054362624
1284957434058956800
1284912135760482306
1284890744306700294
1284869353872125955
1284835984182587392
1284627761538101249
1284615933747593216
1284590012684738562
1284569880109264901
1284556039195697152
1284508772073984014
1284494377738481664
1284269149481512963
1284257823883431946
1284232658340515841
1284218681321566210
1284210008901574656
1284198684423405568
1284186548804767744
1284186547844153344
1284186545801637889
1284164962097733633
1284149611129495553
1284134511580786688
1283507882663845897
1283502849175908353
1283484226776489984
1283463422974341121
1283463421703446535
1283429868395302914
1283186492119175170
1283186489971691525
1283186487719333890
1283184501523460097
1283164368964853762
1283145494722514944
1283128130090106880
1283112160198045701
1283062447822327808
1282830921893199872
1282791951381811200
1282778325161844736
1282725175700656129
1282725174396301316
1282725172999593984
1282725171061837825
1282704086152798208
1282453434252353538
1282398321177325568
1282330122385678336
1282084251756834818
1282028132170633216
1281975283797508098
1281745294905028614
1281721108782215168
1281698459494412289
1281660710875877378
1281616922254049280
1281341105024507906
1281328522053779457
1281307131174457344
1281285009995976705
1281285008007802881
1281285006728585218
1281285004887195651
1281265934930522113
1281024518308462592
1280989790096121856
1280970160896012289
1280951034823577600
1280901762216538113
1280892921802379265
1280643508173324288
1280614932162150402
1280573547438538752
1280524475616854023
1280256457833922566
1280219618058145794
1280193543496019968
1280148245067567105
1279916215872311296
1279855566341279744
1279803473161121793
1279536715607216130
1279487641931505664
1279433535468613632
1279176844152115207
1279120222805348352
1279063597927198720
1278847171811520512
1278828297414045696
1278811939930468352
1278791807006982144
1278772933255544832
1278754813405257734
1278748888195792901
1278737700569247744
1278695454188986374
1278695080459677697
1278694636148723714
1278693657332322311
1278693394911461376
1278486042799214592
1278469684329758720
1278439835129257988
1278421869520130048
1278398465060384768
1278361974812917763
1278119879309066243
1278101762357039105
1278101749618937856
1278101736280993800
1278092368667979776
1278091905956446208
1278091094111203328
1278063257110999041
1278062974880669697
1278040437765406720
1278040436041494528
1278033560788557824
1277972085835325442
1277970867406778368
1277970436173651970
1277970181734596609
1277757491460427776
1277732325745442822
1277707178607083522
1277681490940375040
1277642903104507906
1277634682520305664
1277387554157977604
1277323381952712705
1277264241549103104
1276994967341166594
1276980581105111040
1276940357150916614
1276888012455059457
1276667811709009920
1276655228461277185
1276642983258083329
1276625029493653509
1276608425594683393
1276589293964800000
1276579731706482688
1276570122803699713
1276352262495969280
1276320523253723136
1276311234703429633
1276292840721694720
1276264536580988932
1276255158033428480
1276234655713370112
1276182866079211522
1275934227511472129
1275905286964801536
1275885991279169536
1275864770114056194
1275834571158892544
1275817529794011136
1275550449190526977
1275532832706723840
1275507641880580098
1275502288480743424
1275502287239229442
1275502285645381635
1275482501272592384
1275477468045094912
1275475706458173440
1275451547632070666
1275449030600884229
1275437631980044289
1275424871435075584
1275213230852329472
1275194352604778504
1275172458245455873
1275137234027589633
1275122126492545025
1275089663087296514
1274848070577065984
1274782891147276289
1274719977053073409
1274531232953454592
1274528162429440000
1274448186053017601
1274402887368609792
1274363376915959809
1274080764737384448
1274062142073827328
1274015403669434368
1273995955952586752
1273759901240745990
1273741026327486464
1273718756959752194
1273642879324491777
1273629013068656642
1273396080420388864
1273353472537169922
1273330823631196161
1273308174079098882
1273283296751955969
1273023800154587136
1273005429136584704
1272991839600197632
1272969082577567745
1272918103702351873
1272901517671096320
1272658895727665163
1272647822546923520
1272609822240727040
1272581384918437892
1272559160001994753
1272550713281982464
1272312865521836033
1272249951532142594
1272183261960298499
1271911470826000384
1271861138981040129
1271825906965725184
1271807622476431364
1271544049619607555
1271531120853729283
1271503784527552512
1271457184182829056
1271181661833760768
1271160270925312001
1271141396649521152
1271095833199607814
1271095407553241089
1271094960717205515
1271094168379625473
1271093953476124672
1271092824772087808
1271092406813970436
1271092047081021440
1271074607899054080
1270861284846772224
1270816757389897731
1270796487786725377
1270775233792946176
1270762902937534464
1270761895683698688
1270756359470854145
1270748176853721096
1270455879356354563
1270423163906584576
1270375348744736768
1270146100599623680
1270146099563630592
1270146098498285568
1270146096447324161
1270117147507691523
1270099531485642756
1270056749412708352
1270022272242204672
1269767845606547460
1269713236699435008
1269652837824225293
1269389855177551879
1269328200401895427
1269279125736284162
1269050116557746184
1269027467395829761
1269016142720364544
1268994550011432960
1268978394114322432
1268961029507014656
1268934607837302790
1268727823189106690
1268675145616379904
1268656271928033284
1268638308076343303
1268638306964852743
1268638305463291904
1268623206056783873
1268605251281727489
1268576999485911042
1268571716558761989
1268555591238201345
1268325592409276416
1268297658289909760
1268274757377470464
1268253559113551876
1267934911937294342
1267855492237402113
1267855490870136834
1267626821329342464
1267596829610385408
1267580432301907968
1267561557975871490
1267550233971449856
1267528842303770624
1267485822674243592
1267236919684943872
1267148675148636161
1267148673596743686
1267112348038443009
1266870756207742977
1266836783855263747
1266814133594460163
1266780159123681282
1266738636806066176
1266437633217040389
1266437632231444482
1266437631178653696
1266437630255923209
1266437629261864961
1266396675259748354
1266145980551839745
1266125893807886344
1266125892545372160
1266113264997588998
1266093132225052675
1266065101012033537
1265796175522942978
1265783592443150336
1265764969800482824
1265748013580005377
1265748011960934400
1265748010174164995
1265739552355844096
1265709604991840256
1265364582786310152
1265319534895878144
1265292858921189376
1265016034794156032
1264931142697975808
1264931141531860993
1264931140592435200
1264931139413827588
1264920908139057153
1264692654203457536
1264640560825987072
1264596520604585985
1264320451444125697
1264269869685469184
1264213245172170752
1263945732513361920
1263892381696274432
1263870235091795970
1263831986633953283
1263616486234562562
1263616485378883587
1263616484556890113
1263616482895958022
1263591901061472257
1263569000249917441
1263545093748817920
1263522444431646720
1263511118632247297
1263254427160285184
1263235553698299904
1263216678453706752
1263199062456537089
1263186892922773505
1263171380394196993
1262889522972385281
1262873210758062081
1262851774211375111
1262831641585610754
1262815951113859072
1262815949809422341
1262800873454997506
1262781243466317824
1262734202820268032
1262522101656764416
1262495678439325696
1262486171776622594
1262471266881040384
1262426723255308289
1262183369703657475
1262155672709455872
1262155671497322498
1262061567010537473
1262017023632179202
1261770901810446337
1261710504747249664
1261683576535486466
1261473945045229568
1261470357774622720
1261435693126914048
1261385866037075969
1261356924265615360
1261296010762104832
1261024735531380736
1261002086243844096
1260979437085970432
1260961820673806340
1260940681738149888
1260730295285841921
1260710162530107392
1260699255251046401
1260699254085111814
1260699252910706689
1260690029753569280
1260656559224508416
1260639698369863680
1260627115457695744
1260609750892306433
1260345761218416642
1260325573265678342
1260245931259318273
1260240316436828164
1260228620968243203
1260222448697593858
1260220801955123202
1260219429410836481
1260217383396036608
1260212578615267332
1259977585183748096
1259960975622647814
1259947637790461953
1259930525138956290
1259891016905129985
1259843171191840770
1259629038424842240
1259577700290830339
1259536177524166657
1259242995087372290
1259203987842064384
1259154914850332672
1258928422270709760
1258910806227419144
1258903256224366594
1258890673261957120
1258876832205680647
1258873057571209218
1258860474772283392
1258849400794820609
1258534073972281345
1258509411041128449
1258490536605790208
1258469649001349121
1258418643597168640
1258411715236167680
1258402430418595845
1258185376759517184
1258147384967626752
1258130665737863168
1258115318473506816
1258099549182275584
1258099547408084993
1258099545726226433
1258099544526651392
1258095433513152512
1258061003771777024
1257848808190496770
1257836225244696576
1257824900636717056
1257816092723908608
1257802009744375809
1257802008351956992
1257785893793873921
1257764754287783936
1257757924098748417
1257744370163318784
1257722224213061633
1257463771057938432
1257452698061897730
1257433572140634118
1257413187692924928
1257390976781426697
1257380849764483077
1257363233767403521
1257342975555796997
1257092575279714304
1257040985416138752
1256984362144407552
1256733527707652096
1256662742993272832
1256636858995539969
1256636858127257601
1256595550234763266
1256369057634361347
1256350434978959360
1256327535052197889
1256316209726918656
1256293560225333250
1256276447662084097
1255987796289785856
1255965147799093256
1255946272093032448
1255919596017598465
1255634215913299968
1255625408814305280
1255620697684160512
1255614082943553537
1255596704893722631
1255586817337954306
1255586816092225540
1255586813806366722
1255573817969131521
1255560228344664064
1255317439937683457
1255286927516975104
1255268178906710017
1255249304580755460
1255232821867630592
1255221496244506624
1255203880180334592
1255159793804890115
1254939639154012162
1254926552627924994
1254901318352846848
1254877982956515329
1254860732396531712
1254851558623363073
1254820837569581057
1254543277182914563
1254490932537245696
1254445382760755202
1254184664605966336
1254153458652819457
1254124266523553792
1254076627463569410
1253839892314034176
1253822024864223232
1253810951805112320
1253798369689956352
1253779183626596352
1253771944773791749
1253758103595687936
1253739700734566401
1253473673165647872
1253473672175681541
1253473668388343809
1253435980968636416
1253415093443768325
1253384391495213062
1253364258730999808
1253107567158427648
1253087434306445314
1253075960490070016
1253058494141542401
1253047169160040454
1253034586315030528
1253008161990205442
1252791799816601600
1252791798390501376
1252791795760668677
1252768923331825668
1252765310513557506
1252758013523275776
1252750269898776577
1252750268753760261
1252676476526383111
1252656343972040711
1252637029990641668
1252623376570626053
1252410473649262592
1252393360876122112
1252375241436934145
1252347559231668230
1252326419939590146
1252306287242760192
1251972565150715904
1251971418222399489
1251938508899565569
1251650465688891393
1251602651285983233
1251582392223051777
1251582390910300162
1251582388850823168
1251566411756867585
1251300145481777152
1251270462031532033
1251250329213116422
1251230196461563904
1251216968855826435
1251186408250843136
1250944816114012162
1250928428301287424
1250903040690802690
1250892974751449088
1250870325505658881
1250855370693754889
1250855369611587590
1250855367187345408
1250855364465229827
1250842643061288962
1250824523672432641
1250584693059325957
1250568335391166465
1250557513998782465
1250536879260413952
1250525553322364928
1250515487529799684
1250496208243765249
1250496206213730306
1250496204963811342
1250496202933665794
1250477108184395782
1250477107035209728
1250477104891932672
1250477103193128960
1250477101125439494
1250453327441203203
1250199656228765696
1250178265291141127
1250155615802007553
1250139761404194820
1250125417295548417
1250105290005020672
1249838526348345345
1249808327300833287
1249794785520553987
1249775612333568002
1249754220938608644
1249488721650405376
1249451224463745025
1249394960094433281
1249087327072178176
1249060902319443968
1249020637386911746
1248763576887783428
1248728713652367360
1248688448510111744
1248650808310272001
1248388974986625024
1248373875546652674
1248366577373888518
1248355504570564608
1248347451184091142
1248328577273212934
1248310961066262529
1248293344725176321
1248276867607670784
1248009474259824640
1247981288763654144
1247956374371184644
1247922652263501825
1247694146497679360
1247670490640023554
1247657152941977600
1247638026823426048
1247621417148878849
1247602543020003329
1247590817222610948
1247566052554235906
1247556970250469382
1247337315686645761
1247322756624105474
1247282937826926592
1247241413374259201
1247221280769814529
1246955139325403137
1246901872562262018
1246858881571205121
1246603445215338499
1246564698419535872
1246534612949651458
1246498665805615104
1246242330232983554
1246230250603679744
1246222197506490369
1246211124695052290
1246199044776644615
1246191998429614081
1246173124917366786
1246154249823813633
1246135627248062464
1246113112434118656
1245852259877097478
1245835901969686528
1245823319225450497
1245810736762368003
1245791861983326208
1245774246166626304
1245767028083961863
1245750086593699842
1245716386078502912
1245483580479819776
1245470999488970752
1245448349169397760
1245426454453792769
1245339860023627782
1245109868324884489
1245092252017463300
1245086212324540417
1245067086298316802
1245050610757623808
1245026873727496192
1244763838026625025
1244733919913787393
1244716024110264320
1244697148484190210
1244683658717540352
1244678777688522752
1244390125477347329
1244354390204522497
1244327211039145984
1244307833358860288
1244046611963142151
1244007605049032705
1243979922592260096
1243953499676667904
1243702532301623297
1243677932733845505
1243668391988285444
1243637667583021056
1243614510230929411
1243580287352737794
1243318061521829891
1243304471926472704
1243266473021173760
1243255146936745985
1243237531262615553
1243213371517874178
1243194748979933184
1243022112853499905
1243022111725236225
1243022110227914752
1242969514913828864
1242950640575246337
1242599809518886912
1242501430537105409
1242473880993890304
1242213787073155073
1242196274130157571
1242180314731933696
1242166949800534016
1242142429576396801
1242091557710434307
1241888642441908225
1241872788111024130
1241830257692266496
1241807812033945600
1241807810251370496
1241773892777066497
1241521221524652033
1241496055855775744
1241480956361478153
1241468876837322752
1241459643991429127
1241420381476487171
1241201399897227264
1241169823566086150
1241169822077108225
1241169820827213824
1241169819384373252
1241153801010073602
1241140211016441856
1241127879720624129
1241101578137993218
1241098435756838912
1241084595367444486
1241065720307277824
1241065307629912065
1241048506468622336
1241022445148147716
1240771280149733376
1240754922225721344
1240731132485869568
1240719665875255297
1240675089705730052
1240675087772274695
1240455052663435264
1240425250036183040
1240403858959917056
1240393793003614208
1240370373750935556
1240340218034769920
1240335710005141504
1240054054119714816
1240040212798959622
1240024364453593094
1240018317471027200
1240003937681510400
1239992352845914112
1239992351285796866
1239992348886646785
1239988634687868928
1239962925055369216
1239706765492506624
1239688507997802496
1239643851272237056
1239606204462137346
1239325755118481408
1239281714813210624
1239224207608864768
1238981989962846210
1238934174951780353
1238890134533267456
1238593178497843206
1238572372510281730
1238536554827530241
1238513906152284160
1238502832795508739
1238254365850447872
1238210657452875776
1238200591047950336
1238179200567312384
1238166617252487169
1238153531158409216
1237928388142260227
1237838096345042944
1237834428858216449
1237816812504580096
1237806745998721027
1237792402053705728
1237791143129161729
1237767688858017794
1237767204197871616
1237766585382830080
1237751381152403456
1237743076556365826
1237517338896990208
1237503067047596032
1237481288778555394
1237448133057163266
1237436808377450496
1237420953904099328
1237160693050343425
1237147401292378112
1237124752122183680
1237107136230014977
1237085745178910722
1237071349421572097
1237071347471302656
1237046443216646144
1237001428595589121
1236777463688171522
1236724615411429376
1236675545812754434
1236445274819698688
1236388651640057857
1236350906687459328
1236091191600570374
1236074990736420865
1236072317584891908
1236052687948574723
1236035826846294016
1236010422920232961
1235980711133409281
1235980710164520960
1235980708692267008
1235755731464282112
1235743148330160128
1235733082302341120
1235732436589436928
1235710432893009920
1235692714068504578
1235655040649527299
1235643806525132800
1235586730226573313
1235585139708760065
1235584857255919616
1235364402783809537
1235343860810817536
1235342287913308160
1235324200103092229
1235279480291282946
1235279478991003650
1235279476826746880
1235241201072295937
1235241199440719872
1235038505656602629
1235029697978757121
1235010822914674688
1235000756626841600
1234978107553189888
1234970710801412096
1234923946736340992
1234912341336170506
1234872641598697472
1234860219626291204
1234606912534016000
1234550288230408194
1234516316326785024
1234493769858404353
1234260881405427712
1234187900314509312
1234142602057961472
1233925665080184832
1233925663234625536
1233893460232400897
1233841870398251008
1233792797293121536
1233582034490028032
1233498357106008064
1233463125040492544
1233190830468407296
1233159876479635456
1233149949694676999
1233118528380772354
1233113319881396224
1233112062034894850
1233110803223662592
1233106273458982914
1232833474584813568
1232810604265721857
1232794217124069376
1232776097764216832
1232764773508550664
1232745899417358337
1232726537281134603
1232476447148625922
1232443908723892225
1232434230090588162
1232403643619561472
1232383511161712640
1232377219458174976
1232349306180505608
1232344267038896129
1232323288954785797
1232096543995572224
1232084251283247104
1232083817499893760
1232083537710460932
1232082863933337601
1232082862473719813
1232082861018271744
1232082504355631109
1232071591602900992
1232071454755258368
1232036222794715136
1232010259671244800
1231989824791490562
1231738007327145984
1231697742059098113
1231653980163518469
1231415313905987589
1231315222134050817
1231257340252430338
1230979257897107456
1230951072283295744
1230921603057319939
1230650843810144257
1230626373443706880
1230607250533867522
1230607247610458112
1230576604729888768
1230556472599171073
1230549363170000897
1230318655335849985
1230297264142213122
1230284681456697344
1230261706091302913
1230200238041915395
1230172693183393794
1229937392943009793
1229884460369350657
1229855604002435073
1229819113524146176
1229575004972437504
1229518382484971521
1229454208929169408
1229182418055135237
1229140895343226880
1229099370886250496
1228857778816638976
1228804930712018949
1228761393718951936
1228443801087119361
1228404794152357888
1228379628605038593
1228355217600765953
1228114128843223040
1228080155761029123
1228065065686962178
1228038127970848768
1228026048467603456
1228009690975567872
1227747966053519362
1227722185474793475
1227688826396479490
1227653199047335936
1227653197898113024
1227653196602060813
1227653194773340166
1227650401153015815
1227648818793078790
1227612593495343104
1227363480891744260
1227363432334155776
1227325193808498689
1227313855983996939
1227303789431902209
1227286173921529856
1227257499230900225
1227257175065665536
1227256849323479041
1227051124751990784
1227026965149863936
1227005574476222465
1226956500955955200
1226932593464995841
1226673385465237504
1226615503952601088
1226558881465131008
1226283315268710401
1226241792384872458
1226184413345566720
1225933510294138881
1225913377454604288
1225884436769624065
1225858264312631297
1225818106431516672
1225561056086544387
1225528341001842694
1225495625564901376
1225470459128537090
1225256858413387780
1225232641894436866
1225215026006384642
1225206542263312384
1225206539851587584
1225180300248076288
1225180298729705475
1225180296800342016
1224892409986912256
1224889496359010306
1224887468970909696
1224887056754671617
1224886717343244290
1224885824971591681
1224876077631397888
1224828190495072258
1224808687287652357
1224808686247469059
1224808684783656965
1224808223829561344
1224790614623117317
1224510382829531136
1224491508524470272
1224468859328978944
1224433729436704775
1224433580685684743
1224433107761131521
1224432895957168130
1224432220485476359
1224431944806481921
1224431719052267522
1224431486763319296
1224102696442978304
1224069981010219008
1224023424248504322
1223792401858338816
1223713884789518338
1223663552868777984
