1286082391728164864
1286035737155006464
1286035635526963200
1286035615453048832
1286000828952670209
1285979965993832448
1285979766315782145
1285691589864480768
1285666545545498631
1285627047063228416
1285606578700324865
1285593286267174912
1285573083902820353
1285329651808612352
1285329591758778370
1285306332447297536
1285269105298280451
1285262510673653760
1285242839585001472
1285220721136824322
1285203539195604992
1284501302500876291
1284339477268303872
1284269855764623360
1284237582432337920
1284227787012706304
1284227692997472256
1284227656582492161
1284202793750933504
1284198631243997185
1284180987845292032
1284164581800255490
1284164579182940163
1283868641549848584
1283854495156445186
1283838722413170688
1283819991113105409
1283805287007293441
1283805286092898306
1283805284616503296
1283794127432241153
1283767746388467712
1283512374905823232
1283491121935646722
1283452003574743040
1283427432356286464
1283402120562171904
1283133700280954880
1283069729607909376
1283035173760753664
1282807764985745408
1282783347576467456
1282767190203269121
1282734614809686016
1282711055056154627
1282710609344241666
1282691352464162819
1282675489081970695
1282675120830427136
1282399117663059968
1282333972106604544
1282063773130297344
1282043256113491968
1282026730765430786
1281975019971764225
1281772926740631553
1281692881066106882
1281631820589813762
1281589634036895744
1281318227029581824
1281303077887361024
1281271767051501569
1281218645524430852
1280984281993576451
1280886565367996421
1280869796452749314
1280854296658153473
1280550010078314501
1280520894092173312
1280505344133935112
1280191960620380162
1279434397066956800
1278820868546797576
1278756881348079616
1278709921610174465
1278426419224285186
1278412077086932992
1278374406952124417
1278335334581964804
1278090160186540033
1278090159100215296
1278090158089347072
1278090148165701633
1278070508118892544
1278065081067212800
1278060980547846144
1278060317675847687
1278033788849631232
1278016884605161475
1277992104468365318
1277963190911946762
1277720160061751299
1277720158417686533
1277697078194573312
1277641414730342408
1277627109553430528
1277307220909273088
1276884999724167173
1276649097487925250
1276625516330651651
1276576582862323714
1276533097845141504
1276501494905180160
1276275669593255936
1276249058663948305
1276249057791553541
1276196355984285696
1276161479675465729
1275890395579219968
1275824589289844736
1275807948816756737
1275534691995496449
1275518742634524672
1275498810664460291
1275457607411499008
1275430816944992258
1275200041112801281
1275170867341860867
1275104025210490880
1275080587053633538
1275043959149072389
1274724161340882944
1274724100896731136
1274390537676693507
1274096258806886400
1274083859072724994
1274069268498391042
1274054834530865153
1274022250157654016
1273982337819303938
1273777141432430599
1273745435681685505
1273745297928155136
1273713497583616000
1273701144284606465
1273699204368646144
1273687067931881473
1273665211975827460
1273648926357364738
1273648918501429248
1273641463411335169
1273639358977806337
1273628080016424960
1273329079446618116
1273321812479414273
1273310329913696257
1273282954236694532
1273255317485301760
1272912896197042179
1272912892585803776
1272667357949784064
1272652461686304786
1272633261110562816
1272550923055828993
1272520500107976711
1271816197215059970
1271815998736175106
1271815944650633223
1271502162498027523
1271489320793374720
1271484297808154624
1271472769616809984
1271205345445261312
1271192659051319301
1271145474339241988
1271123581779525632
1271099630432985089
1270878500132515840
1270867041189277697
1270867034981765123
1270791536347938817
1270762605242703872
1270762599949492226
1270741397319168000
1270721565760475136
1270704857075384320
1270494551988482055
1270494329220599818
1270494225835196418
1270487098982895618
1270486910360846336
1270486671507828737
1270479038964957185
1270478526597259270
1270422055452921857
1270421690250678277
1270421604640620552
1270421380346109956
1270421211806392322
1270421070986850304
1270420855726714880
1270420789465055232
1270406139319062541
1270393494176137220
1270103391620997122
1270080227578982400
1270066668228751365
1269370787485454336
1269349210505306113
1269020270431473665
1268970088071389184
1268712523869630466
1268659794329645060
1268622797108060162
1268584126120148993
1268584123624538113
1268584092024668166
1268565690136637442
1268314650535436288
1268294839927365633
1267960428921044992
1267960428057055233
1267960426517708801
1267841038326149123
1267823321724235784
1267605801549664256
1267565056046350336
1267532254282121218
1267247508822142977
1267212208154406912
1267212135903277056
1266862382644510723
1266769558557224962
1266754931610062848
1266754917374492674
1266472539653656577
1266454050859626501
1266430949677584384
1266395928434561024
1266381670950883330
1266174693234507776
1266123647598690305
1266102523124998145
1266090297353818112
1266052261421162501
1266052260485873669
1266052259617611776
1266052258782945280
1266052257403080705
1266052252910919680
1266052221072019456
1266028571295956994
1266028561640632320
1266012883135102977
1265762737549979648
1265740768146153473
1265371359179411461
1265324348891697154
1265028744365830144
1265008538205765632
1265008530286956549
1264974084665999366
1264948298705784835
1264300129500217353
1263917951595528199
1263884317043888128
1263884316007976960
1263884306751111169
1263861802519101441
1263840543257309184
1263823280642969601
1263625545096540160
1263524454510014465
1263524453796978688
1263486616670285832
1263468883111002116
1263188301722406912
1263171874726522888
1263144805174923264
1263128064092930053
1262859183524925441
1262815382970208259
1262814966098395139
1262797356799528960
1262769218967216128
1262493421773692937
1262431203828867072
1262415136775647233
1262386773243637760
1262368563282640896
1261790718655262720
1261740201602400256
1261369377099673600
1261369195524022272
1261356211758198784
1261318095102021632
1261057484904517632
1261040150043414529
1261011685478932486
1260979028741234689
1260967038656413696
1260949528032743425
1260932684362080258
1260633816613507076
1260599845125046276
1260599563473182720
1260571572676579331
1260556640337698819
1260353395615043589
1260240527628349443
1260225090077315073
1259954587382870016
1259928345875222529
1259910048974848000
1259872035725074434
1259853442853548042
1259839177702678529
1259143641404248065
1258798989853577217
1258784337547481089
1258741332987777024
1258518443713691648
1258518442446974976
1258518426345025536
1258512217596497926
1258473599054340097
1258452293206380544
1258452291931250691
1258452279906181122
1258394134009860096
1258139768732430336
1258125840140902407
1258125832414994439
1258106931891314691
1258077455312510978
1258045664308723713
1258029621414592514
1257811323196510214
1257727864843239426
1257727649025339393
1257727648270344202
1257727647477612545
1257727646638780416
1257727633053360129
1257727632201957383
1257449141501857802
1257370883833966593
1257357079985172489
1257309372360716288
1256607953492209670
1256312250719072256
1256303533198127104
1256264524799324160
1256250562598834177
1255886874452819968
1255886400945303552
1255860125736329218
1255587433988657152
1255570360076025862
1255532990802939908
1255490876769329152
1255244333403471874
1255244332002693125
1255138266451337220
1254887941480026114
1254873145737195526
1254873133317750786
1254843294057664512
1254826867842048001
1254791381278752768
1254777277969133569
1254764557878337538
1254140597645893633
1254140432658780160
1254140259962458112
1254140093616369665
1254139947029692416
1254139719081811968
1254139585757450240
1254139387392200716
1254139284107362304
1254112431665819648
1253782635081617412
1253765797819932673
1253752264986169344
1253729146536067074
1253405831774851072
1253383171686780928
1253345963088936962
1253304151448211459
1253060649300746245
1253034557101744132
1252706070621032454
1252684525597069314
1252638577130864640
1252614501612105730
1252412718545383424
1252388031480266752
1252353078344290310
1252324866365276166
1252324865517944843
1252290003029245954
1252289901845856256
1252289775928655875
1252289644319784962
1252289530448629763
1252289428690616326
1252289200600170497
1252288911449047053
1252271953622241280
1252252365316653058
1252234087298764801
1251903243279650817
1251903238904872961
1251539117025964033
1251257057824641024
1251231395579670528
1251231394803650562
1251203142022291456
1251181002350825472
1250909676801126400
1250881392839282693
1250853489988841479
1250816373745475584
1250792403956633603
1250499360007348226
1250444538910519304
1250410770891931649
1250132533028757506
1250099344910561283
1250061632681762824
1249793693172842498
1249760288179716098
1249743750831706112
1249722590802911237
1249689690615287811
1249023629444001793
1249023487181635584
1249023368570892288
1249023051238273024
1249022752322813953
1249022588220633089
1249022472147439616
1248670002867310597
1248670001978134531
1248670001021833219
1248670000023572480
1248669999247523840
1248669997896994816
1248669996991033346
1248669996072476673
1248669970235564044
1248600060558020608
1248366685062602753
1248366681338130435
1248291419460173824
1248266159201361920
1247953617891573762
1247935488012554241
1247914899990339584
1247697862433165312
1247621142535385088
1247606498878017543
1247548335923384321
1247548334891569153
1247520967749816320
1247336214870593537
1247253131865608193
1247222502339891202
1247163703595843586
1246875473738489856
1246858608177868801
1246858508831567874
1246858303839166464
1246858106279084032
1246857988800786436
1246857733472575488
1246857405750587392
1246499077602398209
1246499071138947075
1246451170887024641
1246451165308616705
1246167712843419649
1246122251038187521
1245821666585915393
1245805435300524033
1245788307029659649
1245766750177763328
1245755419810824194
1245734056475725828
1245709296354111493
1245464743126548480
1245447076407885825
1245423084556992512
1245397512598495236
1245384168718118914
1245370374671360003
1245103656694878208
1245082851797651456
1245041500741926912
1245041499743625218
1245005932247101441
1244661280037896193
1244642187721289730
1244334325648084992
1244312661170565120
1244312656724529153
1243908562482368514
1243908462297243650
1243908331506262018
1243908177373966342
1243907644458295296
1243907576292495360
1243697181577674753
1243678526538043392
1243640493042544642
1243612051924291593
1243612051047616513
1243612049982263298
1243612048841478144
1243612043820892160
1243567272905629696
1243239275971428355
1243228707138887681
1243197840601395206
1243197726872879104
1243197620400480258
1243197546945630208
1243163987170283526
1243025185932021761
1243025184858214400
1243025182954065920
1243025158786473987
1242995675727609861
1242984530669006848
1242945286978318336
1242942920933675012
1242906865702338561
1242906720168341504
1242906603608666112
1242906486528806912
1242906389476831233
1242248091287388160
1242195461018132481
1242180541043990528
1242168033407373313
1242168032526585857
1242168027917029385
1242158266559283200
1242099693284450309
1242099692248412160
1242099690667155457
1242099689413120002
1242099688532250627
1242099687521505280
1242099681913704449
1242099681104142338
1242075633603223555
1241886020611776512
1241864568646877184
1241816507748962306
1241816497858785281
1241816497003147269
1241397184869924869
1241384200156131330
1241099678944571392
1241099677770174465
1241069435823312897
1241069434539778054
1241069433692532736
1241050643688800257
1241033129168703490
1240820319079796739
1240793345502457867
1240707837531000832
1240689234249277441
1240661981704708098
1240648559277424641
1240632699645296641
1240401110831173633
1240386821323919365
1240376463481868295
1240358608300195840
1240333459169652738
1240323297453256706
1240301932079702022
1240278741231841281
1240049695902367749
1239913034895831041
1239693623026991104
1239660350854873088
1239622230419607552
1239622223062880256
1239601339325452292
1239587968651866115
1239566235320422400
1239543584254234624
1239272288106582018
1239243130454659073
1239228843183013894
1239228630083014656
1239223660818432005
1239223659602022405
1239223657903390722
1238911801439502338
1238589899319672832
1238570371395096576
1238548974807560192
1238537556947419136
1238537008814776320
1238521179503296516
1238505485596266498
1238461136774758401
1238461135034163201
1238205400077524993
1238200707926409229
1238167369358376962
1238141505107374084
1238121803622559747
1238108023131975680
1237861359959674881
1237849111790899200
1237837218020024330
1237826361693286402
1237808758606180352
1237788391938326529
1237749222616768513
1237749220683243520
1237499287963082757
1237462926279217154
1237454093058215943
1237438321296539648
1237430657510498308
1237410207967436800
1237395456226967552
1237379065771892736
1237137238745645056
1237073100828741632
1237073098891046912
1237031910876090369
1237019265657638913
1236766795677171720
1236697183094784000
1236306285408075780
1236305869265981441
1236305521499459584
1236305296957394945
1236305167974166529
1236050099303784453
1236013236572557314
1235970330918871045
1235970329350213632
1235738481260810242
1235656952224546817
1235640470015008768
1235612153685708802
1235612152238682113
1235599992427069443
1235337087353868290
1235315112233312257
1235297949749518337
1235291019832365056
1235274196495880195
1235274194553901056
1235256964550139910
1235236475538739206
1235236474053963779
1234948055096533000
1234930352361295877
1234925321838788608
1234909760476139522
1234879870179717121
1234867845844041731
1234867843935690752
1234856003411140608
1234847093711306754
1234608797324390408
1234608795386601474
1234592713447788545
1234579217255424002
1234579215770669060
1234555510613061636
1234529489184489474
1234529488203063296
1234510369466527744
1234495325357977600
1233607756227207168
1233602146387611649
1233576431306903552
1233521682226335744
1233506139708547073
1233506137510641666
1233491183931994117
1233473255769563138
1233423551342039042
1233423549387464704
1233177116369354754
1233128366502555650
1233128364921294848
1233128362970931201
1233052561411837954
1232814118320689153
1232803336639913985
1232803254230228994
1232798494362042368
1232791349889523712
1232729659021852672
1232729657105096705
1232709520020910082
1232709518095790081
1232426831736950784
1232396699437543426
1232391173181972481
1232069829634351104
1232047296084402177
1232030807935447040
1231986928465170438
1231986927001317382
1231960032335495176
1231388706688290816
1231380725171048449
1230981612998758400
1230965052947058688
1230941753181528065
1230579768900423680
1230579767461732353
1230579765997920256
1230579764504809475
1230558541603147776
1230545938344742912
1230545936549654528
1230531331223883779
1230241725609922560
1230226071552917504
1230192658372579330
1230181808182104064
1230138039403307009
1229904117100773376
1229890120763006976
1229890118892367872
1229883071169626112
1229858142927888385
1229580141090574336
1229557928492797952
1229531319434121216
1229531316472905728
1229507901544263681
1229457791972020224
1229447611825840128
1229124302680842240
1229124001844416513
1229054108813819910
1229054046742302720
1228849352442970113
1228784948254920704
1228742880250023937
1228742878404513794
1228697364736679937
1228697363541299201
1228697362236952577
1228697361347760133
1228449274406432768
1228431656819642368
1228412105893695488
1228384592488476673
1228360338615209985
1228342435098423297
1228328150888669184
1228054962413932545
1228022962453929984
1228009891052343299
1227998036049223680
1227998034124050432
1227965254174466049
1227725988873867267
1227701557619306497
1227691447912144901
1227691446465110016
1227691444716101633
1227656199048515584
1227626079684263937
1227366858350899200
1227357536094953472
1227343368423907338
1227332342336950273
1227293233849479168
1227279948777308160
1227255202706837504
1227253229790081040
1227000566938767360
1226998793373134853
1226979852982661129
1226979851028049920
1226942686965440518
1226912133134327813
1226884615807393805
1226173832186064897
1225932791587786752
1225929874877173760
1225902327065911301
1225861971704254464
1225837053813891074
1225549451189682176
1225539339981115392
1225539338525696000
1225539336608808968
1225519610373513224
1225519608469360640
1225519606531600386
1225485321036554241
1225485319111356418
1225176178492870664
1225176177519800320
1225176176081145857
1225176174604800000
1225140163606609922
1225127562415935488
1225110984064368646
1225094284212408320
1224902792457879552
1224902791606521857
1224902790750920704
1224902789899440128
1224902789064810496
1224902783339585536
1224799858252570624
1224766604157865985
1224740386914160643
1224725006921424897
1224707546994311169
1224688914331570177
1224436260837527555
1224430486530822150
1224430485214040064
1224363646916210689
1224363644936491008
1224346325657038849
1223673403359539201
1223630412695601152
1223629623755407361
1223629622144851970
1223629616121896961
1223629614700015618
1223629613722689536
1223612601982164994
1223612600707100674
1223612598765137922
