1286061999747739648
1286046490754977799
1286014090956222465
1285968233028345863
1285965562426859520
1285965560405200898
1285954542295748609
1285907010664398849
1285788735515262980
1285784057515843584
1285686167711748101
1285674432003006465
1285672174146277377
1285672152595922945
1285672151664795648
1285601888436715521
1285601885479743490
1285325213648003072
1285325211005485058
1285325208245633024
1285289350574542849
1285276333673766913
1285251701214261248
1285212905227587589
1284967306834128896
1284881982623756289
1284881331655188481
1284881330757607425
1284528013208682498
1284489178491879424
1284483681474752513
1284441166642110464
1284438092422709248
1284437725815373824
1284436647946461184
1284333606526169088
1284317485504909313
1284185276873609216
1284129779390783489
1284125154973556736
1284122783165947905
1284110331485315076
1284089759355351047
1283862073722707996
1283862072372142085
1283850175287570433
1283830739595927552
1283827377517277185
1283813945392996355
1283755492616151040
1283598238310965248
1283490962287874048
1283470180014788610
1283137863132106753
1283130097881567232
1283084684096876547
1282793100612599808
1282781918996631558
1282781916681449472
1282756107694477312
1282706382341509121
1282132450974601217
1281931531573964800
1281790099982815233
1281785726791823361
1281682730506498055
1281639146700906501
1281304561274310658
1281292159799492614
1281292047106871297
1281286204797923328
1281286202977669123
1281286201429897216
1281286200024842240
1281286198380675079
1281281725499408386
1281279917402046464
1281206330406187009
1280944058274365444
1280941288016228353
1280926264963063811
1280916005099917315
1280909991134838784
1280909016718348289
1280592116255731714
1280571903757950979
1280558856351948801
1280558802383900672
1279883182230458369
1279026258307923968
1279014616325128192
1278773471556833280
1278772853626802176
1278745614478725125
1278719617494630400
1278698653281107969
1278689025331802113
1278687256602185731
1278685536765521921
1278681321762623488
1278656699646316545
1278426706597105664
1278426701224173575
1278388171345182721
1278361689650593794
1278318121988886535
1278302793573556227
1278268460695420930
1278097977630916610
1278095228956741638
1278094558069391365
1278081612224311296
1278071999655542785
1278056033303265281
1278034893503594505
1278012135692480514
1278012133939306496
1278012132223848448
1278012128453111809
1277988143396986882
1277367478402920451
1276978192604180483
1276714184965832704
1276622655928569859
1276592142824153092
1276566868237725698
1276549073701679104
1276535153070874629
1276515145448075265
1276508164280721408
1276236401030332421
1276235948800577539
1276231797899132929
1276231779393982466
1276231778458533893
1276219402250268672
1276201895674155008
1276201892419383297
1276201891442065416
1276194911403024384
1276194670582824963
1276186365177335810
1275955285236936704
1275907933180702725
1275907931544879105
1275907929464545280
1275898887639896064
1275867263351078918
1275857431264886790
1275476879730970625
1275457611970654208
1275446015747747842
1275446014552338432
1274464992830664706
1274464623622860800
1274464434463870976
1274443708386152449
1274357235217575936
1274354522559832065
1274349269856718849
1274348969372651529
1274037594813337600
1273930276125761536
1273729258716827659
1273694673404669953
1273677239893311489
1273677238483943429
1273644028685438978
1273643837546729474
1273602949273485315
1273380266090926080
1273373528092561410
1273365000875397122
1273351213954850817
1273351210918121472
1273339915057745921
1273337526179201024
1273321831018172417
1273317057057173504
1273281929396326400
1273222798194991104
1273011192156631043
1272958643277836288
1272957167054852101
1272941628349710336
1272830927891312640
1272604244613439489
1272551782925963265
1272551781042737159
1272543663634239491
1272543648786395146
1272543628167188481
1272269944357519362
1271829928514904065
1271810928464584704
1271525885301141504
1271525884097331201
1271525882591612933
1271525881291444224
1271525879940812801
1271494508925145091
1271164117303406593
1271164114291888129
1271142169437523975
1270764391194071041
1270764390292348928
1270752046136860679
1270558780493893632
1270372183353819138
1270082711882010624
1269739863785353217
1269350790294110209
1269326982245945344
1269316703642628097
1268657631964680194
1268657628290461696
1268631763477303297
1268628502934433792
1268572250938191873
1268551471152365569
1268536772549632000
1268524204053483520
1268288684924821504
1268288621108514817
1268288493211525122
1268246707080515589
1268240852901601285
1268240851517530119
1268220369359581184
1268218703600123907
1268218438826196992
1268216778230038528
1268216773876289541
1267935554102013955
1267926394606100481
1267554607972200450
1267518896199929857
1267229913658068992
1267100856979202050
1266833324405919744
1266468364370743297
1266426495142113280
1266426491694395392
1266400699639791616
1266400538222084096
1266400475102031873
1266354463612325889
1266131061144199173
1265762015265656832
1265762014376452097
1265371820775157764
1265311471841484805
1265287845490708480
1265287609716277249
1264938985316589569
1264920949557809152
1264251599322583041
1264240799279128593
1264164222327558144
1263521655923576833
1263208163052064774
1263183319874879489
1263183139561705473
1263155461525778433
1263155460326162437
1263137795012427782
1263125279465185284
1263110084143570944
1263104522685161472
1263097621696131072
1262779448803426304
1262043630530973697
1261997395245662213
1261695834699284480
1261492451338063874
1261486357362413569
1261438356568846336
1261395931682844674
1261388058831749120
1261381050636238851
1261378771518513153
1261369086992408578
1261369086056869890
1261369085041848322
1261369084001677312
1261369082978295809
1261369082085064704
1261253318338379776
1261036228322955266
1260994837135810560
1260973048687181825
1260958583220514816
1260696542337433600
1260696428994801667
1260696350863360000
1260690784430493696
1260682966126284805
1260672370978807815
1260658168390012928
1260658167161040897
1260603549895077889
1260578173676371971
1260358684074553350
1260358550825709569
1260356260748242946
1260214773586833408
1260172480540487682
1260172220720168960
1259931683647819778
1259803288603631618
1259557512304607233
1259225883342188544
1259174786481225734
1258899993836085248
1258880463898316801
1258795642140459008
1258703899894185984
1258702567170850816
1258512091431890946
1258489876858712066
1258456233440358406
1258370816829542405
1258180856419581952
1258165609470332928
1258147887730561026
1258130176946421766
1258062739316051969
1258062737848127493
1258057629487771652
1258057407835635714
1258057195293413376
1258057131753947137
1258056650994450433
1258055892806893574
1257970417593131009
1257753787604905989
1257687866425192450
1257687826415734784
1257687558403866626
1257687502200229895
1257402633494675465
1257351100707024911
1257019325602508800
1257019324176400384
1256994352376807425
1256937466143047687
1256594607032451073
1256237025088409600
1256236060281094144
1255966567789182982
1255821456891686912
1255576751788429317
1255576750509166593
1255576748709863425
1255536104348045313
1255535881559179272
1255514129961549825
1255256359886602241
1255239693043732486
1255183951548858368
1255153021350293504
1254830677507399680
1254744637031493634
1254484654486368256
1254444973723914240
1254120048664379393
1254103364251586560
1253777769642823690
1253767679409885186
1253767678369632257
1253767677505671168
1253724571901050880
1253470903637344256
1253393038468165633
1253390849628659713
1253375775434252290
1253360755530969088
1253072291082231810
1253071858079014913
1252938703804289024
1252936375202189312
1252909167444140032
1252755262726963200
1252747283332030467
1252740741585084421
1252735820957614086
1252711293443870721
1252699128309657600
1252688295554961408
1252639881882406912
1252639879151919107
1252615702860759046
1252600876285509632
1252598820162154498
1252598497637019654
1252353887907897346
1252347590059757570
1252347146180816909
1252334195915046914
1252327095235153920
1252221037615472641
1251950965332348929
1251941646637445121
1251621072576839685
1251604672542117891
1251238323089178626
1251208673126428672
1251187124453376002
1251184624014962689
1250944884778962945
1250944883608690691
1250932661792710669
1250900540785143810
1250900539019272193
1250882798765903872
1250851375258513410
1250846513493946369
1250844294404902913
1250844293415215104
1250844292509302784
1250844291674628096
1250719018689990656
1250522004211617792
1250459217196130305
1250398238588440576
1250201920637218818
1250085542370385920
1250083864049061888
1250031978101039105
1250002013116600320
1249505349872365571
1249458870084304898
1249456818188845056
1249283071112892416
1249078235708653568
1249077671293788166
1249064788002574338
1249022083729850369
1248982052290134017
1248922273731481601
1248668201774440453
1248668200843325441
1248292689830969353
1248282985016803333
1248198606647177217
1248198086335303680
1247945818520371200
1247936313589981184
1247904152513961986
1247895686495928320
1247876023393439744
1247875874608893953
1247875548795359235
1247649529710641155
1247584733715988493
1247584397349584896
1247550387458134021
1247534345675354122
1247530819914067970
1247341327647465473
1247160675618762752
1247110926484090880
1246777783407214592
1246359496898863104
1246210537291157505
1246059569266163713
1245728882810118145
1245683914213068801
1245583671840501762
1245460690846076928
1245371842455572481
1245344604049887239
1245093888634826752
1245064830266028032
1245020611950379021
1245006548415459329
1244774810984611840
1244724942660395008
1244711878485512193
1244632170070769666
1244383582665269249
1244373227369103362
1244000837950726145
1243899792826290176
1243682615175020545
1243663837318053892
1243630556174221320
1243307992243744771
1243297232104886274
1243201452996165632
1243201395597234178
1243201363468857349
1243169444215619584
1243025788221509633
1243021548753223680
1243017915877777408
1242993310144368640
1242990155801268229
1242923807389749248
1242921781083717635
1242901392320344071
1242764257474891777
1242587444240961536
1242576914138742785
1242571467444846599
1242571151827767296
1242569939917176834
1242557703995764736
1242557640024174594
1242557493563346949
1242501780652601348
1242454937445052417
1242418635253088256
1242184335438086144
1242111846003417088
1241778886305812492
1241738333350432768
1241447649347321857
1241336485158293504
1241331998397997056
1241329138704830465
1241134543651946496
1241062745702838275
1241059009190297607
1241053274322743296
1241045944444960770
1241045943392374787
1241038968071872518
1240979142482505732
1240795624385241089
1240749110258536448
1240723732211085312
1240721838059249664
1240721063861989376
1240400110648991751
1240359316722507776
1240302650790420481
1240300912100478977
1240300745062219779
1240043270283108355
1239892438191407104
1239669552327405572
1239580960368271363
1239305374521602048
1238605774814883840
1238574872508477440
1238537973043474433
1238499146123919371
1238487016964337664
1238461070043422721
1238209775906836489
1238168243841482752
1238158681751138311
1238154030926516230
1238143118408630272
1238141410928459778
1238124169554001920
1238124167272239107
1238124165825257472
1238124162016837632
1238102297688903682
1237883368903073792
1237882828303433728
1237865940106133509
1237821819018764293
1237809088882454528
1237805233113378821
1237805230227628032
1237805226935160834
1237805223390961665
1237805220530438146
1237803014787870720
1237784992526348289
1237778788416720901
1237770298088476674
1237459924575227910
1237412155936460800
1237397180551434241
1237397179100250112
1237397178114617346
1237397177120538624
1237044360446951425
1236822839480762375
1236393133266612224
1236392891381153792
1236359130568372225
1236354649923485696
1236062348009517058
1236062346545594371
1236050225783099393
1236041026923569156
1236041025086533633
1236041023316545539
1236041020904792066
1236041018555985921
1236041017108901888
1236029116916412421
1236000510496378882
1235979253193363458
1235647511974510592
1235632594265530368
1235616102832467968
1235613045910646784
1235602511244951557
1235590681982312448
1235535093101473792
1235320762266943491
1235320758940901376
1235319330205814786
1235290494026035200
1235290492553900032
1235290491111067648
1235290489642987525
1235287355835265024
1235279312808480780
1235271610300534784
1235271030551261188
1235255195313074177
1235230672618508289
1235214903599910914
1235214780887117824
1235214522501214208
1235211701664043009
1235072370961833986
1234960522493267974
1234958903231832067
1234955273325944833
1234952076372971522
1234944676752449536
1234943500996808706
1234904841669021697
1234879897019068416
1234861621287247873
1234850983999688717
1234850981676044288
1234850980128272386
1234850978677039109
1234850977674600448
1234850976219246592
1234846347687350273
1234606442394636288
1234606440813383680
1234606439118856194
1234603406548971520
1234595111037734920
1234579438924333056
1234562772337414144
1234560667857883136
1234545158538092544
1234518851838251009
1234187221739155467
1234186732008038400
1234186071375798274
1234185497175568384
1234185043905478656
1234183948835676161
1234119558480453638
1233591286206255104
1233481232991817728
1233479231650385922
1233472851631579142
1233454207388278784
1233422896707592194
1233421854179831809
1233233612008542208
1233233221363666944
1233135624980508695
1233133844754292742
1233128778156716037
1233115849403387904
1233097799077679106
1233083655611994112
1233082285588652034
1233081457989627906
1231381696462848001
1231370182716743680
1231368695613661186
1231271523203371008
1231010292840239104
1230956787781787653
1230948829777801220
1230900956017152005
1230900693776683009
1230538120988446726
1230510171660673027
1230272215515631616
1230247869887778817
1230247866079285254
1230147094624817152
1229846013474680832
1229842721327796224
1229829587925905410
1229813565168799746
1229813561851088896
1228411844576018433
1228397014167293957
1228385318388236289
1228385316014379008
1228383247639425026
1228376338198880256
1228376337204772865
1228376335745155072
1228373298423181313
1228371346276671489
1228333762481729536
1228111069689917440
1228111067676651525
1228050368120197126
1228046758640521216
1228040345298096128
1228039501672521728
1227983197578854400
1227712275143970816
1227690716744310784
1227677849974378497
1227667881166561288
1227657737766653956
1227650531239350272
1227622199319760899
1227594461728956422
1227376559369129987
1227317325143199750
1227317323683520512
1227315635098705920
1227313028229668864
1227311039492108289
1227310890896306176
1227310772956663810
1227286319207985153
1227273200981204994
1227273197168611330
1227273184879218690
1227235062934122496
1227233472936337410
1227055807860224000
1227030579423666176
1226992020092280838
1226992018561392645
1226981706516901889
1226977533306032128
1226961047027945472
1226956878388826114
1226954686613336064
1226951463080951810
1226940514433454081
1226881203350986753
1226881069313642501
1225948359183261696
1225946872755433474
1225946761669292033
1225944051905679360
1225842106448711680
1225797794667122690
1225794289021726722
1225790876183617536
1225790686542356482
1225583835720581120
1225523746762608642
1225518562250502149
1225253704728743939
1225182903665074176
1225160277601267715
1225156818118332416
1225153086555115520
1225137186833666049
1225120209343799298
1225083395195183105
1224804785439809536
1224803246058934274
1224801412837773313
1224777681595662336
1224750163807428609
1223690215719608322
