1286086831881310209
1286051579330732033
1286043359811960834
1285690234261377024
1285681213987069952
1285676035862859776
1285676034751442947
1285602578202603521
1285312461839773697
1285279962677813248
1285264247598055429
1285264246473928704
1284554743696822279
1284342228387758085
1284193955572326401
1283845893758816256
1283845629777715201
1283816225475371008
1283801646531780609
1283794073694937089
1283794072197566476
1283490334253690881
1283490333473550338
1283435696548708352
1283435695500152832
1283139487044980739
1283132386860044290
1283085706559131650
1282786520357838848
1282745244086198272
1282726492082970625
1282715268029046784
1282705493346193409
1281761827475595265
1281667156544049154
1281659862359957505
1281638526380056582
1281593354472558592
1281338576408649728
1281277706085314561
1281269308065288193
1281255975459131392
1281255974653833216
1281245003751325696
1280964020485447682
1280926441132175360
1280903458854449159
1280645062725165056
1280583817431068672
1280550824519892994
1279448446882234368
1279092210332585985
1278759719860043777
1278699646823608321
1278678522958163968
1278454229657694208
1278454226746781697
1278444640488828929
1278441033529991168
1278419494130667520
1278411488617795595
1278343473205260288
1278054493444284416
1278054492232187904
1278043562995855362
1278043562282749952
1278043561527738368
1278043560760221696
1278017440060932101
1277721121115254784
1277709715137495042
1277700791667691521
1277680634157248513
1277673929012908035
1276627631631450114
1276611790114357248
1276591775768088576
1276588616328896517
1276548071254626304
1276517275814723586
1276290959463141376
1276282460221906945
1276241249817767943
1276234715973005314
1276234687283957761
1276220684524564482
1276212671923335171
1276202951762214913
1276202950705152000
1276187125487144960
1275880312816513025
1275838773490835461
1275838772538679296
1275831783708385283
1275551774695448579
1275551773235843074
1275551771755261952
1275531686080585728
1275472973286256641
1275433133777838085
1275170006616113152
1275148050944733184
1275129670837641219
1275129669898194950
1275122080409948160
1275122079701045248
1274489348948451328
1274109815942524928
1274062494412259328
1274029899230195712
1274013433466359809
1273978463863652354
1273712803736694786
1273700516044984323
1273690808861052928
1273677262240571398
1273658071181557762
1273651704463077378
1273623193333497856
1273344150491009027
1273340596602785792
1273291855833239552
1273291852041551873
1273291851060195330
1273291848933572609
1273291846953979905
1273291845704060939
1273256324487356416
1273250168410984449
1273250054678159361
1272977751780327426
1272949310863347712
1272949309600825345
1272949307474423809
1272949305909940224
1272949304597131264
1272903353060790277
1272644721303846913
1272628340885725187
1272607959378509824
1272597937865076736
1272589872008658945
1272589871039815686
1272551675123957762
1271486600745279490
1271486599944077312
1271486599109447680
1271486597939318785
1271475802966761472
1271185694988386305
1271170967759400961
1271170966345977857
1271126085065936898
1271105627880898562
1270810509294649344
1270789982052069385
1270789980990865410
1270789980001128449
1270773206270578689
1270767468760440844
1270418201176924162
1270348032048009218
1270119032029675520
1270101487478345731
1270084416774307840
1268987573298499588
1268980191923232772
1268978774680514562
1268958592662671365
1268958359614558210
1268946884518989824
1268946883315105795
1268940288720068609
1268940287461777410
1268660298573021186
1268631516982231042
1268631516248256514
1268631514327236608
1268616477466169345
1268600826991345667
1268599213144838147
1268536511898832896
1268335728674603008
1268255952534372353
1267902497571704833
1267881721099403264
1267880373331144704
1267868115473510403
1267635691741237249
1267596915752960000
1267567447621742602
1267567446183030786
1266453220722913281
1266431449097474048
1266423237140975622
1266413251023245312
1266133666759086081
1266120059874934785
1266087308832452611
1266065570136494080
1266065568857231360
1265751660820860928
1265720183684988928
1265712024077639681
1265712023045902336
1265705432582172679
1265701175212617735
1265667152922710021
1265350694959296513
1265324300367781888
1265040416820195333
1264984688650641412
1264960949842255872
1264927272286523392
1264927269711237121
1264600892327645185
1263899689604337664
1263891124994936839
1263854424541323266
1263570409087254541
1263530190245957632
1263530188840845317
1263501655850594308
1263191032017149958
1263177853002297344
1263141525866926081
1262851137604136961
1262842041454735360
1262824798494830594
1262820800110964736
1262757254580719623
1262747822366978050
1262417840310759433
1261366109787193345
1261325924403949568
1261318478822326272
1261051326957522951
1261042902509277187
1261012741491490818
1261012740635836417
1261005564089417731
1260958352873590785
1260952633189294080
1260929019358466048
1260649161000550400
1260649158156795905
1260618428005711872
1260303112193085440
1260258206422614018
1260242207409344514
1260242203005329409
1260242202028060673
1260227709420154882
1260227708224765952
1260218553669685250
1259952122650558465
1259935121806893056
1259893741546016768
1259503509709488130
1258851779669884928
1258840042014937089
1258830323942637571
1258830323166609410
1258830322306867205
1258830320947822597
1258814971917611009
1258795161921953792
1258503938078359552
1258475658440847371
1258438775119777794
1258420220412207105
1258420219506307074
1258420218591940610
1258388059315482625
1258155752386187265
1258141044564283393
1258141043792343045
1258115684393005062
1258104328197455874
1258104326997905410
1258067020442144768
1257769114120130562
1257752102211854336
1257741323974696962
1257741322729017349
1257741321810427904
1257741320938041347
1257730073878302720
1257718095873015815
1257697435532644355
1257697434739884034
1257462502314606592
1257418364970041345
1257412141415641088
1257400529824686082
1257394123541303297
1257389895703805959
1257039773077778433
1256360505154973696
1256316358024990727
1256316357160943620
1256312661005856769
1256276427709784064
1256269093310783488
1256224799443103749
1255975634670624770
1255971885889830918
1255962083000233984
1255961072693129219
1255961071887712265
1255899816959320064
1255611705046040576
1255578990267584512
1255524683073695745
1255233681616240641
1255200462711726080
1255200461659004932
1255183400819986441
1255141942960091137
1255141941919903753
1254881378556170246
1254881377671155717
1254863078258126848
1254863077293473794
1254826009863520256
1254762640359985154
1253796081760194560
1253785049729818624
1253776874607648768
1253725670796075013
1253705571330674690
1253429489624731649
1253382925762134019
1253365839568547840
1253365837865594885
1253058666875564034
1253051088246312960
1253042850234880000
1253036451673124869
1253003939286523905
1252997765380149252
1252997763983446016
1252992835261018113
1252981561085046786
1252981536300900358
1252981518307295233
1252981505166643206
1252981492436910084
1252981476611756033
1252981452255477761
1252981429115510784
1252977500445200384
1252977499497209857
1252977498570338306
1252977497664368641
1252977496909385729
1252977495697170432
1252956413728522242
1252724677451157505
1252724676507381762
1252699239160971264
1252686961380392963
1252686960356995074
1252676041400868865
1252658273007874051
1252654984346427399
1252619233130885131
1252353931037904896
1252320329768329216
1252320328828755969
1252320327834705920
1252295758931525633
1252280416960229376
1252255917132955648
1251617080480354304
1251617079389753345
1251235146029764613
1251202488625053697
1251193687788392455
1251193523430359044
1251174690518949889
1251146455080992768
1250903824019136512
1250895799430656006
1250895798499454978
1250872092146401287
1250848086139768834
1250839953711513600
1250839952948109312
1250821692508844032
1250821691657379840
1250514269667577857
1250514268916789250
1250501572959838208
1250499228775976960
1250487945611665416
1250487944663703556
1250461567763845120
1250101151325880323
1250091246489567234
1250084565441527813
1249809359196041219
1249787234091483138
1249728419224584192
1249413218168160265
1248676447218290688
1248676446387802113
1248676444991078409
1248630476857839616
1248630475268198401
1248373737667416064
1248366633128787968
1248327527371857920
1248277269027618822
1248277267962384386
1248277267039629314
1248268400138297345
1248268398494208003
1247998293864570880
1247973573106569221
1247919747401908226
1247638106582417415
1247611346973319169
1247602660276142081
1247602659349204992
1247599656953143309
1247586676882526220
1247586675716493320
1247560667781103617
1247289291379744769
1247289290599563272
1247271562992123904
1247244512415580161
1247244511304200193
1247206317594378247
1246192839215767554
1246172642480214016
1246158131190796288
1246158130163191809
1246151614781587456
1246151613988864001
1245791433233219596
1245758550271504384
1245747314544840705
1245747313429135371
1245721956323860481
1245465111357198336
1245447099665256449
1245432217163247617
1245395453111402496
1245393071090683906
1245381228372639746
1245095318095646720
1245079967102369792
1245063523752906753
1245063522431664129
1245032842511486978
1245015958701424646
1244732799791357952
1244725316565848065
1244725315148156928
1244680482396258304
1244675458278526976
1244675455845793794
1244618387759775745
1244344112964386816
1243670954586386437
1243637347515842565
1243585842968506368
1243571299517181952
1243290918427426817
1243249570454417410
1243202138286837763
1243019969664880640
1242917406428839939
1242909812935065601
1242870484368310281
1242851754867335173
1242851753810370560
1242851752942211073
1242851752032043008
1242568930281086977
1242562921835769857
1242514400172441600
1242478673418166272
1242478672675823616
1242190163595481088
1242188782415249410
1242172380094574592
1242146743166304264
1242146742285541378
1242146741299937285
1242146740284928001
1242146739005673473
1242146738082918402
1241863929879552003
1241863922468245506
1241412583434915840
1241116355413315589
1241098800577609728
1241092937481682944
1241079774417731585
1241065215090921474
1241046367457476608
1241013548479918083
1240731257211949058
1240710362275516417
1240701980500082690
1240692665638727686
1240692663264800770
1240374640968642561
1240374639269949443
1240374637093060608
1240345192605126662
1240334172138373122
1240314480699072517
1240033300716158977
1240033299076190214
1240033297373298689
1240033295427043330
1240033293480923136
1240033291908022278
1240033290536521728
1240015931767689216
1240004430856163329
1240004428943458305
1239986698530021376
1239961167117856768
1239953610860974082
1239925916324835328
1239904549521043459
1239651394463969286
1239651393046302722
1239644604372267009
1239644071284654082
1239622068976660491
1239613882152386562
1239557000872235009
1239346629041364995
1239294505838411779
1239247966734618624
1239227664822685697
1239226416065138694
1238569024088391683
1238518933956812800
1238501072244744193
1238496503561363458
1238496501132939264
1238194587778375681
1238180504685420545
1238149936908324868
1238120565413761027
1238120563736010755
1237871277169201154
1237843705236574208
1237843702359326723
1237795224132476929
1237793150049161261
1237789002062876682
1237763488904290306
1237464844338692098
1237456854558674946
1237441373013446656
1237424970206240773
1237412312333631488
1237394495248855041
1237380322117005320
1237086944120750080
1237084129348517888
1236762149223043072
1236685133484298240
1236342807608143872
1236340899380187136
1236339402915434503
1235977565896142849
1235977564746919937
1235977563278897152
1235688666389008385
1235658882552188932
1235658881457631233
1235649845269942274
1235338372023013376
1235330521238048769
1235330520122372103
1235291029290586116
1235243354654420997
1235219871849476101
1234962207668133889
1234953890539429888
1234953889075662849
1234941399155585024
1234913591943409665
1234893821894414336
1233871321446174722
1233475692836327424
1233461959800037382
1233422879750021121
1233144370968354816
1233131084487045135
1233124873846902785
1233109620660547585
1233109619519651841
1233099494302023685
1233099492829925377
1232699449773826048
1232430555444068352
1232415907441467398
1232415906468372485
1232415905348497409
1232371012211220481
1232048638588805120
1232048624181432326
1232044625403219968
1230923182691037184
1230908562219642882
1230893715314618369
1230870161126830080
1230524368813543425
1230524025580982273
1230219739114475523
1230174093967872000
1228405411985883136
1228367460396609536
1228341265105903616
1228035408384217088
1228033342832074755
1227997809477136384
1227983582355914753
1227983580900528128
1227703075797917697
1227641092511846401
1227356956278611974
1227337198019764225
1227316047834947584
1227291975927443456
1227291969694638085
1227291967740162050
1227291966746103818
1227291965299003394
1227291960408465408
1227291958986596352
1227291957019447301
1227269417999925249
1227240034883002370
1227009907251204096
1226973492970762241
1226973491473395714
1226918596728758273
1225906918897659905
1225850221697097728
1225833406187134979
1225833388885630976
1225833367331115009
1225827966556483586
1225827963825983491
1225777073224126465
1225607225072345091
1225508969189400576
1225447339676053504
1225173986839027712
1225171890223943686
1225127800975306753
1224901151071576065
1224901149767143424
1224901148492075009
1224901144088129537
1224802431797809156
1224790678313586689
1224776517198270464
1224494917856178178
1224494913917792256
1224471888380014595
1224463621360668672
1224428486577852420
1224022431452532736
1223683492124467200
