1285989062675963904
1285927475130830849
1285610981545193479
1284211561595383809
1283129069652115456
1282770969833213959
1281690358787780609
1281269120177254402
1280961071361245186
1280898382589054976
1280855016279019527
1280591418315202565
1280539774349123595
1280492066070503425
1280228065432436737
1280203750183968770
1279426426530402305
1278821813443874816
1278726313046683649
1278676018212061184
1278464721168072705
1278450893952860161
1278429427765051402
1278413865177489409
1278060914206560256
1278031139605749761
1277723471372603392
1277686295406444546
1277640003309514753
1276280371877834752
1276213549400944641
1276191210651017217
1276147866453471232
1276132124953915392
1275905704520486915
1275872828437520388
1275849186811011072
1275808325754650626
1275779899396104192
1275776809695694853
1275770972461817859
1275207706270466050
1275173526115319809
1275168515260133381
1274805540472922112
1274764020122136576
1274742374325985281
1274427298016636931
1274399112440320000
1274394955138686977
1274003669877391361
1273749088115228674
1273695492904493067
1273678012093992960
1273670445712257025
1273612560340746241
1273374526634627074
1273344074842546176
1273327745217499138
1273271074944401416
1273018432993312774
1273017413437739010
1272884449609502720
1272677975897538560
1272654603440529408
1271579761656152064
1271525353106923521
1271487941685190658
1271485677000183810
1271190968444899328
1271166804233195527
1271153759125725184
1270820821561475072
1270751994081349632
1270719306687365121
1267959754049171457
1267832088507678721
1264941500208754688
1264924547700178944
1264895127677534210
1264610392292147200
1264237241985118208
1263955146771496960
1263927984026722306
1263896187054305282
1263871478191308801
1263871203418267648
1263586135952945154
1263585711615127552
1263485685731856384
1263476579860131840
1263219293707284482
1263199129846648832
1263172132143534080
1263158490056589317
1262808024730808320
1262790581798998017
1262480124353613824
1262400409324474368
1262393566703357964
1261667643301429248
1261377121731186689
1261345483173306368
1261313729834213379
1261280173061791744
1261037037752324097
1260988964040839168
1260979041617809410
1260942093121445890
1260914472602013696
1260704989569310721
1260670876879663112
1260670603926929410
1260338895134343171
1260297844004716546
1260264987764891649
1260201051388510209
1259901403050455041
1259845794309554176
1259577710776631298
1259210406167527432
1259136524542717952
1258888642698903553
1258824147729334272
1258802437118472192
1258446934873948160
1258406486654541824
1258113115629158402
1258089254758072322
1258036815589761025
1257765100825567234
1257279809488433152
1256984613907464193
1256943341868126208
1256660729974882305
1256639568041914368
1255953951968591879
1255166406854877184
1255166016046465025
1254838727475630080
1254833995646451713
1254821687566229504
1254208176888713216
1253730924786786306
1253721692226170890
1253679647033905155
1253417291875667973
1253405908899557377
1253401838663106560
1253035849492475904
1253007229705433089
1251170668240089088
1245462141148319744
1243180682161029122
1243180680764362756
1242925453758926848
1241814018148499462
1241076223473836033
1241072625054560258
1240684036265213954
1240654167598866435
1240646162098642944
1240382163784290305
1240048112871321600
1239686990343409665
1238628070996795392
1238546779181907970
1238208458840817670
1238166857200349186
1238112764293459968
1237802906742554624
1237802905270472708
1237790636679606273
1237748952583286784
1237407290099105792
1237407288421494789
1237374389353680897
1237374387726278659
1237063188870553600
1236082865252728833
1236082864275537920
1236010431384350720
1235683241845305344
1235665093834219526
1235665091913281536
1235615826516021254
1235301851559538689
1235216994510802944
1234971004960555008
1234513164840185858
1233457436603944960
1232742302059311104
1230896430828736513
1227355066623045633
1225524431965097984
