1286078268110770178
1286054699767148544
1286054479251623936
1286053729209217024
1286053069344710657
1286052558625222656
1286052173483253763
1286013274509672451
1285991215830368261
1285974698220806160
1285725537890111491
1285703097176805378
1285694798779777026
1285694110674964480
1285636503931097089
1285586927954071553
1285576161192443907
1285384398150524928
1285358306723274753
1285342681208627202
1285294872078045187
1285287509786845185
1284969093821538309
1284531724035260417
1284531722927910912
1284531721908768768
1284531719861932033
1284249999283351552
1284225792562524160
1284219585810452480
1284183077569404929
1284165581118279680
1283967498690297856
1283965516818702337
1283953995539574784
1283924774247260161
1283906380257038337
1283878683774554112
1283867964484116486
1283867533238390784
1283867188986646528
1283841807558705152
1283836338169511936
1283827068493459456
1283763276665372672
1283596022753550336
1283572801639571456
1283498573863288835
1283498573037015041
1283484412345151488
1283418646035877888
1283187833709056000
1283174695278268416
1283164058246471680
1283072284878491650
1283071985044480001
1283071690407215104
1283071384772460546
1282826154551005186
1282821484675661825
1282820768934420480
1282819363746181121
1282720549697990664
1282317101986983937
1281982935583924224
1281963947105673219
1281711901748211722
1281649867484352512
1281646357032300544
1281406987994005505
1281369108945211394
1281328074517291013
1281308417328627712
1281272652976590855
1280978070594359296
1280944686098722818
1280878350853009409
1280833566172160002
1280625445269102593
1280582074580303876
1280519602410262530
1280293348234969089
1280247949969195018
1280238080855805956
1280238080042074112
1280160706755809281
1280154776769044488
1280154776047583232
1279928044589809664
1279889864071221250
1279781899788062722
1279781898655539202
1279414666410758150
1279203268875313152
1279097577170853889
1279072093410414592
1278820316534517762
1278799861060702208
1278779795241869318
1278763794408321024
1278763468934598666
1278755669659791361
1278446942809403395
1278429984827281413
1278429703959961607
1278360841721708544
1278354646885687296
1278354105413636104
1278353563996094464
1278352985119232012
1278352381642772480
1278331274676121601
1278331273845575687
1278331273002582016
1278331272100827139
1278327895589564416
1278087011207913475
1278087010453000193
1278073736353234950
1278072941020839938
1278072534970351619
1278071838267097088
1278035761598803972
1278026891073634307
1277752343174529025
1277723738130329603
1277717762513797121
1277679325849010177
1277620300088258561
1277415851902337024
1277356548260585475
1277355721882025986
1277326895361785863
1277326702348247040
1277325558431592449
1277273607916400641
1277273323752357888
1276976456275501057
1276919975253626880
1276906608736587777
1276660839802720256
1276642880556335104
1276642306993655808
1276624937533480967
1276609673592999939
1276602777691717640
1276592195521458176
1276585046485467138
1276578204279545856
1276310554186076160
1276270535404593158
1276245902232092680
1276228480083124226
1276215160496160768
1276204445274169346
1276173844563312643
1276157424647487488
1275953786809352193
1275935486008156162
1275921711460909056
1275892611543425024
1275892372048678913
1275882674029281281
1275867695943233542
1275854915408146432
1275836684630925312
1275809692741259265
1275596980094459905
1275527649608294402
1275521492047011840
1275482310675177472
1275467547580792833
1275453898002583555
1275187054624661504
1275178497854455808
1275171920221286401
1275162648712265734
1275148844825743366
1275132429385244672
1274874167289171970
1274809327551946753
1274740398905319425
1274725589925146625
1274687108817522688
1274462029097717772
1274408383727239168
1274408382414368768
1274363881519935488
1274349193386176512
1274078834283950080
1274070430542897157
1274069145747947522
1274068591550349314
1274067718958915585
1274034951504244740
1274018171712831493
1274017458337320969
1273805422793756673
1273698247073202176
1273697778493947905
1273697201236193281
1273696614100742146
1273696305412521984
1273695578506039296
1273695017731842048
1273682641347383296
1273679859408125954
1273640527037181952
1273639183626764288
1273427976634466305
1273419361852755968
1273387978103152641
1273360418870898691
1273303789907386372
1273303376848175105
1273302706598424578
1273281955002568704
1273010654044176384
1272993551975165958
1272967970147446784
1272941178346971137
1272921923291353090
1272921629883076608
1272913546079358976
1272892456409972736
1272678560248016906
1272623381242920960
1272556020871696386
1272341294933819393
1272298894098079748
1272205460347781121
1272204936219176965
1271979371184771072
1271835218496741381
1271813373978689536
1271604018960310272
1271602759289245698
1271602247575777280
1271573244647288833
1271514306618757121
1271504112627134465
1271478664602046464
1271252720830296064
1271212123385999361
1271153764653772800
1271137159970422784
1271125807042265090
1271117750845485056
1271117045833310213
1270861552497889280
1270845335435345920
1270824767722053632
1270796723712122882
1270788147106983937
1270773007326289920
1270535083187994624
1270509795448164353
1270463466894221312
1270462825601929217
1270462275326009345
1270457635175882752
1270457051089719297
1270456675615608835
1270441980464635906
1270439192288468996
1270166220692688896
1270154587631226880
1270133643458068486
1270114523316457479
1270113885480157184
1270111792518369281
1270111040131551233
1269736388540456962
1269698704145031176
1269660949360914432
1269337539887992835
1269298000934903811
1269259941736570881
1269259503469559810
1269046999803977729
1268970693523312642
1268970353356931086
1268738298228457473
1268737305277165568
1268729828678815744
1268729233741881346
1268663818470731779
1268663303804518405
1268662530655870976
1268661897404002313
1268643778786725888
1268587097507725313
1268318156940087297
1268220973481852929
1268220212060487686
1268219133948289025
1267863291063402496
1267862822505066496
1267862125122326528
1267861443560583168
1267860980891037696
1267860525381287937
1267860022803005441
1267859623593283585
1267859185871605762
1267858668055334913
1267846637193478144
1267617493411119104
1267617018389430273
1267603846739656705
1266787196520083457
1266787195370831872
1266787192648732673
1266735749484904448
1266524842804854786
1266524841982787585
1266503283369222144
1266502385356156935
1266501557689991168
1266474327060471811
1266473721684021250
1266402112663150592
1266401660940750848
1266180798723633152
1266171891624091650
1266171270619705344
1266140201073680384
1266109551734075392
1266097621472546816
1266068904645996545
1265805931046199302
1265778181568593922
1265777799249395724
1265725838286356485
1265668149330030593
1265461609939558401
1265438567469404160
1265424802980016129
1265401721062375428
1265326832686993409
1265281538482040832
1265100340245852160
1264995475738038277
1264995474991390720
1264921667199008771
1264607829496926208
1264597696314253312
1264321775829204992
1264295736658845696
1263995827648974848
1263955072385527811
1263954200771338245
1263944673103659009
1263926915154563080
1263875254692327424
1263657809998155781
1263626711524167681
1263562743828922368
1263528013637001217
1263525833139990530
1263449654789910532
1263293434158342144
1263283367866322947
1263274700609896448
1263252249591066625
1263235419975680005
1262796019626115074
1262526263648047111
1262475571566706693
1262139538320822272
1261991776161849345
1261779241898856449
1261679764101836802
1261660044921315328
1261659199349628930
1261658897967972354
1261658549375176704
1261658249906081792
1261466395407036417
1261454841039196160
1261393409471700992
1261392687090946048
1261362722467266562
1261104329710329858
1261104329051774978
1261104328133263363
1261104327382482945
1261104326568796162
1261104325822230528
1261061822016303104
1261061325788254208
1261060264998379527
1261003260925808642
1260731810859933697
1260731808557289474
1260731800290316289
1260657329495654400
1260606095850188801
1260346799757373441
1260346798713028609
1260308990606573571
1260308379332939778
1260289212101922817
1260289211074318336
1260289210050805761
1260289208905879552
1260289207840526337
1260266092427083779
1260266091198234630
1260025255604613124
1260016345430716416
1259984205481750529
1259984204370231298
1259969132319162368
1259885374433824770
1259885023701975040
1259648149070794753
1259647831066980356
1259514686833332229
1259137835782803459
1258938634637582339
1258816990149558278
1258795896474664961
1258540246041374724
1258524868691128320
1258497453155893249
1258468759699959808
1258454565399265282
1258454196103282694
1258453775339094024
1258453185812987904
1258452788230729730
1258442373090152448
1258226550148907008
1258226204257255425
1258225967455232003
1258196907488354304
1258181825131941888
1258146130837278722
1258034675886559233
1257832589374754816
1257832355840090114
1257831813579509760
1257831324917923840
1257830392922505216
1257829806810505216
1257829054369193984
1257815202080448512
1257814587476451331
1257798781745221632
1257779633367416834
1257705732620894209
1257674728271155201
1257674329514479616
1257673541006381057
1257672764548358145
1257480572244541441
1257440429810819077
1257429297494712331
1257417701934477313
1257354489822154754
1257042839428632578
1256965330460704769
1256724588098183168
1256623115163119622
1256352981785677824
1256323745729265665
1256315630069768192
1256315495927742464
1256315352922951682
1256315161448611840
1256314990660710400
1256314858959749123
1256283624212660229
1256252500639985671
1256002007548256258
1256000260226285568
1255958301969395713
1255916895842287618
1255906212035600385
1255880391539462144
1255600315254091777
1255597279689551875
1255560128486690817
1255281991135657988
1255281794552922115
1255280746647912449
1255280202613129217
1255279700257234945
1255279270173212673
1255278773135650819
1255196859599073280
1255155395871547393
1254940062644568064
1254939768305090563
1254924819860258820
1254884194729197568
1254874294569414662
1254864414999580672
1254863443649323014
1254845451507060736
1254213327158460419
1254212579532181505
1254100359192051716
1254057332612481025
1254057029217529856
1254056771389460486
1253843667141484549
1253810190924873738
1253785997399273472
1253430021315682306
1253362723934687232
1253342895689601025
1253327877363216386
1253311508093820928
1253157275306426368
1253102881512849411
1253059252517851136
1253051748681494528
1252660043687788545
1252639019021807616
1252622548229070856
1252444686259716098
1252388379213225989
1252320520877608961
1252312786463588352
1252300671405248517
1252238623300300801
1251873841032376320
1251501685329088513
1251293111084396544
1251283222362820609
1251252011863101443
1251223020259213315
1251215576418181122
1251183808008855555
1251183123297112064
1251182500308811782
1251181956466950145
1251181307784302594
1251180834616487936
1251166944893566977
1250953269255507969
1250941306525925376
1250911814155677701
1250911386840051714
1250910591880966144
1250909280359854083
1250894345080844289
1250800984051331077
1250800806766542848
1250776523830972419
1250772873813377029
1250598104514080773
1250536921698316289
1250503445238480904
1250503030442790912
1250491749488869387
1250166985289347072
1250158054408171521
1250157354030714880
1250131065932591105
1249868138562363392
1248989935081791496
1248780088553979905
1248779563674591233
1248700461860954112
1248682283441295363
1248682035595665408
1248654512610521088
1248629184601219072
1248437927014739969
1248259874347245570
1248253627719979010
1248023808314925058
1247968463286611974
1247967912872366081
1247967519962431488
1247609978556465159
1247561853682802689
1247533964895481862
1247530444649717760
1247282680573673473
1247215190640386050
1246550831803006978
1246291894130421761
1246259356729032705
1246231173485006853
1246230526115053569
1246230064431280134
1246229368575320067
1246198567359873024
1246197925610389512
1246197763232194560
1246188122855084032
1246176633855324163
1246176357119295491
1246137063914852354
1246136859140542465
1246079255777345536
1245894631176486914
1245829887639924736
1245798334226407424
1245758938559270912
1245748349099270144
1245550550315200513
1245520982619586561
1245487577391644677
1245449422554701824
1245449021310808070
1245448434242465792
1245447951285129222
1245447444147691522
1245189047217278976
1245183591644106755
1245179789260005376
1245111146543222786
1245110971959521280
1245033339582656516
1245009829908930565
1244720922948493314
1244694812642758658
1244662566116261894
1244406490917715969
1244036293321019398
1243902203317936128
1243901567109140481
1243901364067020801
1243901136240816128
1243900788050665473
1243900628805521409
1243618686470180865
1243596575802306564
1243596368838643715
1243596224864718849
1243596019343884288
1243534635868569600
1243285093491314690
1243218112180346881
1243027641562775557
1243027493550010370
1243027343112888320
1242996281901015041
1242976115754500097
1242948254276497408
1242906620050444293
1242886495159177219
1242863677704933377
1242863124643889154
1242862943496286212
1242862357992349696
1242862207488098309
1242861998670569473
1242861845502967808
1242861623649415174
1242861201585037312
1242861044768346113
1242860922764431361
1242860713565093888
1242860401265709058
1242860254444040192
1242860048877064192
1242552991393120260
1242546790676733955
1242506742942048259
1242506298329108483
1242505629996060678
1242505264651264000
1242504820558356483
1242486959580332033
1242469310469210113
1242468736394842114
1242310472222871552
1242310221915131909
1242265223836372994
1242233014026977281
1242196824242425862
1242196649713315847
1242196536462802946
1242196404388409348
1242196338915368964
1242196040004055041
1242165259491835907
1241817017289752577
1241812987775717376
1241809402052710400
1241809042063929345
1241799650190950405
1241799179791302656
1241798504584032256
1241797624140791809
1241538365733974018
1241519295076667393
1241499667269115909
1241496517246103558
1241496331518119939
1241496162198335490
1241495891544100865
1241446316846321664
1241446159228567558
1241445744516763653
1241445435660808193
1241445244585095168
1241411810886144000
1241410861866024961
1241382097803190272
1241369245272936448
1241214846215094272
1241182038591447042
1241181752569323537
1241181577125781505
1241181349328891907
1241181032201797639
1241180581297356801
1241171471352901632
1241171020385595392
1241170978182397952
1241155179682168836
1241063637227315209
1241063467731365888
1240811469626843144
1240802128211456003
1240756955305652225
1240756561926148097
1240716530767233028
1240707294603640834
1240707062616805377
1240705726584180738
1240662519439593480
1240388378073448448
1240387742955159553
1240384850647023617
1240384198478831616
1240342239332700160
1240320456550473728
1240320287985537029
1240319828969304066
1240318796000305152
1240006403852558336
1239737540636278785
1239640710095273984
1239626943030575105
1239611296586358786
1239610559282233344
1239296436010958848
1239209658881134595
1239192368898850816
1238921721366880257
1238839741723836416
1238839471233212418
1238624960983302145
1238624609253105665
1238606280920629250
1238525849520963588
1238195711197487104
1238164976055001088
1237906209434415105
1237867410637459457
1237816219761291266
1237799157982793730
1237537644151635968
1237537052276580353
1237447258540576768
1237416081461051395
1237394412675592192
1237207568881246208
1237085277547646980
1237074540402028545
1237055451356975104
1237015227075563520
1237015119747592197
1236861118565486592
1236860259047739392
1236456324445229057
1236102536366567425
1236061608314646528
1236053590944419840
1235954590190796801
1235761877252218880
1235738305536368640
1235710279503265793
1235690651951513601
1235604832548868097
1235320697939021824
1235274984169385989
1234970054560641024
1234964534961590274
1234964323988049922
1234959751508897794
1234927224798810112
1234890277216825344
1234889646326284290
1234889314150047746
1234888983563395073
1234863273444610049
1234637786248073216
1234637109669113857
1234584259916107781
1234578955623182343
1234298163353223170
1233867968670502913
1233857295802683392
1233594145370968065
1233589621575028741
1233503457283395584
1233106347446743040
1233105908680527874
1233105760697167872
1233105467666313222
1233104937216856064
1233104676385624066
1232851682045890562
1232834178162610176
1232831617267314688
1232801176636329986
1232790457568108545
1232742495366385664
1232712963733278720
1232435765990195201
1232435140648849408
1232424951292059653
1232423551443095553
1232423226120327170
1232355731803910144
1232062309830447107
1232046840486531073
1232021398933123074
1231999237493264387
1231973969206693888
1231446740051599360
1231338527742406658
1231277863355240448
1231047465383714816
1231047161736884225
1230978586582159360
1230955272497192960
1230705487726829574
1230674804082171904
1230671371111477249
1230669525978357767
1230618396267622400
1230613315107381248
1230300110812303360
1229938014601842688
1229237912127991808
1228746784274554881
1228461246506246145
1228460329555853312
1228427328776212480
1228413552635060224
1228413065001127939
1228412582718951424
1228365606937911296
1228360208507953152
1228045174804271105
1228042347809792005
1228037695529791489
1228021015277527041
1228011977756282885
1227704795433230342
1227704546694193157
1227674128582430722
1227380740733755393
1227335359400267776
1227293649974763521
1226991350291337221
1226971608964911104
1226971438143492101
1226971227002228743
1225890476630429696
1225870832280489984
1225832113380974601
1225812644587884545
1225604759048069125
1225253746206236673
1225252834989527042
1225252385611755521
1225186588419710977
1225181073124089857
1225173101404741632
1225148622230163458
1225122456282726400
1224911046814707714
1224910783966056448
1224910577459437569
1224910403030913024
1224910121144344576
1224872581414694912
1224445032364560389
