1286083568792481794
1286046572321689607
1286019316559884290
1286017015103225863
1286016998435180544
1286011190049517568
1286011187533152258
1286011185465360385
1286011182474829824
1286011181216477189
1285995970321428482
1285995968316559362
1285995966366199811
1285995964491325440
1285995963476213760
1285995962318684161
1285995959818887168
1285987065163927554
1285904018582249473
1285711994562195456
1285665698958778370
1285659882138591234
1285659876040028160
1285659870348312578
1285659863549386752
1285654636934856704
1285612943820771328
1285596119708442629
1285580727615197184
1285325307193556993
1285318517777211393
1285237036581101569
1285226844825030660
1285226079733469185
1285169958155177989
1284503738481336326
1284503737541758984
1284503736568745985
1284503735532650497
1284246683509899264
1284226926400471040
1284226925351899137
1284203802430767110
1284170945113006081
1284154898830024704
1283900944263061507
1283900760128983041
1283900758564405249
1283885880361484288
1283863473693302805
1283849800895561729
1283822588746178566
1283804636319821824
1283804635392860160
1283796359682957325
1283783372972666882
1283783271227301897
1283531366500569092
1283514004263120897
1283483092766863361
1283476261298475008
1283447278682988544
1283447277936353280
1283447277172989954
1283447276518678528
1283430671076270082
1283165777387048960
1283117841756102662
1283112470912131074
1283102397963927554
1283087745615900673
1283087744714133509
1282738560530087939
1282736075874742273
1282699187247882240
1282294283849146368
1281936508325449732
1281630956642865153
1281610690999050240
1281593666168119297
1281593665241128965
1281324479461892109
1281258886687850498
1281258803518980096
1281239294888357889
1281239293692960768
1281231336439721985
1280966544244310017
1280966542621016066
1280950145505517568
1280950144511418368
1280936182323576834
1280926369833254913
1280876586506637315
1280876585654956033
1280874315249000449
1280602446331629569
1280556507365597190
1280546535537889285
1280546534648614912
1280525852669874177
1280216744443949059
1280205479671627778
1280174947797786626
1280147899196858368
1279399675443937280
1279399664970760192
1278802473164181504
1278802470844727297
1278801292002025474
1278800855257489409
1278792606722514945
1278785156787167243
1278773777460060160
1278768134179164161
1278761070639943681
1278743811846557702
1278737273362710537
1278729094583238656
1278729093442416641
1278729090430877696
1278462786243366912
1278428733859401738
1278427548771397633
1278427547915759626
1278427546909016064
1278427545587855360
1278427544585412609
1278423427771240448
1278393735299108864
1278385713675935744
1278385688338206722
1278369221215424512
1278356599485104129
1278356449056481280
1278287845585805312
1278178304588230658
1278178303623520256
1278178301929013249
1278178300175831040
1278178298439380994
1278178296749064199
1278178295021002753
1278178293133557760
1278178291262918658
1278178289597788160
1278178287987109888
1278178286443606016
1278178285369929730
1278082935783075846
1278028684650307584
1278028683505209346
1278020604797616129
1277998683762700291
1277976572910166019
1277975552247205889
1277955809385873408
1277955073788739584
1277744398076391425
1277744397346635776
1277744396650401794
1277744395673128960
1277737964920098816
1277734013738913795
1277734012744863746
1277705957737476097
1277684267880001541
1277671466893484032
1277656560987234306
1277615189299355649
1277597295702409218
1276961798088990721
1276554390539812864
1276534279531646978
1276520335400148995
1276255597474779146
1276220438029443075
1276218578421911561
1276193356368969730
1276181211078176770
1276170856604020743
1276152536177823745
1276148000558063616
1275899981879181318
1275899915969888262
1275891718571819008
1275891716382494723
1275843585456340992
1275826890226483207
1275810635645935619
1275793069779103744
1275781135176478721
1275781134429892610
1275781133654020097
1275781132752171014
1275773913419702272
1275532029904502784
1275531975034572807
1275531781685510144
1275487851401052161
1275455421801615360
1275453517524697088
1275437617924829190
1275159167154651136
1275144417855365120
1275144416697737217
1275125239538757633
1275091833174011905
1275079406340280321
1275056174950420480
1274688948221218816
1274097305789124611
1274041883996626948
1274041789851275265
1274029628894691330
1274015453879377920
1274004468670107650
1273998282327547917
1273998280947572737
1273712602150027266
1273686456041684997
1273667234024521731
1273659683761512448
1273656926870659078
1273656877650513927
1273656873372266497
1273656868729245697
1273656864983711744
1273656860135034880
1273656855764578304
1273656851238977536
1273653288655900678
1273631262586966016
1273627415525244928
1273624027211329536
1273620233391988738
1273387133110153216
1273375471170842624
1273363396017053696
1273319546510643201
1273319521336475648
1273319366507937792
1273298686076874752
1273282386181206017
1273258872577220609
1273000794489360384
1273000791624695808
1272992671502663681
1272982141559730176
1272979170440605696
1272968711972909056
1272927877726531584
1272901785200529408
1272888541291347977
1272849177337184256
1272614453993828352
1272591342896467968
1272584341537714176
1272579601001115648
1272579599117856769
1272564379829981185
1272549877952593920
1272546590910107648
1272545221373382656
1272528618506223617
1272499172839534593
1271632972421033984
1271544046280781824
1271494628986896385
1271469482901295104
1271460064298020865
1271455408465403909
1271444715133493250
1271192602700726272
1271162903731691520
1271162859351752705
1271139164600315906
1271115342840913923
1271115013353123842
1271109674687856640
1271096306744700931
1271094311103287301
1271080210608209931
1270836577384591360
1270812692794621952
1270802313557377024
1270788376656900096
1270788375922896896
1270788374597480448
1270768513469370368
1270762837363716096
1270736713573228544
1270735117598646275
1270719119373946882
1270719043083763712
1270485009904701440
1270460362656186372
1270447645148897281
1270410874650386432
1270390660416196608
1270385971108835329
1270353917042278402
1270347562998853632
1270143973600845825
1270101697524711425
1270098530426695681
1270089291134193664
1270049131893907456
1270047629984985093
1270047629297111040
1270047628126859264
1270034137521348608
1270005564022517761
1270005561703034881
1269990339646906368
1268983398854361093
1268972964990472192
1268969374452289537
1268956266417643520
1268937104249118731
1268922374814081024
1268720763701538818
1268656271860826113
1268649527952781312
1268642588027785216
1268623493546954752
1268610178510962688
1268601093472182277
1268595958251532288
1268583117029208064
1268579436250587136
1268567914560385024
1268567913360789505
1268567912379371520
1268567910580056064
1268566250130571265
1268559813396402178
1268237926271381504
1268237622209437697
1268237621257371648
1268237620246532097
1268237619235700736
1268237618191331328
1268237617188859907
1268237616245141504
1268237613363720192
1267480926616907776
1266487483908284416
1266487482079559682
1266482552715395073
1266427778611593216
1266403963701587970
1266383330028613632
1266381699161526272
1266372438373236739
1266068498964344832
1266031101719568384
1266004107627765761
1266003202312474624
1265765855666847745
1265747916670599169
1265740140691030019
1265740101642002432
1265719435043786754
1265701180442906624
1265699832607510534
1265699831626059784
1265698464312307712
1265698463322439680
1265696102302527496
1265695110844555265
1265695109523349505
1265688156390776837
1265688151693066241
1265658602020372485
1265658348210438145
1265626275554766848
1265365991976042496
1265348915009904641
1265289855417843712
1264919497753968641
1263890917620166656
1263858762256994304
1263846312157556737
1263842874594152459
1263834589082066944
1263660865708085253
1263655016105234433
1263577542935617536
1263562904718245888
1263562774149505025
1263552708130344961
1263546993324036097
1263546964051922947
1263536840470138882
1263524057955344384
1263522235475726336
1263510514556186625
1263486292861628416
1263486218421112835
1263485830867402753
1263477728566804480
1263475642970050565
1263472209949057024
1263464398435291138
1263458956598489094
1263240902010646529
1263227016712781831
1263213879733215232
1263205388926795780
1263185303860281344
1263176786810212358
1263166965675372547
1263140711853027329
1263124748663480320
1263106989581897729
1263101610340818948
1263092903259357185
1262870568807923712
1262870202414399488
1262828120308166656
1262813513745121281
1262798647743451137
1262780988649811968
1262755352509988872
1262754584600014859
1262754509945663490
1262754447995723779
1262733430393114624
1262733408473669637
1262512263791075328
1262511363685003270
1262477280481366016
1262460712196153351
1262460449297227776
1262459912753479682
1262455611750522880
1262445075604418563
1262445022496133120
1262445011246952449
1262444846838661121
1262438339472510976
1262430996055678976
1262430948353867777
1262428159410155522
1262424236586684417
1262420990782509057
1262413983224672256
1262376162468212737
1262115972082786304
1261763893950627840
1261763786127572995
1261763747980480513
1261763736794279942
1261725461689892865
1261483672777240576
1261446872020836355
1261366561220300808
1261352326217916416
1261345832005062656
1261340514009247745
1261338070961528834
1261332038264725504
1261328664467255296
1261293339334381568
1261068964832124929
1261061165049942016
1261042027438977026
1261034718017007620
1261034716444217345
1261028853469847553
1261028140337582081
1261004857835749380
1260985346373935107
1260971039900778500
1260956388039237636
1260935421250244609
1260675430480334860
1260670469717610502
1260662699748462593
1260658142657908736
1260644924355047424
1260641123917271043
1260641122193457164
1260632227588853763
1260625997545836545
1260612395254321152
1260597712506011649
1260593304950931456
1260582078011314185
1260564216538370048
1260562053636423682
1260300630603825152
1260281396767215617
1260265845269422083
1260254287235612672
1260243093888077825
1260238993091944449
1260221619299123200
1260212686966722566
1259936525535641600
1259911108565045248
1259911088356888579
1259898677734387714
1259898676857765889
1259898675981176832
1259898674865410048
1259884263455035393
1259880644869570565
1259865701696901120
1259865119015739392
1259509329612492802
1259509327745953794
1259248018458578945
1259167182279376902
1259166049464979456
1259100795389296640
1258866938257735683
1258866936903016458
1258848577490747393
1258841353695432707
1258838530123579392
1258831422665691138
1258831404227584000
1258831393980850177
1258819081869971459
1258802816203841536
1258788212853612546
1258773010779197441
1258773009772445697
1258773008057065472
1258532933154902016
1258486649370972160
1258470555113660417
1258459656638410754
1258442799340490753
1258441531054317568
1258441530227990529
1258439864179027978
1258427091332354054
1258417242758397953
1258399755295752192
1258392375883333633
1258154911499538433
1258154910362804227
1258134193680330752
1258125729633652736
1258108551094042624
1258107664913006595
1258093774800125952
1258076571988103168
1258076520913960961
1258073211285184512
1258055512840683528
1258038088649113600
1258032444445515779
1258032322718425090
1258031006877179907
1257800961327804416
1257800918558486528
1257780608660537344
1257780570832146434
1257778170532691968
1257777798523092994
1257774374297485312
1257750361554681858
1257748780323155968
1257723911363612678
1257700913470492672
1257686128666312704
1257380509618970625
1257348763221360644
1257306379812892674
1256997414793338885
1256997413677645824
1256997075801301003
1256691000266895361
1256310586905890816
1256310397881090048
1256310167718645761
1256284244281868288
1256276339184865281
1256274687245479938
1256256837046996995
1256242207658565641
1256227746524602371
1255993738486255621
1255993736187830275
1255970758813192192
1255942749037236224
1255935299357741058
1255935235021250563
1255924560819560448
1255924509741330434
1255924411187769352
1255923537807839233
1255923535593254912
1255923534800576517
1255923533986832384
1255923532866957312
1255914589033807875
1255911465556606978
1255895623800369152
1255875286685581313
1255874211874209801
1255866768511447040
1255857473141039105
1255854022176669696
1255604187397853185
1255598722899152903
1255581013264269312
1255557461945184256
1255552863599763460
1255542890937409536
1255530187531436032
1255504822398267394
1255284155526582272
1255233059496120320
1255231947124682753
1255226162999177221
1255212629901090822
1255201160698494977
1255197143922544645
1255193533599879168
1255193519569940481
1255188534832627713
1255163823067185156
1255163822136066048
1255163412612513792
1255163411677184000
1255163410435715079
1255152081649860614
1255143708246241280
1255143698641244160
1255143688872714242
1255143677921357824
1255139883250626561
1254925743349477382
1254905021986209795
1254869170128392194
1254866909524365312
1254862095230828545
1254852428039630851
1254787848286302213
1254776422507266048
1253819889246253056
1253818917493055489
1253817749631119362
1253812861442371587
1253812806534795269
1253795660027105280
1253790684223541249
1253762596274163715
1253754429163085824
1253744232705253379
1253705629535010818
1253688936926412802
1253642899348127744
1253442579703742469
1253437340585877507
1253437339260588032
1253432149782351874
1253432132627656712
1253426792704049153
1253426791433162756
1253426790015459335
1253426788673323015
1253397056724652035
1253389682299351041
1253383219124322311
1253343775679799305
1253330378087006208
1253324047997231106
1253046412494987272
1253027817614426116
1253005474955505667
1252991331879858177
1252969816970928128
1252953004950593538
1252921886918533120
1252757904911982598
1252756498788335618
1252755330963996673
1252755266094931969
1252720376662167552
1252720375659708416
1252720374690844676
1252720373675823104
1252720372610465792
1252667959853699073
1252662352283152386
1252648648674082818
1252633122262392834
1252602893150097408
1252602804864192513
1252587449177575425
1252587276992942081
1252587265546752001
1252329314894446593
1252316460426440705
1252315199912230916
1252312994668851206
1252312980546555905
1252298578283855872
1252292081722294274
1252292080560373760
1252274718801002498
1252261812038512640
1252261758900862976
1252244166156922883
1252244164890316803
1252224522226470913
1252224353535696896
1251971150059655169
1251964604709773319
1251882048861716481
1251615435281313792
1251219906575687682
1251219896526143491
1251219859096166400
1251185594430038017
1251181866964725765
1251181061079433234
1251176042758275073
1251147745454243841
1251134012569063424
1250953006432038912
1250932888851398659
1250923190693609474
1250913121717440513
1250905258559246342
1250901772467666949
1250898868100882436
1250890827586588674
1250869067482755073
1250863312495132672
1250858704473292802
1250830190093185029
1250816117913849856
1250809966673514498
1250795393090232321
1250565650587811844
1250525881338155008
1250525880495063043
1250525879442292739
1250475080188137474
1250475078363611136
1250475076543221760
1250475073473056768
1250475072093073411
1250458598246879232
1250434838596685825
1250424470021390345
1250377428649771008
1250219445068476418
1250219444107988993
1250219442254090241
1250167759150944258
1250118202581028868
1250118201360494598
1250099311054131200
1250095683102793730
1250079552245846020
1250062682725724163
1249825955872415745
1249807632078196737
1249798352943878144
1249784385437564933
1249784384133234688
1249765738421911553
1249732595333685250
1249721742072975361
1249696000085831681
1249324725257539584
1249067269210202112
1248725003631288320
1248718968665321476
1248656835705528329
1248649397858156545
1248629472183582721
1248364186813509632
1248363893312958466
1248321303964258308
1248309341511442434
1248309261316341762
1248288065011027968
1248286993613828104
1248275741202096128
1248252015781830657
1248240255490232320
1248039296629641216
1247996009545949185
1247982492138778627
1247960584244649990
1247942416377745408
1247921156843286533
1247921028854095873
1247918871442489345
1247895174014832643
1247602559021395968
1247584593886285824
1247584494741307394
1247555507231109120
1247542785537802241
1247541013045891077
1247536347272761344
1247522199721967616
1247522165898895360
1247522142830252036
1247517709925040129
1247278743464394752
1247237094826786818
1247236665929879558
1247235603005083648
1247197902373617665
1247168337316130818
1246875379996020737
1246859945263403008
1246859921653665797
1246830214577115137
1246467720796868608
1246437500438089729
1246210935083196417
1246171394435661829
1246171353042030595
1246169379257057280
1246151899897827333
1246151723934265345
1246143883265937417
1246136816345985024
1246119532630024195
1246103801871859716
1246088991130243072
1246088900814176264
1246071834648481792
1246039166384775169
1245844725661413377
1245840994270134272
1245829133013147650
1245825835786850304
1245822744119386112
1245822732014583808
1245815418301952002
1245807635221397505
1245807633388404737
1245789171186352137
1245782576515727361
1245763512493912065
1245763497495089152
1245751262982873089
1245750749784682498
1245743430954823682
1245514367191388160
1245496170287431680
1245464907719598089
1245464905316282368
1245435025509830659
1245432029677793280
1245429473987584000
1245421288509919235
1245413924335484931
1245399718416527362
1245386801172357122
1245361157436780546
1245354554046242817
1245352359410221056
1245114215205089286
1245101112950239238
1245089763599802369
1245070355586310144
1245070354642620417
1245068054729502720
1245064538577342466
1245039600860569601
1245039599388364804
1245017126961897478
1245012115095724033
1244791356230434817
1244791355198582786
1244755795847282690
1244702232584564743
1244696983329218560
1244684240819826689
1244677141201109002
1243975970320715778
1243949209797173248
1243903199884595200
1243874074612436993
1243673325487996930
1243672070132809730
1243665364329934850
1243654339417255939
1243641404003422208
1243628526127001600
1243614659476930562
1243614217971916800
1243614078142210054
1243570284780716033
1243558473138405380
1243296173336690689
1243262556220928002
1243247166493274112
1243238930348216320
1243238929245093890
1243227886263373826
1243227885017731072
1243218487125909504
1243196636035252227
1243031211209101312
1242935536354037772
1242931590998691841
1242924587987369985
1242896628559855621
1242896627897118720
1242885349833084928
1242885021083582466
1242878877048979458
1242878875870416897
1242878874779824128
1242878873789964290
1242878871495749632
1242878870400962563
1242878869427892227
1242878868291293185
1242858453313388547
1242849693736022019
1242847103698849792
1242835741065064448
1242835447023312896
1242835392870715393
1242815349592133637
1242815347050283008
1242815344382746624
1242815342872801291
1242815341899796485
1242815340029059072
1242762334541688832
1242576811197968386
1242553886264745985
1242548117519642624
1242547417133780997
1242544960433532931
1242535316893978633
1242512801597476865
1242512800490143744
1242512799219298304
1242512797709336577
1242512796518166531
1242511400695726081
1242503256946900993
1242490420770283522
1242482344696729601
1242482284105785345
1242466181346242560
1242462391478165504
1242462390354132992
1242458875317628936
1242458833336795137
1242235679314194432
1242194035034505218
1242190358454439938
1242190357225406465
1242169368345219074
1242159192615641089
1242147595381850113
1242138968399007746
1242138732318339072
1242138676961972225
1242128744732659715
1242106735667613696
1242084652245975043
1241842106215301120
1241827864309358594
1241797132518129664
1241785036044742656
1241784986648313857
1241781183475863553
1241711103572357120
1241505781104750592
1241505647327424513
1241505581850144770
1241486012242636802
1241479913254850561
1241443557816360969
1241436865254825988
1241427289793089536
1241422142400495616
1241422141356158978
1241402746881953798
1241402745170558977
1241402743316787201
1241402741446057987
1241402739927789570
1241402737818062850
1241402736144453634
1241360911052550144
1241128963516313603
1241102371478024205
1241098594456928256
1241075894858534913
1241074214364471296
1241063112012414978
1241037829309939712
1241027970090729472
1241013213560528899
1241008164012777475
1241001813828083712
1240994069700108289
1240994022740627456
1240950254662488064
1240950010176581634
1240769080547782661
1240769054090104839
1240765523954036736
1240765521328517120
1240765519818604545
1240765516819697669
1240748672691953664
1240747607263186945
1240738561697222662
1240738559579078657
1240737056122437634
1240733904824344576
1240701622126141442
1240698619688136704
1240693582521982976
1240693365764550660
1240688112214233088
1240673163303944193
1240653573777653763
1240653571365974017
1240645046636027904
1240633451646259200
1240611871524298752
1240408775388991494
1240395482800820224
1240395480862986240
1240385335688941569
1240385334216724482
1240385331393900544
1240385329980485635
1240385328504090626
1240383537532018694
1240379915347861507
1240373684096958464
1240373681261621249
1240368472850341895
1240362138272780290
1240349228775473154
1240347862988460033
1240332631465775105
1240328287815073799
1240328286175100937
1240318707978719233
1240311144255979521
1240311142498664449
1240311140367949826
1240303591975510016
1240293026603380736
1240290386935001091
1240274096090423303
1240273961583288320
1240041739857072131
1240014891777474566
1240014855253504007
1240004827649884166
1240004127213658116
1239997055101046784
1239955076413902848
1239955072970133507
1239944808032075776
1239937957223694338
1239926941379170304
1239915157045817349
1239915155108102150
1239670540765462530
1239670175810703368
1239646624927944705
1239643868905320451
1239621111622643721
1239593541086646272
1239574721810833409
1239562751707619329
1239292806281084928
1239282796507672579
1239213894339629060
1238839827270979587
1238838585966702593
1238581101062500357
1238580979071102983
1238563088263241732
1238549151589314560
1238546309424066562
1238537347848900608
1238517789889085440
1238501352889815041
1238486824466743296
1238475047184056320
1238474810801508353
1238462047001731074
1238457452506615809
1238227773170253825
1238215762994769921
1238208113628626947
1238195878181179394
1238188626074361856
1238185324070735873
1238185083334537216
1238184316837875713
1238184315256745986
1238175565254987776
1238172975968464896
1238160034107973632
1238159511023747072
1238147020109594631
1238147017718857729
1238135835846946817
1238129406759120899
1238111418844614656
1238096598112092160
1238082630530326528
1238055491390980096
1237856582886547458
1237856580466425856
1237844738960547841
1237827423351209986
1237822742377959424
1237816479950798848
1237812193925779456
1237808498337030144
1237798810761465856
1237783671438016515
1237769898157379585
1237769611644452877
1237759680509874176
1237759678580428801
1237759265047220230
1237734670638493696
1237502269777743873
1237492438203281408
1237492435774836737
1237486463576682496
1237471678399164418
1237459112436383746
1237444487640735744
1237444342819753989
1237443421620654081
1237443223251046407
1237443119106441219
1237440806199463937
1237428444939669505
1237428442951540740
1237425699251720194
1237406404308320256
1237406402840272896
1237398822239821825
1237394714011111427
1237384344404180992
1237379317442777090
1237137335260569600
1237123440366292993
1237111836824272897
1237093603064897536
1237082819429650433
1237082816984289286
1237072425692561408
1237058888131805184
1237056713234231298
1237036178685206528
1237034287611949056
1237027112273543168
1236652976531542017
1236630737916477442
1236630619402141697
1236630616810172417
1236630614415114241
1236630611974074371
1236630609423937537
1236630607104479233
1236630605162577921
1236630602708922368
1236630600343334913
1236630597398904833
1236630595079475200
1236630592764153856
1236630590365020160
1236630587923972096
1236630585545809925
1236630582731382784
1236630580684566528
1236630578092544001
1236038463935451137
1236038440778633222
1236037887667376128
1236037725851185152
1236005230355116032
1235970608548233218
1235952257243496452
1235941093323214848
1235941090605371393
1235941088692666370
1235684708094263296
1235684641597804545
1235672818861461506
1235662441129955328
1235662286821433351
1235633518627127297
1235618715867193357
1235613355919970306
1235613353625743360
1235603682613436418
1235593977291845634
1235593912196018177
1235593894471127043
1235584948733698048
1235387888906522629
1235303623476817920
1235301303196307457
1235291578727575552
1235289409077071872
1235254960650145792
1235237978152275968
1235231546308780032
1235212083203059717
1234983272972611585
1234976613978165248
1234922694174498816
1234896667725455361
1234886333522415617
1234886331135938561
1234870477295902723
1234869546311442432
1234852465515913216
1234826307701219328
1234604224534777856
1234583997394640897
1234570262852620288
1234569439972151297
1234552170994900993
1234495736013840384
1234267338226139138
1233889819165675520
1233784188840660993
1233763323948171264
1233763098621882370
1233503700985040896
1233503650624016384
1233503450408869890
1233486040964444160
1233468646590119937
1233451355202883584
1233439912537526273
1233430260047384578
1233415302475649026
1233411654441979904
1233411301122150402
1233411268192751617
1233176525261938689
1233155367317712896
1233154899287760896
1233153187961561088
1233151330463748096
1233137900549812235
1233137897953538066
1233121838265520134
1233095199108235264
1233094791279370240
1233084258144657408
1233084004036943877
1233079148077342720
1233079146869334016
1233060256814698497
1233060165760507905
1233049689886466049
1233046018956111872
1232811544628670464
1232783928831938562
1232756021292081152
1232756019429814274
1232731340543602690
1232715053448732672
1232695413666467840
1232686023257313280
1232685836908539905
1232468171191283713
1232442648620720129
1232385474964180998
1232377501202178048
1232377499671285760
1232377148574502915
1232370123966754817
1232364669039513600
1232364660545982464
1232364651964502018
1232364644465020928
1232355229657653250
1232337200685223937
1232328278360363008
1232318106598608896
1232306472798883840
1232091672512811009
1232085856225116160
1232065076267507713
1232062768674680834
1232060584474136576
1232044439503298560
1232030466829619200
1232021296835416067
1232005660621053952
1232002806762090496
1231978841893109771
1231978799417450502
1231969480869384193
1231969086999011329
1231956713798021121
1231956694466428928
1231953676006232064
1231552802142461952
1230942693448134656
1230921032539758594
1230921031071805440
1230884376969404417
1230867719337193472
1230858113332453381
1230858107082936321
1230593291592269824
1230586093076176896
1230537074916417536
1230515145799094272
1230515143831937025
1230236932107534341
1230236922909511682
1230211230444421123
1230200459346038786
1230167063039283202
1230167056181579777
1230166377148887040
1229925039161663488
1229868107986087936
1229422079503716354
1229420535165136904
1229414524148682752
1229181176444837889
1229178813122215936
1228695602554429440
1228417999952060417
1228403753092558849
1228388970989596675
1228388969542508545
1228370874979508226
1228370824564019201
1228350844124438529
1228347992161366017
1228340357676642309
1228340355747241985
1228104143845416960
1228056834596069376
1228056832662528001
1228043102809722881
1228030310220255234
1228026516140908546
1228026514542862337
1228026513083305984
1228026511623704581
1228026510172401670
1228026508721213440
1228026507228057600
1228026505793560577
1228026504854081536
1228026503763578881
1228026502794665984
1228026501330874368
1228017195508215809
1228008657696280576
1228002070848036865
1228000503377879041
1227986352945405952
1227982664281591814
1227976405809541120
1227766886848434176
1227764346077564930
1227751890055843841
1227722569626849283
1227722534877106178
1227718220167176192
1227717303787192320
1227714622796509185
1227705763159846914
1227672484129968128
1227667843392704514
1227664256570667012
1227640305400401920
1227640282189094918
1227635827607527426
1227635820791771138
1227621515920887809
1227608316261609473
1227602849883971586
1227602842266918913
1227602833953951745
1227354881754849280
1227342914570870788
1227335458977390599
1227328285501263874
1227314582961762306
1227311544477896705
1227305672028676097
1227291199331086342
1227291198810972165
1227291194935447553
1227284566223806465
1227271762582409216
1227251400012435458
1227251398573744130
1227246209670275084
1227211867740868609
1227211821230231552
1227003779171725313
1226989677762240512
1226989576406867968
1226984387989983244
1226984384139612160
1226984367274315782
1226984349205135360
1226936482881048581
1226936402581082125
1226931074296688640
1226927718832443392
1226927717406384129
1226927714919120897
1226927707155574784
1226905748749324288
1226896580810334209
1226853449947631616
1226244935172661249
1226173976491307009
1226143857273901058
1226141166590185475
1225915528314834944
1225869131741876224
1225868966645706754
1225861760802054144
1225861568254140417
1225861418014183426
1225856097061347329
1225817071608614913
1225817059289948161
1225817048904880129
1225817039996096512
1225807815949914113
1225801015494049793
1225762962520059904
1225588783451639809
1225585161716322311
1225533030569259009
1225508918014750720
1225499166484373505
1225446398054850560
1225446374650589184
1225446358007590914
1225446332242055174
1225432675869241345
1225423833676554240
1225411469677932545
1225204463213973505
1225204443844694017
1225183328275435523
1225181935200137216
1225181910747488257
1225172300141596672
1225172298606530564
1225172297616588802
1225172296152821763
1225163042712846337
1225162974157070336
1225150637526134785
1225143058049748992
1225121727933571073
1225094930605002752
1225087583396466689
1225065847221297152
1224899195502571520
1224857114147020800
1224857113014538240
1224857111785623553
1224857110523019267
1224857108094627845
1224802316219486209
1224797731618742279
1224787876661092352
1224774306107883520
1224761929509539841
1224760574069919745
1224753735680786432
1224753259186921472
1224733550856916994
1224719759356375041
1224710519032033288
1224710517106905097
1224135538837544961
1223736240975032320
1223736216320913409
1223591993504419842
1223401555828912133
1223400988863881217
