1286065963041828864
1286065961926156288
1286017803321974785
1285997945880371200
1285995148036304897
1285962654691950592
1285690942478077959
1285621812001300480
1285351394925404160
1284594413381890049
1284161894522052612
1284158577955844096
1283514499698356224
1283432385321660420
1283136536087629824
1283106920933384193
1283106919805095936
1283073799642992645
1282772586422652928
1282772585575362560
1282772584757555205
1282772583981608960
1282729287750041600
1281728351246454785
1281643781003964417
1281355124279963648
1281355122421886977
1281290773317603329
1280994647238537217
1280928366112043011
1280658860013846528
1280548567472500736
1280239474828402688
1280209145891680259
1280179249865867270
1279445613675868160
1279161754094833664
1279107030616342528
1279107029190217730
1279107026552008712
1279102839097303041
1278771824621318144
1278771823543332865
1278747572929089536
1278678468285403137
1278338430733180928
1278090907401678848
1277761766034821120
1277664769361641472
1277294676949692416
1276925057927753729
1276561890248986626
1276523611352899585
1276227663607152640
1276179846054522883
1275931836112232449
1275931833633398786
1275548131661189120
1275198553439141889
1275186869639106560
1275186868183691265
1275147065035599872
1275147062930059264
1274790689029701635
1274049068986228738
1273682245228744704
1273630644137050112
1273387119696723968
1273372154952744960
1273354361473658880
1273050174097461249
1273050172071665664
1272933732601573376
1272928111185686528
1272922684108636160
1272719708630835200
1272691030962221056
1272614128692023299
1272579559674634241
1272257577796034560
1271948278481879040
1271495005023002624
1271463144389398528
1271238739788836864
1271192684678414337
1271192681461342209
1271153694793318401
1271153693438574593
1270855104367742976
1270416901173198848
1270142810843275264
1270114946538369026
1269966662779891714
1269031527888728065
1269011949452312576
1268953341993693184
1268703837063270401
1268703834634772483
1268682629978763273
1268682282950221824
1268326941750439937
1267852472996913152
1266928249487015936
1266928247947710464
1266818236407885824
1266818220494696448
1265751582739542016
1265380467836022784
1265327410557472769
1264978078062784512
1264616701095669760
1264616700164452352
1264300067860762625
1263948220570329088
1263926354623582209
1263911297919434763
1263893824893411330
1263557630615666688
1263509686029967361
1263509684859764737
1263246877371150336
1263232537112883201
1263217022386581504
1263157247720353792
1263141004661542913
1262818327719669760
1262818326809460736
1262526065701867520
1262500399338012672
1262489772880093184
1262484191377154048
1262472717170667520
1262472716260540416
1261431409345826817
1261429984586903554
1261092289209708546
1260982266613788672
1260748407418662913
1260709820765663233
1260709817942806528
1260697674199650305
1260697476333359105
1260697475486150656
1260642626191020033
1260279890122698752
1260279889443184640
1260238136057016323
1260009650029654016
1260009644346322945
1259553453644214272
1259138313211924481
1259138312125607937
1258938895800004608
1258938894826917888
1258882911895302144
1258817016502251520
1258552453521215491
1258528216106430464
1258528214265126913
1258075680752857088
1257841868752031744
1257794817926377473
1257708439892946944
1257708437254713345
1257480925555724288
1257454966811344897
1257412546392285184
1257044966087356416
1256352601404092416
1255954092570013696
1255954090703515650
1255204903342895107
1255204902197841921
1255204901451206656
1255169294855335940
1254889537127378944
1253805837136457729
1253805835949445120
1253775803143217152
1253448554443489286
1253393414839664640
1253393413984018432
1253033142966816769
1253033140878143488
1252724938877751297
1252724937686609920
1252679275620139008
1252362789542170624
1252362779513647108
1252362771024375811
1252362759754276865
1252362726610833409
1252362679173304320
1252304568282537984
1252304566667755525
1251957478339690496
1251957476573843456
1251957472077574144
1251262693996064768
1250845448593522688
1250821716516974598
1250567406105194496
1250567404280676355
1250535147516030976
1250526936889090050
1250494018091245568
1249781763116642305
1249756191367913473
1249756190327713793
1249352745884086272
1249051174520492033
1249051173211926534
1248326555845054465
1248266379108560896
1248266377997062144
1248266377216942080
1248001734246420481
1247958318745698310
1247641110635106304
1247630438710923265
1247600538893447168
1247600536943095809
1247600535311540224
1247311340558901248
1247267067155234816
1247191168758120454
1246194763298156544
1246169301750513665
1245492725530722306
1245469304201584649
1245382370284449792
1245376410912522245
1245376409884930051
1245152629732380674
1245106337203261441
1245106336070881282
1244734861916753924
1244656323729465344
1244333543125385217
1243936290107797504
1243936287712780289
1243929173720260608
1243647660084658178
1243647658666967041
1243597453263241216
1243597451493347328
1243579334838935552
1243579333752619014
1243324382644232192
1243324381662715905
1243324380333117441
1243308654700437505
1243212944898437121
1243211645180088323
1242985984557449217
1242969072494673920
1242969070808502275
1242612413037412352
1242612410617298944
1242231596473819138
1242231594242498560
1242184840457445376
1242170167246929922
1242170165615304867
1242153556368596993
1242083948127289345
1242083860373999619
1241418799838048256
1241418798047137793
1241157640987820038
1241157639800868869
1241157637854674950
1241157636256563200
1241157634595737604
1241157633274523649
1240722922521735168
1240425881761447938
1240425879827820545
1240425877407703040
1240331557908422659
1240328231900925955
1240041774489493510
1239998742134239233
1239950039658704897
1239950037972647938
1239691018200547333
1239691015302320132
1239648924991979520
1238629636940201985
1238629636046819328
1238629634960490496
1238629633739960320
1238629632582303744
1237830845228089351
1237830839947472899
1237498529620385792
1237497217092587521
1237497093763280897
1237466597708697600
1237466596249145346
1237447864177045506
1237133636505346048
1237133635540615168
1236778727222149120
1236778721501159425
1236738879471976449
1236057534382903296
1236057531971231745
1236052894429962241
1235955554444509186
1235955552930365441
1235955551789617154
1235329059170717699
1235329058143166464
1235329056998141955
1235242119062867975
1235242114319085569
1235242109520801793
1235242095226605568
1234902308888207364
1234883576006692865
1234883574521827329
1234548581589225477
1234548553403584513
1234548505831772160
1234216611537674242
1233503093708464131
1233503092710297604
1233480040966426624
1233479993134604289
1233451766831775744
1233451765212819460
1233105437425328129
1233105435986665479
1232761182756442112
1232761181775048705
1232378606548115456
1232346625512701953
1232346623675707397
1232019904297041925
1230981621781794816
1230981619932155904
1230573867845984256
1230573865715236864
1230253668542357505
1230253667082801158
1230247959150944257
1229885547570700290
1229885546081722368
1229438333312524288
1228499819754381313
1228411323857489923
1228411322192289793
1228392893423013889
1228366106718560257
1228326219986427904
1228079981370236928
1228079955654868995
1227999228947042305
1227998997387907072
1227314322994552833
1227314321048379400
1225537712851181568
1225182327447400449
1225182325987823619
1224888742844030977
1224887433080254464
1224887431629090816
1224886876248707072
1224886704395489280
1224886703409811457
1224886701929181184
1224882309364637696
1224881718575931393
1224880976599404545
1224880381268254721
1224856404953042947
1224805413918593024
1224805412173688834
1224805408960929796
1224805275309412359
1224724181817925632
1224473696695472128
1224473695688806400
1224473694698909696
1224473693264453634
1224473208621060098
1224457495667593217
1224457493331369991
1224371963164008449
