1286100086536253442
1286022954770284544
1286021076179283968
1285994014152499202
1285990386133917696
1285965850726379520
1285954988234219522
1285953245903384578
1285940271025287169
1285726708642054146
1285711153663008769
1285681209855692800
1285662831912730626
1285635437680300032
1285605457290240000
1285595751935074305
1285585292997595136
1285549747965759489
1285377340860768257
1285326600603668487
1285300070817169409
1285300067121926148
1285300063053451264
1285300059001716737
1285288605309526016
1285285344565358592
1285246365304406024
1285243682459750400
1285026806836408320
1284926731728510976
1284637072704311298
1284530873266835457
1284497057365950464
1284212022192869382
1284169150374440963
1284157500195913729
1284157462229037056
1284156510130462720
1283889251587891202
1283854244089442310
1283833024694624260
1283832954070765568
1283803581125197826
1283793867683164161
1283756700454072321
1283479332908761088
1283464616148783104
1283458054248230912
1283457574122086401
1283456950907236353
1283431331284672512
1283187269755641859
1283150276061474819
1283146013944029184
1283121424820035585
1283074874680852480
1282804644092293120
1282716668934922240
1282706694573666305
1282477845130784768
1282434561821995009
1282376426948182016
1282102119374491649
1281997933294940160
1281743506319511552
1281686816429670400
1281664602569236480
1281637809988808705
1281619308406140928
1281358721017245696
1281339594957443072
1281270892295680000
1281257539057876996
1281254283116187649
1281017472284594177
1280963987295928327
1280916908305350656
1280889630125166592
1280883862864683008
1280862214686035969
1280645018059812864
1280605004764602369
1280548381744603136
1280532106469228544
1280275332541624321
1280268789255471104
1280224746517471232
1280185238971432972
1280169510717145092
1279908162699755528
1279823605967142913
1279568424201531392
1279522622351556611
1279409462210633729
1279154949754982401
1279098830416302080
1278826535995142144
1278793316805545985
1278749887958417408
1278705734465622017
1278474969194823682
1278474900232196096
1278418131799638017
1278411006788751361
1278409617664434176
1278357743988948992
1278340643711057921
1278324226034810880
1278299765302796295
1278086157637767171
1278061998018830336
1278052499577061383
1277980395766575111
1277733474229780490
1277659289587507209
1277651040163098624
1277391330034008069
1277332440776880128
1277293182791946246
1276954702136012800
1276902356844711936
1276588035736571904
1276534433563029504
1276289066309484550
1276240999090618368
1276229926341890048
1276183400328515584
1275898995496255488
1275864518363578369
1275853395656671232
1275827708124106752
1275820986206547968
1275597590583705601
1275548938842656773
1275540634061819905
1275459218066141185
1275185040998227973
1275165411751968776
1275132696189075462
1275111557098242054
1274845973429153792
1274792358152822784
1274748788217790464
1274717006768435200
1274476717487190017
1274431847007531009
1274386409797775360
1274083972151033856
1274046946538209282
1274043621361123328
1274024024293560320
1274009083809394689
1273986452519448578
1273736492225925120
1273718500083658752
1273706813368614912
1273679375687278592
1273666695282872320
1273646890806996992
1273635301244592128
1273392343274700801
1273377379914665984
1273357499068866561
1273327778511884293
1273315625964896258
1273296814343696386
1273265268479930368
1273256080756420609
1273021670522064901
1273005142326075394
1272966170291761152
1272945120728367104
1272679837086425096
1272665188446109698
1272626431596679170
1272604869266792448
1272574338428960768
1272559263315947520
1272334004952293376
1272263792240603142
1272197102999760896
1271910715889192975
1271872464843309056
1271855947573530629
1271593123295223808
1271532221761904640
1271494977416130562
1271489188223827968
1271172832408612864
1271161926584635392
1271147828144861185
1271137705448009730
1271128420533993474
1271110465297367041
1270800400384393217
1270793000193421312
1270789246991941632
1270747600950448128
1270740003614650370
1270457801656152065
1270445562727260160
1270431659331063813
1270385938594582529
1270143572486918146
1270143572059148288
1270069835796373504
1270045424691245059
1269781183484870656
1269690590335078401
1269690588498034688
1269366199365758976
1269366199244251137
1269281095301955584
1269048859180691458
1268996011608997898
1268960777727168515
1268935208579055617
1267917000073859072
1267219050997972992
1267198675345948673
1267153875552940032
1267153874856448000
1266894487953051651
1266894466364977152
1266882082309103618
1266844332981706752
1266844332558028803
1266791487678763009
1266791487456653312
1266491255334285314
1266488825519509506
1266449983479222273
1266399279603576832
1266113768041279488
1266107224952201216
1266083066105257984
1266036649613422593
1266036582387077121
1265784347417690112
1265733365996625922
1265694002264723457
1265435045940080642
1265435045814206464
1265402332788989958
1265402332340121600
1265364333204328448
1265364169181868032
1265328091330760704
1265071651286405127
1265009125785776129
1265008570627653632
1264914285106532352
1264914137328599041
1264700707329896448
1264633514584129546
1264633514500243458
1264603567026876417
1264603566972403712
1264345366771535872
1264345366431842305
1264283709500317697
1264239670348693512
1264239669572763648
1263998832452472832
1263972408094007297
1263922582941810688
1263922582744530945
1263911255477235716
1263884831504490496
1263884830959374337
1263848696925622272
1263608510262075393
1263608258629120000
1263562708521308160
1263532006387994631
1263484442858983430
1263238824538198017
1263220454359273474
1263191512810053633
1263170208518324224
1263170121809276928
1263152511634079744
1262837177853059073
1262789214132768769
1262766461807968256
1262548527810580480
1262548527147888645
1262522955772370944
1262495677793349636
1262495677420048386
1262442831567822849
1262442831131684864
1262421690199314440
1262145117756051459
1262144614242357248
1262110641227210755
1262068362026369025
1262068361837477889
1261802107692179456
1261802107633430530
1261718056335601664
1261718054271987712
1261667721965563906
1261667470395486208
1261438713692741633
1261438712816304128
1261393808140439563
1261383096550617091
1261349877604212738
1261330499991199745
1261318923917512704
1261070033930854400
1261044867838308352
1261023479274471425
1261011397451759616
1260978182817120259
1260978182020202496
1260721490439188483
1260721490007212032
1260683825618866180
1260660837355749378
1260660837305380865
1260630891849646080
1260604214356688896
1260584426628669441
1260351550142255110
1260351297682731011
1260312882396479488
1260287879806218240
1260261204473319431
1260260953775419392
1260232515324973056
1260001479273873417
1259982870296162306
1259982870199836672
1259947134863863808
1259913665840480256
1259913665492508672
1259899571573948425
1259600617670049792
1259600489127251968
1259550269555212289
1259550269509156866
1259498098662965248
1259498011002011648
1259257339628093441
1259211538528952320
1259211285822009344
1259166242029658112
1259166241702412289
1258904011052158976
1258903507891040259
1258869282479407104
1258857454466510848
1258835308784742400
1258833043655143424
1258827507341508608
1258827507224113152
1258817943997218817
1258797560027680770
1258797559998566403
1258787493433847814
1258561893440073730
1258550124533309440
1258547161442082816
1258514695796846592
1258507890995769348
1258502498945548288
1258468139140100097
1258456814925967360
1258441465015001088
1258441463911919616
1258415542760767488
1258167481019125761
1258162345907494912
1258147024521789442
1258136453575512066
1258110281298989056
1258095936749912071
1258095936657436673
1258069260947140610
1258044849984585731
1258025971107737602
1257824648961462276
1257824648940654592
1257787901649334274
1257786900401848320
1257760476072730627
1257749151586177024
1257722979330465798
1257441291752833025
1257429797547868161
1257429293963116546
1257400856787419142
1257385505802596352
1257339204092166144
1257321080806670336
1257090562013966336
1257045011826442241
1256994499395493892
1256734213811736577
1256733962187141121
1256689923769487361
1256689923626655744
1256617476340756480
1256616960076525569
1256377110928605185
1256377110794588161
1256332103790157824
1256317216297046016
1256314196431642624
1256282990860054537
1256261851303854081
1256037120642170881
1256017994444128262
1256007676540194816
1255960964144476161
1255947278583574529
1255911653071294464
1255906006950834176
1255602398241808384
1255602349709471744
1255579261609508865
1255579260909056000
1255579260183445504
1255579259432652800
1255579258648268800
1255551081490165762
1255551036858589185
1255531654522814465
1255509373478207490
1255509270730285060
1255487960897794055
1255297622815969282
1255278245370646528
1255273211945680898
1255261761915191297
1255261761504239622
1255236596233900032
1255236595948695553
1255228542582845440
1255202370235047937
1255202370197340162
1255164876466425857
1254914221755662336
1254914221365755904
1254877985544388608
1254834194204803073
1254834194145898496
1254833520150818820
1254787012873252864
1254582787782238209
1254582787459309568
1254529687667212289
1254502122298781706
1254487157307252736
1254199260754538496
1254116465122390016
1254116465009025024
1254078716638040064
1254078716403224577
1253785540102696969
1253780501153763329
1253780501078216704
1253776611742232576
1253750302198640642
1253739935158370304
1253702738820595713
1253461752290967558
1253445292273422336
1253432716416049155
1253405782835474432
1253382653266575361
1253375585209823233
1253375584077406209
1253359672368627712
1253359666320404480
1253347900639363080
1253096997445234688
1253092581505982464
1253028296150876160
1253028294556971008
1252990797789532161
1252976201896869888
1252746873057751045
1252745826453028867
1252712126482964483
1252706086399983617
1252696106141724674
1252696106116366336
1252662131947798530
1252662131931189255
1252644262136745987
1252644228330672129
1252624886591221760
1252617379550461952
1252593733557682176
1252424566711840773
1252402420807655424
1252387824462069760
1252371718615662592
1252356453513347074
1252325413285658634
1252325413134700545
1252314938875543557
1252295973239287808
1252295972962529280
1252251793792421896
1252230896045809670
1252025688175116289
1251979383146811392
1251979131501383682
1251941132524826624
1251941130943504385
1251647445974560770
1251604915618607104
1251601228825423872
1251563895602515973
1251563895296159744
1251258498849046533
1251253680134914051
1251241191628300292
1251227428246024192
1251212767324975104
1251212328839925760
1250926193324376064
1250926193202716673
1250904712012062720
1250890709457989633
1250890709382516737
1250850172063617034
1250843479636230145
1250834589695827972
1250813267611656193
1250808106621087744
1250785301775048704
1250569845286068231
1250524043372978176
1250505420831100931
1250503856858988545
1250484785081995266
1250484785014849544
1250211953521369090
1250167947386957824
1250167947265331201
1250129192798294024
1250129192596803585
1250095218658955264
1249856394100080640
1249836261440962561
1249836261419945986
1249789454857928707
1249789453729701889
1249725832874143746
1249504827597561858
1249504827479998466
1249427066484740096
1249427066182828035
1249337418051923975
1249337234039484420
1249132750877216772
1249132624976785408
1249079777962713089
1249052054225596417
1249051998013534208
1249051917893775360
1249039623386468355
1249039573562396672
1249039503244886020
1248778038759784456
1248778038642434050
1248725778948382726
1248725313217081346
1248703296291794944
1248694584231813121
1248644816562524161
1248378881943298051
1248326060816523264
1248326060703240192
1248321967796695040
1248275977202995208
1248245692994408448
1248051752881938432
1248008216308404227
1248008216161718273
1248002552349765645
1247972228924346369
1247972228815302658
1247951095567208454
1247911367044206592
1247675526766100482
1247675524174012417
1247668273279193088
1247657126270558215
1247615881137418240
1247591310074118145
1247590672896589825
1247576622242414592
1247576370634461184
1247564827565993987
1247547025048117249
1247540930111926277
1247540858867478535
1247540707385987072
1247540298437111808
1247540216954359809
1247540144443293702
1247539990524903428
1247525787466706944
1247350379357986817
1247327480291250177
1247309864566571009
1247309864482885638
1247277585723265024
1247265321213407233
1247240910125096961
1247209956228595712
1247192341481263105
1247192340193628162
1246943953473200128
1246943953372327936
1246932429190737920
1246830959145684997
1246830959053410307
1246796481618567169
1246603963115474947
1246576280897818626
1246576280679657473
1246548053630152704
1246528717536595969
1246502041519882242
1246502041498857473
1246427550651305986
1246229495574642693
1246229495498989568
1246216334389784576
1246190226189373440
1246189410074406913
1246188223526625280
1246187178486571008
1246154249773264896
1246137892210118661
1246137892101066759
1246120276078649344
1246106498058588160
1246096875196829697
1246065005189005313
1245850750007246848
1245850749990404096
1245813756333944837
1245813756141154308
1245811536490369030
1245781292626644992
1245759146659590149
1245759146659471360
1245741344229855234
1245716596636581888
1245714956416356352
1245516297800044544
1245469991056662534
1245469990892920833
1245467700345831425
1245467323747708928
1245466989419794432
1245455042699767808
1245444599268749316
1245443315090112512
1245411355064229888
1245384175890268161
1245384175584075778
1245364962442305537
1245350203567177728
1245138811547353090
1245138810364723200
1245122155831906304
1245096027021082625
1245090290005876736
1245089597425627136
1245065073099489281
1245065072986087426
1245010463970275328
1245010463789854722
1245003940170776576
1244775883165937665
1244769626338148353
1244769626094886912
1244746898189062144
1244745587511242758
1244720054068850689
1244707384963944449
1244685825805148161
1244685824303796234
1244685384484655111
1244642477463621632
1244642465157484545
1244642452725620737
1244642426632855552
1244640529184428037
1244640526172704768
1244624266315927554
1244429134165676032
1244429132437622798
1244400191870042112
1244400191815335938
1244361184779931654
1244361184649703424
1244359895614230528
1244340478490730496
1244340404956233728
1244323438728265730
1244323436920483841
1244256251535429632
1244066745138262016
1244066744777478144
1244036548108173313
1244036545696264192
1244017411499515909
1243993515778023425
1243952575017373696
1243952225824669697
1243645594503184385
1243645305226170368
1243599163008233472
1243598782681559040
1243583680204935169
1243578611661185025
1243549903382409217
1243315769695485952
1243270914940243976
1243270711449473024
1243264853210361856
1243244116525408256
1243243935423700992
1243215691681062918
1243215527386001408
1243211284193181706
1243209986852913152
1243190232213848070
1243022288657793024
1242995804857683969
1242991863000453120
1242989650727309312
1242986697715040256
1242986659798552580
1242942190759882758
1242941975151681536
1242933573637804040
1242933319668506624
1242930623595057153
1242898886156529675
1242897908481040384
1242897162708680706
1242896845917097989
1242896468849102848
1242884981543837697
1242794955178946566
1242794953597685760
1242621176997990403
1242603052416278528
1242602497027563520
1242559807791550472
1242550468468973570
1242543515588059141
1242526775214854144
1242524379138883585
1242511948425682946
1242496819604619265
1242484496370450437
1242457726585901057
1242261221975429122
1242220731460714496
1242217580829585415
1242198016880267264
1242197811040587776
1242168349485936640
1242147833383464961
1242135055469875201
1242119445461565441
1242119272438136832
1242105588164722689
1242105574889852933
1242092851271524354
1242082061810388993
1242080051111366661
1241915242776530951
1241892761416151040
1241870808101924865
1241870193112088576
1241803958252793856
1241799408456515585
1241788081134542854
1241787411920814080
1241772699837444097
1241540184820367365
1241439633835261956
1241439529699102731
1241417274592038913
1241394582849499139
1241394390225936385
1241390608041705472
1241187808422825985
1241172465516249089
1241169112052699141
1241115512626647042
1241092581322297345
1241073002755821572
1241070048460050432
1241069905371430920
1241005998380179458
1241005987588231170
1240826746015891456
1240792116709806081
1240786615519326213
1240786601585848321
1240772501216595969
1240745749874388999
1240729914967457794
1240716436705693698
1240714910524420098
1240690278312239106
1240670456950243331
1240664838633934848
1240655644581134336
1240654728142491648
1240622373570850819
1240622256327479296
1240451108167958531
1240450780534104064
1240432772734484480
1240422409536241667
1240418019085389824
1240417870066192391
1240417804299505670
1240412142010015744
1240411391074488322
1240382234500255744
1240367714969030656
1240354321776234497
1240337927324028934
1240337463316484097
1240314404903759873
1240313641532039169
1240298089157726216
1240298087660347392
1240298086142001153
1240298085017948161
1240298083335970818
1240278322107596803
1240036376080506880
1240026467939037184
1240020261698711553
1240019804012122113
1240005677801750529
1240005671615168515
1239975236642037763
1239975035512684544
1239974686374547458
1239973700364931073
1239964092091101184
1239957299688615936
1239925133034369028
1239888736898465794
1239763172002848768
1239753756004229120
1239730167343448068
1239725168253120512
1239712419070521353
1239712295279906817
1239697968661487616
1239697338324660224
1239681723685838854
1239668838146457603
1239660656682577927
1239642390819938305
1239641772738990081
1239636985817501696
1239626612586545154
1239626555405590531
1239626509591154690
1239626473125883907
1239593060218089474
1239593004240961537
1239592949786324992
1239592902038339585
1239386792500973569
1239326168987381763
1239323806281457666
1239323764564865026
1239317822544785409
1239280571395854343
1239246931186106374
1239197745598140418
1239196734531633152
1239190323017822208
1239001286693052417
1238965431270072326
1238948684387291137
1238909255320768512
1238858242564001794
1238641573317009408
1238622066976468992
1238587007913295872
1238503723955040257
1238259823562588160
1238223812824530949
1238204896605847559
1238182767977955330
1238155663886426118
1238117069478154241
1237907161986084864
1237880812508336130
1237858597402324994
1237847638768152577
1237823394466410502
1237808177304997888
1237789310478438401
1237518298306265090
1237495953613115394
1237482358825254912
1237438924647206912
1237131062075154434
1237091049010597893
1237045857247211521
1237040258287468544
1236812496918413312
1236728807844913153
1236672994870779905
1236445883765579776
1236381689296949248
1236094461551300614
1236070897355829248
1236050230723964928
1236037837201563650
1235986232762658821
1235749597831737344
1235731086862438401
1235690740958851072
1235677417529729025
1235652601804447745
1235645989685530626
1235626370631380992
1235354478141980672
1235333530646966274
1235302317878136835
1235280512748576768
1235230711084453894
1234998342784049152
1234964600099131394
1234957110225637384
1234936455706927105
1234922850781364227
1234874779821395968
1234617000510578688
1234601119999037443
1234585070360551424
1234543724916625408
1234267808936099841
1234222451229372420
1234131618601820162
1234113102326771712
1233859749399220235
1233799465250758656
1233557877375283200
1233497605872791552
1233469447123427328
1233418263419400200
1233187087198957568
1233127459031257088
1233099618239569924
1233067265911857154
1232833118236807169
1232815209691189249
1232779938899558408
1232772797455327240
1232757678902071296
1232738163686285312
1232715569775988736
1232463798906187776
1232429166408192001
1232428242424025104
1232410249459621889
1232373659068747777
1232103312083836931
1232055673049014272
1232033883463520256
1231990519770820608
1231975602988691456
1231753183132868608
1231702496516673537
1231646471843434496
1231368907136651266
1231309247079763970
1231263216572993541
1231233255065767936
1230924162824359937
1230643495108534272
1230584325546086400
1230523810899800071
1230296968573923328
1230259087402815488
1230174414936866821
1230160239896473600
1229918345044090881
1229835666374176768
1229796744738885632
1229535937618751488
1229520380991361024
1229476510551203842
1229224291427868672
1229156463727325185
1229127663119425549
1228801644902703105
1228745626424422401
1228387439967973384
1228317799598174208
1228100388315975681
1228050654972780545
1228016421109731328
1227968659257204737
1227780041687404544
1227699070841606144
1227666796993564674
1227566033344573441
1227356475879809024
1227307500082515969
1227291532811808771
1227031055095468033
1226989399201779716
1226944277902655493
1226889596195213312
1226660883700625410
1226627553173147648
1226297600283942913
1225920582673424384
1225872304661463041
1225585532182372353
1225491763172925441
1225473789376565259
1225158498213859328
1224900289414803457
1224709440349274113
1224522094748348424
1224519340025925634
1224505336033398784
1224437923430334466
1224360804922855424
1224354631922462725
1224151005102858240
1224066904228278272
1224007640403058688
1223978808648392707
1223675441493483521
1223648656680738817
