1286082387869413376
1285984528721489921
1285680820389371905
1285625832841588741
1285620504376811527
1285279752794800129
1284463738226180101
1284463064935538688
1284176707642105856
1283874265360629760
1283825999449333760
1283818473219600385
1283466014748008455
1283459302704001025
1283423850835976192
1283178329001070593
1283118024342601728
1282796092728528903
1282753374270763008
1281693787182583809
1281667903650226176
1281533295893843968
1281345098886848518
1280933315307061251
1280672879479328770
1280672878015451137
1280672876102856704
1280588435305226242
1280249923498381314
1280249920042283018
1280223724013334531
1279467380159270912
1279121739549728773
1278762191555039233
1278706923009986562
1278698736001191936
1278683756577148929
1278393185606217728
1278383998553686016
1278172791670558721
1278168607625789440
1278119289187381248
1278058307656302595
1278044381954613248
1278036832588980224
1278025178673549313
1277665068704989189
1277311201870065664
1277264350949097472
1277264349690834944
1276632258452107264
1276589454225027077
1276588639468822528
1276559632371257346
1276518731649335299
1276263460100288512
1276227025016098823
1276225793484619777
1275925957765935112
1275895706478358529
1275845947524878338
1275546436986441731
1275504586963509249
1275174194091823106
1275135967028969472
1275101407679598598
1274003389358243841
1273700689131249664
1273661829252886530
1273649053356752897
1273632695512375302
1273632694379991047
1273392505929728000
1273357178905276417
1272968906551037955
1272913621283147777
1272668558095462400
1272576491927330821
1272551739863031809
1271595636492812290
1271534640659128322
1271504282936848389
1271186330916212739
1271091965237645315
1271069420551536640
1270767124257046529
1270718952964907011
1270718951954149383
1270423600533843969
1270118288211808256
1270118287117111301
1270090961239060481
1270051817951571968
1268999261976432641
1268999259304722433
1268966473088798720
1268569052957605888
1268561480582074369
1268331790554542081
1268260066026815489
1268260063493439491
1267861403886632985
1267850157938401280
1267659270583132162
1267657994336174083
1267657992163467265
1267650290519597057
1267650289387081730
1267650287478747138
1267534590824112130
1267504265679044608
1267257177024147456
1267257175103148037
1266756729057968129
1266756728047243268
1266479941438394368
1266450401211158528
1266048940136435713
1265782519443709955
1265781373920579585
1265781372867706886
1265756296051134466
1265743767673454595
1265707297503940609
1265646619179003904
1265646592993918976
1265399376823889923
1265373311594266631
1265373310675832835
1265304827963355136
1264914678972588034
1264914677945032704
1263876582957088772
1263561282134904833
1263537186852478981
1263526053156392962
1263200909204631554
1263162093798383617
1263162092514947080
1262784975742611462
1262752591898832896
1262752590367842310
1262489408617492480
1262427456306364420
1261670619952939009
1261670618401038339
1261391069012471809
1261391044647612417
1261343324406837248
1261320707713138693
1261320706652078082
1261038338376679425
1260963464538984448
1260936923964719105
1260685308657643520
1260640295861002246
1260623189023100928
1260623187748012037
1260614632810729472
1260332633910906882
1260288022295257088
1260225524426735618
1259959076295004160
1259959074554286080
1259849252068634627
1259846550534139905
1258918603908415488
1258853520738070528
1258853519655931909
1258831319729086472
1258828180405829632
1258489229396582401
1258462518726529024
1258459568931291136
1258136327742201856
1258094765419175937
1258032896536952835
1258020411645845504
1257764452478443522
1257456525288841216
1257456358628249607
1257432550886256641
1257363281217552385
1257363279187456003
1257333970804637697
1256631172509073409
1256603076674424844
1255955150658834432
1255868760445071361
1255297089975857153
1255297088847581187
1255188378175377411
1254802477674790912
1254790064250294278
1253754751407267841
1253754750266466305
1253717640276828161
1253717639249174530
1253701250337603586
1253408432054403074
1253404997343117315
1253347743663357952
1253016115111919616
1253016113740464131
1252975441801068544
1252975440425336832
1252952525516484609
1252952523918446594
1252712648527011841
1252712413402673152
1252331861436751873
1252304786034171905
1252302854901153797
1251588946729086977
1251238860258004997
1251211483654078464
1251202881358909442
1250908186225360903
1250850823476830208
1250835281449811971
1250527244964986893
1250506233297227776
1250414785415598080
1250237621688774657
1250237620728270851
1250237619696545792
1250237618442338307
1250200176305848321
1250183633131974658
1250135298681516035
1250084071784558598
1249803188716343296
1249802827175780353
1249714712075526151
1248711987925835776
1248677790628622339
1248677457286303744
1248677456418091009
1248333660681617408
1248333581447041025
1248294415837298688
1248265213448724485
1248004653104549889
1247984544650756096
1247907377896185857
1247907376939892737
1247594837966282752
1247579216931151875
1247536061061820417
1247227041713356800
1247187801369726978
1246176700678967299
1246176699684999168
1246157765493612548
1246155229571289088
1246088577521418240
1245824519195045890
1245824517961850890
1245438641591156736
1245404575441522691
1245387373724270604
1245366083235852290
1245105794254848002
1245105793042657282
1245038352551890944
1244756897388994566
1244729680630099970
1244676739940450305
1244406811001786369
1243620147530797059
1243598786183811073
1243586304195117056
1243578467033272324
1243342066697908224
1243284070978793474
1243247563853254661
1243247546237104130
1243212719421108225
1242873425414230018
1242869779775578124
1242863464089096192
1242575079227240450
1242570772306108419
1242539980934852610
1242148265921073152
1242148264352374792
1242148263169527808
1241891592363028481
1241105289815916545
1241105088275496965
1241081204947861505
1241037525365514240
1240735857235156992
1240693913091854336
1240405369093902337
1240399119174242305
1240359584793006082
1240291947702620162
1240075579308888067
1240075577811492864
1240008932011188227
1239944695012261889
1239938147045322752
1239644695975923715
1238578979705180162
1238568585208963075
1238518412172722177
1238185544259166212
1238172807038631937
1238158897225105412
1237941157864316931
1237936871348604929
1237839399817076737
1237765238453350410
1237474641448484867
1237414172801064960
1237146910378639361
1237144618036330496
1237144603033317386
1236715286939631616
1236715285761187840
1236323913673715713
1236323912537067521
1236322157896048640
1236062801870766080
1236023091572203520
1235992807090851841
1235987735812476935
1235759716720140288
1235759714534936576
1235656334067949571
1235606506751422464
1235601136213778432
1235520430871441408
1235336767735312389
1235310220781457414
1234948284508229634
1234860720858259459
1234612986032971776
1234597564533571585
1234597561601798150
1233519772199006208
1233474681166082048
1233164792879292416
1233106615966011395
1233106614506414086
1233105168679436291
1232740442325868544
1232727687334109186
1232384769117376513
1232375942208786432
1232356101737385985
1231993910878142464
1230591763481583616
1230591760482656256
1229838388276211712
1228695462233939971
1228382904113299457
1228382902167183360
1228015923098988545
1228011833719771136
1228000397526216706
1227996882821095424
1227994795345358848
1227993064972734468
1227626518026838016
1227626516537860096
1227342413087285249
1227342410621083649
1227316563092492288
1226992360011259919
1226929591828217856
1225181398492946433
1225181396181884930
1225095793591357442
1225062057315356678
1224919142970597377
1224919141792043010
1224919140735102981
1224919139468435458
1224919138197495809
1224919136964313088
1224808465568346112
1224738842357456897
1224476166330994689
1224474345692712961
1224474065068609536
1224461051246383105
1224389096132554753
1223758087334563846
1223613883111432193
