1286028475099488262
1286028473664970753
1286011077977874432
1285947121481519111
1285743857842491392
1285715393596751872
1285668236965576705
1285624318932725760
1285598519441719298
1285381531616321536
1285316989590876162
1285278218132557824
1285278213652901891
1285250043503681537
1284943570349240320
1284943568612843522
1284943566561837056
1284529482473377792
1284529481168957440
1284529479155617795
1284472392832749570
1284161997542756352
1284161996171161602
1283908222907187209
1283902549565857794
1283833382774943744
1283833381214707712
1283819901094899712
1283793802608750595
1283511935015833600
1283493442304249856
1283416455007150080
1283168173160837120
1283158745552498689
1283154369572147205
1283154368527826944
1283141386636791813
1283141382618718209
1282821506817548288
1282797824141385729
1282778500227674112
1282354910030368768
1282053332564168705
1281760741540999168
1281714886893084674
1281714881968984065
1281649544476766209
1281359068783939585
1281325812227215360
1281318803297705992
1281305894140157953
1281289706723049478
1281050631768326144
1281036158861017088
1281010466677051394
1281003005358342149
1280980013127553026
1280966340661121025
1280955510058102788
1280923856996306944
1280904425008181255
1280904423896735745
1280847966920736768
1280847964777451520
1280596355350740993
1280549013692055552
1280530315493195776
1280312183533047808
1280301606320386048
1280293863383543811
1280293860732801024
1280269710584696838
1280269709208948736
1280255053555785739
1280181444296531975
1280138734055415810
1279421035629158400
1279421034400296961
1279421033083215872
1279421031023882241
1279136558889779201
1279089122922110976
1278791975727218693
1278791957452644373
1278771889540935681
1278758846366912512
1278758828264370178
1278747181181214720
1278746728452284416
1278496212350615553
1278496209083211779
1278461596763852804
1278461594746355715
1278433880173948928
1278433877405687815
1278401903290974209
1278381944674418689
1278381943613272065
1278381942526873600
1278381941495037952
1278332343200223234
1278324177930465282
1278060960293494785
1278060959182082056
1278011654920384518
1277996175556333570
1277728028358049796
1277725288873562112
1277692251943116801
1277660096261165064
1277660094994538498
1277654692093407232
1277654690851893250
1277639885759922177
1277639884530946053
1277627087759826947
1277326458231435264
1277314673398951936
1277043389054226433
1277043286671273984
1277043284859330560
1276987917970391040
1276897762609676293
1276884870200012800
1276677649021222916
1276668383631679491
1276668382641864704
1276668377323495425
1276647474040573953
1276619302574198786
1276577481336721408
1276577479386370056
1276508573535817728
1276508570813677569
1276292631438344192
1276260732066238464
1275899679688011778
1275885417875869697
1275837069282115584
1275837053490679808
1275825957576871949
1275825956180164612
1275825954686894081
1275825953147666433
1275825951050530816
1275596982405472256
1275569799544950787
1275471669134594048
1275471667901448194
1275471666592780290
1275471665116459008
1275447883144105989
1275437480771072001
1275225347508908033
1275173402849009671
1275110359674781696
1275079642206965761
1275079223196057606
1274762330996441090
1274496784577056768
1274482769012428803
1274421389953507328
1274379934782324737
1274364462275977217
1274364461156126722
1274364459629281287
1274136348132364289
1274136346865684480
1274136344323907586
1274120783242113025
1274106173441138690
1274084806155010051
1274084804259196930
1274084801587412993
1274027238435028998
1273739237943382017
1273739235791699970
1273717536748642306
1273704838405242880
1273704836895330304
1273693079510355968
1273639222394728448
1273639215843115010
1273639210008940552
1273639202664701952
1273415901023473670
1273403088892805126
1273403086766256128
1273387802462490629
1273387800558264321
1273369264418938880
1273369263454240769
1273369261621346307
1273343722596569089
1273310075902402561
1273310072819666947
1273310069120270344
1273310063277588481
1273309617506877443
1273309326963347467
1273309314095165440
1273309308458012675
1273289010249695234
1273275518427725831
1273270873429024768
1273077314641973248
1273075107838246913
1273042810418212864
1273041036890312710
1272993440771571712
1272971634232766465
1272965046470168576
1272927824840720385
1272919086088011776
1272919083709857794
1272698438212366336
1272686433237635074
1272678281104539654
1272667823685468160
1272620865851703296
1272620841793130497
1272565649026486272
1272565647327838211
1272546590889213960
1272546589308043265
1272546587349266432
1272527484966318081
1272295793291132929
1272269754334658566
1271609271797665793
1271603416054317057
1271593881407238145
1271581125895499778
1271561768855363589
1271529611936043008
1271514637197074434
1271457270170357760
1271215908061618177
1271157077717770245
1271136846630838272
1271136845045301248
1271124246031470596
1271106996704591872
1271100513501810688
1271100512268701696
1271100510892949506
1271065915744976896
1270832883335401474
1270823208476987394
1270815719261863942
1270815717810675715
1270815716284010496
1270709673281359873
1270698520471900163
1270698518194393095
1270542320182714368
1270520884202217472
1270520011929653248
1270520010335756290
1270519944455884800
1270443620550807552
1270371295268614146
1270371236045086721
1270332021991264256
1270332020108005376
1270332017411063808
1270036982752821248
1269760744490438656
1269737432699875339
1269737429935828992
1269677374716682244
1269677373554860032
1269677372036583424
1269607042865659905
1269283272598654980
1269065216349941761
1269041030789300224
1269022359333343238
1269006755574484994
1269006753313808384
1268989946821566466
1268982630126628864
1268973575786168322
1268681531045879809
1268669783739969538
1268669731038474242
1268652721797824521
1268602689337909253
1268602688041816065
1268602685760180234
1268300167033339904
1268300165422764034
1268283540594188292
1268271230903357440
1268265239218393089
1268249923994234881
1268249921678868483
1268233275459371009
1268233231792553986
1268196708145651715
1268196706669285377
1268184624955559937
1268168373994749953
1267929540136972288
1267896161135996928
1267871912144879621
1267634069925486593
1267611794874433536
1267586516882251777
1267575532683767815
1267559008010993667
1267520608692326401
1267520607211655172
1267484822328553476
1267246501417410563
1267246500381409282
1267122264031596546
1266815932044902400
1266801584341688320
1266801582131290112
1266743786773848064
1266493788404449281
1266470426680733696
1266448212438679552
1266391633660084225
1266373194794954756
1266373193264099336
1266157069855490049
1266114099534082054
1266114097805955072
1266114096493219846
1266114095046103049
1266114093301317633
1266098430721626113
1266077271670079493
1266060580969947137
1266042323529601026
1266025389085859840
1265806638709125120
1265791235719118849
1265747902590320642
1265720307870040066
1265686340877856768
1265686339024011264
1265382007254716424
1265373667657232384
1265364434442166273
1264987037335248899
1264940403461062656
1264672659641708547
1264654784063311888
1264615978610065410
1264353966856470528
1264353964641959941
1264343472598892551
1264318587679932418
1264297305785729024
1264233895756804096
1263968556783411206
1263968553771900928
1263944876355444742
1263906405129601024
1263844300711956482
1263844299088822275
1263617476111355904
1263602593282117632
1263578506073534464
1263556764118790144
1263535935721013249
1263523708821520392
1263497801612345344
1263497797791297536
1263483426608422914
1263461477043908611
1263281219191681024
1263236281397579777
1263229733166252035
1263212413605855233
1263200431557283840
1263190018987905024
1262884986446925825
1262541190500679680
1262541188227387399
1262514384074653696
1262495796475375616
1262469266269405185
1262432866572648453
1262399817227124738
1261819085823893515
1261802366258593792
1261788205101318145
1261761395915448321
1261728670563143680
1261728668948279297
1261689342965231617
1261689090476576768
1261475844649824259
1261457714640646145
1261440586457837570
1261440584037720064
1261426877778079744
1261411191240495104
1261388121217789952
1261388118764261376
1261374838364569600
1261360716247740416
1261329582545829888
1261311614420123649
1261109189017055233
1261101832560091136
1261101830966317056
1261101828701401088
1261079437346516993
1261079434913775616
1261049721336016896
1261037350605459467
1261020264822865921
1260976940451876864
1260963837831983104
1260954846921973761
1260937931516186624
1260930107604004865
1260727764451315717
1260708604065263618
1260701533773193219
1260701532191887362
1260682075801374721
1260673178734661638
1260650963263565824
1260650955684474881
1260633459069984775
1260599297697079297
1260586926916190208
1260574724863799298
1260563381435727881
1260563379795746816
1260386806731804672
1260379507699187712
1260351606534651905
1260319584516743168
1260319582075719680
1260251831940284416
1260215598270693378
1260215596609933313
1260005983415394309
1260005981733478400
1259978699409063939
1259938945569341441
1259579640680718338
1259515148546564097
1258915732605358083
1258907519696723969
1258907518262181889
1258907515447844871
1258887056752771075
1258865831724924928
1258852808868139009
1258835954653167616
1258835950240751616
1258810410033127424
1258547739081584641
1258534437471416320
1258534435894341633
1258512375319166977
1258512373511360512
1258512371032580097
1258498017650450433
1258498016820019200
1258498015897292800
1258434820671234050
1258400156359237634
1258201558023577600
1258186173706575879
1258167424945397760
1258151562255511552
1258138445681233920
1258126867074289664
1258126865195286529
1258094720506626048
1258077611240108032
1258049522627993601
1258035161498898432
1257820002805321731
1257801672891432960
1257783628865720322
1257763153124851713
1257752753457283074
1257719651896786951
1257699081750818816
1257678967781425154
1257661319165227009
1257448345401950210
1257412356549873666
1257364814223020034
1257338435293130755
1257311355339550733
1257311353309523973
1257100027052384257
1257100025382961157
1257100023046836227
1256982415798685698
1256982377324216327
1256966162749050887
1256743186107695104
1256733115625738242
1256615412353171457
1256601236087939072
1256601234531852288
1256601232690622470
1256601230719287297
1256601229037273090
1256601227242147840
1256601225560231936
1256601223924416512
1256601220283863041
1256248612033564673
1256224482622156801
1256224478205526018
1255927082611363841
1255878128540491778
1255662805216366592
1255646561293479937
1255501794354122758
1255219078685474820
1255210909125038083
1255193653880008704
1255169061274759170
1255105016517529600
1254935478727557120
1254894787435679751
1254865090358042624
1254846351327838209
1254144752959795202
1254144751319814147
1254058686022025220
1253845818215456771
1253763753738453004
1253744395284865025
1253744392042668032
1253427672127926278
1253422227782942726
1253406635940294658
1253385410635497473
1253300371394625536
1253133293568045056
1253121614067183621
1253087182111281157
1253087180253286406
1253078460765032448
1253078458919464960
1253056070047748096
1253034492169793538
1252966100859584513
1252762872440147968
1252752909839798273
1252736767977029634
1252736766710353920
1252736764319617026
1252725153412386817
1252641552347860993
1252641551093817353
1252641549630013440
1252412317557354497
1252396222804942848
1252371780020236293
1252371778581565444
1252371777239408643
1252371774735441921
1252356012541009921
1252304605771444224
1252288355687071750
1251894011939500034
1251644234731569153
1251540968970629121
1251287195475984384
1251287194049941504
1251258422097518598
1251233073133428739
1251225889368674305
1251197117294686211
1251197115205922817
1251133912996331520
1250938715335163906
1250938712965484546
1250912469884731392
1250859987720712192
1250834856117968896
1250785714142425089
1250566955708416000
1250566954190016514
1250532291031502848
1250500483988553728
1250483196707442688
1250459793493499904
1250459791543209989
1250438549398118405
1250438547691036676
1250421684324069385
1250221756658470912
1250111475336777734
1249810371348770817
1249810369058668547
1249776933329612807
1249756142416297985
1249737191191990273
1249702980212801537
1249702978937851906
1249341766496653313
1249012226813542400
1249012224506695680
1248991997626593280
1248753724127838208
1248753604678356998
1248753602824462336
1248737574245535745
1248718941830230018
1248697316468502533
1248697314543308800
1248418448050290688
1248418445911179270
1248391874554953728
1248362753649147904
1248328493747896321
1248273248460161024
1248037366331252737
1248011281556074496
1248001213167046659
1247982373410615298
1247675337066123268
1247659173220945920
1247641212879867905
1247639729983586310
1247623350198964225
1247623348269584384
1247608802213597184
1247608800300990465
1247547501005152260
1247510909515452418
1247510907992846337
1247345465143820295
1247333504616214530
1247328314940932098
1247298800869355523
1247278048598261761
1247278047063146500
1247261975895293954
1247261975010304001
1247231881025933312
1247191638956560388
1247175773787770880
1246952503268315136
1246915764227133442
1246836927946465281
1246578001397022728
1246577994593906688
1246529146999758855
1246529145485643778
1246508149600854017
1246484119875457025
1246455351093985280
1246432855770750977
1246193293274353670
1246146525689978880
1246127294026047488
1246127291580715016
1246095216894980099
1245861908122484736
1245841344276267008
1245841342044860416
1245823224568524801
1245805736116064257
1245794433775345664
1245772020786348032
1245772019276406792
1245736656684056579
1245534428853448704
1245528280951816198
1245523702730588160
1245523700931276800
1245492647332139008
1245466864479764487
1245446664359481346
1245429945310031876
1245345764127264769
1245345761707114496
1245147211199111169
1245136034532397058
1245136032552681475
1245125842449154048
1245111848002891779
1245096155140296704
1245080295688278018
1245063295490560003
1245044323034505218
1245026521263362050
1245026519824596993
1244794557352546306
1244780100966649856
1244767312164671488
1244758513638924288
1244726568334831616
1244726566841724928
1244707795393556481
1244707763739115521
1244707719371796482
1244674127404949505
1244674125400072200
1244075716981018628
1244056717505200130
1244056716024729601
1244041759291826176
1244041756758495245
1243988278279356416
1243988276505186306
1243977158109921282
1243977149851275265
1243899314469994497
1243681640687316992
1243666459081019392
1243662424231809032
1243662422948360195
1243662421622951939
1243662420175962113
1243268825572876289
1243023768286527489
1243023766915080193
1243023765405077505
1243023763890999296
1243023762460721153
1243023761076555780
1243023759566659584
1243023756169281536
1242959799500840960
1242944954336522240
1242800423469268992
1242800422513004544
1242628966726414337
1242613078514114561
1242596783760510983
1242571652380200966
1242494235124928514
1242459711485722633
1242254572892160001
1242203685192716293
1242193292818812931
1242183217123393537
1241871466435616774
1241871465651331078
1241871464598568960
1241871463667425281
1241830662476378114
1241830660756647937
1241826240950161408
1241826239347920897
1241516160304152577
1241516159146622979
1241466679420489736
1241428119644450817
1241428118507794432
1241166732506664960
1241138382107017216
1241138380274053120
1241138377661054977
1241124787998556161
1241086248372092936
1241072058928414721
1240997200861319169
1240997198768340992
1240808634432528385
1240790320733925382
1240788298748039173
1240788297078714368
1240788295069638661
1240787063357820929
1240787061894008832
1240785917146734592
1240785915234136066
1240761324168249349
1240740524031651846
1240721231164440576
1240721229222481921
1240435448377475073
1240435446485848066
1240435444191571975
1240415734917890049
1240415567657553921
1240415566575403009
1240415564465680384
1240397333726199810
1240397331939438592
1240397329527603202
1240374059822694400
1240372331589054464
1240372329903017984
1240372327499599873
1240342558657699844
1240306760839245837
1240257488278224896
1240257192365785089
1240257190562344962
1240257187747897345
1240060030264791040
1240060028842844165
1240060027370700800
1240060024325619721
1239962863675924480
1239962861687824385
1239962859699720193
1239952999205789696
1239730828286005249
1239714811421868032
1239663656444596228
1239624319992561668
1239594322800099328
1239563849185050624
1239552874293714945
1239346851465306113
1239337827755864066
1239271069690855424
1239258643335467012
1238865589600432131
1238865588249821184
1238865586966482944
1238865585653583873
1238865582935740416
1238622574109773824
1238580533740949510
1238580532071600129
1238547813040037892
1238539839861141504
1238523849169395713
1238523846766071809
1238523841879707649
1238523839954509826
1238504710870577152
1238231702415253509
1238231700947251201
1238231698069954560
1238200486211342337
1238144288506159104
1238111522066444288
1238104599661293568
1238104598218526722
1237928206738448387
1237927479282728960
1237879813190254593
1237855823612669954
1237852291060748288
1237852242817871873
1237852191471226886
1237852123477368837
1237852079755915265
1237771302976589824
1237556699541549056
1237539471618269184
1237524864354770944
1237499070828208131
1237476317077082119
1237438921979682822
1237402647684096001
1237402646362951680
1237402645113049090
1237385965985038337
1237374825615765505
1237374823686438912
1237188363200933888
1237141971040378881
1237022500992757761
1237022499516362752
1236811504948781057
1236790591557599239
1236702085820878851
1236702084894019584
1236702082721296384
1236292678326931457
1236292677374824448
1236093328325828609
1236093326782234625
1236081167847342080
1236081165603348484
1236031326278610946
1236031324378615809
1236019273841152003
1235951394131189760
1235686862800510980
1235658622899818508
1235626892457213952
1235626890993512448
1235626889428865024
1235585182490431491
1235393735615074304
1235345312719532032
1235345311255715842
1235245546635431938
1234994619827572736
1234980845309399042
1234929781487161345
1234898862776565760
1234853581511110656
1234826786749415424
1234596939020341250
1234596937258717185
1234542709236535302
1234512213060333568
1234472212704440320
1234472211362304000
1234255638177484800
1234204440619634695
1234204438694432769
1234145131894394880
1234145130346450944
1233900817259864064
1233900722770542592
1233871157234995204
1233847311924711426
1233847310003601410
1233824244854902784
1233779125392986112
1233576381788934144
1233533789135155200
1233516467733307395
1233474167720288257
1233404373121806342
1233241670172450822
1233189400680501253
1233173700041756672
1233173696946331648
1233151263774322690
1233151262134284289
1233151260695638017
1233150999684112385
1232877816355655681
1232767812634107905
1232767811786825730
1232767810193018880
1232461606723784705
1232403757436149762
1232316382253133824
1232124551213068288
1232091156080680962
1231988478575104000
1231367353675505666
1231046016775991296
1231034217829687296
1231015915711553536
1230999295043735553
1230990177532817409
1230954824490942465
1230891056247517184
1230891022080544769
1230891011322318851
1230656186321719297
1230656184765616133
1230624470521516033
1230615217354289153
1230615214304964608
1230615205585080320
1230579306247720962
1230579304578404352
1230545333211582469
1230545330992799751
1230516099491475456
1230307793133023232
1230257290432958464
1230156879525040128
1229939521426468865
1229939488887123968
1229771745361584129
1229554581438418946
1229177810461261829
1229177808959758337
1228725297232699392
1228700760520765440
1228507147354431488
1228495936822923269
1228435714632753152
1228435712841834501
1228435710824341505
1228387765869535233
1228387763919171589
1228387762589569030
1228387761402580992
1228387759854956546
1228330818885574657
1228115055012651008
1228093103908753415
1228036821004804100
1228036819545182209
1228002754355957767
1227978995297345536
1227957624878092288
1227773288958566400
1227700489183277056
1227657616890957824
1227657458413428736
1227600578408304640
1227431735480213505
1227431734507077632
1227431732993052676
1227366163115659264
1227366161630859264
1227366160179646464
1227366158845857794
1227366157369446400
1227349914629419008
1227349882601721856
1227339222266281984
1227319592554504196
1227268585313198080
1227268583622893569
1227230446024634369
1227039751028514816
1227009730306027521
1226548407252156417
1226152846317494272
1225934823048568833
1225934240749150208
1225934239490826240
1225868663615631361
1225868662252371968
1225868660776013825
1225588438537265152
1225566028291280897
1225566026290618370
1225550614672936969
1225532982632599552
1225512526085005315
1225467131237675008
1225229784155906048
1225184056402497536
1225184055068635138
1225184053642629123
1225184052552093697
1224907641450831878
1224907640674930688
1224863991731773445
1224863990708346881
1224863989852704768
1224863987801763840
1224835444908679168
1224807884388806657
1224806908407795717
1224806403950415872
1224511620715556866
1223400792335568896
1223398542674472960
1223397942503116800
