1286061769866305538
1286053826181685250
1286027609248342023
1286005440535564288
1286005185815498753
1285995105120387073
1285994873632563200
1285976921571045378
1285961021446926341
1285918480357822470
1285703462638977024
1285690119106723840
1285683665826193412
1285671707618017281
1285667167904714753
1285621424053526533
1285621252229652484
1285595061753991176
1285588163583455232
1285549916035612672
1285384046395174913
1285383913985146880
1285337883465981952
1285337727760834561
1285306120991629312
1285290585776103425
1285223878349000705
1285196163759603714
1285182904474259457
1285182844747292673
1284998889926471680
1284944247284736002
1284944179068571648
1284935612353503232
1284561655460958211
1284561461877055491
1284255100731641867
1284250014722797570
1284205747530858497
1284199020815097857
1284198915735248896
1284176962358059013
1284170558364618753
1284159472944984065
1284133826957017088
1284111780986400769
1283940415280947200
1283940327896883200
1283933679681757185
1283933461280108550
1283933202227384321
1283932716107476995
1283882092661809153
1283871221701136387
1283855446005227520
1283843515127128064
1283826490015186946
1283797542229213189
1283783489045897216
1283770666198671360
1283736578779643907
1283582061627006978
1283546042961661953
1283543900016254977
1283501559477927936
1283486841237372929
1283430127641255938
1283418144502165504
1283417933549654016
1283397053276721155
1283140641086742536
1283127162254565377
1283120142432514048
1283067833275097089
1282794928762953729
1282794712815087616
1282790774841712648
1282785274876092416
1282778396217561089
1282778285253054464
1282708523714056193
1282686173740236800
1282686023793872904
1282654474914467841
1282649810147868674
1282499057613713410
1282428973570555904
1282428790581481474
1282388794126336001
1282057368533118976
1281962816480608260
1281748474971721729
1281647464836206594
1281607739878375427
1281582722847309825
1281560029624242181
1281400570985811968
1281364055131815937
1281338700199276544
1281338571652309002
1281312275924692993
1281307753768783879
1281301434756194304
1281285837754425344
1281285804439015431
1281268989575004161
1281253954148581376
1281204893445914624
1281020632906584068
1280996506506534912
1280972494527135751
1280971947753472005
1280955993027948544
1280899276567187456
1280884920248918018
1280865370170105863
1280583220812296192
1280558326141591557
1280558169245261824
1280548476028411904
1280513159598673922
1280500373376073728
1280303463688216576
1280303358134419457
1280302955296628739
1280231895939395587
1280221714115432451
1280184985211801602
1280184824653807617
1280145683870371842
1279894070060412929
1279792868618616834
1279792435032449029
1279792148381159424
1279746854540816385
1279467257630883841
1279467005893058561
1279429767859589121
1279194208377753607
1279193956757061632
1279161996391350274
1279161744481562624
1279149721915973633
1279142873640734720
1279128969011433477
1279128437651836934
1279070887938064384
1279068615770341376
1279068209329700866
1278822501313916928
1278822148266754049
1278793614538215428
1278793360975806466
1278774906185027584
1278760417725239301
1278752022934798337
1278737314555015169
1278736931426381825
1278711176252325890
1278685087861784577
1278684880717709316
1278455990216777730
1278455826907267072
1278444274791649281
1278428911009959938
1278411495878123524
1278411310598848514
1278398718136516609
1278390780835565572
1278350026935320576
1278319750276317184
1278154003218681856
1278064836954542086
1278021181136920580
1278021018741813249
1278005313631854604
1277940921158467585
1277746277627899905
1277746181645438977
1277725075484160001
1277714765062823938
1277714653561401344
1277699489004953600
1277688554190245888
1277674476004614149
1277667826845863941
1277616062947897349
1277582673633062912
1277582404513824768
1277582325715517440
1277372283972202496
1277262714700738560
1277011102023462914
1276891898993573889
1276629232265957376
1276612588076511232
1276607337751547907
1276574527288422400
1276561172758704129
1276561004248342529
1276552907043807233
1276484790397669378
1276484724911980546
1276328031074779136
1276327643693137920
1276276174600183809
1276224947342499844
1276224811199578114
1276187944710275073
1276183036367982593
1276166038305071111
1275907913232646145
1275904226829500421
1275881384591060992
1275868679868162055
1275827369006313472
1275810465575288832
1275810310411165696
1275797805794295809
1275596898380980225
1275506312076578821
1275489347341635588
1275489181901508608
1275465460092473346
1275421178975457280
1275407361805561857
1275407275121876993
1275187800061751296
1275187715277979649
1275173224247148547
1275154316052115467
1275154134317043718
1275128055497986048
1275097451146469383
1275077413072850944
1275051962531295232
1274830500759207938
1274830428378222593
1274779605996535814
1274704309586984960
1274509713405853703
1274474072685060098
1274350437706203136
1274104009973026817
1274050318523928581
1274043354393837568
1274038152664092675
1273996136827797505
1273996068804530180
1273996009379639307
1273985607694499840
1273972014022361090
1273740582129676294
1273733229187665920
1273716742255149057
1273715402791624705
1273687150668722176
1273668639116443648
1273651750696890369
1273647638911619072
1273623869396484097
1273622116257140736
1273596159177756672
1273415576216625152
1273359571998965763
1273351217448734721
1273329400407363585
1273315867019837440
1273294356678574082
1273294168333455364
1273265155162456070
1273247826781384706
1272988807592398849
1272978040591695872
1272927660860149760
1272927431146590216
1272912771848470539
1272898590298570754
1272880127538577416
1272880032675966976
1272689600092409858
1272661773741670400
1272631292815966208
1272625807526150150
1272624459376197633
1272620708124921860
1272595328588537859
1272595279326347265
1272548161182105600
1272548027111268352
1272521929052827649
1272518575325097984
1271604447819583488
1271590103089987585
1271574696744693761
1271574487960600577
1271568174354481167
1271561434502180865
1271561079626366983
1271560806677831681
1271526901484568578
1271509206126993411
1271495813001289730
1271495606352203776
1271475656690466822
1271475483084042241
1271430211347927047
1271419066503356416
1271225110930784256
1271187710632435715
1271144224445140994
1271128291014070273
1271121492118507520
1271101118106472448
1271079613528248320
1271068134615719941
1270825778201219073
1270809888386662401
1270806157909778437
1270761345076649984
1270707113711591425
1270489212463259648
1270487082465722373
1270438533241671682
1270438407651700736
1270438225849483264
1270390015277895682
1270381367071825923
1270353968447848449
1270347247818092545
1270092795743735810
1270045174329159680
1270044954488864774
1270019139940290561
1270003734437924866
1269987217050566662
1269456321943928834
1269092117332312065
1269092068913295362
1269045141681168384
1269000245746241537
1268988931489640448
1268973716697997315
1268973537865404418
1268945832860057600
1268937867394514945
1268932930954502144
1268698805790281728
1268694178638311424
1268680082257842181
1268679999755862017
1268594927371501570
1268586289634463752
1268559521338753024
1268533436903497728
1268391902354776064
1268276138872315904
1268270430835572736
1268249131774066696
1268236082182848517
1268210136490917888
1268210002189320201
1268202318916472832
1267933577204903943
1267933472867393544
1267894710250725384
1267863275884208133
1267852172177428483
1267634664371564547
1267634366756380673
1267634103563816960
1267633646560784389
1267607350434836480
1267563761465987072
1267518295554625538
1267518097864495106
1267483171425333248
1267472326163079173
1267472099406499841
1266877254795231233
1266774494573625345
1266507196592001025
1266505853017956355
1266458867132743685
1266406780592103429
1266396574458019842
1266396420032135169
1266382644176134145
1266382302076174336
1266207804693590016
1266207219714048000
1266137778758258697
1266133286847418369
1266133150796845062
1266133059029676035
1266044647664746497
1266011132185247748
1265983663298080768
1265866652626964480
1265817784249987074
1265779334331207680
1265743218601275399
1265743164243152896
1265722122367905794
1265680219605741572
1265680160256294919
1265667932153098246
1265664205346177025
1265651708455260160
1265643955733041157
1265448641310920704
1265448428517109760
1265433020988866560
1265399370968633344
1265388091130478592
1265387666100674562
1265383895006052352
1265371455333773316
1265371290019528723
1265316215570018304
1265316163774529537
1265290748204892160
1264983502921048064
1264922414951137285
1264707295897935875
1264707130839437314
1264674043925536769
1264646708677525504
1264620695050506240
1264615514011242498
1264356323371737088
1264311094966915073
1264291447135666176
1264247282641317890
1264044051646550019
1263991823447588866
1263991723488919552
1263946686990299136
1263944457185112073
1263864564300603393
1263848765976449027
1263825785288261632
1263580727460786188
1263557452898983937
1263524675319140352
1263477828361822210
1263454243664596994
1263242324534067212
1263241956513153026
1263218554628902919
1263204466569986048
1263202573747617803
1263194057175642115
1263187333144248321
1263187083629334528
1263169219765600256
1263139983239643139
1263116259589160961
1262838838457765889
1262824534962573312
1262824265818275840
1262807641820205057
1262752871373651968
1262752541680398341
1262740585527619585
1262511244742922250
1262493019133050882
1262492812521734147
1262429145482645506
1262411192347353088
1262404441090789376
1262372239921549313
1262371797724471296
1262117480262258692
1262090937473343490
1262086091311636480
1262073802478870533
1262068546428899330
1261777298061131779
1261446514481803269
1261438503524552705
1261414897625305090
1261411151079866368
1261383892860354560
1261383597983797248
1261370152714715136
1261345329158467590
1261314865358090240
1261043268445503489
1261042978757410817
1261040562565713920
1261035660749742080
1261029304584060929
1260994114251894784
1260993937281515521
1260986213147828224
1260970868181815297
1260955432023097346
1260943848836136960
1260706898325757952
1260706795921776640
1260696265555410944
1260696089864425472
1260648291055710213
1260617993366765568
1260599923881500672
1260551362632388608
1260347724622450690
1260303102319702016
1260250741605904390
1260197630640078849
1260197396325294080
1260006121626046466
1259962521991163905
1259955463501819907
1259943793203314692
1259943673980227586
1259885484261531648
1259860115705954305
1259840750067613698
1259576627366854659
1259551709006901255
1259308986823839749
1259226011268497408
1259225797803589633
1259135721824272385
1258970181432377349
1258920371719417857
1258920311686344704
1258920198301679617
1258866896365027328
1258846102650064897
1258812551946743808
1258793812316618753
1258773706589048832
1258772617697337345
1258553847972315139
1258472055432978432
1258451758147387395
1258451386716565507
1258449892260958209
1258437873889611777
1258374406465900546
1258229061387780096
1258145446167482368
1258141525135044608
1258125544798986243
1258125137293033478
1258124792533786628
1258124565378674690
1258110251448045571
1258107407668064256
1258103224285962241
1258071871624544258
1258059489997197312
1258059301383540737
1258007686693695494
1257878079374057473
1257875759613575168
1257852566186209280
1257796949492879360
1257781070709305350
1257774567281623042
1257759511160541184
1257709109136285696
1257691193435176964
1257676998236876806
1257521877251170304
1257492235366674437
1257428955180777472
1257428336361553921
1257387855984369669
1257357867969056771
1257320646490480649
1257301805320622080
1257280291367985152
1257118436167122946
1256974190705618947
1256963759438004225
1256683900685910018
1256656033944088579
1256403678178705409
1256376269496897538
1256324592869576704
1256304691287334919
1256291863063076864
1256261522566852608
1256230344010989574
1256213655676387333
1256026588954624000
1256021346963935233
1255997650744246276
1255973535480033281
1255963342059048960
1255946396592734210
1255926039425015809
1255854279769931779
1255632202639060998
1255616290204659713
1255615870602182657
1255572196870717442
1255554180300890112
1255530162919219201
1255530014528987142
1255524161142874112
1255287504338661377
1255262189063221249
1255261937019035650
1255220963333099531
1255201882487902208
1255179973914222592
1255176938479591426
1255129776316190720
1254979904120033280
1254965566663790594
1254901920805912585
1254901722323050502
1254875354252140544
1254871375275347968
1254859294987649025
1254835472267980800
1254834382906494976
1254811468752662534
1254803737564123139
1254778560931172356
1254778477821059073
1254515472625799169
1254515043753918465
1254443901684977664
1254198667705225217
1254198620003487744
1254077188242014210
1253888941301936128
1253888786267807744
1253798947820371970
1253798886080159744
1253779687903502338
1253759388663283712
1253754977425805315
1253732543624601601
1253709944744022017
1253704400482246660
1253697103559299074
1253687306260791297
1253678438537363456
1253522460961656832
1253522116328161280
1253501845269622785
1253451111069093888
1253435266632519684
1253379850745909248
1253334616590565377
1253328213968740353
1253300636193611777
1253153867375808517
1253150132423589891
1253129722738999298
1253127834639400961
1253106766759497728
1253087065807491077
1253085305680343041
1253080217826005002
1253040313750433794
1253019451710230529
1253015049490309126
1252994713847767047
1252967881937166336
1252783565621932034
1252737538852294662
1252727513052315649
1252727250094563328
1252685425153581058
1252656251768635401
1252655865288699904
1252612705925640192
1252597128851054595
1252589079096688640
1252430801771196417
1252430245057056769
1252380293333258246
1252379598584639490
1252372676003299328
1252321465443246080
1252313655120625665
1252264263000915968
1252248983180840960
1252231515196387329
1252203907457171463
1252203520436178945
1252201436651360263
1251910702111109121
1251904081100185600
1251688715870703617
1251660145043668992
1251575005743321094
1251572086511976451
1251571726426791944
1251551778149150721
1251516639289507842
1251297632032604160
1251297427279286279
1251269185117859840
1251269084408356866
1251194814047178752
1251190179831992321
1251190092712095745
1251153846182612998
1251119109070299143
1250970415096303617
1250886057152970752
1250850825376849920
1250836834835456001
1250818005770145792
1250817704132513793
1250810094952026112
1250783402032353280
1250783302740578305
1250772031219683330
1250623857096097798
1250599471135821824
1250599387618779137
1250598361704665089
1250590890730684416
1250584748864483329
1250575757136494594
1250574296575086600
1250544676551221250
1250535320883466250
1250525416445677569
1250524259006533633
1250519973581262851
1250513505104596992
1250484838043471874
1250484583973507074
1250466042587078659
1250450939674341376
1250389658170617856
1250267277645082627
1250267184900632587
1250257176544886784
1250194028320231426
1250185210752372737
1250179322809397248
1250178687456206850
1250178117324410882
1250178078833364997
1250176909440417796
1250176893497806850
1250175161992646661
1250175096532226048
1250175079931092995
1250174609053401088
1250174146941771781
1250173802899791886
1250172868563996673
1250172612916973568
1250172258749952004
1250172119058722817
1250171978662711301
1250171753122467841
1250171494602244096
1250171219434967041
1250171036437446656
1250170853309984769
1250170240442470403
1250169853211787266
1250169650761039873
1250169477272141832
1250169357583429634
1250169010236329985
1250168772197040128
1250168378838441984
1250168242812997633
1250167674098851843
1250167427868110848
1250166789822177282
1250156956905504769
1250127156233015296
1250117658248347648
1250088076942217217
1250042000646307841
1250041937660428288
1249893372862640128
1249836573220392961
1249780040440692741
1249755588780834816
1249741210509545482
1249730072661168130
1249714407996887041
1249713869771010049
1249699718432804866
1249679809011232768
1249509878516809730
1249509700967837696
1249484304645861382
1249457205184782341
1249453261716848647
1249402280278966272
1249374431027310592
1249362238886105088
1249167700573794308
1249167617635614720
1249163415815442432
1249039835043635200
1249005018310750210
1249002766552498177
1248991662032007169
1248971033400561664
1248784319595888646
1248778182020513793
1248683616416280583
1248632203455664128
1248626900085264385
1248616789950345217
1248613780273000449
1248435811520933890
1248435694759903234
1248390609729011720
1248364521036677127
1248330805249785856
1248322433293090818
1248316675633668104
1248310624305786884
1248298328355414024
1248293182288297990
1248272474057383942
1248272155583959041
1248030361835069440
1247998876352753665
1247964463208300544
1247964347948810248
1247954643386335233
1247898924578254852
1247698676451024896
1247683074113953793
1247653804180455425
1247632070207328256
1247597748934803458
1247590897098854408
1247572707467825154
1247544495425622016
1247532362264506370
1247357693897179143
1247357470701387778
1247309574853492737
1247237133661876225
1247204561195950082
1247185161898397697
1247159906769219584
1246877586061504515
1246876767647924229
1246876522172092417
1246620848414490629
1246619482912686080
1246476652558913537
1246445643217977346
1246168661968199681
1246138503869718528
1246117047400095746
1246111497064976385
1246106142884970500
1245901306168033281
1245840848635547649
1245829783658696705
1245819934946603012
1245811223633027073
1245808004383023104
1245793212935135235
1245733521253113858
1245511866887163905
1245469978742140928
1245465072463478788
1245457510389121024
1245457198135771136
1245450180473884673
1245429153295478784
1245411371904360450
1245388684217724928
1245372204495273984
1245360406304116737
1245328116823863296
1245162684229787648
1245120545475174400
1245118121108803584
1245092072002068490
1245083266463477761
1245056277039939586
1245027188849684480
1245023154050863104
1244987820168466437
1244934966846210048
1244804516450615299
1244804413845377024
1244752889677066243
1244734863695118346
1244721683849719809
1244681108333215744
1244658577513615360
1244635019018149888
1244611585424965635
1244464303434055682
1244435435205599233
1244419483877416960
1244408596303151104
1244408403419713538
1244331423890395144
1244309729167491076
1244308382091292673
1244098858638086145
1244001689558024193
1243946068158689280
1243936536393121793
1243926128500396032
1243650904676618242
1243598384361025544
1243598268124344321
1243574843913666560
1243572468998176770
1243552486364938242
1243301689152671752
1243301625093070848
1243274049352011776
1243259574326525952
1243256827640459265
1243228768052928514
1243222173550084097
1243211950970081281
1243209097878687747
1243205308643753984
1243201572018028544
1243032011817746432
1243031892536045568
1243031826676871170
1242964257752440832
1242961005417824257
1242919190274719749
1242902865573752832
1242888500476772353
1242875281456558080
1242869144783147008
1242859784581373954
1242848167869251584
1242809990072750084
1242805105990209536
1242628533840678912
1242560057210015744
1242545839270178819
1242545574106333187
1242538174381010951
1242516938170998784
1242493239397154816
1242469533966831616
1242469340978589698
1242428952960000003
1242222649457225728
1242222306098851840
1242222077962342400
1242219475165949954
1242196004411187200
1242185780266745856
1242172070630428673
1242171410568577024
1242171175561842689
1242170976835600389
1242165832605749250
1242157712068300803
1242152908805804032
1242093204876525570
1242093055907373059
1242092978879041538
1241833277402603523
1241832669496913923
1241813016020226049
1241789660768227329
1241788735236292615
1241781354498527232
1241759424416530434
1241572310441766913
1241533306392449025
1241501645755858947
1241494466504069121
1241485335147745281
1241467640402653185
1241457498273570818
1241361829496053760
1241347230507896832
1241150312863469568
1241136621132578819
1241111429652119552
1241106929050664960
1241095426461380608
1241076928871911428
1241076822407856143
1241076787779600390
1241055841391968257
1241048813328048128
1241043602681233408
1241027113869815809
1241008081720442881
1241006919956996108
1240798067315675137
1240772047313219584
1240766600233521153
1240753721627328512
1240738583868321799
1240738410702221315
1240703331976261633
1240690121222967297
1240665824811245570
1240647125970685955
1240628821734436864
1240628563486834691
1240439893718970370
1240404554417659910
1240389527409233923
1240374971244990464
1240374754311385090
1240374544755548165
1240366533861310464
1240352950507184135
1240345263052656647
1240311022877126657
1240291709260648449
1240285779911495680
1240255850905731072
1240096588409774080
1240096354900365312
1240090544434339841
1240042586800369666
1240028740748480520
1240024259163979778
1239995304167997440
1239980722749874176
1239950576160555017
1239947612209504257
1239946401053921281
1239719899922141185
1239660815680245760
1239660612193521664
1239643005285523462
1239642904194318344
1239612138878099457
1239604435891802112
1239551084953296896
1239522398023700481
1239256163696418824
1239245964864622592
1239223368869650437
1239184775228858368
1239172500703117312
1239016143534411778
1238900402885705738
1238891993893404674
1238865581513768960
1238830040932126721
1238624371142537217
1238624207803727873
1238624048000782337
1238623555765645313
1238603164032602112
1238552995866071046
1238525482187886592
1238525230735392769
1238504099731181568
1238495283262173184
1238495031180144640
1238479556597755904
1238478043942969346
1238477949336276992
1238449984716058629
1238449733657485313
1238419534001901569
1238253690898636800
1238253439936675841
1238238591643521025
1238238342094794753
1238232482685779969
1238227593163354119
1238222506328305664
1238187836198858753
1238176469668544515
1238176389221814272
1238176203334463494
1238162813140549632
1238156565674438659
1238147566082174989
1238147483072675840
1238144620086857732
1238138046064857097
1238136338458783744
1238134392146534402
1238124646630854656
1238102696198053889
1238079796304850951
1237867978298781696
1237867764972314627
1237853567005765632
1237826203450556417
1237812656343564291
1237801401583128579
1237771661056802817
1237757036865236993
1237740056825049088
1237717409273790464
1237556345932525569
1237547537935958016
1237528666352939008
1237513997085290498
1237499892068757504
1237490275926360065
1237474859740995586
1237458971159678976
1237427676249501696
1237403189466578949
1237388701568729088
1237388482756001792
1237363072760569856
1237362574577942528
1237141818233454592
1237105207768690688
1237044597173477376
1237028482158379008
1236992633517432833
1236954884076789760
1236833936942268416
1236818988602097664
1236773690542395393
1236728390897545217
1236698195129806848
1236668000729612288
1236607596171128832
1236456599583162368
1236426400506183682
1236381102870323206
1236350905198370822
1236339008067850240
1236328254526668800
1236290508449894402
1236275405507768320
1236267855781322757
1236109312369610752
1236094213063716864
1236091663229083648
1236075349991096321
1236063984152981504
1236060285930221569
1236054160371564546
1236053992595173376
1236046229185929218
1236038699697278977
1236016595706802178
1236007013517320197
1235965556366376960
1235955261950566400
1235953360848801794
1235898421678137344
1235897920181997569
1235711048885338113
1235710885651525633
1235688297571237888
1235688226570072066
1235687610313474048
1235687447155159040
1235652824576307200
1235652657458466816
1235649517988597760
1235649313684013063
1235601868103077888
1235558683322601472
1235342121281912832
1235333960776986624
1235296453859430404
1235296299840344067
1235284023100018688
1235261615685148672
1235245467660931074
1235238490071330816
1235204348512096258
1235188745474920448
1234984964623437824
1234928356086419456
1234909412160102401
1234665574359130112
1234551975146131458
1234499903285579781
1234293490194014208
1233840522499907589
1233805085391630337
1233786823425523713
1233497221993287682
1233451996717383680
1233443786073747460
1233430891063652352
1233420253041975296
1233402323248001026
1233148975420710918
1233128699035365389
1233112040761372681
1233076153335844867
1233068207029805057
1232858396124176384
1232858085707915264
1232808225352933377
1232790274952351745
1232778947148075008
1232778861982691329
1232747123759702016
1232733506398294016
1232714585964261376
1232677620975898632
1232674307374972928
1232504101747003392
1232481970547904512
1232451028030672897
1232448862905700355
1232395317120770048
1232387665334546434
1232379472814407682
1232351299389227009
1232321177370210305
1232026169383497729
1232000688495960067
1231962462867664897
1230985883064709126
1230857463290826752
1230677949722001409
1230656781191467010
1230585414752313344
1230579623286771714
1230554463741583360
1230540470184488967
1230539954322857985
1230247491918057473
1230222701131894785
1230195466412883968
1229976897943109634
1229976689431777281
1229895992893460488
1229864375919562753
1229859232364654592
1229858876398456832
1229858769854701570
1229857327941111808
1229838271640940544
1229829394245521408
1229829300829982726
1229771726134837248
1229585383022907395
1229561377209143296
1229539177022316545
1229452859667886081
1229165738654564352
1229130052736032768
1229129844379803649
1229107721795985408
1229046814101397504
1229046540918042624
1228875513747382272
1228801898574159873
1228762004338466821
1228741930378518529
1228729850841780224
1228712851646361601
1228503734910623746
1228452094455222275
1228432027713724422
1228431543389106177
1228387983813939201
1228361742880772096
1228350638200958977
1228339375899136000
1228099816011509760
1228069083280740358
1228060947992006656
1228048620622098432
1228048494528737286
1228038567504547843
1228025710679351298
1228004431947542528
1227998350915571713
1227973157786673152
1227748517478895616
1227737647017287681
1227709528923410434
1227677960381091840
1227654775925288960
1227642445917233154
1227597662842736640
1227405231375470592
1227379499383345152
1227376328393076738
1227354108329328640
1227338730580717569
1227336792518643714
1227324500058034176
1227289447328296961
1227289284769697798
1227278166932295681
1227050655891718147
1227050497774948353
1227050215267602433
1227027846641655809
1227027534509940738
1227027383443742726
1226978266994610176
1226958494550679552
1226921798710779904
1226913994381897728
1226651263154237440
1226597523395051520
1226263510969176066
1226220259083943937
1226220130566311937
1226199253506236416
1225946532228321280
1225916521102422017
1225911239185965056
1225873008184741890
1225860403789541381
1225840763608666114
1225840694524338176
1225840521714786304
1225547219811610627
1225532280493498369
1225479750954758144
1225453661406494722
1225452213780307975
1225219839993765889
1225219738550272001
1225136200463286272
1225107729238372352
1225107561420070913
1224916170748440576
1224916093220937729
1224916027856826368
1224864216600977408
1224862517165481990
1224842509068787713
1224815212240560128
1224783824137138176
1224762541869535235
1224748187208093698
1224747998703443969
1224732994570739712
1224732561114615809
1224534999656955904
1224527476405211136
1224490008716988416
1224485654865874945
1224418386958004224
1224404731939958790
1224061264453869569
1223695655694143489
1223695547179175936
1223659623036727302
1223426225521283072
1223426181518807040
