1286095951388696577
1286071539671203842
1286071538685489153
1286064798787149824
1286020901037903872
1286020899276283905
1286010005418848258
1285977922508029953
1285977921509883904
1285962265498460167
1285708885291040768
1285674114498408448
1285647084331425794
1285624102682873857
1285603529315495936
1285596976042643458
1285343477593567232
1285322841592864768
1285301749826428929
1285289743010467842
1285266936440524804
1285234949554151425
1284920459985903617
1284505766137864192
1284243479254781953
1284220302629703683
1284206930018340864
1284199322276503552
1284189432174837764
1284173796505722880
1284149417839386624
1283903992490336256
1283878826565488642
1283864995554615298
1283854255393320961
1283833498470686721
1283832369888276489
1283788968941715456
1283786623738667009
1283563847027240960
1283531394250166273
1283529891183562757
1283512996480929792
1283502813063061504
1283502811779604482
1283456782048821248
1283454350392688641
1283431971205586945
1283424667001380866
1283423001787142149
1283170408787783687
1283138863880441856
1283132923059875840
1283109270465150980
1283072909754478592
1282814815556304898
1282794421189320706
1282779377059627009
1282762484978520065
1282734455451508736
1282720480471003137
1282710012511555585
1282693034161967105
1282381458351501313
1282045543133466633
1281664767741100034
1281650020429651968
1281618279145132032
1281599897767235586
1281599896634753026
1281378714287251456
1281337310727020544
1281316602617659395
1281308361473101826
1281289148796674050
1281262706574663680
1281018730634375170
1280992809902899206
1280981610507182082
1280968150553694213
1280939486688534531
1280926020502204416
1280904416497930240
1280887277129007105
1280617890442612736
1280599022475063299
1280585071691550720
1280568954709258240
1280551961796980736
1280546543695781889
1280522245497147392
1280301001497407488
1280290935323017218
1280281623670468614
1280268285922234368
1280246184343371777
1280197880037494785
1280167644210049025
1280157543667548160
1279491416964489216
1279445895420010496
1279437562310877184
1279432406198620160
1279228433797730304
1279178354009288710
1279123240829386752
1279092286823886850
1279073602063740929
1278858244572745728
1278793838304337926
1278783566449651712
1278768936901902337
1278760012408643592
1278752218380992512
1278744629668646915
1278744628569702401
1278717329355005952
1278708006713253888
1278417650608111617
1278401464302555137
1278381319500824582
1278377232856240132
1278345428539490307
1278100810375757829
1278100808920371205
1278071235398766598
1278053115883905025
1278051888609583106
1278032091754749952
1278017014901231617
1278015843260084225
1277997609811050497
1277747173753589761
1277729809372766208
1277710048005939200
1277687674409811968
1277682731795841027
1277649517773500417
1276629905342693377
1276607322492715008
1276587854165090304
1276576943694102533
1276548223784685571
1276256658805723139
1276246293472559104
1276231018983362560
1276220392152207365
1276200379299049474
1276199667353767944
1276182792871837696
1276177621332656134
1275874128805924869
1275874127644176385
1275864381826482180
1275844458517577730
1275844457536065539
1275817539017363461
1275817031313633282
1275534263946039296
1275527857830322178
1275515806986756098
1275500585601708032
1275479889316122624
1275467712165285888
1275465597648846853
1275443836169248769
1275192275669331969
1275157613358047236
1275152039123836935
1275137566317182977
1275114346805440519
1275095820006821889
1275091761078120452
1274788325698744323
1274516505124880385
1274435343568289797
1274073705761648641
1274057401419866115
1274057170863173638
1274042621577646083
1274026319395815425
1274004265581895682
1273713192988966913
1273696130094772224
1273667080152326145
1273652910426030086
1273340841558450181
1273315451834191872
1273309507997794306
1273287521846341634
1273272087499718658
1273046701083955200
1273028330309074945
1273018515339874304
1273010372895821824
1272934566387466240
1272917497306636288
1272662700963872768
1272635449249599490
1272621178558038018
1272606180121198592
1272606179009716229
1272568982059593730
1272259378469634052
1272198606481653760
1271553723500806149
1271534132053540865
1271500793942859776
1271472879968886784
1271226708637757442
1271209595827097601
1271198522902102016
1271187449763344385
1271177267666923521
1271168721663545351
1271168720530964481
1271152053709135875
1271116705247514624
1270860294110220294
1270847207864852480
1270826068593819648
1270813015148027909
1270793684305485825
1270765988703764487
1270750275515670529
1270488314710237184
1270465694237429760
1270448386894946304
1270434810356543496
1270397526160572417
1270118909069459458
1270107584410705920
1270092346101809155
1270066378863718407
1268998817413844997
1268987595079417856
1268987594093797377
1268949999834071040
1268700074986680321
1268639505692733440
1268639504686080006
1268615438063112192
1268615437064888322
1268345280522485760
1268314276843921409
1268274375586963463
1267897543838568449
1267831797590695936
1267478911925063680
1267266762338455552
1266801808904781825
1266505880184524800
1266452447662411788
1266423287552389120
1266394698530394114
1266147787600809987
1266113909930459138
1266096450154442753
1266066048165478402
1266046847170289666
1266041807881875457
1265772771403091970
1265761949985443841
1265745077307146241
1265741787534106625
1265668648628256774
1265666387571326976
1265415668142411776
1265394786917326848
1265380550136692736
1265346355230318593
1265336161817579520
1265315144030203907
1264969052235194368
1264635527698898944
1264615529458872320
1264344107050242050
1264288239214452738
1264279628233027584
1263930378663985156
1263914895264952320
1263906628711178241
1263897224477577217
1263883016583159813
1263871380967301122
1263871377972527104
1263611530278395904
1263585357762789376
1263565245932503046
1263548405097381888
1263542305857982465
1263537799871049735
1263537798855954433
1263537798038110211
1263521910614261760
1263505601327489024
1263251155678908417
1263230016344584193
1263217181879345153
1263208527344144384
1263204447171350529
1263173674133344257
1263160688928849925
1263135724607549440
1262856052305002497
1262844735745667074
1262837440928272386
1262828283256848387
1262813506581286912
1262788474077405184
1262525373310525440
1262488166776397825
1262463792925065219
1262443897449598981
1262441670358024194
1262425576146636800
1262406837367967745
1261733405101678593
1261722835208359936
1261713775507525637
1261701971733622785
1261394609680248832
1261394608690364416
1261376207959937024
1261368946751651846
1261356094758121473
1261350520523902982
1261324449636376582
1261302784789544960
1261096661402693637
1261054240891514880
1261016380134117383
1260989297039151105
1260977149814673410
1260957368197746691
1260713182231920656
1260692797956321280
1260670367389175820
1260668284174839810
1260659083197087744
1260649201295216641
1260631334470459392
1260619504767434753
1260610243442216960
1260594959540981763
1260344754954317825
1260336450052243457
1260315562409852933
1260305244120141828
1260297064266768384
1260283236552527874
1260267219205992448
1260252088153575430
1260229631514378245
1259941440626593792
1259931809497919488
1259890190069444611
1259879574457987072
1259867642262958081
1259619296868794368
1259535109960740864
1259280586004402177
1259223651666341894
1258828470534184960
1258821211922092032
1258817832479084544
1258792624523182080
1258494551033028610
1258478899920547841
1258461929334505473
1258453351265636357
1258410659194290176
1258149006322085890
1258137885158629377
1258125123103666176
1258119192085135367
1258113303638937606
1258112899467395073
1258097071615291400
1258035709476249601
1257800489967726592
1257780065129160706
1257766360995835904
1257765357416308737
1257751682571796481
1257728225884672001
1257727821964808192
1257711624703574017
1257711623713755139
1257697485264433153
1257414419941900288
1257411735293767683
1257383946653962240
1257367100143931393
1257347812800561157
1257341696129499138
1257329075863068672
1256322537400619008
1256282984577204224
1256001133404807168
1255967159542378496
1255950666067070977
1255947777315688451
1255932261838528514
1255920157999931393
1255904630426435585
1255886186448642049
1255626666044469254
1255613076516241408
1255603261953855489
1255601194984247299
1255582565026729996
1255580471246958593
1255551205801111559
1255531607936716803
1255513680604794880
1255281013275713536
1255268178902597640
1255250059366670343
1255232785859649541
1255228894799683584
1255216235794567170
1255199165556101120
1255160322651979778
1254872531967840257
1254856771497148416
1254828543709716486
1254814210976026626
1254793823110168577
1254502508711391232
1254481582133575680
1254478491980103681
1254477348600197120
1253796607180472320
1253790863173529603
1253783339762421760
1253766841115332615
1253742954092605440
1253712082995994629
1253707118747832321
1253467690104172545
1253460643417489408
1253446550585397248
1253418889431539714
1253417830013255681
1253412703252574208
1253396281378168832
1253378893995749381
1253364776807411712
1253344604906291201
1253100017180536833
1253089447656271872
1253065288410558464
1253057840203341831
1253051282408996865
1253042237019238403
1253027917896060936
1253015718121164800
1253000381854089218
1252998801083838464
1252982396988817408
1252982395852161024
1252982395017596928
1252964072997429248
1252679371703422977
1252672046015922179
1252619964152000512
1252615493179097089
1252342194930774021
1252326550902636546
1252303765052502018
1252280154019237889
1252238573635424258
1251613367820845056
1251564383471374341
1251293119640985601
1251228935452536832
1251210306174554118
1251177387104010240
1250905948866125830
1250885450425925639
1250877321655062528
1250871634929561603
1250871633939763203
1250846208471576577
1250832494288568325
1250596424070430720
1250531777183199233
1250521123642642433
1250503282403020800
1250492843132624901
1250471430048940036
1250172241075208200
1250162565621186560
1250149616466657286
1250103995189858309
1250081331163299840
1249801740075008000
1249787389888864258
1249777541335965697
1249749823294713856
1249729807262330880
1249700283170635779
1249395937933492224
1249110777354522625
1249043508113129474
1249021587115868160
1248722306224082944
1248709718413099010
1248696414558879747
1248664209153499137
1248658571648270338
1248402069674811394
1248370855786287104
1248361544221483008
1248357556441026561
1248357554977214465
1248357553513381890
1248350305932193792
1248333265087463425
1248326055863169027
1248291296546086914
1248270053084147712
1248011623521898496
1247996586904322048
1247987583906390016
1247971986833317890
1247957361098096644
1247929865501847557
1247700290188476416
1247630384168423426
1247611292313157636
1247591650857308161
1247573965477904384
1247268235403300864
1247232635597881346
1247210374916694018
1247186745382318082
1246905197915525120
1246887608002785280
1246884325104254978
1246546081569222659
1246535260210429952
1246525207894003713
1246166696592904198
1246163562730487813
1246163561757409281
1246130984258584584
1246102231096659969
1246092320312905728
1245851989432467458
1245817139547779094
1245794043579305985
1245792015851442180
1245780406814851073
1245769100208594945
1245761396404555776
1245744102823657479
1245744101389189120
1245472759590932480
1245464454722203648
1245458853074030593
1245441290017349632
1245441080281174019
1245422029953695745
1245411960902090754
1245411959039819776
1245393538269020160
1245377656226529280
1245372811608231936
1245143841910358016
1245112887942639616
1245102066718011392
1245092166390747136
1245092165472092168
1245089266138562560
1245077101197381632
1245060039703957507
1245039222735716355
1245020533797912577
1245007948939702273
1245002145319006210
1244725563857739777
1244715089644736514
1244704999436881920
1244696884133969921
1244688083179708417
1244688081728540672
1244672087089917952
1244672085613522944
1244655818013913090
1244648136745914375
1244633901907292160
1244028066537635840
1244011984376471552
1244002063467646981
1243979601610752000
1243659845380780032
1243639112181129216
1243608583721439234
1243603573168050182
1243591069566152712
1243566819820044293
1243554217199112196
1243277461598744579
1243265253024116738
1243254117046390796
1243254115607724033
1243208395194273793
1243191204495470592
1243191203514003459
1243191202507362305
1242976211892142080
1242875635443302400
1242835555559374848
1242532197111914497
1242524218039963654
1242204486497636353
1242200492706541573
1242189621733265414
1242139141288136710
1241829206490841092
1241471097272483840
1241125978258255874
1241125976219713546
1241075705775038467
1241032347040059392
1241010797733728256
1241010796496330752
1240775262683439109
1240752357065003008
1240692774170578944
1240670016187621376
1240648980683468800
1240645267801726979
1240644687154876417
1240644606737420291
1240644562458152960
1240644455859970049
1240644343960088583
1240410905390743553
1240391144019812353
1240391142572728325
1240391141553512450
1240391140123316224
1240391138659512321
1240386598237286401
1240338119666348034
1240326333202345984
1240326331998416898
1240304531268919297
1240303827586342912
1240300794274091018
1240286728214269956
1240061855399202817
1240038702903988224
1240023615443173376
1240003796635398144
1239976369074798593
1239960381860089856
1239932379202039808
1239645435553333260
1239630213719474177
1239617539149369345
1239598495029485569
1239322320382185483
1238889379659239424
1238863207189659650
1238569637635391488
1238565572213956609
1238537207192924160
1238494529197608961
1238472829433188352
1238209436117843983
1238201017277300755
1238201016321015809
1238189104585572353
1238158868838068225
1238129691392913408
1238122678478934019
1237861607600001024
1237851878077022208
1237849802760577024
1237841448998801413
1237824008722223104
1237805871666782209
1237789623901921281
1237765516481245184
1237507992632819712
1237504504498655233
1237496176620056583
1237486804045086720
1237470959822671875
1237451191283580933
1237429911301873664
1237407833219629057
1237396040145387522
1237122617280204801
1237101741470035968
1237084576402604034
1237042604979650565
1236732668726915072
1236706244531908608
1236367009195143168
1236322867207438336
1236322865642967040
1236049032759382016
1236039198748168194
1236028919297347584
1236000638670188544
1235972166010777602
1235703134674194434
1235695585224581120
1235685176501395456
1235668475122774017
1235641362957004800
1235613600984621056
1235289614136553474
1235237121671168000
1235237120207450112
1234971751143968768
1234940312864395269
1234928256316510215
1234878904378281984
1234630567334834176
1234619997651111941
1234601878278639616
1234594969203200002
1234594967940669443
1234583131610583041
1234515954178121729
1233518237914144768
1233507810689896449
1233475641183436811
1233449104283447299
1233161842647863296
1233160631559147520
1233147425315004416
1233136849520144391
1233106639529660417
1233063354912116736
1233050358924087296
1232783060980191232
1232755826470858754
1232719410537910272
1232439905638240257
1232435741508034560
1232422575143346182
1232400901106741248
1232056806777724929
1231989426831712256
1230975173345587200
1230952789158891520
1230596948526325769
1230579489199067143
1230271846597054464
1230263542110203907
1230241004793495553
1230181760031432706
1229927578137395202
1229906690385956864
1229889321735532544
1229858670147710977
1229820304001769473
1229490269818642432
1228411097692196864
1228376403634159618
1228376401721675777
1228376400245252103
1228376398781394946
1228376397393121280
1228345085546373120
1228096764382564352
1228065779821797377
1228054382056542208
1228033671472517121
1228013088601001984
1227980117814718465
1227742681461383168
1227724310241890304
1227711483708084229
1227703142126624770
1227681057841057792
1227645097279475712
1227625618247950336
1227369220523978752
1227354073936093184
1227349551058685953
1227344235281756160
1227319984910733313
1227302504305696778
1227292358242336771
1227266590145744902
1227025203718434816
1226992322094780421
1226975677477478400
1226964875575992321
1226937953252970496
1226913480185389057
1226899251730534402
1225953628080525312
1225940305138126848
1225901376284381184
1225883871960535042
1225875562876547074
1225843605694271494
1225585970248110081
1225560301241806848
1225539149031145472
1225512533215367170
1225490950316843010
1225454691435384832
1225235417508827136
1225195396584165376
1225171596450652161
1225158506149531661
1225115071191429122
1225099771922276357
1225077538243870727
1224902431181545480
1224810693662248960
1224792452600492032
1224751808486236161
1224751807609606144
1224718246353494017
1224490524079542273
1224463390933954560
1224461667876118529
1224454063074316292
1224446791925420033
1224446784262402048
1224446782790230017
1224350143308234753
1224171252543295488
1224108484569915392
1224018642561429504
1223687613770555394
