1286077848449581062
1286019907818262533
1285985698961555457
1285968032863592450
1285933498088525824
1285729729434341379
1285699690072342530
1285603607744778240
1285352537617399808
1285344987484508160
1285314295924961281
1285274843047501828
1285242269818400771
1284531828892635136
1284337366111485955
1284337364974936065
1284268401611898880
1284238900580450306
1284238899418673155
1284198004560482306
1284122825490681857
1283907878730989568
1283836550543966215
1283803215088308226
1283581198254694400
1283521479787913225
1283493470569738241
1283493467952422912
1283490322958495746
1283189286339321857
1283110584330989570
1283053842062508032
1282838823886626818
1282802862595211266
1282753903080230912
1282753901813534721
1282701467871252481
1282401578134233089
1282401577211498497
1282401576376832001
1282344781318848513
1282085184175775753
1281996524508139521
1281714134174793733
1281383466836398081
1281282880396759043
1281262473727873027
1281246579081519115
1281019458199445506
1280978298592464898
1280905513799159809
1280625218835406848
1280511340591960064
1280300296594427906
1280258679821000705
1279882682973982723
1279808453448474624
1279421389531996160
1279193903594438658
1279094092312580098
1278790943483756548
1278757566533828608
1278718701081108480
1278452325187756032
1278452322650198017
1278146391907471361
1278033380916039680
1277696157020495872
1277642223493042178
1277631427153203202
1277347805263257600
1277308580765618180
1277286145076969472
1276928340323172352
1276872936440451074
1276645852535238656
1276614141210484736
1276595173984808966
1276581587350630400
1276566093071613953
1276320635699019781
1276320633857683457
1276298332457938944
1276266290768949249
1276243041628622851
1276210899615956994
1275940173189189634
1275912403050471429
1275844516545691651
1275802200665665542
1275793058316128256
1275580007696523264
1275518370176208897
1275418819977261057
1275196492773576707
1274828749154942979
1274755931998478336
1274710239246520326
1274477629815402498
1274444380233969664
1274374621735903234
1274105004018872322
1273977665905623040
1273977664492232709
1273977662499889153
1273757458343886849
1273735146622124032
1273672255478861825
1273403530066440193
1273403527763722241
1273391936959852546
1273327798426501120
1273287670274424835
1273265055933640704
1272945402531233795
1272706271209312256
1272638610005725184
1272560953503158275
1272560952588865536
1272551145689546752
1272298251471982592
1272243538529566722
1272179999546789889
1271932815127580674
1271880017841020929
1271825165689724929
1271563576633950223
1271439518789402624
1271246430049632262
1271158085600645120
1271103425162416128
1271080716001034240
1271080714772140033
1271080713765490689
1271080712280715264
1270869387281600512
1270809577278320640
1270478146798858240
1270466139525652481
1270122409341976578
1269780153670012929
1269683408596279296
1269344556975222784
1269278421307318272
1269009533592121359
1268978244994437121
1268916952132661249
1268704149849493505
1268683087636041731
1268627500994899970
1268575315019923456
1268317985871220737
1268233637545291778
1267952673678123010
1267881454815662080
1267881453427331072
1267881452307431425
1267881451057537032
1267540855675650048
1266722829795557376
1266466493295984642
1266419342524272642
1266155518114045953
1266133621603209217
1266097426521296897
1266064725512785920
1266019679463710721
1265746613596758019
1265704639925805056
1265671497252769798
1265408657103163393
1265360879039766530
1265034926346338305
1264907777115336704
1264663210109448192
1264632507888099328
1264612089781518337
1264330266677407745
1264318253620477953
1264318248683798528
1264255523697893382
1264235673411899392
1264204975237890048
1263991610578173952
1263979610167001089
1263898089141735438
1263875149293596676
1263613553703038976
1263525246461710343
1263290375361433601
1263290370483531777
1263290369388797956
1263242676557811713
1263229584956362759
1263149380208668673
1263149379063549953
1262918143091015680
1262839710935928833
1262814779703537668
1262788814638022662
1262447282387062786
1262146205833928704
1262060350960046082
1261775934975127553
1261760894754623489
1261693676113149952
1261394672917700609
1261375798524559360
1261359441133424648
1261324465771864068
1261305134069547008
1261094819025346561
1261054560568836097
1260918495895846912
1260707209165578240
1260679445536559109
1260669443253964800
1260620363244896258
1260576393051680776
1260355324642332672
1260338619551830019
1260312756097515521
1260292364268167168
1260257587792052225
1260241000167084038
1260187125426917379
1260002548037099521
1259973596904112131
1259949031280857091
1259908182647934976
1259861560152985601
1259550271505608704
1259522073875099648
1259241737408540672
1259205749344878592
1259156102945570818
1258910646437060609
1258858161043197952
1258833938006650882
1258567907627450370
1258530046458777600
1258519850067963905
1258425036362387458
1258407420294021121
1258215377949077509
1258195902377984008
1258169167074791424
1258132462607249408
1258114125928030208
1257804361465581569
1257696740536471555
1257417884978069516
1257374024537169920
1257068654136627202
1256726024810872839
1256679023754850304
1256637864567361537
1256393572724727810
1256320926351626240
1256296237294370818
1256256588198920192
1256029727833362437
1256015972407836673
1256006772999041026
1255993917666975744
1255935702816129026
1255905178177490945
1255672908011245570
1255619627805224963
1255561266032259081
1255508838188486658
1255305318164238340
1255272067357908993
1255235718118551555
1255211758983294982
1255174138395795463
1254929958784438275
1254891862709751808
1254870428817985536
1254589438824517632
1254525415588352003
1254493852649558019
1254449933463310339
1254079214288060420
1253799479939137536
1253798347359559680
1253758722826010625
1253729787908100097
1253416940606873603
1253415920317292544
1253355070936223744
1253113480418414592
1253100017218396161
1253073607548383236
1253073605094760448
1253053290314641409
1253053289417060352
1252994361434025984
1252949199940976641
1252751385365446656
1252724833873518593
1252642136367005699
1252408479857307650
1252402006687313921
1252347812450144258
1252273139976978433
1251990136847466496
1251925259948904452
1251633222703816713
1251614227665731587
1251589422367326209
1251326624315904000
1251298898448191488
1251238608314552324
1251203846937939972
1251169626874093568
1250922688673128450
1250915358262865921
1250870878335897605
1250870877224402945
1250823306598658049
1250606550714060803
1250599161961070593
1250547823738785794
1250534825683038212
1250522444827426819
1250432162467201028
1250244865616744449
1250235285708865537
1250189864630464512
1250123205450313728
1250084938008887297
1249800097854042114
1249446421134180354
1249433269915062280
1249324353034035201
1249130142858870784
1249089309497532418
1249089308469932038
1249068285028700168
1249032836608393219
1248992715968262147
1248787703723888641
1248724301123137538
1248699434818514944
1248624915374211072
1248419173920800769
1248398114748157952
1248355888819326979
1248287255728402438
1248053670404554752
1248011196260855809
1247949897489420290
1247925739833495554
1247898046588841992
1247674673212653569
1247649401339875328
1247624765046743042
1247550283078610945
1247322275105460224
1247314394427482113
1247295091779272704
1247199001902022661
1246946973250392065
1246905701252947970
1246867895617048577
1246823332923785218
1246524064480493568
1246459040584040448
1246459039472668677
1246237184082018309
1246184745601564672
1245843333194317824
1245722583342989314
1245552381221318656
1245530471494307840
1245499897815674883
1245480631330426880
1245446318635585536
1245368783440617478
1245368781494509568
1245110202271178753
1245081666730758146
1245057080224100352
1245000276794359809
1244794415849320449
1244773219279798279
1244736148238479362
1244722817628766210
1244662601172336640
1244598478426320897
1244449048368644097
1244433036709683207
1244404908784263168
1244347730534838275
1244057619637121028
1244009528347238400
1243966893062533123
1243966891418365952
1243919590356328450
1243919588213080065
1243707894467563520
1243600413225607173
1243354754748645382
1243314129974300673
1243035689819820032
1242982694910337030
1242982693467553793
1242982692527931394
1242982691483652096
1242982690267238401
1242982689038381056
1242616713147015168
1242478299735040000
1242465428242227200
1242234324923097090
1242193821879992326
1242103737272934401
1241866645376811008
1241832919108386816
1241752490875523075
1241487916351868930
1241361545151602688
1241170906761908231
1241109256616673280
1241052952615440386
1240761362604834824
1240755768506417152
1240734597945724929
1240694049792638976
1240468740950634496
1240419907889700865
1240397856877535241
1240374617920978947
1240358284122562560
1240039099622359040
1240031643496255489
1239944587168247809
1239926389069041665
1239906982557028354
1239703336556912641
1239627741076611073
1239602735990874114
1239268891379073025
1239016060415860736
1238970251141922819
1238929733364125697
1238867460088045568
1238638063720562688
1238441629599567873
1238287252024950784
1238229743100624896
1238196606316564480
1238166309558501376
1237872970736865281
1237847844880441345
1237812999387254785
1237801209735471106
1237793897721532417
1237710721795981312
1237710720579616768
1237710718939680769
1237534496703971328
1237139851721367552
1237079144023891971
1237023119950385153
1236795600542339072
1236684692784656384
1236653580276379649
1236449393110331392
1236379870436917249
1236335229394132992
1236113442953666560
1236037823666565121
1235739876907048962
1235725178866458626
1235673913021140992
1235608626066227201
1235404052915204097
1235355969946816512
1235321512690937860
1235276762722062337
1235227633887121408
1234996013267476481
1234981428124762112
1234979317425164288
1234975308693925889
1234930430970822657
1234897267125080066
1234588503259930624
1234520485561536512
1234479824221167617
1234267676136136704
1234224642572709889
1234155543935234049
1234132032617418759
1233911076305166336
1233817170313928705
1233578930214445058
1233528589741629442
1233513487558676480
1233464882667933697
1233405338969350149
1233229082445275139
1233213619845943296
1233133626327543818
1232862922067652608
1232853418357776385
1232803189579243526
1232752874867830789
1232674251557277701
1232432264656506880
1232353254903812103
1232108700162150400
1232067352881172480
1231686858230444032
1231628357021962241
1231307674572079104
1231283832982249472
1231020783926857728
1230952576205586433
1230900352767201282
1230658784500080640
1230632035934515200
1230288456556789760
1230243182392291329
1230163532525834245
1229880948382191616
1229775948049940483
1229580316941209601
1229484376934821889
1229214707694948353
1229057849348759564
1228836646738710529
1228770959013941248
1228700311541420034
1228510926392963073
1228437481856565254
1228382770604527616
1228358264087289856
1228089718497271808
1228035738689777664
1227784055560773632
1227728579414200320
1227664329954254848
1227398070641537027
1227331437403295745
1227252735088693249
1227024624178868230
1226938433739927553
1226692518470995968
1226546013197996034
1226310915563409414
1226227214427054080
1226158762412691456
1225963704229023745
1225963702324748290
1225906311944134656
1225836836746076161
1225552112676941824
1225496934435168257
1225466057072181248
1225183546878328833
1225142795557621762
1225092455244214273
1224922968213590016
1224905971019001856
1224830736647303168
1224801092493508609
1224801091004571648
1224801089133973511
1224801085816279041
1224763367082135552
1224738283453865985
1224431124266602496
1224355451686604801
1224004917968416770
1223733317268393985
1223694704946163715
1223623551699357697
