1286044989018038273
1286008319660961793
1285986092756467718
1285978641520828418
1285939501844529152
1285748579878023168
1285714012819398659
1285698005853712385
1285625081155268609
1285606972046409736
1285594240450428928
1285383290799763457
1285352464242352128
1285329982919761921
1285303137276919808
1285290923954515968
1285261003878531072
1285224833874300929
1285033205494579200
1284996078627164160
1284926454996836352
1284310984769908737
1284286886496927745
1284249741233139712
1284169428481998848
1284150509725782019
1283939678563991553
1283929728508985345
1283888510513152003
1283854208270245896
1283835135872454658
1283495017848492038
1283474398385704960
1283452044167319553
1283406214597160961
1283212220269199361
1283205395637514242
1283181886416785408
1283145402213072897
1283101876813266945
1283033629103357955
1282853004358672384
1282826053308895233
1282800917331488768
1282796813108555780
1282744543134220288
1282718217878810624
1282692547098357760
1282462093980164098
1282418809186537473
1282364848677040129
1282133673807097859
1282073572320645123
1282042010015334400
1281978220502495233
1281768244207116288
1281732891857362944
1281712710124699648
1281657124121186305
1281607983965888516
1281376252687986689
1281358450103062528
1281331648001462275
1281318662222290951
1281288334787194881
1281237578616909826
1281034646160113665
1281022224435236864
1281000196609052674
1280951635909513216
1280917632703741953
1280866153733197824
1280667427739701249
1280648003293007872
1280617553375748102
1280590807205117952
1280542574315520000
1280510854778191878
1280302343750385669
1280245067123429376
1280230281866285056
1280218870268166151
1280186525339258881
1280144149849800706
1279964632128651264
1279935040839757824
1279826536552595457
1279590362445725696
1279533135017971714
1279455507477139456
1279243586089947136
1279212377976844290
1279159982425083904
1279052293325938694
1278790854321324036
1278762201197789184
1278719833870393346
1278506934941908995
1278477366772277248
1278437959767859201
1278398655909826561
1278368495303081984
1278151865243512832
1278130605054713857
1278082957207646213
1278023378717347840
1277990675498315781
1277785645486878720
1277732407073026049
1277697058942615552
1277660460771348480
1277607510397136897
1277418173852155904
1277367999226404871
1277353115214323714
1277300241801400322
1277250753082601473
1277064625679405059
1276990500868886528
1276968450112606208
1276920412224487424
1276888011813330945
1276699242824941568
1276670345509056512
1276591188041179137
1276521861975650305
1276342077178236929
1276318596948426753
1276300121865629696
1276264911295918093
1276256865962397696
1276237372913602560
1276201861343838212
1276194822412537856
1276163410678423556
1275965616252506112
1275924281122344961
1275875666169335809
1275829896963665927
1275795083942662144
1275781497975422977
1275591773293809664
1275586682939740160
1275556249501827072
1275541251413213191
1275481259020636160
1275442445694767106
1275417308714893312
1275248033219973120
1275225233910267905
1275194347286335490
1275137389099433985
1275092295654801408
1275055624091504641
1274852741769281538
1274788983571087360
1274721017219428359
1274496922083045376
1274459998559580161
1274370449271595009
1274144354777645059
1274112708410048513
1274098932902133762
1274081768212180993
1274055964321370114
1274029387353120768
1273809778872135681
1273768722793140225
1273733015831797765
1273674453046697984
1273612933659086849
1273414718821216256
1273353479772348417
1273341928462069762
1273327405474689027
1273267081610432512
1273062165335900160
1273034225281892352
1272986964527120385
1272962066731667457
1272938921035530243
1272715110914686981
1272674000049713152
1272621147893510144
1272599430089379840
1272578975852789760
1272556215181213698
1272335093709840389
1272242400925270018
1272181455242829824
1271983809584664578
1271958605231726592
1271926731180576773
1271898158830886912
1271818019484962816
1271633882677469186
1271619797625815040
1271583175869939712
1271524873802788864
1271452066033086464
1271249975607914496
1271229729379684353
1271188074094112769
1271114418399653893
1270906409396428806
1270886633999663106
1270853481671335937
1270802166006063110
1270769622023835648
1270749138465013765
1270720936837169153
1270537852431065088
1270484595499286529
1270444770318520326
1270413727704154112
1270163980468850690
1270113894120513537
1270075502477410315
1270041186670125060
1270013188831162371
1270002934558994433
1269983356810407937
1269966104987938816
1269795257786478594
1269714467601997826
1269635952537976833
1269415154816614401
1269379448513626112
1269322041771114496
1269092592244920324
1269053231981887488
1268992395862999047
1268978757253173249
1268946500895281154
1268907762421043200
1268688067650600963
1268669062407741446
1268663369587929091
1268642736841818112
1268624073900187648
1268596671153389568
1268542718898298883
1268526688775876608
1268363433742864384
1268353011098750979
1268288296221839365
1268258560863096834
1268240934464114688
1268004722063048711
1267980367841112064
1267937110339846144
1267924914536882179
1267883489891885069
1267865568419381249
1267844434856742912
1267612782750384129
1267555165491601408
1267507094007267328
1267451713881018368
1267274577610190850
1267187733077921792
1267102682549977088
1266893445320278017
1266876646654607360
1266795171489906691
1266556905167761409
1266491527720849408
1266459028563144704
1266384582720487425
1266186840190697472
1266159428547592192
1266072275335417858
1266035634512302082
1265828235851546625
1265801893944721409
1265763380310269953
1265738323169103872
1265691515000627200
1265642720405663744
1265465755212136450
1265443454387204096
1265398318571630594
1265324956558163969
1265046157241303041
1264949877664100352
1264741511058644994
1264688591051141120
1264592737048944641
1264377887253200902
1264366054102401027
1264305001255571458
1264228280355434498
1264014992560488453
1263970223364935685
1263928426869796868
1263849961088835584
1263624341801009152
1263604763305873409
1263561239541747712
1263514192889470982
1263293670922629120
1263283593708797952
1263221796595273728
1263201062057578496
1263174873872023552
1263134365208494080
1263105227307114499
1262926628948189185
1262890213661163520
1262839836894953474
1262835999643762688
1262789915361804290
1262550474949091329
1262501097912053760
1262465423695585280
1262445384607170563
1262384675219218437
1262179349509427211
1262102828295880704
1262075682580037633
1262056979750625282
1261849331482726400
1261804383886544897
1261727395255631874
1261674112528855046
1261475332605063168
1261449912840937473
1261427622296371208
1261394375151517698
1261351763988279298
1261337631599853569
1261314324599132161
1261290174551601156
1261112294479745024
1261089817728868352
1261056747583811588
1261024427472564224
1260979740879585281
1260729543536586759
1260695263439654916
1260669574351138816
1260635796136013824
1260601322006593536
1260374557225033728
1260341357517864960
1260302999651524608
1260270390271770629
1260233375467651073
1260024546599383045
1259993753592397825
1259947085253795840
1259925808346472448
1259889852876820481
1259841403229741059
1259656182198910977
1259598065830449153
1259518180541763587
1259302838955651072
1259236850159534080
1259201989038268417
1259175925465391105
1259147377954471941
1258942942103863297
1258907562407276545
1258874629692821504
1258850524838969345
1258850379309203456
1258850298799497225
1258822859553734659
1258791727453921282
1258750173372653571
1258579007051829248
1258529375105892352
1258516197378650113
1258500490528272385
1258488726772240395
1258439890108403712
1258412968796176385
1258220196252340224
1258203446353813506
1258181977754210305
1258143906979610624
1258105093653778432
1258083207955845122
1258045953359183873
1257854035518001155
1257839606856368129
1257821916829794305
1257814974057103360
1257796224452829186
1257746795893084160
1257701744684998656
1257460536737804288
1257410749737193472
1257376005775339520
1257341081307492354
1257125614194176002
1257085873398730754
1257022673668001793
1256986601391099905
1256771088324997120
1256744569108082688
1256689312072192001
1256620165745324033
1256421496584646656
1256390464267259906
1256377764434907141
1256331941218889728
1256295362312142848
1256263276775833603
1256245679913140224
1256229451567939585
1256030406459170818
1255989646347075591
1255921722957709313
1255891773068582919
1255874762590601217
1255698473887858690
1255665971819425792
1255643772668588038
1255616058377019393
1255581727411617794
1255540474082988038
1255282366635036674
1255235593275150337
1255169088336396290
1255125993855090688
1254944184928219136
1254919706856902662
1254841503060504576
1254812898121187330
1254802504367431683
1254758594324684801
1254567253993021441
1254561059706454017
1254499732812111872
1254424724970618881
1254220207935164426
1254192401163354114
1254141797179314188
1254114358352850950
1254066531085975553
1253852701227716608
1253818923998461952
1253801586125570055
1253780548927053824
1253743467974529024
1253726143473168390
1253707025348993025
1253686492184096769
1253495294022635521
1253451577806983168
1253425099576770565
1253404155823128576
1253376631659548672
1253367271801663492
1253339732815212544
1253110648013291520
1253075570293977093
1253041083518517249
1253016036695302144
1252994869523595265
1252966050859298817
1252778509661024256
1252752985127620615
1252739264783298560
1252739263285911554
1252701288263045125
1252680429339136005
1252643633737629697
1252592609719181312
1252433848949866498
1252417268782231553
1252377702608146434
1252353741522522117
1252314748466626561
1252281867312795657
1252253453637877763
1252023919206436864
1251968934741409793
1251908242436997122
1251687735951327232
1251649306236461060
1251580990612484110
1251332259568746496
1251305758081208320
1251279811047075843
1251259436456275973
1251234688598859777
1251191509493276672
1250967253325090817
1250941080314445824
1250897832325898240
1250878887921401857
1250854032811286530
1250834350960230406
1250821386970501121
1250801180512595972
1250562080543068166
1250524298764263425
1250486319286976522
1250446786008842240
1250246995400409089
1250232420789518337
1250205567756500993
1250181106214809607
1250114339446689792
1250064059061370882
1249877166910853126
1249832219809656832
1249774902627962880
1249714524447551488
1249694204881711104
1249443426782896128
1249406896831959050
1249371317377392641
1249126964683845635
1249103011151884295
1249103010149453826
1249053138541318145
1249016186341396487
1248758857440116736
1248691102737186817
1248648458875088898
1248630030344822784
1248437907507032064
1248388742563291142
1248361273206636544
1248335469965979655
1248302623326953473
1248277304092037120
1248259372008046593
1248068305937666048
1248045441964531713
1248021918080536578
1247989134259617798
1247949943400267776
1247909989605310465
1247866200278925312
1247710590459686913
1247694237526867968
1247656278991798277
1247566157219016709
1247542713324572672
1247339981816893440
1247296680401219591
1247239426008403970
1247201449265770496
1247170589657268224
1246944849200386049
1246879039446450176
1246820232427188224
1246568908154421250
1246533069709938690
1246494028792766465
1246446274062188553
1246178752272519169
1246158579427610630
1246139193824350209
1246076588661211139
1245875246407856133
1245840192877072385
1245812566884040705
1245764711876038657
1245734563416064005
1245700903589593090
1245516751317733381
1245493423035072512
1245467261298769922
1245448011565674497
1245396151702040577
1245383240074113031
1245350014358097921
1245154556490788864
1245130216676167680
1245106195888844801
1245069015011246085
1245043975741943813
1245000157428682752
1244800011327676416
1244786659004223488
1244770121605939203
1244754051461455874
1244687989466423297
1244617148280066048
1244426604878745603
1244396267524034562
1244357834743205888
1244283982075887618
1244050029687508993
1244032089068011523
1243955802827902977
1243684908771540992
1243661047183085568
1243646454104838145
1243646059366223872
1243625652730896386
1243598253129699328
1243576744898150400
1243349443208007688
1243333445792776193
1243270767980285952
1243240786717802497
1243240785786667011
1243218556399112201
1243184146224201732
1243020605395537920
1242986185502457864
1242968667689816067
1242927623573028874
1242838428821094403
1242811192541880321
1242619836758458368
1242576103996260354
1242559554073899008
1242551162555031559
1242502222212194304
1242485708037722117
1242440904075509768
1242275434915561472
1242235440930979841
1242212264276566021
1242204666353594374
1242196216269717511
1242174559488561153
1242129734076706818
1242086465594691590
1241903240511397890
1241863046923943946
1241815361403699200
1241770929702817793
1241725125591994368
1241725124908376067
1241544582204215297
1241519444574253056
1241462205155028997
1241454383973441536
1241428264771600387
1241392151151419394
1241182272868495360
1241157919590285313
1241142645273104386
1241067863567413249
1241043379787620358
1241025650812649472
1240833936613351430
1240827404794421251
1240795044522659841
1240730881070956545
1240696668158193665
1240680936175534080
1240442417200992259
1240442416030777345
1240405394486411265
1240370454306717698
1240334097731502080
1240313879596539905
1240291866190512128
1240088848186724354
1240033649300561922
1240016386455482371
1239985233753190400
1239958293096759297
1239946668990246912
1239931625758232577
1239732657522704384
1239697369928806401
1239661758245208071
1239618122480594947
1239600314241765378
1239371806424866816
1239314650291937280
1239257667727699975
1239240692515459085
1238999896298065920
1238945066158358528
1238879621644460033
1238616649877655553
1238582044004888576
1238544226817912839
1238515326729498626
1238499572449783814
1238269560224124928
1238241843017629697
1238190976008683521
1238152690007506944
1237923871174598657
1237878315953709056
1237825697470648327
1237763183814889472
1237558811914690564
1237537396477923329
1237514425655013376
1237479969258962946
1237421056358518785
1237374191546089472
1237170410426380289
1237102577055121409
1237073802841948166
1236789987678568448
1236757310686535682
1236677301347237888
1236424737963872261
1236313548344745984
1236097673691832320
1236061174569086977
1236042664702873600
1235743350642401281
1235684437544796162
1235394916076916736
1235373240421318656
1235335890349821952
1235282041492692993
1235225793527246848
1235011368245497857
1234948318901493761
1234906201521037312
1234674218622570498
1234639006429782027
1234609953354264577
1234561791713316864
1234287265087676416
1234250706166722567
1234183470890594304
1233921130404163585
1233847932824309760
1233810422115000322
1233566217987919878
1233530106032906245
1233482850575560705
1233435282361503744
1233225273572761601
1233146688015142913
1233039048983314433
1232860481595072512
1232820098362150912
1232785570830704643
1232766050414055424
1232755457665773568
1232704721653248005
1232463109530349568
1232446800990109703
1232354056775008256
1232314365250097153
1232078630194483203
1232016368817655808
1231973292505993217
1231714132208095234
1231642264012828675
1231404005479403520
1231370422442217472
1231302754024509441
1231238066666442753
1231041401099628544
1231017710789644288
1230958057200521217
1230905251433197569
1230676877536301057
1230645358776242176
1230614808229294080
1230592405361086465
1230515286379548673
1230310492897513475
1230261976552689664
1230226563213545472
1230201083827539968
1230163260193812482
1229965426630840320
1229922831233961985
1229881677570285570
1229820736296099842
1229573708823617537
1229513312683122688
1229447960276148226
1229196281588932609
1229135814275321858
1228848118101397504
1228794579387899913
1228764589388640256
1228731749909323780
1228479352528162816
1228473871411576832
1228413962670235648
1228392130651054080
1228333262369587200
1228148964555444224
1228122354024419328
1228080980671553542
1228059465951346688
1228008479715184647
1227973675602915335
1227783713800564738
1227733967333462017
1227682090772291584
1227653949840293894
1227627140037906433
1227435943843463180
1227418477473955841
1227407379886682112
1227369785001947137
1227347161479860225
1227304179137482752
1227273299656413184
1227057564246061056
1227032539417776128
1226967220775014401
1226897646574604288
1226693254449696769
1226616898315595778
1226578682803884033
1226329246236319744
1226293848726478849
1226241071841193986
1226192985458651137
1225962076968976385
1225872838701322246
1225820481267347456
1225615574480433152
1225572652229824513
1225536866189037570
1225493697875398657
1225461390414139395
1225247586015207424
1225172310811926533
1225130096102715400
1225106539532427264
1225086438666047488
1225074650859941888
1224898341806526465
1224870870096777216
1224850975489478657
1224805693091459075
1224734903616577536
1224501443144581120
1224471912262356994
1224416734821715969
1224376331363913731
1224108796848615426
1224024268607979522
1223755266946105344
1223708522774482945
1223673898631385092
