1286087828628213763
1286083235710205954
1286049438180544512
1286046244004036613
1286030858722451461
1286025186601570308
1286016309625589768
1286008483456974849
1286004414222929920
1285998597394374656
1285990936766558208
1285985953195098114
1285980607810600960
1285970364816908290
1285943985945681924
1285744843352932352
1285728268440809475
1285718282037854210
1285692146486476800
1285680620258185216
1285668207777517568
1285660191531335681
1285654041142407173
1285647379186757632
1285642414426935296
1285635924819312653
1285629385056358400
1285623510455508992
1285580566767771649
1285562000236584960
1285561967474868230
1285554918221373440
1285393680682098689
1285386708331245568
1285385090147717121
1285382079379890176
1285378420617220102
1285371019398713344
1285360087297675271
1285355613132857346
1285326941181153282
1285274471381819392
1285258024479854593
1285222331594543109
1285207846544646145
1284982333674848262
1284977138043686913
1284655054373490690
1284628073997045762
1284562798815698944
1284529913484189696
1284337442124947456
1284300229223886849
1284293295775141888
1284271992221380617
1284248226347048962
1284247419908231170
1284237810577399809
1284227573942308864
1284214884562014208
1284197325368434689
1284154095897640961
1284135479126953984
1283904684890165249
1283899796936368130
1283895034211971087
1283872742492844034
1283832857639690240
1283830963810820096
1283823454001737729
1283796369984061440
1283794393057689600
1283600902809624581
1283505397354168328
1283457576185868291
1283438418207412226
1283421592714960896
1283231344462635008
1283203384540123137
1283186088383848456
1283146407927582723
1283130765421797376
1283104999405494272
1283027542845403136
1282809020882051074
1282789932424212481
1282769590448205825
1282732192905547781
1282472057905844224
1282453852701302790
1282415215913717762
1282405379528437761
1282363517258137602
1282105311747342336
1282052691313733632
1281999553219178499
1281758483352821762
1281694878762766337
1281646292305711105
1281609783485792256
1281395636907245569
1281379081347530754
1281343538496708608
1281325746137505812
1281314674756255746
1281301450216419331
1281287877041827840
1281273851377332225
1281266116367650816
1281055667592278018
1281038599006441472
1281022826129096704
1280956304551526401
1280907345879609345
1280894484918788097
1280632298312994817
1280625630179143693
1280540131582246918
1280508882650087425
1280481103267192832
1280291925967474693
1280246890622304257
1280168746330533890
1280168711924613122
1280158925149687808
1280157089290223617
1279898707383717889
1279839007006953474
1279810745912504322
1279535855036772352
1279480082898321408
1279460933203623938
1279442397445918722
1279174089693892608
1279105861386985473
1279084647905931265
1279048134614814728
1278867690111762436
1278850410145554433
1278803863945035783
1278796062468292614
1278791343624597514
1278787136058253327
1278778512044933120
1278771853776031744
1278768407018713088
1278762235309981703
1278713491789099009
1278700797681905665
1278688176807305221
1278682054423650304
1278492454203908099
1278491428927287296
1278477158936125442
1278475895758618627
1278467880477233152
1278446028656644102
1278437594171428867
1278420315207618560
1278406133888278529
1278380232991539201
1278369818387853312
1278366674329260032
1278362930971652102
1278334148218937345
1278332744385343490
1278320318633971713
1278155120346267655
1278129210427613187
1278109930315296769
1278107986599305216
1278091350643224577
1278086873869582342
1278079337594576903
1278070632127881219
1278062477226520577
1278052406056693760
1278044996210491395
1278037720384888832
1278029004751192065
1278018878304669696
1277987147950239745
1277774617319485442
1277757534649098246
1277749871727071235
1277739469580447744
1277729253916921856
1277726470564167682
1277723416594915335
1277640309774614528
1277639991506669574
1277639812804218881
1277639677864968193
1277629743874093056
1277612484921298945
1277590538179563522
1277402259882639365
1277373674505547777
1277352713278365701
1277329943836401668
1277303511085199362
1277290875853422593
1277235631404580864
1277000843125043207
1276955198821470209
1276932936718319617
1276925980326735873
1276905993079853057
1276659777536483329
1276647234923302912
1276634950150823940
1276623961460297731
1276605312989048832
1276598332081745927
1276564788341026816
1276546917556785152
1276349386918973446
1276308842788388868
1276297616175828993
1276238997925306368
1276237077085065219
1276224004416843789
1276206170991099904
1276195140399497221
1275977148814233602
1275976807645351936
1275953442016628736
1275941412555624448
1275904196345245707
1275871443423821824
1275856484564439041
1275852359739027456
1275848510865321985
1275844251566379008
1275818427127607296
1275810283714424835
1275773786378383362
1275601872070545408
1275597581016539137
1275591714141593600
1275539938474438657
1275523127217459200
1275520470331404288
1275516551131774979
1275509725858316289
1275498631987187716
1275493259712835584
1275483481687064576
1275433848956841984
1275274560858963969
1275226397510971393
1275220984434475010
1275155309049327616
1275123202000330752
1275110840551776256
1275097255863869440
1275089795170152449
1275068291686391808
1274885667579928577
1274864518951247879
1274847828435763201
1274841040655089667
1274710019179720705
1274467694142783488
1274466266397511683
1274398551909502978
1274384351573225475
1274375135529701377
1274355470455668739
1274177247017152513
1274085273266262018
1274023662849593345
1274021284737888257
1274016220979888128
1274008809745375238
1273977988636344325
1273773975466893313
1273770482475679745
1273768181358878720
1273764911374569472
1273757380732432389
1273751279668527105
1273745104537346048
1273739685488197635
1273736669464875010
1273725858684043264
1273721340281917441
1273711964041228303
1273680877730648064
1273677883970641926
1273673804892561410
1273669510701166593
1273644570878844928
1273623344898813952
1273410079488958465
1273396075483856898
1273392727749787649
1273388385143529473
1273363029867053056
1273325496470732800
1273319716938035200
1273315332237799432
1273312508636528640
1273311745285722115
1273309038151901185
1273301881176109057
1273295370983026691
1273053608960016385
1273039715638403072
1273034338226114565
1273008186774163464
1272977901441384449
1272963036710604805
1272960354289664006
1272956826536022019
1272951693119041538
1272948645487431680
1272948328934842369
1272945062553571328
1272732807341760515
1272703700490911744
1272701689838080000
1272698051036164098
1272693690784505858
1272688666859786241
1272684619012456449
1272679952568266753
1272677789301379073
1272677553761857543
1272673665080086535
1272599828749574147
1272586763987533825
1272579434743283712
1272574606717714437
1272559867291734016
1272533515247267845
1272335250253889536
1272271595462176768
1272227909604950018
1272212922383679489
1271875025902198786
1271576937002082307
1271573659459694595
1271554732126076928
1271536036716429313
1271508790442110978
1271473321239085059
1271250437665153024
1271248508163624961
1271185298735730692
1271162787163750405
1271158166265516033
1271151618696806401
1271148426382708737
1271141812825206785
1271137167780216834
1271132110464733185
1271127643988074497
1271124911411642371
1270893257237676033
1270891096281923584
1270864538506858499
1270853581999091712
1270852218648920067
1270852018668740609
1270791000093593607
1270786456806731778
1270779521285881858
1270773902197895170
1270769082841825281
1270721037022277632
1270554836371636225
1270510731700703233
1270493148599418880
1270487846609203207
1270482030845988865
1270405875086299140
1270400554854952962
1270396286399807490
1270395463339048961
1270391078055796740
1270387304541102081
1270169937613643781
1270161665301061636
1270157925802299393
1270142666399985665
1270136151651823619
1270131106478796801
1270127277121114114
1270078522560831489
1270073245966966784
1270068626444468224
1270061518659489793
1270052270038753280
1270045283607592961
1270003075084943362
1269770072953929728
1269731507104559104
1269444934446260226
1269405835731623937
1269383033305653249
1269374773831913472
1269347232324648960
1269333304488144897
1269045392945143809
1268976952989356033
1268972501373247489
1268971111754104832
1268968577220128774
1268966396664348674
1268960997496291335
1268936893678456835
1268699287166337024
1268696148136677380
1268692496097382401
1268678714033922049
1268678689132359680
1268669089083461632
1268659783554531328
1268641524901912577
1268636766216638466
1268632482791985154
1268628117905694722
1268617253576032256
1268592650006990854
1268583057897992193
1268539541448687623
1268372641494315015
1268368384204431360
1268340304060592129
1268336403534024704
1268321374369529856
1268298819726344192
1268258171669315586
1268255468516003840
1268248898025467907
1268245074359574529
1268005750523256832
1267987255957819394
1267976370946179074
1267967364445937664
1267961405971533824
1267955980849025024
1267948244967075846
1267891975166066688
1267888104205168640
1267884238885568512
1267879630771552258
1267874662039633920
1267870304942149632
1267866748419747843
1267656898439974912
1267652279152324614
1267634281351974914
1267612134332137474
1267597938295033859
1267591835649785857
1267588803050516492
1267585139263057920
1267581619646464003
1267578686938714112
1267570640858611713
1267564795471020037
1267500102513569793
1267497663248904194
1267486598201032704
1266832412908105728
1266829219490934790
1266816593243320325
1266728656438726658
1266522402290380802
1266521232607936519
1266495711077642241
1266484352042573832
1266457239352684548
1266455708091863045
1266437064813424643
1266407567259033601
1266188309526654982
1266158675338690561
1266129917231718406
1266103301864656899
1266102282241916929
1266100027446964229
1266099053181505536
1266096840430227458
1266095666478092290
1266023824727912448
1266012133109764101
1265976888788496389
1265845702946689024
1265845630544621568
1265841321081810944
1265825185921413120
1265753892593242113
1265742299176341506
1265732867507785729
1265723070205100036
1265707390562906112
1265700262511083520
1265700103987376130
1265640466655174657
1265457172328169481
1265441205330067457
1265402943165157377
1265400273071202312
1265382457722970113
1265339172300230662
1265317960996044803
1265302242162282496
1265290962902925312
1265060972861042691
1264980985218826252
1264963053793226754
1264947635288453122
1264905219923759104
1264708790160691205
1264688369323384832
1264602669806649344
1264339825966137344
1264269621735153667
1264248646423453696
1264208858177843200
1264206089832333313
1263960207002087432
1263932714866151424
1263879302443159552
1263875516592947200
1263838821621383168
1263827085556137984
1263623181144928256
1263566704329854976
1263559768708390913
1263531708600721408
1263522176470339585
1263514163940392963
1263511746670661638
1263508680684814336
1263497381649297408
1263472018659442694
1263459080267579397
1263302029071601669
1263270610597294080
1263217848547237888
1263162323491004417
1263148433520635904
1263111117313912839
1262882859548921857
1262829494395682826
1262808370064621569
1262802877157969921
1262794887151390720
1262784921451532290
1262743120174710786
1262739913990119424
1262737788706918400
1262554894021677057
1262547377711349767
1262540858995478531
1262531046572273664
1262517658374807553
1262510392984641537
1262504885355974658
1262441146346868743
1262424561586405378
1262409659232800770
1262392487919996936
1262182350500356097
1262146308736942083
1262144547548782601
1262013452706623488
1261804712027963393
1261769060376809473
1261751070935613446
1261673720021688320
1261476732886016001
1261428013805080576
1261413213658202113
1261410678516088837
1261405783645773825
1261396056064942080
1261340975479300100
1261340028162027520
1261278796570910721
1261035058061852675
1261017529444687873
1261011745419735040
1261006874767511560
1261003528128147457
1260993183242223616
1260985801250353154
1260954071860744192
1260935283421466624
1260731211342852096
1260721241218048001
1260716171717939201
1260715733991989249
1260691610859429892
1260664145738895361
1260655740965974016
1260652139308675072
1260646230457151488
1260640335925043200
1260629527543402499
1260626311711686656
1260586044766007299
1260398152798146560
1260396986089562112
1260360587105763331
1260350495199289344
1260333357180817408
1260290546737786880
1260289459372863488
1260261987143081989
1260252827659763713
1260238518791610370
1260229993944289283
1260207057619337225
1260192575711051777
1260192558350819331
1260046331067932674
1259997531460775936
1259990030807900160
1259987091511029763
1259982396289671168
1259974570477596677
1259968920242585600
1259967269444222977
1259951129523367937
1259913496583643143
1259887236520304640
1259873353386639360
1259856870551977997
1259658969481691138
1259624491447132160
1259589723447799808
1259520676526010370
1259482771044605955
1259234550183534601
1259160265695858688
1259132291223293965
1259125037925371904
1259118021110566913
1259110229096218624
1258935562150580226
1258913639735664645
1258900800895700992
1258885826123124736
1258795023946088448
1258791055262199808
1258787202559086592
1258768281923719168
1258765197931667457
1258573289590571012
1258531560443097090
1258460451450601473
1258443678357618690
1258436185044779011
1258421995286519813
1258392276096647169
1258212816395395072
1258206685279203331
1258201647534219270
1258155475163590658
1258138355218382849
1258128516899639304
1258125644640247808
1258102172186787841
1258094418093117441
1258076144596856834
1258048186951892992
1258034917038067713
1257814323067596800
1257801801337839619
1257765785747034120
1257761198382166017
1257757114866569218
1257750473886576640
1257716591355211792
1257709047857524736
1257703229149806593
1257495861505949703
1257487030222798849
1257477568510472192
1257461562333421575
1257436961561882626
1257428151401099265
1257423941997670401
1257418172271132674
1257394791329026050
1257375326876942343
1257348665154383877
1257092391003193347
1256983128800931840
1256788142163668995
1256746635440336896
1256736779517988865
1256728031118401537
1256720095293976581
1256656726402703361
1256589349245849600
1256381964707340289
1256361287115853824
1256355364578172929
1256342366048395265
1256334224925159424
1256325832252907520
1256313507680845828
1256301004322111489
1256285460495839233
1256268802628767745
1256249611116843010
1256055268154249220
1256043283232493568
1256012476505866248
1256008945329672203
1256000953792282626
1255958153495285766
1255928593944842242
1255916658016825348
1255905951548346368
1255675170750107649
1255655656373342208
1255644760154537984
1255635544542978050
1255618410861510658
1255556958330982402
1255548100057477123
1255538180989870081
1255532524106911746
1255296586441162753
1255267934425042946
1255243456168984580
1255191361059540993
1255188106967429120
1255184148257558530
1255180347807072256
1255160922898907138
1255141014177632259
1254955506579517446
1254867958746267661
1254864637763268610
1254838936175771648
1254810763648212993
1254593715404001280
1254569589696008195
1254560574840672256
1254557813503864832
1254249586958499841
1254137335219978246
1254112376888180737
1253820212304056325
1253818711057862656
1253743482059083784
1253739848017600513
1253724700494217216
1253718647257870336
1253662410239508481
1253482942233554945
1253482254057308164
1253471373932052486
1253461856548618240
1253454143957676032
1253448926465789956
1253421307535912960
1253420757398372353
1253374984958947328
1253298979707723781
1253080567530299403
1253075606423699461
1253037358796214273
1253014501303214081
1253002392305614852
1252758960739885057
1252753712285655053
1252736228257980416
1252734916326035456
1252719326416842752
1252422088431812609
1252392716387758080
1252391425297182721
1252375203125985285
1252302989538320388
1252033365684994053
1252031365295550466
1251927138292416512
1251887079799259136
1251867752186499073
1251613844205699074
1251547669048295425
1251314619190255625
1251294764525289472
1251277967520665607
1251237386069192705
1251224849168678912
1251221786609561603
1251183788144590849
1250954746174857217
1250925931490926593
1250905162950029312
1250883952803545088
1250856144261861383
1250839857804595201
1250824606811914240
1250812458442334208
1250806370804404224
1250563947268386817
1250556958492557313
1250549220886659073
1250542105761583104
1250536120934453248
1250523613029163010
1250514872682643456
1250500907500015622
1250494367804071936
1250487698932064256
1250431871286042627
1250416089894354944
1250257733175181312
1250256036788830208
1250253037777702914
1250122762494054400
1250098924490276867
1250067363510312960
1249854356524093445
1249846773838987264
1249845338808242177
1249841056583168001
1249835708405157888
1249778254078230530
1249715075390353409
1249702657717141507
1249687795217678336
1249675340676554753
1249664364019408898
1249423937622159365
1249334772012384256
1249152057581473793
1249117309282783232
1249105042331897864
1249012501930442757
1248795208399106049
1248762089025540096
1248732087248654337
1248660542757142528
1248339590760497153
1248295663131074560
1248027291025903619
1248026072677048325
1247968686163533825
1247716172222603264
1247664351047299073
1247646861722345473
1247635336672485376
1247602683005014018
1247587685688016898
1247586373009358852
1247573540465004547
1247560482568970241
1247315787016175618
1247312307383926784
1247309999438737410
1247243226207092743
1247196545260363776
1247171570289774594
1247159458205257729
1247152189396705280
1246986396843282433
1246901364732702723
1246878964049641479
1246860084577284099
1246831340592521220
1246617522637504512
1246589758266052612
1246568066932248579
1246517595848814593
1246504269207031810
1246495482517622785
1246484751248130048
1246481802853863424
1246470397215809542
1246265943577300993
1246265521722609664
1246247239640588289
1246232843983994887
1246213954810138630
1246169457376079886
1246149149935927299
1246098137049161735
1246088594005151751
1246078530376675328
1245892818184425473
1245885503100108801
1245810472303112204
1245794792786796544
1245771796588253185
1245743196530933761
1245725421431382017
1245696122095534081
1245694207857229824
1245540897137332225
1245532488962891786
1245519057350062080
1245516574997561344
1245504110574649350
1245483217404268544
1245481474977079297
1245468818123735042
1245460079605886976
1245455760596832256
1245446885986512907
1245380988697481216
1245188347808624642
1245185384243494912
1245152853318041600
1245140179016470529
1245068398939246599
1245020017063755781
1244737357821157383
1244727101032484864
1244726503151108100
1244718330482753538
1244710367248465927
1244679648824430592
1244663684317708288
1244647135154495488
1244427614758076416
1244421331707404294
1244349973552119808
1244349880342110209
1244346774040522754
1244343522934824962
1244343169011060737
1244301924863705089
1244281757672800260
1244268291759263747
1244043412011208705
1244039957867610113
1244031216308928512
1244014470931849217
1243999330937327616
1243998237800964096
1243998208256282625
1243990364316405760
1243985551272919040
1243967008967929859
1243941737506144256
1243919073429291008
1243693992220471296
1243658829872672768
1243640636252794880
1243618496304549894
1243601747488227337
1243590083195940868
1243589977730146307
1243585588919443456
1243577306867806208
1243565956120694791
1243530798306902019
1243332053745180673
1243286458007420928
1243270955826401281
1243239710790688770
1243231575791329281
1243199847454441481
1243035015157616640
1243013152717123585
1242942394275893248
1242935286222467075
1242924628751810566
1242864995135881216
1242845654784884737
1242838385854746632
1242827977861275659
1242818241896079368
1242797583870894081
1242702802884997120
1242514645639925765
1242505567610028032
1242495447945695235
1242192240996474888
1241943851708841984
1241864650700054536
1241548274810699776
1241521980018511872
1241486595380912128
1241471900011892738
1241463085501743104
1241452824837402624
1241140198483931141
1241118965474230277
1241112246085980161
1241104291428999168
1241101774129442817
1241097558962909184
1241093373794168835
1241083104334405632
1241058507975163904
1241055069094719488
1241016378091622400
1240818431085162498
1240812441879093248
1240810853932335110
1240785617803509760
1240784326150754304
1240784285814132739
1240769140358553605
1240729344856686595
1240722791353257991
1240706934006673409
1240702937782837248
1240688791817420804
1240680968652013569
1240668247852228608
1240646974040420353
1240454263555395584
1240427541724303360
1240384739875438595
1240372855545704449
1240324490913079303
1240315857714262021
1240296186885672961
1240123877373677569
1240113262987018240
1240094567766114304
1240077796476583936
1240061970100957186
1240060703626735616
1240036816767590400
1240022116797382656
1240021492819165185
1240020778000801797
1239992303349088257
1239982768727232519
1239973869173293061
1239969516928417794
1239945252884152320
1239896487125045248
1239728608853331968
1239727679353610240
1239706101911883782
1239700870478036997
1239696420875186178
1239688251117576192
1239686185104093184
1239667235083468800
1239652285002760192
1239649468682772483
1239646691659321348
1239640452711747584
1239601829589258245
1239288408159240194
1239224559028535303
1238992637069340672
1238924564790460416
1238875668630421505
1238874252801191938
1238858668139053058
1238631299193147399
1238630453738967040
1238629137549533185
1238557160696614915
1238557158775685120
1238545524355194883
1238503766678212608
1238482741794136065
1238246683282223106
1238233111479160834
1238228334083006465
1238227923880103938
1238180241819959297
1238176073432608769
1238172068606337025
1238166218160443392
1238164463347552257
1238159575926345729
1238159526563545088
1238154411932880898
1238150106588884994
1238145845775777796
1238144170612731905
1238136367638614017
1238133737277272067
1238130994080886784
1237941253729390592
1237938700555870208
1237936673352224774
1237870544222994435
1237867979343163400
1237862856277684225
1237858102717878272
1237845816951226370
1237821268700860417
1237815647477915648
1237810411942133763
1237798548630048769
1237792805092802560
1237787479492767744
1237544822321242112
1237537117376376833
1237518383496622080
1237502966602530816
1237496277274943488
1237490059542233093
1237468404338089986
1237462465958600705
1237456013009334275
1237450536808599553
1237429998727892992
1237423216324476929
1237404199790555136
1237365685564706816
1237164239065931776
1237164237614714880
1237133673327218690
1237114763873792000
1237109819175317508
1237104649519407109
1236832308533002240
1236831759532244993
1236828336879476738
1236804727335202816
1236800465645551616
1236727397870907397
1236720344515444738
1236464298593079296
1236456850658295808
1236400106619969536
1236326861581488128
1236108967107059719
1236082329153613825
1236068566320984065
1236033926554095617
1235982913973424129
1235759836295507969
1235673901226692614
1235639751157395458
1235305343720263692
1235280512375312384
1235276367446577153
1235234008671367169
1235232714560806912
1235044771661574145
1235043173593825280
1235015407846686721
1234992891388465159
1234903005683765248
1234902210133270535
1234897393868517376
1234891715481407489
1234637268989677568
1234620857609269248
1234614781727952896
1234604953269919745
1234575591816429569
1234544268523507712
1234532071068127232
1234526834534031362
1234292773999828995
1234292752608833538
1234280009872920576
1234256940538220544
1234243494287462402
1234239924863471617
1234201962318573568
1234194773650571275
1234153538818838529
1233915924102746112
1233802054503718920
1233566090808217607
1233544648234295305
1233539744430252032
1233531502702583808
1233488423421403142
1233479455311630343
1233472822783205376
1233466612927401984
1233192321803522048
1233167720784498688
1233144353578790913
1233133227839238146
1233127060601810945
1233115254613213190
1233111500899917825
1233105990075265025
1233089226415235072
1232858056540774401
1232849560982216704
1232847491583926272
1232819154866069504
1232810409075322881
1232764249988108289
1232710887775100930
1232697867787214857
1232683275241607168
1232656278935277568
1232509672399286272
1232507962884870144
1232501462636400641
1232491773127057408
1232483516937461760
1232460711412019202
1232448879871705088
1232439565509632000
1232404367455739906
1232382572140912640
1232380080720097281
1232357375107006464
1232351622728179714
1232306178937511938
1232129861336039425
1232129234489008130
1232129233016758272
1232102564247822336
1232101072635822080
1232098157066145795
1232078465366708224
1232068863547838466
1232003091148558344
1232001401406001153
1231978776097107970
1231973310600286208
1231778547917885442
1231778422944346112
1231742670936080384
1231739032654270465
1231688937934139393
1231335345813426183
1231307628753694720
1231254555821846529
1231243955418914819
1231233765210542080
1231010729916018689
1230983000399208450
1230940975599583233
1230918108887572480
1230643928103374849
1230625766972559360
1230624300517986307
1230590974574940161
1230579708766670848
1230566685041709056
1230297737675071488
1230248961191096320
1230201206045388801
1229934102687682560
1229923418084167682
1229901184829399042
1229862834101723136
1229826680300228610
1229550510925139974
1229548253219299328
1229509343759958019
1229432424209244161
1229177888290803714
1229144097631481856
1228761645461262336
1228730085613674502
1228447204559458310
1228444392375177222
1228440509473067009
1228422380273438720
1228360684905336832
1228171433521471491
1228094217760714756
1228079448215478272
1228072199250202624
1228057189593616387
1228056556224340004
1228039083437568006
1228021867090448387
1228013403219910657
1228010587415810048
1228009239932755969
1227737212822982656
1227717697212952577
1227713786167119872
1227705915689885696
1227692305718575104
1227674479704367110
1227668043398033408
1227666220381622272
1227662134697394176
1227656537985953793
1227587930757181441
1227389370648465410
1227371278660722688
1227364631531921408
1227356263421489154
1227352196741783553
1227333949015384064
1227321346708910080
1227312354620256259
1227304991704190978
1227294521177858053
1227289449236779008
1227270922408730625
1227269551479455747
1227266078105047040
1227047065714335744
1227036965423501317
1227033513138020352
1227030696130236416
1227029052671873025
1227024622719250433
1227014116365283329
1227010150734667777
1226991074108940290
1226971103555440641
1226949037242429440
1226921346413875201
1226917889598468096
1226902142583222272
1226691096429912065
1226683368902926336
1226574328281665536
1226265293862920193
1226244682503639041
1226243472048480256
1226217217701838850
1226190388622450694
1225928881825361922
1225927184835121152
1225921298049773568
1225884575076884482
1225881768462602246
1225872132464369666
1225868501652561921
1225841957559324672
1225794764152410113
1225591102671028232
1225569873897697280
1225551004780965891
1225544011089350657
1225530779972841474
1225514794368851968
1225237171944161281
1225226331849445382
1225220787688308736
1225212377760702465
1225204912755179521
1225198071618908160
1225189443080015875
1225186371729530880
1225183485599666177
1225179035854090241
1225176907873996800
1225104327582326784
1225098102316716032
1225079557423869954
1224915260815089665
1224909682801770496
1224908246168883200
1224906264007921667
1224899961172766725
1224874622434381824
1224871391314444289
1224861450763673600
1224851215797948416
1224840294887231489
1224820058490384388
1224789349864218625
1224788620558598145
1224751989705379841
1224728243216973837
1224492639137030146
1224462378231848960
1224187832299851781
1224046730745974791
1223721147864354824
1223691364602433536
1223678593047371777
1223661056251265025
1223434373766242304
1223429998956158976
1223424971109732352
1223420814982250497
1223415745935265794
1223410368283848704
1223399033420554241
1223396933554917376
