1286059572923334662
1286059570499072000
1286043248746737664
1285710263052886018
1285700255984615425
1285665773638356996
1285353814288203779
1284338024420179973
1284220493911011329
1283486640007241729
1283445195288260611
1283152620639658001
1283138360618491907
1283136763402256390
1282799872396210176
1282792271860109313
1282750365230931975
1282122951945531392
1281747921923448833
1281693254610833410
1281623643437576194
1281347376343658497
1281297501836980225
1281273392025554948
1281245991996461058
1280980535083503616
1280963450500505601
1280931762261168128
1280614997878595590
1280573979028316161
1280278807010848768
1280239516410941443
1280210376278380544
1280195681437745159
1279416112841732096
1278810454526230528
1278802041335357446
1278456929577316352
1278456927421378565
1278394983331086338
1278334464972804096
1278104477514502144
1278027661563047943
1277981144777142272
1277981142579216395
1277821481649668096
1277760524919373825
1277723113166442498
1277713996074942472
1277641374213570562
1276949468169076736
1276666425269268483
1276306762514251776
1276267129189421063
1276257866521903105
1276242686861770752
1276238247404937216
1276230956429516800
1276163827407753219
1275890333021360128
1275884135287054341
1275872996645888001
1275540590999060486
1275533795312259075
1275502713015545861
1275159600447262723
1275151652144775171
1274123641211551744
1273717266341859330
1273671435760828417
1273629776473993216
1273337520441511937
1273009059734659078
1272632134252068865
1272555136787845120
1272544999197024261
1271914604017434625
1271553641388797957
1271553354943074304
1271208317646442497
1271152648624865280
1271125187845591041
1271115866386640896
1270812761585520642
1270771838617038853
1270759627429490690
1270478658227052544
1270478657199452164
1270465378058149895
1270463183388631042
1270424281042862086
1270105529768202241
1270103213803438080
1270103211786080259
1269046400215588864
1269002403438878720
1268913350911627266
1268739436277358592
1268621099295801344
1268246241684729857
1267611230254043136
1266873676869373953
1266853319940677634
1266814227785932800
1266432866570899459
1266119978593509376
1266098919555170304
1265852854729875458
1265657577330876416
1265657576240316420
1265657575040847873
1265474763939553282
1265315699326693376
1265310119186882562
1264939580010233859
1264298927274287105
1264214221795078155
1263843778621779968
1263568319711514628
1263219154707984384
1263208567710060548
1262850352988278789
1262798428221906944
1262509086077267970
1262504413526179845
1262462123151687684
1261735722400219137
1261399514415587329
1261060247776624640
1261027888658370569
1260987799743971329
1260979311642914821
1260950176094736385
1260678801853501440
1260649053337128960
1260327512351166467
1260275123145318400
1260249198085242881
1259963667786891264
1259946487720574976
1259913063534407687
1258879652711542785
1258855775503605763
1258844623776161792
1258546609702334464
1258482585803636736
1258437596478410754
1258154425593536512
1258134534266204164
1258133104910381061
1257789964319891467
1257789962768039938
1257783162647842816
1257754926190559232
1257416415746961408
1257411078356701184
1257346263521153024
1257346261977567239
1257346260027277320
1256633799137517569
1256336291203080192
1256280413489844224
1256037580606504960
1255971903786885123
1255971758752108550
1255619631181684739
1255605271189245955
1255601419358478339
1255601418205114369
1255572396138024962
1255570392133091333
1255260632942891011
1255223458797158407
1254891707314974726
1254881003325325315
1254785110429188096
1253836861744840705
1253749201722322946
1253738562509508611
1253469798526259202
1253445704158240776
1253413994842386441
1253386340936409089
1253386338260463617
1253084288049917957
1253033751732457475
1253021657045876737
1252739748860395520
1252739747904204807
1252352582527246343
1252220861643358214
1252220593073774598
1252033156317839361
1251932005383778306
1251560551731298305
1251240424150388736
1251217324465623044
1251202099058270208
1251202097887969281
1251202097057538054
1251202095799246849
1251202094381576192
1251181513888186369
1251168825304907776
1251135997506617346
1250884586776780801
1250881597592698890
1250870465389715456
1250848075310149632
1250533122476847107
1250441402703425537
1250231764687237120
1250205493727035394
1250152366361530368
1250140926057549826
1250140923260002308
1249826327550623746
1249813005191299072
1249813002242662401
1249812999327682561
1249812995556900866
1249753200611254280
1248678609361002496
1248036202227339265
1247969964411310080
1247954594279436288
1247909354336026630
1247899216615108615
1247287706633322499
1247205209882988550
1246525146959097857
1246162384676364288
1245880355086876674
1245793969168146433
1245787181081395200
1245462726882754561
1245437733184647168
1245389528401133568
1245130078801010690
1245115502235725824
1244998189708644352
1244753982914007043
1244697568912838662
1244408748321488897
1243337438883446789
1243329009347448832
1243022772323913730
1243022771455766528
1243022769975164930
1242955633755934720
1242820915232231429
1242595365959991297
1242538680767655936
1242213730047406080
1242213728390692864
1242213726536839172
1242213722388672515
1242213717296766978
1242204270709145601
1242204060167610376
1242196527503810560
1242191631283040256
1242191627407495170
1242146512462852096
1242146509141008386
1242083475148210176
1241813067379412994
1241813066540515330
1241726516620406795
1241511276158861316
1241511274372046849
1241455813786570755
1241408637794496516
1240740736036896769
1240738164400181248
1240627060533538818
1240402826062442496
1240347066385252352
1240042027494133767
1240033453070041093
1239948726145343488
1239945886723190788
1239722017873592320
1239691661669732353
1239691533668007939
1239691532560666628
1239613474956816384
1239574929391190022
1239574121077452801
1239217037811027968
1238873161816473602
1238853635141926919
1238851166748004353
1238588295464005634
1238552344054423552
1238502600733065217
1238502599776706560
1238502598354898952
1238502597134352384
1238502595922210816
1238502594294829064
1238501879245688832
1238267673747894279
1238263388637102080
1238263385181036544
1237929771323006976
1237929770387746820
1237880569981054976
1237845992927399941
1237488531091660800
1237436933300772865
1237128361673199617
1237088514715594754
1237068550302556162
1237047125709664270
1237023660524867584
1236675795940237315
1236675794728034304
1236675793511645184
1236675792295387138
1236675791053824000
1236675789812371457
1236675789006999552
1236043043826012162
1236036260600393732
1236027075657637891
1235702488369631232
1235671387983024128
1235666951206105088
1235666948798607360
1235345785979621377
1235341768763363330
1235299281264881666
1235281974325104643
1235281909913178116
1235267373957029889
1234941756506017794
1234604267656355840
1234604265282338817
1233502749943267335
1233482393476108288
1233147573034192896
1233066780450574340
1232770381779521536
1232766137961766912
1232766136044998657
1232766132681084930
1232438461698756610
1232438459312115712
1232438068285603841
1232437218049835009
1232436631170215937
1232383356228308993
1232073935489044480
1232003964478115840
1230980709097054208
1230969239525318657
1230658989744164865
1230576343978594307
1230310041632362496
1230245425027960832
1230209810358001665
1230209806071402496
1230180786302849024
1229877006340435968
1229849068567965697
1229803949647114244
1229490111596900353
1228425314688229379
1228418767044128768
1228418762388516865
1228391600210006016
1228390916827774976
1228060832141107204
1228058027800088576
1228032115167633408
1228029856463687680
1228018993279180804
1228017930811650048
1228004570699325440
1228001816190820352
1228001698351808512
1228001673051852803
1228001619947683841
1227708656361312268
1227401400893788161
1227359408058970114
1227346386569572354
1225951281535213568
1225887959355994112
1225508688670183425
1225493500818599942
1225235119599968258
1225194875148292101
1225173000670060545
1225172998258413569
1225172995859189760
1225172993564979205
1225172991102898176
1225172988674310145
1225172986275278850
1225153616899649537
1225135358167474176
1224901723774472198
1224901721773703168
1224901720096018433
1224901717193625601
1224821847260385285
1224798964073091073
1224749867584585736
1224737139939737601
1224500754796437506
1224493913836265472
1224484210599133185
1224459863373352960
1224451451256074243
1224451173215662082
1224450728749498368
1224450697615163393
1224423957819990016
1224423955676782598
1223399401131073536
1223399399541350401
1223399395003183116
