1286070927256674304
1286070926166171648
1286070925075664897
1286067164043149312
1286035530753486850
1286035529671348225
1285965772653764611
1285965768497209345
1285747221892390912
1285639562841272320
1285606387616186369
1285238439940587522
1285238331022938112
1284502820184633345
1284502818565632000
1283893207538053121
1283431265035837448
1282748773966454784
1279403093499752449
1279403090022739968
1279202525665808384
1279202524495519744
1278778243299106822
1278404467088674817
1278404465092157442
1278327882633355264
1277991550929309699
1277709738461900801
1277679312133652481
1276582613671645186
1276242783255265284
1276193487411654658
1275870286609555456
1275811600688168961
1275098338224939010
1275070810189737985
1274745067329159169
1274460143053389824
1274058207497945091
1274038589446381568
1274038588804603904
1274038588129370112
1273964287510351872
1273756624138764288
1273640461316521984
1273640460146356225
1273385999398326272
1273385997854814211
1273363017867104256
1273363017065992194
1273363016281702405
1273335775350980609
1273335759077023745
1273007213326536705
1272913687158951942
1272913686148104192
1272647229677993985
1272578418471829514
1272174818918641669
1272149417672544257
1271872611362930688
1271818608730046472
1271514076607373319
1271484698808721413
1271464443256475655
1271134956765544448
1271084304249094145
1270860008041918470
1270477361620934658
1270465709127225347
1270094564955762691
1270030396772831232
1269242862203527168
1268990940598931457
1268990939936239620
1268354629752033280
1267807301949407232
1267585302773870592
1266893624706555906
1266893622827520001
1266487377352163328
1266092873562427394
1265743748710961153
1265712077185921024
1265672913488949249
1265641762296598529
1265379559643451397
1265333133639114759
1265333132477292546
1265333130677956608
1265269468197986305
1264962434969808896
1264962429106171906
1264903691200593923
1264708936822927360
1264708761215737856
1264708569674457088
1263983238500016128
1263906866066870275
1263865015632908289
1263855680127148033
1263817070334169088
1263638998691561475
1263635127470624771
1263632688944230406
1263629132031811584
1263624300680142852
1263624182006452227
1263604205245337601
1263541640347729920
1263469173008711682
1263238654270550016
1262876069432098817
1262852268384231429
1262828750208712707
1262828748543533058
1262828746509344769
1262817536862814208
1262560971190669312
1262510418913898497
1262379952512684055
1262379951250161667
1262379949597614080
1262171863033221121
1262171861510688768
1261701817135763463
1261407648303460355
1261376251471654912
1261274664053202944
1261012619554689026
1260964693876920322
1260720058273333254
1260690596223737858
1260690458491191299
1260656208823779329
1260538312844083201
1260385838954938370
1260343807276716034
1260343806270070785
1260343804688773121
1260305570474713090
1260232510216245251
1260012753667780610
1259964742229061632
1259942433229549569
1259908545157496833
1259600494529597446
1259599543726936065
1259473882970546176
1259290133070778372
1259197017898782728
1258880885182681092
1258871786525143043
1258810642389221382
1258810092402757633
1258810088644583426
1258809845580521474
1258755438868398084
1258743563703156737
1258499873894252547
1258454665219452928
1258428235664314368
1258181583539970048
1258181582105559042
1258177558337785857
1258155855561871360
1258142691461906441
1258135533181710352
1258056068867010560
1257800237705543681
1257747356822523911
1257691777898811392
1257431255215456256
1257335878025969666
1257335876755116033
1257136413075791873
1257074924642058240
1256997947251798016
1256349767933853703
1256309373967761408
1256309372788998144
1256188057038053376
1256051389098274821
1256004240084029440
1255961237038551041
1255961235339829251
1255929130270576643
1255871270270513152
1255614134844096515
1255577673176317960
1255561922159808512
1255316688062611457
1255276369971470339
1255260740136710147
1255211091581427712
1254846454419636224
1254762471191166976
1254588515029069824
1254508940882255874
1254425517647855617
1254146040552439808
1253796757487714304
1253775446640152576
1253775445264343045
1253775443607633921
1253666024769060864
1252962203352825856
1252771890717917189
1252714139048448002
1252714137681100800
1252714136544444417
1252664585275965441
1252642661078622210
1252623228817768449
1252362452722839560
1252342978963619846
1251960572125548544
1251496954376253448
1251285571844157440
1251285570329948160
1251285568916422657
1251255573108142081
1251230235770654723
1251230234906689536
1251210830147923969
1251131612336717827
1250857452440084484
1250572601145114625
1250541777674743810
1250541776294817794
1250485931041226758
1250189952467558401
1250122343600578560
1250122341969014786
1250122340631023616
1250097499869765639
1250097498074632192
1249829432178683904
1249811682077147137
1249811680969863169
1249800210743726080
1249800209753878530
1249761109579628547
1249761108459651074
1249373630577991686
1249036158589374464
1249036156332892161
1248626649974706177
1248626648968298496
1248626647525240837
1248594424596180992
1248453124483715074
1248394039696605185
1248394038526402570
1248394037205164032
1248335417709146112
1248314545753522176
1248035190691282945
1247944476607348739
1247871245783314432
1247709456051339264
1247632903460327426
1247554653778255873
1247220009908256770
1246971852662231046
1246211328873824257
1246086805130264578
1245827223959015424
1245778653239218177
1245432233143533568
1245383189138464768
1244993453127348224
1244710403558576135
1244660037295001603
1244057795617533952
1243954871616901121
1243663642857529344
1243235032405336067
1243204864672497664
1243180994628378624
1243033523134631936
1243033522190811141
1243033521154936833
1243033520160804869
1242942406896558084
1242925216868827136
1242665544429580288
1242665334517248005
1242570361776099330
1242565063652904961
1242522079628533768
1242209985611866112
1242184767514304527
1241491672116101126
1241491661806612481
1241107770788757507
1240357785201709056
1240092986844774401
1239938441435021319
1239579042262720513
1239576402351001602
1238891638623174660
1238584408648622083
1238193626355847174
1238145524903051272
1238130492907585536
1238130491427041282
1237859970365841408
1237859946294738951
1237806489269686279
1237764881945894912
1237436722201473024
1237095666092048385
1236784023621513218
1235959799487107075
1235691017036337152
1235691016042278912
1235584489440624641
1235390404763308032
1234982275810414592
1233807900637876224
1233807896686858252
1233807893922828290
1233789479674052609
1233515438337908739
1233157628437712898
1233083279584219136
1232715910005260289
1232419824741093377
1232419822841061382
1232419821414952962
1232379957613154305
1231999518406856715
1231696782914211840
1231603837183692809
1231278866188120066
1230588017359937544
1230539742602723331
1230209573472043009
1229462182745780224
1228814706124738561
1228740043134656514
1228416467248599040
1228370565662199809
1228094354956394496
1228043078725971968
1227727171373936642
1227687694320402433
1227654432030150657
1227398319359643649
1227372731743842307
1227372730179358725
1227372728556101633
1227236858628890624
1226987741361164289
1226987739914162181
1225547093919649792
1225504893886173191
1225450276162764809
1225175194207182850
1225117440696356864
1225068174422544386
1225068088124739586
1224898801154117632
1224882946055856129
1224863619374108672
1224845599385714688
1224829922151145473
1224813186987237376
1224792031228301313
1224771936623960067
1224482968326037505
1224427807998193669
1224179832357052419
1224059532621512704
