1286041905659359233
1286016969305722880
1286000978135781377
1285998640100671492
1285996188542664704
1285955598606049280
1285665127660957696
1285647538104741888
1285593451980095488
1285563960561995776
1285341569059520512
1285316743670398982
1285298835011645443
1285271235883151360
1284533592748699648
1283882211574505477
1283855663026905089
1283058447295053825
1282706375987077123
1281950212932743170
1281683216865415171
1281611103005552643
1281278412368293891
1281243077223550978
1280917466017861641
1280897964995641344
1280866069331181568
1280586785958084615
1280555655745732608
1280553872935866368
1280506918751162371
1280493297484562434
1280276241053093888
1280223624037838849
1280223623064805376
1280206220876529666
1280177441990983686
1279567782745604096
1279392012001660928
1279125093428461568
1279037023492493312
1278776528126513160
1278745099128766470
1278713900863819776
1278684851080749056
1278445277125513227
1278392318811308035
1278376571242496004
1278351692346597376
1278318680913428483
1278064032843468800
1278054270114435080
1278037113045430281
1278004794246955008
1277700868876296192
1277669576071938048
1277637457979244544
1277620540300242950
1276859071686033410
1276586943489376256
1276586942583447553
1276586941673324544
1276586940628901888
1276586938586316806
1276534163391340547
1276529288074997761
1276261383416381440
1276232442630647813
1276216068248305667
1276179729893203971
1276176680256708614
1275878892667052032
1275870054794452992
1275850972737257472
1275843630586982401
1275831048027271175
1275816867899326464
1275785771165847552
1275780927193591809
1275551153481187330
1275527068755922947
1275502180955566083
1275469918771658753
1275455681026539520
1275417642652905472
1275167928275464192
1275141509407375360
1275110520035643495
1275100931294625797
1274677194782990337
1274063605911019520
1274021588896288768
1274021587445055494
1274021585503076352
1274014962088841216
1273974179436650496
1273971423489470466
1273715311804592131
1273695655601623052
1273684551789920259
1273671242558640135
1273602464512704513
1273367336137957376
1273353080835321857
1273297625522098178
1273297623580098561
1273297620723798017
1273297619360636932
1273252265151922176
1273033362773590024
1272989711095791618
1272989709589983235
1272977100828487680
1272950764340682758
1272946448271912962
1272914823744032770
1272884502461911045
1272653862336331776
1272623663616086016
1272592860970389505
1272246941334855682
1272210296652943361
1271514632046489600
1271514628699361280
1271514627227242496
1271473397797728256
1271185445024563212
1271110970862120960
1271098975152726017
1271074375807221760
1270883025065332736
1270799201090392065
1270769821421051904
1270738582408507392
1270469366472155146
1270445015312064525
1270425179047563267
1270375470199181312
1270113536526692357
1270099111820263427
1270095644217282560
1270043798257700865
1269316840486043648
1269313838182289408
1269029254328655872
1268979175861477378
1268979169880309763
1268925721231200258
1268654683608006657
1268645854933590019
1268594702800039936
1268567717231112194
1268301047463923712
1268256825549479937
1268202031619223552
1267913164143951872
1267871498896912390
1267839122699358211
1267507028043403265
1266115002194223104
1266098474111639553
1266098473008607235
1266098471809028102
1266098470462644224
1266098469162364928
1266098468021551105
1266063929085759490
1266035494221156352
1265718965961195520
1265717994799366145
1265673751338811394
1265635069491916803
1265391694662557696
1265367271054204928
1265364068975722497
1265348801071644674
1265312969543553025
1265300662973280256
1264960670094757889
1264882154720329729
1264619226779848704
1264529111571214337
1263932344140025857
1263915559986626574
1263909157444468741
1263862938248634370
1263850166802669570
1263601522933485568
1263557739231547394
1263534094639681537
1263509866083221506
1263483106390085636
1263284321756028932
1263228125363818496
1263221084721217538
1263192388819877891
1263178318431617025
1263148731022671873
1263127977153396741
1263116094803410950
1262862364879335424
1262837699548938240
1262815855156645888
1262815854187741191
1262810078316503040
1262776975833382912
1262497626525663238
1262481355570647040
1262471357415202821
1262444408831705088
1262373407414521856
1261635007472271367
1261489905198399492
1261439305420902401
1261377712125427712
1261360697658576897
1261347571865251840
1261328575925452801
1261044767380721666
1261025826201534464
1261011939876114434
1260997595893305345
1260997594861502465
1260969627829637120
1260959787971420163
1260922559907926016
1260919435927465986
1260683489990660098
1260673715928473600
1260654220971130888
1260620219246161920
1260603668077912064
1260594004124712961
1260384363365240840
1260306472073867270
1260271910044172288
1260271908970541064
1260262588702654465
1260238426525360130
1260229667455406082
1260195384120545281
1259976742632128513
1259960654624182272
1259949883408121859
1259946824481333255
1259931196756287488
1259931195812589573
1259917150799757314
1259881836563570697
1259550080752910337
1259460680328998916
1259219087437303808
1259158690751447043
1259143285987332096
1259105846652317696
1258908440967208963
1258880835362717697
1258844731603398656
1258826340763078656
1258793656171053057
1258782035696660480
1258757257640194049
1258752615430701056
1258498602789412870
1258476872041746435
1258466856475729921
1258450198533193728
1258417764185903104
1258148144518443008
1258120276073742336
1258096992221310978
1258082579196055554
1258051785593323522
1258028237831262212
1257779969155104769
1257779968131686402
1257759657000648704
1257750636583624705
1257737433355075585
1257706260583022593
1257653165270458373
1257449198372478976
1257406741974786051
1257403549803335682
1257388670845366272
1257370576643072000
1257368280853106688
1257335786036441094
1257015389990649857
1256648398377086976
1256619667201949697
1256572901014171650
1256345307211841537
1256325056398897152
1256306048404721666
1256290506478362625
1256247987136757761
1256243431233462273
1256242670692794368
1255971036128055297
1255959079949828097
1255917524283207685
1255877402917470211
1255602969703317505
1255583251546157060
1255557228666540032
1255529849348927488
1255520128692883456
1255256729593491456
1255203047002845185
1255202037228351488
1255165713020526599
1255159445501497344
1254859466215796736
1254839656111357958
1254831275661238277
1254576487057043456
1254545119107256322
1254045435590782976
1253786516826075143
1253778900582309890
1253775302330810368
1253759190423781377
1253726262968954881
1253711030666104834
1253429092289884162
1253414707429380102
1253407577507090432
1253397529426886656
1253386394409537540
1253353793556811778
1253073728088485888
1253066104496414728
1253054392368017410
1253001942932037641
1252979773711712257
1252707908669841408
1252707907717730316
1252680118511767552
1252667552028909568
1252636444654526472
1252617391223308290
1252342520618471424
1252337225968345091
1252329542099898370
1252319870244605953
1252299952564428805
1252268086071365632
1251297130444214274
1251280288723976194
1251249065997807618
1251237502318452737
1251234844253839361
1251228431423082499
1251201846657589248
1251166887469363202
1251165501297958912
1250945646477090821
1250908615101333510
1250883245157343234
1250866886272790528
1250852326295982084
1250846932764889090
1250810725951508482
1250803368374738944
1250528345793667075
1250485069757767681
1250453875397664768
1250441796045303812
1250404141018603520
1250177988093714432
1250171055345479681
1250150551842705409
1250148397337710592
1250113568822956032
1250088078347325442
1250079598374785025
1249803358661218305
1249801475242504193
1249797247539261441
1249792372101255169
1249754854760865795
1249727660168818689
1249310044044304385
1248766486497439744
1248730943327698947
1248693458027642885
1248680493874372608
1248646895041478658
1248641469243691009
1248615083183243265
1248605023845724166
1248415210672508932
1248344722646732800
1248344721681940480
1248327809551958018
1248318693744017408
1248288788562022403
1248272756124368898
1248239902833225729
1248007208509427712
1247963722292887552
1247960821382160386
1247915076268548098
1247911839553531905
1247903149563596809
1247626450376642560
1247610627067195392
1247588223485906947
1247562832071348226
1247543176853884929
1247540043964493824
1247539183540817925
1247271224830541824
1247250593460228097
1247248390750167041
1247224130002354177
1247218243288342529
1247190924700127239
1247190792956973056
1246896501260984322
1246886368145551368
1246563741803712515
1246522747443970049
1246517966532984833
1246517101738819584
1246472846135738368
1246187246253940738
1246155368671084552
1246134300820549632
1246131034351075328
1246109168412569600
1246093221702311939
1246068212531441664
1245811946185768961
1245804731165028355
1245766054636408833
1245728877609132032
1245708876911194113
1245525487545397248
1245454750969147396
1245426849095843840
1245400257984450566
1245363756902821889
1245083768676921345
1245078836045385733
1245074929839636480
1245030551142256641
1244997972171149314
1244972845349974016
1244773996564021252
1244748725307744260
1244718395356053505
1244689610082603010
1244362960304300034
1244269186936901637
1244045501240131584
1243974088533643267
1243974087451586562
1243674428912828418
1243642160668454912
1243615604944371712
1243561764115099649
1243527975976517634
1243308049395310598
1243269110395473921
1243222833439936513
1243208727861366784
1243167071283884033
1243024295930007552
1243024295275769856
1243024294571057152
1242924051133317122
1242878611658604544
1242876009873104897
1242858439908483073
1242836530571476995
1242571747842576388
1242550536693600258
1242497889684852739
1242493552250294274
1242437215394947075
1242214345343406081
1242205328931991553
1242179915442782217
1242136133749952512
1242126595378352129
1242123070191685636
1241710308244295681
1241480578618310658
1241123064978583552
1241101817708191747
1241086661955649537
1241054925720817664
1241028231790280704
1240772340251856897
1240747446898171906
1240709680428486656
1240704498596597761
1240668588530438144
1240634752920621061
1240627882952732672
1240419347945963522
1240401291463008256
1240371951866183687
1240309407705112579
1240302751927631881
1240266865500459009
1240018183026769921
1239998993897271296
1239998545593356299
1239974175701266433
1239951625244082177
1239934637348093953
1239672336783224846
1239654503575703552
1239632088330121216
1239580436176809988
1239259549787357184
1238983659769729024
1238583567749431298
1238583566122061830
1238583564452745219
1238540626695725059
1238439906868895744
1238175545076199425
1238164411870842880
1237845327014551554
1237820142756737026
1237717849109651456
1237490157886091264
1237443204162748416
1237408874392625153
1237388142170308608
1237130754649460738
1237090685460889601
1237062478858723330
1236724251429830658
1236338294318915584
1236008790396370944
1235963861267775488
1235932411957047296
1235682076373831680
1235661492252536838
1235636670910918660
1235613426757578752
1235603567794425857
1235552663372062722
1235333643876343808
1235321930321997826
1235310692741394434
1235294775705817096
1235246594100015105
1235018343486234626
1234971800280264705
1234945671674945537
1234945670710284289
1234913396954402818
1234885403540410368
1234867317156261890
1234564478114631685
1234507027843559424
1234253441872080896
1233892802066558976
1233816615889907714
1233769358968737792
1233511625556209664
1233496988425039872
1233471891085635585
1233453547347378178
1233434448789745664
1233416643214221312
1233123807495323648
1233107903286038529
1233077857133441025
1233065084563415040
1233030571988791297
1232771277879939074
1232761031002337282
1232746312778514432
1232726654268694534
1232694342323752960
1232666669736169474
1232427067238682624
1232399612411023362
1232396393232375808
1232377035701596161
1232353894136766469
1232327189040959488
1232321026463354880
1232083462343057409
1232059280074969088
1232054566616752137
1232054565169762304
1232038325189521408
1232024817487970304
1230197208701644801
1229852957216329730
1229782051253035011
1229548419959730177
1229514694345609216
1228427653797031936
1228393825606959104
1228371999967281158
1228355811241537539
1228337387685675008
1228084026453434379
1228055128533618689
1228027297632063488
1227986274633625601
1227739631120244741
1227724262443753478
1227709885464432640
1227704805629550593
1227654709051371522
1227654239012507648
1227635148713271297
1227358735745650689
1227333744295653376
1227299539490611201
1227269098498928641
1226996121060433931
1226946798469730310
1225902056046616576
1225883554133004290
1225865537424646144
1225826897772318721
1225787815700631553
1225534320229699584
1225172630883459072
1224900649097273345
1224815728345350145
