1286020970571010049
1286020969652518913
1285989098516295682
1285960835043602433
1285768786034008068
1285768785081901057
1285768784083595269
1285738350595448834
1285738349643300864
1285738348657729539
1285738347168780289
1285626140489654273
1285619384292179974
1285619380731219968
1285345149774700548
1285345145362231302
1285345140626817027
1285307371489767425
1285267578869481472
1285267560880050179
1284954079983292416
1284887703876771842
1284887695702085635
1284751552406667264
1284560124116373507
1284559854489817089
1284536501649408000
1284310283553570822
1284310276796485634
1284207237846769667
1284206587079536642
1284206252441116672
1284181969056804865
1283923409085366272
1283923401367789569
1283832451467542529
1283810214765105154
1283789883799220225
1283497435726323712
1283497434296049666
1283453690578427906
1283193222408417280
1283079802824597507
1282753308751532032
1282729270528421891
1282729269043646465
1282083852589174784
1282083848571039749
1282003924556406785
1282003920479543297
1282003916356562945
1281741190686298115
1281741189872594952
1281679176710467584
1281679154396770306
1281373913709191169
1281373910047633409
1281315114055012352
1281315110401781760
1281315108325601280
1280926592529772549
1280926588067106818
1280926583927300102
1280572100550496257
1280572098675642372
1280572096632979456
1280571955440168961
1280547066570301441
1280208597281058818
1279841006029090817
1279840712679469065
1279454599800336385
1279454598344970243
1279110516720402433
1278798930785042432
1278798928520122372
1278733540415418368
1278704267482877956
1278490243495276545
1278440449548660738
1278399085628792832
1278399084785815564
1278360247279718401
1278122296159469576
1278122098666409984
1278091209257476096
1278039044144812033
1278015874713169923
1277989678696796162
1277782388504965121
1277782387280285696
1277739897642762242
1277739896489287681
1277739895117709313
1277719412569706497
1277699450098585600
1277663190416076805
1277642071751434243
1277642070988128256
1277642069822111746
1277638785166172160
1277314300131135491
1277265598620278788
1277031328379256832
1277031327217393666
1276999273356447745
1276942297335304193
1276915460399861762
1276915458873200641
1276915457430339586
1276915456591495171
1276698433378713602
1276617195724947458
1276617194886107139
1276617193560715264
1276557829160218627
1276557827952324612
1276344483634982914
1276319251285098498
1276291847942479873
1276243306414997506
1276196121103208448
1276169975661768706
1275971450411921408
1275971449107501056
1275971447320608768
1275970967353929729
1275879185987354626
1275879184359927808
1275853852764405763
1275832144334594049
1275619363949883392
1275602244164091905
1275587500866785281
1275587498878664704
1275570921428987906
1275531034407440389
1275531033564327937
1275226865431646208
1275186868917862404
1275121881885093893
1275121880995966977
1275121877044867072
1274759013050265606
1274449553752760322
1274449259753082881
1274365108093943808
1274365106831360006
1274144482812887040
1274144481206587397
1274112146822107141
1274108515322396677
1274089465271791618
1274069860553719808
1274069859010334725
1274069857517084674
1274069855646482432
1274028485380579329
1273747818268803080
1273707931293429780
1273707929796063232
1273668933858533377
1273426550025846785
1273390556354351104
1273390323444711429
1273390321884430336
1273389992593764352
1273342987397992449
1273342986047426564
1273292546752557058
1273292545884393472
1273067121933778944
1273067120805531652
1273067119492640773
1273028778126651396
1272941009995919361
1272901268705509377
1272704779664441344
1272654683488821249
1272654682243170305
1272598079687086081
1272238156088254465
1271956421765222400
1271904991876390914
1271858847985082369
1271858847104319493
1271607319676272640
1271607318380261376
1271571652816580608
1271552926943715333
1271500323421642755
1271500322444324864
1271243499963387904
1271243499128729603
1271243497417424904
1271243495773216768
1271197882981519361
1271197882255892482
1271197881006002178
1271137649877757957
1270828784372133894
1270828782912446464
1270828781968789507
1270759067452047360
1270759066118377474
1270548930057719811
1270536483322150914
1270469094597447680
1270469093213208582
1270469092378583051
1270171911155331073
1270171910408634369
1270171909452369925
1270129408276389900
1270129406871207936
1270102474985218049
1270102474112880650
1270102473156562947
1270057782461464576
1269694367205335047
1269694365028495360
1269694364097314819
1269422095714471937
1269422094745587712
1269422093680160768
1269353446601363456
1269353128861802497
1269353127280553984
1269353125770596352
1269353124235485187
1269299162195070977
1269299161205215233
1269299160450293763
1269016106502627329
1269016105298903044
1269016104556466181
1268945542215864321
1268945532501856261
1268945530366889986
1268945528085262339
1268945524276834305
1268943426789277696
1268713564623306752
1268637580465143808
1268326959551000582
1268280490479452168
1267556591013892098
1267486353769598978
1267486353002041346
1267147285915451392
1267147284934000641
1266873732783583241
1266873730782965760
1266819806986199045
1266819805472067584
1266779060761485313
1266548954218598406
1266548952461185024
1266548951081254912
1266548949730590720
1266509684749602816
1266469815960641537
1266469814719168517
1266469813632843782
1266416378728284160
1266401066909863937
1266155834222039040
1266070556908060674
1266068727428198401
1266054825227227139
1266030893791141888
1265808458131165184
1265761258466414592
1265761257401057286
1265761255383498753
1265742403706683395
1265740081937219586
1265703486676746241
1265703485372346368
1265396532037267458
1265396429016760326
1265396400717733888
1265389260028424199
1265362922160652289
1265342399892635648
1265342399045406723
1265045688536248320
1264917803137740800
1264917801321541634
1264917735340990466
1264910469661429761
1264339074489495552
1264297824998559744
1264249689668497414
1264249688892506112
1263982263949242368
1263949756465852418
1263876574203478016
1263876573448585216
1263876572219674624
1263628254436605953
1263598316811685888
1263598315439980546
1263598311820480517
1263575764861161475
1263518117185171456
1263276993052893187
1263276992075620358
1263276991094145025
1263233281950199809
1263233280683446276
1263167568845684736
1262930777781620736
1262892285601210375
1262860228510523393
1262860227151626247
1262860094930370563
1262810784851275788
1262810783752302593
1262549041881235458
1262549040648069126
1262549039331115009
1262505446251925505
1262505041845522432
1262484077732560898
1262427041405841418
1262427040420106244
1262427039275114497
1262083874873638914
1262083873959219200
1262083872931618820
1262083871094575104
1261762385985101826
1261762385066557441
1261762384173072385
1261686814353625088
1261464000232976385
1261463998639341571
1261463965881847809
1261422405014007809
1261385916075008000
1261383222258053120
1261336676670017536
1261114665012207617
1261114663862927361
1261091614568722433
1261052665464832002
1261052664323997696
1261031607051472899
1261011257794183169
1260996066251616258
1260966448765243393
1260739631923986432
1260719341651341316
1260705431770537987
1260693754190745607
1260688988240830466
1260615663242088448
1260591406588080129
1260394226145284096
1260394225008611331
1260394224262004743
1260352356350341120
1260352354764947457
1260352353003339776
1260352351308840962
1260352350545379330
1260308165066973186
1260297230084341761
1260288680914300931
1260285663397715969
1260281714603102208
1260275119685058563
1260270265105371136
1260270078685335552
1259993868684197888
1259993865970429952
1259993858387181569
1259944425515606016
1259944424571887616
1259906517526024193
1259886736781557761
1259875701739663363
1259592107112701952
1259500922213990400
1259290880596422656
1259290797079515139
1259255779753963525
1259243201178853382
1259220960579903488
1259220808137953281
1259190020658941954
1259190016934400000
1259139496047710211
1258919971561840642
1258919970236489729
1258919967929651203
1258869198194950146
1258869195720265733
1258846330975334400
1258846329041805317
1258846326890078212
1258846325556367363
1258789662342201344
1258789661549477891
1258577002614923265
1258577001792839681
1258547389717024769
1258466040373182467
1258466039551217665
1258416712262856708
1258225659735945218
1258193524106895362
1258193522475307008
1258193520843730950
1258193519786762245
1258144732951334913
1258126094781370368
1258114734278221824
1258055970925809664
1258055880660135941
1257808928945123334
1257808927208726529
1257808925782671361
1257808924117471235
1257792139880251395
1257759412426608640
1257759411587743746
1257759410287501312
1257702331774390278
1257466212864442370
1257466211966889984
1257440937233522690
1257411962369122304
1257353535731240962
1257353534883999750
1257118897779757062
1257055920523292677
1257011069194731520
1256746965557182466
1256685873065865219
1256628890602221569
1256628889520136194
1256387548101988353
1256387547317575691
1256337486483095552
1256337485073797120
1256277502386987011
1256010468516388866
1255969828944457729
1255924728734330882
1255896525710000129
1255896524258709509
1255660650833096704
1255630646598406145
1255612894139633665
1255612893384540163
1255581505386098693
1255548242982572032
1255548241422233602
1255322244588474368
1255321686888644609
1255259133449850881
1255244066620616707
1255166817980616706
1254972215671566336
1254972214815993856
1254972213943508993
1254934795244765185
1254904323722674176
1254904322414051328
1254866185893511169
1254820979198644226
1254793964647055366
1254581780809764865
1254556601845010434
1254556600356032517
1254556598971830272
1254453527398809602
1254453526018895872
1254217049485819904
1254217048441397254
1254162981006512130
1254113875928236032
1254085869260214272
1253848273078583298
1253815822243565575
1253784006195384320
1253784005348032514
1253720852488650752
1253474609678221314
1253453872275820546
1253432674946973696
1253413093238951937
1253364846135050254
1253364844281106432
1253342231949447170
1253139760912240641
1253094332699234305
1253064588440080385
1253045925955723267
1253045924609261576
1253045923460124672
1253033038046511104
1253033036129751043
1252981869106339841
1252787898757283841
1252787897809469441
1252787896949583873
1252754873747193856
1252754870609874945
1252737623677952003
1252712034812276741
1252697828012498949
1252684307728158722
1252684306490802176
1252684305769402373
1252647115630751744
1252401039375912960
1252400655060226048
1252400643760779272
1252400634461949954
1252333544472526848
1252272650682015752
1251993429783052306
1251630138556628993
1251630137575124992
1251630136748904448
1251555561268707334
1251555560295559168
1251555559431712768
1251532993602125825
1251315642537558018
1251249431242047491
1251249429790822407
1251204295728467976
1251204294814191618
1251182417404100609
1250952116337733633
1250926178791305216
1250926177650380800
1250926176622780416
1250926175519756289
1250883587131441152
1250883586024247296
1250883068388429825
1250863253493813251
1250852830207971331
1250844712216518657
1250817483080175617
1250586946008727552
1250586944595165185
1250542381780348932
1250515513983356928
1250495465776431105
1250495464509706245
1250453665594425344
1250253656936587265
1250253655728668677
1250253654688497664
1250253653874741248
1250215579581067270
1250215578851311616
1250215578004045824
1250174754457346049
1250174748937641984
1250155353578393601
1250154092535693312
1250105497308495872
1250105496394182659
1249877459471863808
1249877458750451712
1249827048199200769
1249827047259676677
1249827046307639297
1249827045313523712
1249827044558585856
1249790946499268618
1249771388858236929
1249749135932239872
1249553911746301954
1249385122723479552
1249094954313560064
1249022380913102849
1248729348267560961
1248696820655587328
1248632420791918593
1248419295635206146
1248396197615689733
1248372388598673409
1248372386820472833
1248327046184517635
1248322722247192578
1248279798826369024
1248063724872663041
1248019556859121664
1247969988369174530
1247960385367543809
1247944286156587009
1247929028947869702
1247929027651932168
1247911144951558145
1247667093392232451
1247667091878051840
1247636216272609285
1247636215458922497
1247636214674587648
1247636213823148034
1247601947731001345
1247579278096699393
1247349376097320961
1247299247399190528
1247299240440848384
1247295330712014848
1247284640601309188
1247269176416309248
1247269174679932929
1247269172343644163
1247195827958886400
1246931504640466946
1246931503482908674
1246931502048436224
1246865876130902017
1246865874948104192
1246865873433919489
1246846181000589314
1246597174101753856
1246533761619107852
1246533760381829120
1246533759115157504
1246533757659754497
1246489020760195072
1246489019892019200
1246234891261534209
1246234890330398721
1246234889244094469
1246185795855286272
1246161835910410240
1246161834685730819
1246129621424357380
1246129214992134144
1245891199757627392
1245844335385391104
1245817815858323456
1245808743163592705
1245795821326602240
1245785419603722240
1245755361753169920
1245755361002491904
1245755360151056384
1245518955235676167
1245518954233245696
1245476352851091456
1245453688451325959
1245453687348236289
1245422590950285314
1245422589503328257
1245405634121646080
1245376672444137473
1245376670535688192
1245116982543998976
1245075094352924673
1245075093602152451
1245075092259864577
1245049085008187392
1245039332110536705
1244792098185981955
1244779894535577600
1244763032359763968
1244720415265742848
1244671046810288128
1244485093504061440
1244432189040873473
1244432188067778560
1244432186721402886
1244374026375569416
1244374025524166658
1244307934391218176
1244307933531459585
1244307932453523458
1244085227795988481
1244028177976000513
1244028176952709121
1244028175992094721
1244028174914256896
1244028173727252481
1243944397223399424
1243944396539731968
1243715735626670082
1243715733890236423
1243653449499238401
1243653447850897412
1243643776310132736
1243591511897505793
1243591511020879873
1243364654379720704
1243364652123217920
1243325020342046721
1243325019217735681
1243278213826183169
1243278212639141888
1243224835469254656
1243224834252910592
1243199540091650050
1243025171226791936
1243025170115239937
1243025169041457154
1242974591649304578
1242974590806171648
1242974590126755842
1242974589367484418
1242615095211044865
1242573543931555841
1242573542824312833
1242547447001464832
1242534154736148483
1242498246313984002
1242498220372242432
1242275705959874568
1242275582920048641
1242207328222543875
1242150783803588620
1242120036099244035
1242120034505326592
1241898486188163074
1241898485286346752
1241898483357016070
1241898480270000131
1241817706048954369
1241817704811704322
1241778494318747648
1241778493433806850
1241528888037183491
1241528807837794304
1241481140097212418
1241481129468801024
1241413237322776576
1241413236005777410
1241173877750927360
1241155481307090944
1241099075803590656
1241099074339835904
1241099072846663680
1241092178425843713
1241079050229121031
1241055008499675137
1241049238211084290
1240837214445006848
1240806564468002817
1240806563285262338
1240806561343209473
1240775810795134977
1240775808396005380
1240754132455247875
1240739126728679431
1240710034809634817
1240680157913985024
1240657879155322880
1240429028441497604
1240429027434868740
1240429026445049857
1240429024519892993
1240335813109563392
1240335798047825920
1240291969055830017
1240091129061744641
1240055837596450816
1240038265383792641
1240013085550788610
1239964616496562178
1239731176392101888
1239696477494161408
1239696407315038208
1239607556626137088
1239607554155720704
1239607552247300099
1239384008829566978
1239321922414010369
1239250054667526145
1238992120146526208
1238992117105659904
1238992114370973697
1238950884119322627
1238950881732763650
1238899194510954498
1238634198258323460
1238598005323894785
1238598002912243719
1238584545605300227
1238497034610659329
1238497032320548864
1238497030768594944
1238240400445448192
1238240256182419456
1238230327014948866
1238230325920137217
1238230322703196162
1238136206724083712
1238136202416533504
1238136199426031618
1237931593458728960
1237904193576251394
1237904192439750656
1237872820882829314
1237872819351900160
1237872817523179520
1237840625929617411
1237840621483601920
1237767747368558592
1237767701998833665
1237446044377649153
1237402913628176386
1237402911749046272
1237402902823686147
1237182121938165762
1237182120281419776
1237182118159138819
1237114018843811840
1237114016519958529
1237087214477225984
1236798110493478912
1236798108073431041
1236742694434734080
1236422522536693766
1236422512629686273
1236374038152347650
1236096874765053953
1236096873599053824
1236052318774112257
1236035189702373377
1236021960582279174
1235996881358118913
1235768412195958784
1235768410283347968
1235714072198262784
1235714070365581312
1235690247272493064
1235671434615087104
1235609599400652801
1235609597945286657
1235609596875747333
1235364664617336833
1235364662297968640
1235351885076410368
1235307287671173121
1235307285590822919
1235245169500459011
1235245167944359936
1235067996311187459
1235056870613823492
1235038231034503169
1235038228157100033
1234983655946125312
1234972859497250816
1234972856464728064
1234932681940578305
1234901201407356928
1234901199792549888
1234886248860471296
1234876428476436481
1234871071813316608
1234862946469261312
1234620806682071043
1234620805222404096
1234620681297580034
1234585063741886466
1234585019651436546
1234577306187902977
1234529228777021442
1234160183380713479
1234160180620820481
1234160179148730370
1233952970561159168
1233952962189414400
1233905615896023043
1233905614008573961
1233905612204978183
1233869109080862721
1233869102046961666
1233869095025725440
1233826525088288768
1233826523704156160
1233557251203485696
1233557249827708928
1233522857390616576
1233522855004057602
1233499069148008448
1233499067600293888
1233467180311814144
1233194817947160577
1233135847249268737
1233135844724236288
1233135840420933645
1233083899061899264
1232864760691150848
1232818864007843842
1232818862581829632
1232813855564275712
1232810721878138881
1232808035921399808
1232792223315562497
1232763639439994881
1232763636508188672
1232763620674752514
1232716780356931589
1232715143500443648
1232465130463449088
1232465116374765568
1232443258082430977
1232443170530578433
1232346575323762689
1232346272922730496
1232346255315083266
1232346239259291653
1232063845537079297
1232063832102711298
1232050889977933824
1232038388724883456
1232008233943998464
1232008221201719297
1231981135711866887
1231981121275138050
1231733944900558850
1231733932611248129
1231733917117534208
1231664438278836226
1231664422218805250
1231592533312098305
1231592503268298752
1231592476005339138
1231333571618459648
1231333556523167744
1231333533349638144
1231271033992175617
1231271022642356229
1231065076058079232
1231065056298721280
1230973042253164544
1230973034485280768
1230973026193174528
1230915565037862913
1230915549774745600
1230915538294956032
1230657432562565121
1230601925214629888
1230601909943193601
1230557274726260737
1230349570095239168
1230317692235575297
1230307127341801472
1230307111072075776
1230254326313996289
1230254318206382080
1230213528436391937
1229979679483842561
1229949152575909888
1229913919189204992
1229913901887717376
1229856929096192001
1229827277967376385
1229539041353310208
1229506579508101120
1229506567189516289
1229232121513947136
1229232110340366336
1229198193008824321
1229196557637050370
1229115858200465408
1229115856556363778
1228859104292229120
1228859102496993281
1228809156532097029
1228809155105914880
1228781113373581312
1228752188010311688
1228752180087345158
1228752171908333568
1228520789349208065
1228520787512037383
1228474359964147713
1228474358382911488
1228445289096392709
1228445280137351168
1228445267713761280
1228378600266752003
1228378598257635328
1228160218464473088
1228160216837115904
1228126273794433024
1228126272439685120
1228100350252638209
1228061759245889536
1228015341063884803
1228015334243782657
1227786538311913472
1227786536801927169
1227738017231753218
1227738015784722432
1227705236913053696
1227705233918349315
1227705095263002626
1227656328354631683
1227656325917704192
1227376404859408384
1227376402921594880
1227376397695451137
1227373704318943234
1227353639884394499
1227325468510228480
1227023791005540352
1227023789541687297
1226957606306156544
1226631950489792512
1226631948141023233
1226574113470386177
1226574110400094209
1226245566398488577
1226224050256695297
1226224010620473349
1226192718071599104
1225882426251063296
1225836232736944128
1225522875584651264
1225459781844000771
1225459780241756167
1225195562728902656
1224910160457539584
1224804148027318284
1224804146513096704
1224804144936095744
1224804142591488003
1224541707661914112
1224476587803975680
1224441398096613377
1224116549562269696
1224076406537310216
1224033773773295617
1223737215559327745
1223737213793587201
1223686674300928001
1223686672560291840
