1286098070342717445
1286077405510225921
1286067008170319873
1286059290479022087
1286036501625806849
1286033199865507842
1286028643140096001
1286028545072992266
1286013958961405953
1286005590892969991
1285999656300945415
1285996968578289664
1285996878358872066
1285981959047581699
1285977019566764034
1285949184948998144
1285936269059653635
1285920393308635137
1285900644717670400
1285708406662279169
1285688463040434182
1285675164487884805
1285675092047953921
1285665027912093697
1285622975849537538
1285613981705687041
1285607639527849985
1285593549610856450
1285593548889391105
1285590187859496963
1285576728530817030
1285547974123110401
1285405538877153282
1285389512072454144
1285388120779894786
1285374954100457479
1285338728081371136
1285330054722080768
1285293258038480896
1285284303979581440
1285264306276311040
1285254010350567424
1285224448522690560
1285197429202202625
1285048731235225600
1285038295077072898
1284985910132641793
1284880635899916294
1284880477996883970
1284845596168400902
1284845593387507712
1284504108087545860
1284340596111548416
1284252163556941827
1284167025707950080
1284133687668482050
1283860326824517632
1283819924973125632
1283812098913558528
1283778579738828801
1283746369245782016
1283519255682613250
1283519254357213186
1283479487645196293
1283424957771522048
1283400845816664066
1283223388404817926
1283222416525873153
1283109946473746432
1283090268003143682
1283037030079922179
1282848257849384960
1282772805315174402
1282755736418820099
1282702258975670275
1282383205031645185
1282344590440366083
1282302919258320896
1281970780222480387
1281943321162797058
1281686633151180801
1281596435784298497
1281443586693672960
1281355076037079040
1281338876267642880
1281318420248588288
1281296226411896832
1281285330545422337
1281278152291921920
1281249989621096449
1281238560364879873
1281238335197831169
1280984102578118656
1280946644142325760
1280925247777107968
1280911916810948608
1280911814407024640
1280896051843481600
1280896050643927040
1280874401185947648
1280648067264376832
1280604119082754048
1280587618351079424
1280565208193200128
1280555219634413568
1280528699419275264
1280326099465932802
1280319298947317761
1280319278269386752
1280269943762677761
1280259942285365248
1280251504692092928
1280235484355031040
1280207128586670080
1280206717209346049
1280193048765329408
1280185620078288896
1280177091367989253
1279882684056010755
1279864449277456384
1279821106463924231
1279492385605423105
1279488351293194242
1279421745686953985
1279236569195372546
1279137874995105792
1279118279261294599
1278797121865412608
1278797052101554176
1278797036658163713
1278795722238955525
1278772204210057216
1278755599312773120
1278755597047885824
1278734255657369600
1278719668082094080
1278703675267928070
1278686342940028930
1278434745278509057
1278416950750638080
1278416888154877952
1278404396397637632
1278403623861403648
1278391523973849089
1278387343825596417
1278376912327307265
1278359288935673858
1278347903568711680
1278322134910038016
1278154535693725697
1278135484011606016
1278135433117880322
1278080950081970181
1278038127194501120
1278019787046531073
1277995980911075328
1277987522337857536
1277981188959768577
1277968976534859779
1277966765004255239
1277951877880004608
1277725580020965376
1277707915608985600
1277691385429147648
1277666109815091201
1277666049169620994
1277645141012959232
1277627134039584769
1277375538584158209
1277326666130325504
1277309681464049669
1277264108757217287
1277024798850211840
1277007047683305472
1277004735132786688
1276989029758599168
1276919648445841409
1276662599401107456
1276599932615487488
1276564436900179970
1276530392833523712
1276517361776877570
1276516501722288134
1276369909241352192
1276246559735382016
1276225133208670208
1276221378656497664
1276203313826893826
1276180804654166016
1276166645644484608
1276165023363203072
1275975858520555520
1275943926319288320
1275935164946759681
1275910080932704256
1275893422428000256
1275877276962271232
1275864691776958464
1275864249818988544
1275849350216912896
1275826259528990720
1275792782293000198
1275782337893023747
1275591562219511813
1275580402766278656
1275564378234843136
1275549925741215745
1275542030525980672
1275529885679788032
1275519351303495680
1275494073344950273
1275479403594518533
1275479276402294784
1275449854639009796
1275432006491320321
1275258008465899521
1275221559175602176
1275213230256709633
1275190585310113792
1275183765183008770
1275183764545482753
1275154432284475392
1275145402824585216
1275132268499972096
1275124795802177542
1275110252363386880
1275100416137551872
1275088341508087808
1274875942767194112
1274856398640148480
1274847582062129152
1274792941421199365
1274752007786520577
1274463010455646211
1274419688034889728
1274389554095480833
1274041367463780352
1274019903549267974
1274010359628615680
1273991288858112000
1273991288010928128
1273793577953316865
1273753878618468352
1273717721373396992
1273681945881309189
1273649604056121345
1273639978833076224
1273630543721099267
1273623050374672385
1273617759788691464
1273395384946003968
1273383881559937024
1273380127833911296
1273359983250255873
1273352409809473536
1273287804068327432
1273276162542723073
1273244910477471744
1273075826628558848
1273064865293312001
1273031340980609030
1273021960348409857
1273018994048581639
1273002049223815168
1272968126104129536
1272968125030359040
1272943321074135040
1272943320285630464
1272898513463017472
1272679606743560193
1272644901339934720
1272615762897690624
1272565561810014209
1272545470351466496
1272345135313899522
1272234011201429504
1272208870606139392
1272181353077862400
1271912371586338817
1271587386946842624
1271553707990122498
1271553682815897600
1271553652621144064
1271536392707825664
1271501903352827904
1271474341226655746
1271441363490402309
1271250137117888513
1271250135729623040
1271217740087349248
1271182667728351239
1271182666788823040
1271165946153984000
1271152783903936512
1271144231302651905
1271113407891034112
1271084411056820226
1271084236431175680
1270864498186846209
1270848058423562240
1270714541999919106
1270514038120673280
1270464313916940288
1270453707994329089
1270433603898372097
1270405609158926336
1270375804677980166
1270350709397979136
1270350708697530368
1270098656633356289
1270087048368541696
1270084445953904641
1270084445182160896
1270050562449367042
1270026628395962374
1270011646283362311
1269980796141449218
1269725240260612096
1269366981297270785
1269318482417651712
1269280880515706880
1269100104037945344
1269048973953765381
1269006408571400192
1268990186697916416
1268975845949005826
1268922435711250434
1268736062282760194
1268736027189018626
1268725080428810240
1268700432282591232
1268633929944367106
1268616004839579648
1268595748595281922
1268579729914974208
1268567635312160768
1268554191175389196
1268516199434014721
1268359715806941184
1268343817771548672
1268343354493997057
1268331782363119617
1268319036909031424
1268318958257672193
1268318938703646722
1268293480205385728
1268283016910188546
1268267060456574979
1268194198303490051
1268164054046179331
1267904756913254400
1267809957950390274
1267606280300101632
1267580272721170439
1267580272071106563
1267554411720704000
1267547717225648135
1267539063848001542
1267491324485341187
1267423616494374916
1267276197354000387
1267255112017293313
1267242816440356865
1267213673350795266
1267144750764822540
1267115358265237504
1266940441628495874
1266927846934687744
1266855245147226113
1266514841726058502
1266514840971096069
1266492694622343175
1266492693804433410
1266492692835565568
1266492656793903105
1266492655476883461
1266472973969567747
1266461878789775364
1266423490778988544
1266412747803299840
1266388923720372225
1266363572801679360
1266127934257070080
1266127933405528068
1266127932558315520
1266058156905508875
1266056659543232519
1266022694832742408
1266006561907978242
1265997276423622658
1265997274771001346
1265972894410162177
1265831176482295815
1265758664457142278
1265753942169923585
1265688361643257857
1265688360884088833
1265663566947987456
1265647697639301121
1265627612744908800
1265399853942784008
1265387302974562305
1265372001591537664
1265365540836642816
1265323634148679681
1265279667734544385
1265249286868160514
1265098536267534337
1265083010136801280
1264942805413253121
1264885172538757122
1264739139972464641
1264712580968439809
1264662456531423232
1264636727366483969
1264613190886985729
1264298820730527744
1264250876451045377
1264159790437142531
1263945772376219651
1263945771717713922
1263930214649864192
1263913413375406081
1263873880495620098
1263862783029936128
1263858212052369411
1263825767504515072
1263800535943131136
1263657708999319553
1263639182242652161
1263624658311688196
1263624605757038595
1263558628948217861
1263543267578318849
1263533366084804609
1263533313425321985
1263524053714960385
1263509389505421312
1263482143449190400
1263466973431824384
1263454654681227266
1263435397838909440
1263228810398511105
1263228590369452042
1263183189620723713
1263141611418128386
1263128886151430146
1263112554760540160
1263112461487611910
1263112428528840705
1263100775020089349
1263079059698974720
1263070854189121536
1262908955413667843
1262880258795200517
1262880257335533571
1262860720712146946
1262853846625386496
1262843962739634176
1262813396279406593
1262813394199023617
1262790174624419840
1262777679205609473
1262766567454126081
1262746310592966656
1262713083346157568
1262527271878918145
1262510755225767943
1262492204255379457
1262446842173939714
1262436801597366272
1262416841626050562
1262192855956639744
1262113531966652416
1262091871758815237
1262084236405813248
1261679750344515585
1261679547428339713
1261657186222116865
1261471142138621952
1261452852301459457
1261397127726428161
1261395063898361857
1261372561083953153
1261340912841605122
1261333870647148549
1261322233563185153
1261277655065821184
1261272806500773888
1261098530770427904
1261089044148236288
1261067753148100608
1261059188463198208
1261055471408033793
1261034221373493253
1261027280505233410
1261021920100827136
1261021892317716480
1261000524532506626
1260999109265297411
1260999079842197507
1260979904969138178
1260970918844735488
1260967017890435078
1260961137782411264
1260961136624701440
1260952717444485121
1260934790380806145
1260901110174416896
1260748780426661888
1260743943823687680
1260694673410138112
1260683785584234497
1260667608451420165
1260657241989906434
1260651035669872643
1260625573312954368
1260598407200149504
1260549346241720320
1260364495702183937
1260348532470493184
1260332460275048448
1260316701591207939
1260278665100886018
1260222443093975040
1259958581530636295
1259958580335214593
1259853829669097472
1259853753991278592
1259525085033041924
1259524987557425158
1259517535424299008
1259268485387030529
1259246346063708162
1259181692318879747
1258836824740544513
1258836751323455488
1258810394304446464
1258797549512806402
1258781957095329792
1258773836989960198
1258732408632946688
1258527530371256320
1258520277165588480
1258488215054561280
1258482068411088899
1258463278264651777
1258432593772544002
1258411957461360646
1258402548760879110
1258374488045113345
1258216002074087424
1258199019760861187
1258175506593259521
1258137778191241216
1258125925193003008
1258112752784113666
1258105692466094081
1258073909292871680
1258042867261587458
1258020523939893249
1258014732159721472
1257849813649014785
1257766321347014657
1257742938014089217
1257725739262259202
1257713491831595009
1257690142317428738
1257663825496637442
1257459859420844032
1257430457601404928
1257402037895077891
1257400389042913286
1257362184818118658
1257347394171211780
1257332004301025280
1257286372106407937
1257133730893893632
1257122548187303936
1257113829433106433
1257107478233395202
1257068226980315143
1256957384628621313
1256956827738296321
1256643789843824645
1256328168321024000
1256296315681673217
1256268390794170368
1256245930841513986
1256232392701984770
1256190508109647872
1256009369826852870
1255998604235268096
1255983894630973440
1255977262740094978
1255961810081140737
1255961377715388418
1255961130024960001
1255950332947030017
1255944164795133955
1255931369177280512
1255899862966599681
1255873753189408770
1255840536696586251
1255667642884595715
1255646215284428800
1255635435998654466
1255610826540617728
1255581813633806337
1255563677643812865
1255551932338446336
1255507905891139585
1255507904368709633
1255487290949894146
1255466700432121856
1255260988854673408
1255260737037045760
1255258162984292356
1255231367442464771
1255211898028646401
1255201932437749761
1255190068513460225
1255190066567184384
1255152814256533504
1255146082448764929
1255142644428103680
1255127974959091712
1254946278414471170
1254867736632713216
1254853451336613889
1254837076916342784
1254829543065554944
1254803368717017088
1254778368135794688
1254535304163340293
1254535302762422273
1254477016528797697
1254457006020321280
1254457004522864640
1254427091006873605
1254065809183444992
1254027176690831361
1254027175122153479
1253809257016889348
1253791875129061376
1253776282833297423
1253732209741217792
1253687508539281408
1253404292603695113
1253390474259431430
1253390441803911170
1253372953208782851
1253337590360506370
1253299309216497664
1253132814301704192
1253113486026199040
1253065059523350529
1253048194054991873
1253027232123170817
1252991174517895170
1252978807079866369
1252978650200276994
1252967326749728771
1252964272931573760
1252951542333952000
1252933816265641984
1252933693745889281
1252746652550680578
1252745751433752576
1252734929378643972
1252710190480265216
1252695430439157760
1252676602149982209
1252665780702973952
1252665701871095810
1252644940980633601
1252627632153395209
1252593266111008768
1252573328172253184
1252399421209276418
1252381068067368961
1252359199025061888
1252347300682194944
1252347265345130502
1252347228028452864
1252327333073223680
1252313448857374720
1252284486462603271
1252266115855777793
1252244425889255430
1252223639283474439
1252035688503152641
1252035548660879362
1252012791420137480
1251984412679507968
1251984402441293827
1251984394455318528
1251962328389750784
1251926338501586944
1251890215414890496
1251631561876869120
1251553477496655872
1251553476280229893
1251552552153473029
1251544917324828674
1251543628872376320
1251543151468318720
1251516986980478976
1251516967036563457
1251217207213928449
1251217206186323969
1251203380531408897
1251175743582855169
1251149861228969986
1251149687974793216
1251144950378627072
1251143359894130695
1251127654297763840
1251108693384531968
1251108531748601857
1250952380155416576
1250952072482238469
1250921797714948098
1250891420065509378
1250891418769461249
1250878212743278592
1250863721754345479
1250860954801385474
1250860937264988161
1250860913009340417
1250860895703572481
1250842802407211008
1250814108968108032
1250808802485698563
1250795305043460097
1250789710370398208
1250765380383055873
1250765373139554305
1250595999929831425
1250595087630950400
1250564149236707330
1250564148460748800
1250564147722489856
1250564146862718979
1250564146132852737
1250514727794610183
1250514726771142658
1250514726062305281
1250499581374324745
1250468893967159299
1250468892738191361
1250468891618422789
1250452795838300160
1250271217233190915
1250216275730747400
1250216013825785857
1250199760918675457
1250199665108299777
1250195957901393922
1250182039866757122
1250158734179000322
1250128840099352576
1250073727871705090
1250073725896208396
1250073724235272200
1250073723312517122
1250038729340784640
1249857814513754112
1249843925256372224
1249843917308248069
1249843916423258113
1249811353944145924
1249794389414678528
1249756074644668416
1249691119853633538
1249502114809884672
1249474369702768640
1249356592631472135
1249355799337582594
1249324883319930880
1249324756178014210
1249144100735127552
1249065707393990656
1248997566693474306
1248712906625232896
1248695926320963590
1248679994592657408
1248655825369006082
1248654787899461632
1248654787022856193
1248649277792026624
1248635731729317891
1248617070910029828
1248609689878687746
1248426470617182209
1248392377414254592
1248384580492472320
1248368124665253890
1248363876296597509
1248359665139925001
1248328930995601413
1248317269421232130
1248292136300224513
1248285797884837888
1248256860488114180
1248255219286319105
1248253373385707520
1248235726833098752
1248078558163066881
1248041044677197824
1248019451959586816
1247977117536616456
1247976836103049216
1247959338792124416
1247959337550729220
1247948542758596614
1247947008024985602
1247936885126766592
1247923968524378116
1247910303205150722
1247899331987820546
1247882295878381569
1247718924025827330
1247684578158010368
1247672355805114369
1247641913701924865
1247626722020929538
1247626720037011458
1247606099714494464
1247592847882309632
1247582844962078721
1247561003241549824
1247561002037755905
1247547962701615115
1247535763052347398
1247498224103043073
1247331602394464256
1247299190906064898
1247299190176321537
1247242062552010761
1247213332127526912
1247213331364089859
1247187364562288641
1247164267528359936
1247164266345451521
1246892051150581764
1246892049498099717
1246813220028940289
1246566546513833989
1246551023243735042
1246495789473562625
1246472344622829569
1246472341791670274
1246225872669065219
1246183453785194499
1246183451960782848
1246154857163169796
1246135613327380480
1246135612379467778
1246112344046022658
1246112201875873792
1246077862316331008
1246061551179771904
1246060970516021248
1246060969744314368
1246050675701800960
1245897029676654593
1245886254702624768
1245886253570105345
1245828014564184066
1245814417817821190
1245794966489698305
1245773994449440768
1245757195075162114
1245730668237242370
1245730667050291201
1245709553263616001
1245529366538391555
1245515518272049155
1245469624453529604
1245458591051636739
1245444190965817344
1245444051857551363
1245432058819813377
1245412220240121863
1245390160323391490
1245364279626342400
1245330472609230849
1245158177433403401
1245142773541548038
1245130250356494336
1245111201387905029
1245111176901599233
1245097449179566080
1245085488266063873
1245056193644675072
1245017377017921537
1245017374685900800
1245017371993128960
1245017369895985153
1245017367912099841
1245017365663887367
1245017363914907657
1245017361872191494
1245017359246639105
1245017357031964673
1245017355069140993
1244995106064736257
1244972580244787200
1244759855090618368
1244735087377334288
1244723332672602113
1244682801800249344
1244658326220279810
1244642229152514050
1244642227885871107
1244640717072408582
1244610460139294722
1244403940415979522
1244329293498458112
1244286744951996416
1244262882600267776
1243981921438388226
1243946598167711746
1243905573487292417
1243710105994084358
1243638737696960515
1243607355008442371
1243568766224654336
1243561529905156096
1243554850224451584
1243553338123259904
1243547994764513283
1243521230621286400
1243521175373914113
1243372752100302855
1243372633611255809
1243347157903695872
1243304947610984448
1243280585952497668
1243280249510596625
1243258969302478848
1243231080234319873
1243208626933825540
1243184194102210560
1243179017571831808
1243165231406297096
1243027367301386240
1243025547103481858
1242981706161946624
1242940597436063747
1242925345675902979
1242875810979229696
1242875809733410821
1242846287793356803
1242828426345676801
1242602225756758016
1242581584508788736
1242581583573417986
1242542288598859777
1242521112401100800
1242501927574949888
1242481469777379330
1242451467145019392
1242274827853074432
1242260380115701767
1242188859565318144
1242168433246121984
1242159506240520192
1242133298484256773
1242133297314041857
1242120739244965891
1242102672280489985
1242076255060733956
1241893362912964609
1241893361532964866
1241865900334239746
1241736967823470594
1241465495951495169
1241455534894612480
1241455513264623617
1241384267550265344
1241384266749095937
1241109143139823616
1241060223915302912
1241036546599530498
1241000358492733441
1240996701126774785
1240971952581378056
1240967610759557125
1240816929213906945
1240792794484137985
1240772428562866176
1240772328629379080
1240748737334476801
1240705694698893315
1240683954622984192
1240679040241078272
1240662860939898880
1240640604842967041
1240424315365064704
1240424131394445313
1240424129934827522
1240424128366206981
1240424126411669511
1240424124951994370
1240424123488231424
1240424122339012608
1240424120669609985
1240424119201644544
1240424117737795594
1240424116101971970
1240424113841360896
1240409806009221120
1240371540211924995
1240344675443228680
1240310797177405442
1240296168372023296
1240278847242801153
1240241974684286976
1240241972679454721
1240082908511178752
1240073193961947136
1240073193077030912
1240063075962834946
1240062502408458241
1240057156055023618
1240035636981137409
1240027908292382721
1240021560485871616
1240018001040154625
1240009267693969410
1239991113852825602
1239978556681326594
1239961610547908608
1239937241960546305
1239937240471658499
1239896096979267591
1239678412752588801
1239657172990074880
1239644113533837313
1239603952288706563
1239603924371456000
1239265863573950469
1239265652453621762
1239220871379783680
1239210629967290368
1239191781754929153
1239013742886690816
1238822673498738688
1238563606586953735
1238563605714554881
1238550479073882116
1238497176772382721
1238478182967361536
1238478181511856135
1238273837432745986
1238251165072138240
1238211174656811008
1238188369760464896
1238188367814197248
1238151339164737537
1238114021087285248
1238096845143977986
1237868402724802560
1237828036340453376
1237812079702216706
1237760473459720193
1237455492210987009
1237418241796067328
1237384138967187456
1237381463202463750
1237180879849623552
1237123886170464256
1237090823872942080
1237044065625145344
1236839390112100352
1236755497291853825
1236736719728324613
1236686056164073473
1236686053790167041
1236686051844018178
1236686049373454338
1236677525511778304
1236427194659897346
1236402192296411136
1236353298346770438
1236334946731597827
1236114389838815233
1236114341252001794
1236080616040472576
1236055000197017600
1236026089765470210
1236015328976609281
1236005664335564801
1235990594666860545
1235990467399036928
1235959670705197057
1235950249962848257
1235915238601617411
1235793192186007552
1235725016274276352
1235703808874987520
1235696597499105280
1235696432625209344
1235682703313264640
1235682700318642177
1235662107879694337
1235641683037040640
1235632966962827264
1235627279973150720
1235389362931740674
1235389167988862976
1235382630813700096
1235368244510363649
1235368232128786432
1235352443128598528
1235305620481413120
1235302952459472897
1235264853402677248
1235242479936589824
1235229222114910209
1235213103803097088
1235212926744702979
1235033935618375681
1234951463832563716
1234916834438262791
1234879450246008832
1234855277226270721
1234853812512468996
1234853771110428672
1234823263429238784
1234614482128850946
1234604608976191490
1234547272991543301
1234495186673307651
1234495185503051776
1234167058151223296
1234125370967887873
1233780177756401670
1233538199311519744
1233512714682748930
1233470392523730945
1233435955429859328
1233408188000751618
1233175762234200070
1233110495655272461
1233081404214448129
1233038290384760837
1233025926834917376
1232847649189105669
1232795061236137989
1232777570053185536
1232750982284611585
1232724167461679105
1232723029026844676
1232692030226255872
1232658756523171840
1232449361608683520
1232423894667141120
1232412207410970624
1232395101600698368
1232374436742991874
1232346808422162432
1232342573248925696
1232305297269477376
1232112468538859521
1232072657732087808
1232042949015482368
1232026963717607424
1232009335653400576
1231983648896954369
1230984697775370240
1230961985216446464
1230500741950906370
1230465881236549633
1230288088884224000
1230242330231427072
1230195552115216386
1230155078927036416
1230125247732625411
1229866431862448132
1229840700122030084
1229608769841176576
1229442052225716226
1229130937402785792
1229083544099737605
1229053666243596288
1228691992575692800
1228423120194764806
1228407730177806341
1228388536543408128
1228362492235190275
1228340990890606592
1228316603340726273
1228314154995453955
1228117677362876416
1228077835128131594
1228034750465630210
1228034749580632064
1228005473082888194
1227988265040568320
1227958821332619264
1227732532445241344
1227726466798039041
1227722428954095618
1227712142247432192
1227691763093118977
1227665728838471682
1227643560176111617
1227602790710640640
1227574596423028737
1227383088885489676
1227367403052552194
1227340458663272455
1227330683284213760
1227318929430925312
1227317541976100867
1227292559258636289
1227283502988701696
1227260227571134464
1226970378158866433
1226970282583347200
1226948933223624707
1226871354458284032
1226180549263470593
1225874190965911553
1225844490356875264
1225803433724215296
1225522938901942278
1225511858393767938
1225494445904343041
1225480465479536640
1225472083737694210
1225214019201454080
1225191569004912640
1225190793058684935
1225166858346811392
1225150476271919104
1225105683663806464
1225086171316965383
1224892835960365057
1224890485459902464
1224888167024791552
1224866581173489665
1224799985541226496
1224730066153766912
1224705664334942208
1224687169077501957
1224496523301486592
1224460864469774342
1224417910384463873
1224371050806501376
1224166896578240512
