1286046432051462147
1285988119553220609
1285963790354448387
1285963789574209537
1285963788978737159
1285963788295053314
1285963787619766273
1285963786965397511
1285947018775592960
1285943456280576001
1285642343316705282
1285642219618172931
1285640580886913024
1285640184244195335
1285616074977882112
1285588996907827201
1285557855224045568
1285270380127629315
1285263915463708677
1284527504431042565
1284241448146272257
1284235217121742848
1283778350713114624
1283754965207527426
1283753633247563777
1283494319236710400
1283456068044181504
1283205612415877121
1283127975798546435
1283075410448789508
1283062306721726464
1282710425650552835
1282695085361111041
1281626287887601665
1281358230128660482
1281247094850957313
1280958821070974977
1280892812419096577
1280541879633956865
1280498313612201985
1280128946751844352
1279574163792039936
1279192284593033216
1279116263738884096
1279081582368821260
1278468885675757571
1278433696278892548
1278409675210395648
1278395885785939969
1278376760158162945
1278359244056772608
1278338670081302529
1278324996121788417
1278097973008838662
1278091850197450752
1278073140447412226
1278055214700998663
1278044227650404352
1278023348396703745
1278000336200962049
1277970644567613453
1277680601852710918
1277241532282818560
1276705529134559233
1276573995937206278
1276543022193410048
1276337060362756096
1276238132430753792
1276220323449487365
1275915443442724864
1275899361013235720
1275869833406697474
1275821371810029568
1275815114885791745
1275601911375421443
1275519092942934016
1275503888003727366
1275238497377554433
1274801034741846016
1274768763938844672
1274409144636891136
1274403639310909443
1274367860190691328
1273981680026554375
1273713144293199872
1273699877931933704
1273693097201991687
1273414033865977856
1273412010282229761
1273363897102356481
1273317470112227330
1273254910453260288
1273246705610358784
1273090412081754112
1272915903898886144
1272903973545095168
1272623704879640576
1271538799831650319
1271461116955234304
1271227041443205126
1271199014134976513
1271198162393464838
1271190189449363457
1271163794052399104
1271132355516862466
1271111379232137216
1271082505395978249
1270849417206267905
1270702557644697600
1270471651143159814
1270364211022114817
1270364209080160257
1270364208115351552
1270364206634844160
1270364205640749057
1270364203711332358
1270364202260103169
1270364201257754625
1270364200259518465
1270364198334332928
1270364196849451015
1270364194899210240
1270352466446598145
1270131376008957958
1270040373977657344
1269395093208936448
1269302489469325314
1268740452557246464
1268573263757807617
1268149682863210497
1266041206296981514
1265717591009562627
1265697339999731717
1265634410235416576
1264902296221220864
1263956944525680646
1263866508696059904
1263491454300717057
1263470362018435074
1263204518604558336
1263155882583621635
1262834259263397891
1262483981741821953
1262400512554663941
1262048219799990273
1261300106168537088
1261088467926355970
1261058209126789122
1261039249048174594
1261039171927445509
1261038946915692550
1261038616345743366
1260997232666578947
1260965041072979968
1260959032489250817
1260959031482613761
1260958103518040066
1260958102482038785
1260958101504737282
1260958100036685824
1260958098585509888
1260958097591369729
1260957337734516738
1260957336732143618
1260957335205396480
1260956010564538369
1260942992044691459
1260920522105393152
1260920162473082881
1260919863545139200
1260919681134854145
1260919552822689792
1260916841750331393
1260743280628838403
1260670114996813830
1260652771134468096
1260651988724805632
1260651315593543680
1260644050064904193
1260640555161268232
1260412520055083009
1260361875461726216
1260344465442643974
1260343601005056007
1260302055975137281
1260287215839719425
1260283672311336962
1260250603504259072
1260250564094459904
1260250302546149376
1260226071552811009
1259995568929202180
1259944081502896128
1259898562562985989
1259555572103262208
1259257109780324352
1259242013100257285
1259241775694307328
1259185076321112070
1258912947813912576
1258884507844911106
1258790819735187462
1258784497534984197
1258768016680116226
1258737279113232389
1258426116915826688
1258423729757061120
1258415480223735808
1258386914694045696
1258383792554852353
1258382649393139713
1258082196088410112
1258073493264089090
1258072128198512641
1258047741592309760
1258040972300169216
1257808263783100416
1257808262608584705
1257808261648199680
1257808252324249600
1257808249862184963
1257808248348041216
1257808245130956800
1257757129684987905
1257703960460361728
1256568292623482880
1256363057011478529
1255953861182926848
1255886760657203207
1255884812944125952
1255148983619473413
1254133640822435840
1253748476493680641
1253720265365880832
1253671361748389889
1253405933650219009
1252948221678292994
1252711208001712128
1252710970176286720
1252710339537444864
1252707582881476610
1252702649440505857
1252373034708561920
1251156869843791877
1250833127536316417
1250176647317327872
1250090771702743043
1249738234311180289
1249735242589536258
1249669809404510208
1249466204487475200
1249346641997504514
1249306018460381184
1249066890011586561
1248774960992137217
1248706183470419970
1248344168038125570
1248277820893286401
1247934719733399554
1247933487421808641
1247900511631626241
1247596985017864192
1247596740645212165
1247596387530874880
1247582643706900482
1247552136000557059
1246211865648250881
1246092388008853507
1245373609452937218
1245335779657822210
1245034963780751371
1245004514643652608
1243951618825035776
1243664392652292097
1242897517123186688
1242847149370544128
1242211189079322624
1242174364772155392
1242134885034348549
1242083064253120513
1241899783570284545
1241834265580638210
1241820090804379654
1241780759087677440
1241780756617273345
1241523042699878402
1241375115557974017
1241090125372817408
1241088087347920896
1241064266591080448
1241064201923289089
1241035567690809344
1241029297768476672
1240999741523210240
1240980041930080256
1240762496102936576
1240711015068811264
1240692939912646657
1240387231669456898
1240350604653887489
1240335855245561857
1240330525828579328
1240329618562912257
1240307275153264641
1240307271802007559
1240306931803316224
1240306814383788034
1240306703134003200
1240305696924729346
1240305589563076609
1240305588644560897
1240305585884717060
1240305584701874180
1240305258213105666
1240304841106259968
1240300697519828992
1240275570287677440
1239685409896108047
1239668302412165122
1239609919881519108
1239595295085932547
1239577798945189889
1239254993695318020
1239254284946071554
1239253853612228608
1238233343935815686
1238218553788162050
1238180157640368129
1238120637815836680
1238088053303934977
1238077567913074688
1237876452806111232
1237849430918721537
1237846236859756544
1237846205817704450
1237807802019655683
1237770104022204416
1237688641264259073
1237560975588380675
1237560969896677376
1237547146414395392
1237509267634061313
1237505975575285766
1237459764319260677
1237414732098830336
1237095240420462594
1235934660183478272
1235732012134096897
1235674339338579968
1235604761577230338
1235577747310882819
1235294204445810689
1235235491689181184
1235007285467975680
1235007093507321857
1234940132983279618
1234908947645173767
1234875074790010880
1234849359742799872
1234561765515628548
1234504607121969152
1233841897099137024
1233824820338593798
1233108392362889218
1233084201588711424
1233034626987327490
1233013434402443264
1232770877747597313
1232711324230193152
1232699142700400648
1232379939149799426
1232296141238218753
1232295928775745536
1231995660058185729
1231960626186084357
1231655135006351360
1231650544407760897
1231595253142036481
1230969559592493056
1230969452516102144
1230887417890119686
1230754520927371264
1230753498788061185
1230318591192387584
1230306532820041728
1229564437356564487
1228867524910964738
1228766495880040448
1228765379192733696
1228755893799419904
1228690459465220096
1228407643921899520
1228397359308181505
1228368055144574977
1228308926334033920
1228161179866013696
1228159879325548545
1228113122294222848
1228081161890492418
1228061532514324480
1228054950871261208
1228051908574810113
1228010977012199424
1227983501057839105
1227975800928063490
1227729907142316032
1227729905212850177
1227729895796748288
1227729894408433665
1227729892747419652
1227729885633957888
1227723418591809544
1227719996656230406
1227683199423254529
1227628314296307713
1227572859654082560
1227350208561995778
1227295653694447621
1226694272298242049
1226270717232254977
1226265345549316097
1226264080861802498
1226198145371168770
1225860325976805378
1225199838322667521
1225181568429383681
1225181565686374401
1225181564339982337
1224895533480927232
1224449832363814912
1224390543553241091
1223746039234080768
1223633704943325185
1223599498527739905
