1286065167588040704
1286065114949586944
1286059754910109696
1286029071152013314
1286027608031997953
1285989290409852928
1285976497350746112
1285700777563033602
1285674017542807552
1285672427175976961
1285647104015306753
1285611542432681987
1285587111136108545
1285330560064380933
1285303254109376515
1285253575266963457
1284840353669971969
1284465735134322688
1284232522990313473
1284191035510464522
1284190057738493952
1283841218196254720
1283815429677420544
1283815428838629377
1283815428050100225
1283813040622796803
1283514022655152138
1283508518914490370
1283508502896480258
1283508404074553349
1283458447846055941
1283434309953769472
1283138489308065799
1283138422820032514
1283122090447704066
1283095749396516864
1283095748549193729
1283081760323117056
1282789217144311809
1282789080288428032
1282768634742558720
1282726886427234307
1281709467701305346
1281709436558598146
1281709372557725696
1281669471325782021
1281664777417379853
1281284350194135041
1281220289796411393
1280896954755670023
1280580598923440129
1280542994811232256
1280539395628707843
1280539394810744832
1280256253504126978
1280248497279770628
1280224201086062598
1280224200033275904
1280192033341100032
1280187019474481155
1280184619351097344
1280154977835659266
1280154976971558913
1279414190202118144
1278759016991207424
1278689944748392450
1278687588384112640
1278383720853094401
1278383584328417280
1278086272414879744
1277730564062056448
1277728640285933569
1277728394239782913
1277728129222574080
1277646768587649024
1277646518602928133
1276610443365269505
1276607266914013189
1276607239445454849
1276607135686721536
1276591442002087938
1276544221651128321
1276259905125711872
1276241914078035969
1276230800195883009
1275549212898480136
1275549113627656194
1275471710582714371
1275451018344464392
1275204630952148992
1275174974773514247
1275149557370728449
1275139915395842049
1275128189854113797
1275111213643575299
1274366681037578240
1274093534270967810
1274021308645457921
1273985692079710208
1273985691295404034
1273739504474611714
1273729702734118912
1273723382111100934
1273678220932628480
1273386925882314753
1273386852796547072
1273386647946698754
1273359773283618816
1273345730481176577
1273330033793421314
1273314093844357122
1273248972627460097
1273014544642781184
1273014441290993665
1273014440645013514
1273012490511810562
1273010123842162688
1273004929255432197
1272990680361598976
1272953630824464386
1272164735178457089
1271531811244515331
1271507253061918721
1271507198162714627
1271481993826631681
1271197235536171009
1271197137049735173
1271180597990494209
1271178948903424006
1271132928798580736
1271132927833837570
1270834845049065476
1270825184409387011
1270818616594874372
1270818615844130818
1270796834911531015
1270774085379817473
1270759016906608645
1270506702484496385
1270472477311991809
1270472476498317313
1270129436105547782
1270106517002477568
1270091402446344195
1270068887598632961
1270048389628035073
1268981807464284166
1268981678183198720
1268981622709399554
1268950647031894019
1268945660650360832
1268654256158105603
1268638083462901762
1268598343590166529
1268315163490504704
1268291564901666817
1268278679878107137
1268278678963748867
1268268401295753220
1268194479426732035
1268194478050992128
1267552848679763968
1266433151435509766
1266410015117774855
1265744254154018831
1265734173114994688
1265734116009488384
1265732415659655177
1265708686279933952
1265685414091816961
1265380612912840705
1265362317107216388
1265362316410961924
1265340511671508992
1264919151287717888
1264904050103013377
1264649260697554948
1264649259858747399
1263945228966191104
1263924001107333123
1263912263272013829
1263912262458314753
1263591659171807236
1263591339410599938
1263585476985806851
1263541792760266752
1263516420027154433
1263458773676494851
1263458703098904578
1263227105757794304
1263218246028795904
1263202039905038336
1263170417252077576
1262877590278283264
1262865705281769476
1262865344554827776
1262832495386558468
1262827575677779970
1262722925330718722
1262495124434477057
1262489175221309440
1262470026994626560
1262462194744205313
1262446701123682308
1261400968735813632
1261389639585337347
1261371527343116288
1261371209758896130
1261067331918278658
1261051017464078336
1261032284922228743
1261014957530939394
1261014545100935169
1260947453014085632
1260947452179492864
1260947451315458048
1260684294906920961
1260671694177476608
1260640469492604928
1260619350735798279
1260619349112557569
1260565507163525120
1260565505020231681
1260336327847002112
1260332419237978112
1260304001674948609
1260275518529843200
1260257273475215362
1260186210103775233
1259958588178681857
1259954996096925698
1259938863327428608
1259934470506983427
1259920820186615809
1259888686071787523
1259489473961885696
1259184270553350144
1258854950190428163
1258849653631496193
1258839967545077761
1258839275489177604
1258839274465693696
1258815542984691718
1258809394646695938
1258806360776617986
1258806359719632904
1258506228881174528
1258506127504900096
1258498362262917124
1258498360983592960
1258498359846936576
1258486587622637568
1258463797012049922
1258145005832671232
1258144936798584832
1258143908971843585
1258124625793486848
1258112294413795330
1258096355869933571
1258065013778067456
1257831110521823232
1257816092644241408
1257807536507334659
1257793717668364291
1257793657593364482
1257793574957187078
1257793245863698432
1257788186740359169
1257788185750507522
1257776454567247872
1257747013254471686
1257714488754810882
1257446155178463232
1257441460816838661
1257420149608587271
1257404347429933057
1257381037778370563
1256351114573811713
1256351113705664518
1256351112808075264
1256315687657668609
1256287287979229191
1256269422748188681
1255974251078791170
1255974163233345551
1255973606452015107
1255957418967695361
1255938733318328322
1255899054392913920
1255624363702980609
1255624362872487937
1255624361857486848
1255617364470771714
1255607765072064514
1255607692762263552
1255592611915726849
1255565612052512776
1255565532406992896
1255560336259899395
1255546894903914496
1255542771290640386
1255252032883220482
1255251963094224903
1255251898166325251
1255251811948167170
1255219664264839175
1255203329430470659
1255186271317766145
1255168320711602178
1255159312789450754
1255152854714769408
1255130712103059456
1254899283024740352
1254899281686822920
1254893734745047048
1254893733910401024
1254893732899545096
1254875306969706496
1254854840452132872
1254854839269384193
1254825089423618048
1254822140999802882
1253831078525243394
1253831077355020288
1253815229798023174
1253793803087077376
1253781368405987331
1253766303879516161
1253766245687713798
1253746929294544896
1253732296731099137
1253448395072643072
1253415597171302401
1253414464809914369
1253410994795102208
1253410936355864578
1253406033667448832
1253396218899767300
1253390934433243137
1253374075868721157
1253374074488840192
1253088694132604928
1253080891158495232
1253079667051057158
1253079611560378370
1253079563128668161
1253073298407260161
1253053860677070850
1253031165495296007
1253014609411391490
1253014544038985728
1252993334437707777
1252993328821436418
1252938956024410114
1252717632211558400
1252717630919712771
1252689477815894018
1252678106227388417
1252677984961650688
1252677901981491202
1252659203963072514
1252648066949267462
1252379268098605057
1252368698360451072
1252356870574137344
1252354914010857472
1252354857803018240
1252352638416384000
1252331735464980480
1252314120969498629
1252294713312411649
1251277005020168194
1251269455574896641
1251246430406291457
1251231455608438789
1251210567051706374
1251195291795165184
1250925355290054658
1250919692191109121
1250899854592802822
1250899853649104898
1250886601531678731
1250857839817523201
1250837356669743111
1250782176259563522
1250782175336828928
1250544649430880256
1250532120822456321
1250498105188986880
1250492154956431360
1250450208821071872
1250436462673137665
1250180026701668359
1250172230035738625
1250164817006034944
1250133656536002563
1250133655579766784
1250125486165983233
1250113080631140357
1250098020164698113
1250068799811919876
1250068798859812866
1250068797689659392
1250068796074790912
1250067160237555713
1250043627931185153
1249829373487853574
1249829372556709892
1249829371675893767
1249816553505411072
1249799991566180353
1249796361039511552
1249796287962198018
1249395883986337794
1248737521602678784
1248727455273299968
1248722629462241287
1248721667230019584
1248709839339036672
1248701802041802755
1248701394636472320
1248685508357652480
1248685507409739776
1248685506365476867
1248659958943678471
1248415367388483584
1248367688008826888
1248367687169904641
1248343928044167171
1248332855383638017
1248332802170458124
1248332752774148096
1248322065133965313
1248295848762621952
1248285557907742721
1248229171911782400
1248000162921881602
1247981288805388288
1247967426504990723
1247967351183638528
1247965641723842561
1247923894775881731
1247911410220314626
1247889892350152706
1247645325524783104
1247641550009450496
1247637776478044160
1247611351075303426
1247599019888726016
1247591958232608769
1247559008094957569
1247291761476669447
1247291760377806853
1247277111389425670
1247277050311970816
1247217965134761987
1247170022776156160
1246173124976168962
1246160023799107585
1246159963812237312
1246156697007243264
1246101590668443648
1246100317479059463
1245803032245202944
1245802982010224640
1245802935759572992
1245802873256062976
1245802423035277312
1245791267734331396
1245785133447249920
1245709607085002755
1245423391152263173
1245423303751348233
1245423237078626306
1245423128081285122
1245423055528230913
1245399598539190273
1245081327109636097
1245081296193404933
1245081247904391174
1245028630952099842
1245028629978980352
1244749807505346562
1244749732347600898
1244749610846957571
1244749573152792576
1244710085038923778
1244675500511027207
1244328540486668289
1243943572849778688
1243943572094803969
1243654362829914113
1243654361911365637
1243654360816586757
1243641442490294273
1243625084415172609
1243610529320534017
1243584904484605954
1243584644009938947
1243542638361485312
1243542637212315650
1243344706572095488
1243317783611543552
1243288681097682946
1243258921982119936
1243227855095574532
1243227818068246545
1243227792130613248
1243227752276340736
1243175051693826048
1243175050196463620
1243023561150914560
1243023560223924228
1243023097109889025
1242952881717817354
1242950336685498374
1242927178607726592
1242924391849177093
1242924327512801281
1242924249884606470
1242908953186635777
1242879074218979334
1242855723257737216
1242578886363361280
1242578885369384962
1242578884404576259
1242578883616145408
1242567326811279362
1242567127866933255
1242567026780012545
1242544278963970050
1242544128807833602
1242491785546551296
1242491714994155521
1242479715283275776
1242429900893585409
1242428701381402625
1242420730136010752
1242211288555626506
1242211133878042635
1242198105455562752
1242198046303236102
1242197946424320002
1242177640620003328
1242177477902061570
1242155683396628481
1242155682343849985
1242129468572995589
1242118689450835970
1241491452296933377
1241406281207951361
1241114440323432449
1241114379850002434
1241082938248265728
1241082833768243200
1241066202723737601
1241045717009010689
1241045716023291904
1241045714882498560
1240763560327864320
1240762602000732160
1240743611811147791
1240743555787821056
1240743481993281536
1240743352934510603
1240678910330728448
1240406960299704328
1240406958848573440
1240368688265678848
1240363955962499072
1240304131769798661
1239651051831267328
1239559743729008640
1239559742693007360
1239559741694791681
1238222432156225537
1238219653631049733
1238219069926637570
1238207270577745920
1238175222982991873
1238144739502940162
1237860592687316995
1237860591227682816
1237844953310457856
1237806852152471554
1237779480694964227
1237763834510823426
1237754103037661185
1237509789107785728
1237497572543078402
1237495515836809223
1237372628316413953
1237137815164641281
1237137774949666816
1237128526245003264
1237123182148141058
1237098320033656833
1237097118294302721
1236468037299187712
1236468036556730369
1236468035860529153
1236468035134926848
1235997298116747265
1235938814322933761
1235938813358280704
1235938811856777216
1235662114427191297
1235647237608198145
1235647189600227328
1235646752759390208
1235635941898735617
1235624626673397761
1235618436560101376
1235618182884454401
1235618181873573889
1235618180413956096
1235618179533029377
1235582044236910592
1235582042789875713
1235330890366095362
1235319104225062913
1235311735164329992
1235310279749251074
1235307687203819523
1235289806458032128
1235285194409742343
1235278474761424897
1235278364526678017
1234982137213804544
1234966155028303878
1234965285075116032
1234912413964787713
1234912286717902848
1234897143867092999
1234616280466022401
1234608726159581185
1234608686682775552
1234608632937041921
1234608099333419010
1234578995158626304
1233510139468140547
1233509936786792449
1233507879333900291
1233191481592164352
1233191480463888385
1233158068332093441
1233114044753698818
1233112644372062209
1233111390967209989
1233080362928103425
1232787925785567234
1232780376130625543
1232760746490155009
1232749421995143170
1232744539183550468
1232721986134200323
1232439123857698816
1232434131125989376
1232433870831644672
1232424782848757766
1232412703303589894
1232395087264567299
1232383007614435329
1232374309970202624
1232373643679801345
1232328338418565120
1232093253014638592
1232093013847027712
1232092806111428616
1232092720061087744
1232068827590033409
1231241858904403970
1231241055649124352
1230281158107136000
1230250707376197632
1230243158006480896
1230229819670941697
1230212960435359744
1230212465214050304
1230212463997726721
1230212462827462656
1230208820728750080
1230195864305623041
1230190444518178817
1230190443817816071
1229911975544709121
1229906954534948869
1229886904906211329
1229871160352964608
1229869555272634368
1229869514373943296
1229868966715305984
1229865098627428352
1229844773554606080
1228076101626363904
1228074606768119809
1228074605597863937
1228061890233933824
1228052317901119489
1228025800093523968
1228025798155743232
1228003393991561221
1228002995683635202
1227994172289900545
1227994171262328832
1227732292220657670
1227732235220062208
1227731996589395968
1227727242681339905
1227714682519199744
1227701610165547008
1227688840548225025
1227649276978892801
1227636616539377664
1227591775679909889
1227350963947786240
1227350912261328898
1227307033474555907
1227307023081070594
1227299966881804288
1227283675877904384
1227282893812248577
1227282394820075520
1227253753910304768
1227253651892293632
1226955745884803075
1226948429672218627
1226926998846656523
1226926706038054914
1225884615044403201
1225805481253515265
1225535088206778370
1225501878831677442
1225480739870867457
1225188350253989889
1225182795175223296
1225182784291069952
1225173566313967616
1225173361342451719
1225136705365323778
1225120248036237313
1225102338232373249
1225097153347047424
1224836009956986880
1224832101821886464
1224832098940399621
1224807177916964872
1224802745758167041
1224792314197004289
1224759499703058438
1224742747304800256
1224742746432458758
1224721979850264578
1224721978180997126
1224721976943693824
1224721975484076033
1224712949912219649
1224467809377378309
1224460740226113537
1224447336161497088
1224436991082713093
1224430392092123137
1224430391039340544
1224423207945543680
1224367976146776064
1224184405633249280
1224174966117228544
1224168371958308869
1224117323847667712
1224025209474375681
1224024969681756163
