1285991403122819072
1285990693710770178
1285990692670644228
1285979353873100802
1285979352967127041
1285979352077938688
1285911804087083009
1285742333267509248
1285680597348880384
1285670566754766848
1285649121286795269
1285632826285666304
1285574318013980673
1285550833283858434
1285370305897287681
1285338898286206976
1285329194218553348
1285233095986290688
1285228205641736192
1284484827643863046
1284484826184192000
1284221187640393728
1284211156081573896
1284149122967142400
1283494564276428802
1283472625235308546
1283134329984618500
1283105812563595266
1283101215375724545
1283083040231690240
1282759845641412608
1282745596579807233
1281656570481463297
1281592705907335168
1281592704749666305
1281398703849377797
1281358667200303104
1281246160339046408
1281211499344781312
1280897939892776961
1280897939104301057
1280895705616392194
1280259331590676480
1279403336807178241
1278765621552074752
1278312901611143168
1278128665864351744
1278128665163857925
1278052084437450753
1277997524297699328
1277984159852568578
1277984142328770560
1277732520352759809
1277718274709622785
1277610901307301888
1277610396241801216
1276510886463778816
1276508888549011457
1276508887831756803
1276148254787489794
1276148050893946882
1275948878295162882
1275948877179424769
1275880780531675138
1275875783580491777
1275861751771418624
1275831658852253698
1275821362175713282
1275798263099273222
1275534920824295424
1275172468207083524
1275075188116164613
1274737465992060928
1274053042179117058
1274029511567380481
1273976553370681345
1273740238876106752
1273637292830269442
1273363410911182849
1273317985961291776
1273294700523421698
1273288332391350272
1273273443971149826
1272903284404125705
1272890941754441729
1272612177766240256
1272539615250001921
1272538472675450880
1272268086096297985
1272175793138028544
1272161115590582274
1271508560778854407
1271456396874330113
1271438098497404928
1271438097688023041
1271429026725400578
1271172540954804224
1271172001311457285
1271136800174682113
1271136797989449731
1270728947916038149
1270455254732193792
1270434238295351296
1270434237183819777
1270077267566264323
1269290304206778369
1268925556432818176
1268907077067575296
1268902625233252352
1268898618431492096
1268691717752066048
1268622457063141377
1268574399067754497
1268288109562781696
1268211974363627525
1267550455628009473
1267153271094939652
1267153270151282693
1267153269207576577
1267153267630407682
1267118278029312006
1266793848451338240
1266516637118803968
1266415372351217664
1266415365933981699
1266408844193927169
1266060721827319808
1266060720929673221
1266006296668618752
1266005153435521026
1265774283483160577
1265732326883016705
1265713080434130944
1265712587771015168
1265706009500188678
1265649964111233030
1265649963310120960
1264919187383779329
1263995542125903872
1263880239509393408
1263880238070628353
1263868864644943872
1263836719016816641
1263502433193517057
1263485855538216961
1263167925361541121
1262929301864939521
1262833633980751872
1262776749286359046
1262760789187780609
1262757654159519745
1262737903878356992
1262540035829702656
1262478157946540033
1262427584966557709
1262414426982014976
1261349666618142722
1261296130496835585
1261008486525173760
1260728141561167879
1260728139740852224
1260693610435088384
1260693607482298369
1260693606681190405
1260693604407881734
1260689113008746508
1260689112157360129
1260689111230418959
1260689107975618561
1260678162431848452
1260668598705623046
1260652188247789569
1260328357364973568
1260320223602913280
1260319055468204032
1260312626476789760
1260271240805257221
1260256932796997633
1260246893428441088
1260207361672740865
1260196553236643841
1259972577088475137
1259972576098562054
1259907532484685827
1259898761180073987
1259889700199976961
1259882510777024514
1259849160322420736
1258800896353488896
1258799103229730819
1258798393863872513
1258749334532820994
1258458307951497216
1258419793901879297
1258419792991657985
1258419792094134272
1258419569309282306
1258401188942360579
1258144471356788736
1258142909515390979
1258142907783094272
1258106533331849219
1258039496207208448
1257858258179690502
1257820274659069954
1257820272830427136
1257816632963072001
1257795418416611328
1257780665707376640
1257737949657075713
1257737947694104580
1257726237105172481
1257701443559194624
1257469503576907776
1257439033208328192
1257419374123778050
1257404577403584512
1257399037139042312
1257329526264213507
1257329524318101504
1256282952159420422
1255957394460467201
1255957392908525568
1255929867713069059
1255890002724216832
1255884612330553345
1255884610195652610
1255633528701796356
1255574556347170819
1255564721639624707
1255560958853996546
1255551300458160136
1255542442734075911
1255521926669369344
1255508270753726470
1255308823918776320
1255290310059593729
1255290308566364160
1255255849632759810
1255209108740935680
1255191548360306689
1255191547529908224
1255169211162378241
1255169205038653442
1254942697636466696
1254901991479955458
1254853234843439105
1254815245618593793
1254794297372704768
1254794296630411271
1254496627798179841
1254121841268064262
1253765640625807362
1253748703741042688
1253746937402134530
1253724066797760513
1253724064809725952
1253714500492103685
1253398007606849537
1253398005950095363
1253383359763537923
1253379485627551749
1253378247963877378
1253373808561586176
1253373806405734400
1253068169750683650
1253052371250315271
1253025492388777984
1252752721498836992
1252752720462860288
1252726829070286854
1252726828235739137
1252697848585564161
1252697846308110338
1252649749666291715
1252648215247302656
1252607042856026112
1252348663034068992
1251294526687399938
1251203133302362113
1251174004066525185
1251159235901050881
1250943751922634752
1250943750660067329
1250816210616401927
1250813006159716354
1250812533486780421
1250810794238976001
1250810791474970624
1250452979163021312
1250428252994191366
1250411335168352257
1250411334279278592
1250411333524295680
1250155459648069634
1250155457693483009
1250044489013637121
1250044486413094913
1248648566391934976
1248592063249055744
1248041130631016450
1248032160604467200
1247986627667996679
1247952785217380352
1247921860190371840
1247879536764747777
1247645422270779395
1247645416813932551
1247275194416275460
1247275193602584580
1247271139224825857
1246975542034825227
1246828139017375746
1246828136026771456
1246555052719865857
1246548651264090113
1246200638964408321
1246200637408362502
1246200635709587462
1246200633708994562
1246200628831019008
1245714455784292352
1245523344444796935
1245486646616875008
1245437736783360001
1245437736036827136
1245428547835121671
1245417926624251906
1245064002851528706
1245061991053565952
1245015755504201733
1244683502689419275
1244683200758263818
1244648074250764288
1244637287339753473
1243680800601767938
1243642848630714368
1243606274299789319
1243606273234436097
1243606272450183170
1243596815531900928
1243594597256830978
1243593136154312708
1243570421435432960
1243568665309650945
1243566309939568642
1243521525610733573
1243292724700295169
1243173168208138241
1243022421503942657
1243022308396146689
1243022206814367746
1243022205987979265
1243022205165895680
1242911535497908224
1242850503433871361
1242542155371069440
1242505296473440256
1242471533056049152
1242451189846937601
1242145093982789633
1242141498751189000
1242114253471059970
1242089942278377476
1241168948999184386
1241121234764681217
1241109656249995265
1241104138831892484
1241093856340389889
1241043683358769156
1241014808566210560
1241001360293847047
1240998634914746370
1240755984789839872
1240733008107311110
1240724881530118144
1240706770344898560
1240706768281292800
1240664240563896327
1240647984376942592
1240628572982738944
1240391020766003201
1240388871482982402
1240378780050481155
1240378779173863425
1240378778314031104
1240378777227735041
1240378775726182400
1240378774836871168
1240354846907252738
1240021229706362888
1239996027517665281
1239993549082570758
1239919776887160834
1239913422311079936
1239692556125995011
1239689560516448257
1239277760947933185
1238641248468156419
1238478490023985153
1238203621755535367
1238203620312694797
1238143879133659136
1237861354645512194
1237815038695669760
1237795489938112513
1237789412609703938
1237785595017035778
1237511871344730113
1237507946738790401
1237507945262395393
1237507943920066561
1237507942339022849
1237507941353304065
1237473746711085059
1237473745234726914
1237447102080397314
1237432607979311106
1237390341608583168
1237169386231869440
1237132425186217987
1237105165456588801
1237087647987892224
1237065833349894144
1236290507942309891
1235973418148741120
1235943216609804289
1235686285404041216
1235685190309220353
1235666710184816648
1235651547264094208
1235639460739592194
1235603174884397056
1235579983109611527
1235342052180848640
1235304507921186816
1235234988355973122
1235213321655242754
1235003273309904896
1234970809246081024
1234966331893653508
1234948514553171968
1234921519316447237
1234915213444571137
1234613024310382592
1234613012813750273
1233475197501607937
1233437215650385926
1233404884508184578
1233129197717028866
1233127521585180684
1233087763790036992
1233066779590692864
1232687573526614017
1232420761845030912
1232420760863563778
1232420759403933697
1232392637799378950
1232391474869932032
1232373180850896896
1232343779211956227
1232073524841414657
1230868504238317581
1230237226430320643
1229791405691822082
1229422307761893377
1229123798961676288
1228013759760826369
1227722375044763648
1227717301316833280
1227717299865518085
1227672691295084544
1227672530774872064
1227630640599834624
1227630358881021953
1227319388501659650
1227049423307517956
1226594790793531396
1226342496629854209
1225925709257900034
1225860026062868480
1225807282526728192
1225593796467056641
1225439557354688512
1225186005529038849
1225172577188007937
1225170956890574848
1225106583534870529
1225080238675243008
1225070256441511937
1224910126445932544
1224910125556813830
1224910124545970177
1224910123874836481
1224805560912138240
1224761122177327104
1224737817491841031
1224673409793187840
1224535808159494154
1224513286760169472
1224466806766817281
