1286054202138079233
1286049028715810816
1286020364947132425
1286020193622392834
1285992884999729155
1285933715277991936
1285639550526685184
1285568022447620101
1285293668195348486
1285203978297454592
1284957301959467008
1284875033349959688
1284443457726095360
1284443457122111489
1284276605960028163
1284222375219867648
1284160606103310336
1283854666510544896
1283809270237138947
1283785182433153026
1283770727557144576
1283488060462817280
1283447163230588930
1283428837209059332
1283408465071869952
1283186730414350336
1283130234250973187
1283110358849400832
1283110355074506754
1283098796969332738
1282796854879694849
1282735250540564481
1282672045126541312
1281943956201320448
1281696321846628354
1281663217706704898
1281614097218445312
1281310941926379520
1281267809004158978
1280961636258451467
1280602106748157953
1280564973438218241
1280236411036356611
1280236409769656321
1279788346378719233
1279565589481172993
1279497068529188865
1279433962994249728
1279433961584943105
1279433960746094593
1279389788798365696
1278678352254156807
1278427427975450630
1278427251198083073
1278319474358263810
1278131689429118976
1278131688091070464
1278080617759023106
1278029128730587136
1277952982970138625
1277597165083398145
1277271257139077120
1276605593260830720
1276228184481153024
1275848534596685832
1275782298475126785
1275473455396331522
1275076941406560256
1275056275756326914
1274136942733660161
1274049503658721288
1274000857604993024
1273613646023753728
1273292843977768961
1273247834117230592
1273247832640819200
1272884911452684288
1272607867418394624
1272580160001380355
1272580159124750338
1271871411041251334
1271799842986176512
1271562918941900800
1271562735097131015
1271514273790005251
1271463570648240128
1271463568496644097
1271434245181976583
1271434244376743938
1271128876714991624
1271070609867489281
1270828133504204807
1270828068823879681
1270827997415735297
1270706854230966272
1270411154490372096
1270346088172654593
1270090263629791237
1269345604616032261
1269323493667213312
1268994556680380417
1268943723293016066
1268920274067558402
1268899621990010880
1268628722271301632
1267818434215079945
1267579012685139979
1266418954936999938
1266361366597832707
1266122766341812235
1266076040578969600
1266034933740515329
1266002648060354560
1265733967019458560
1265667105019527170
1265415888024543233
1265391802846191618
1265391801361412098
1265371321682321408
1265282354421141507
1265001253119168512
1265001251483324416
1265001249340096519
1264928364290244613
1264229678526717952
1263967335955783686
1263928481358000129
1263854236007313410
1263821839631073286
1263821815908052996
1263816785587044357
1263587787992752140
1263587786877108225
1263468271057211392
1263437353110196224
1263201467965546499
1263143953899143169
1263105889361440768
1262837410590855168
1262793813409628161
1262741257404604416
1262709818734841857
1262507156877774848
1262463684137439239
1262417067862626310
1261842283827212288
1261842282917003265
1261842282040475649
1261842281180561409
1261679988933373958
1261420741376925696
1261313448065073152
1261313446748065795
1260964193316020226
1260624615660978177
1260561435358310405
1260350752368836611
1260298650800046081
1260198713999441920
1259871069982294018
1259824303257812994
1259454464131563520
1259138891774386176
1258879017492586496
1258839220958957575
1258839220078235652
1258812803793784834
1258770547493801988
1258770545946083328
1258735458475028482
1258551484733505537
1258509865640697859
1258446860706025473
1258391474435129344
1258103882275852289
1258071340873023489
1258026997520961539
1257795796956852225
1257694396595781640
1257643338058084352
1257433219017867267
1257433217524805634
1257343585718013952
1257296676026560517
1257000016578838528
1256346549048741888
1256298600314929153
1256256179023630337
1256229201734238213
1255857754335576064
1255857753148608513
1255623135120023554
1255623133245161475
1255524553901649926
1255251420980424705
1255175965963149312
1255105122042032129
1255105120838221824
1254850249513992194
1254823281808617474
1254823277161263107
1254805520587857928
1254771688429903879
1254771686336946190
1253785047666130944
1253764739135668225
1253722109332860931
1253651908704833536
1253497097577521154
1253452103147806721
1253436646311092230
1253353546722009091
1253311479404773378
1252975353347350529
1252713305321455616
1252711821703892997
1252711820491722755
1252632808633315329
1252632806968172545
1252575928103960581
1252361071865630720
1252323057378701314
1252323056023986178
1252323054967021573
1252244288781639683
1252244287934398464
1252244286583832581
1252034787793141761
1252008196077752320
1252008195108802561
1252008194169241606
1252008193439473666
1251942668722192386
1251893070565715968
1251620765369327617
1251585773931040774
1251585772593053702
1251245877932556290
1251245876665778177
1251206581657710601
1251155940700639242
1251092879034003457
1251092878278918144
1250910783162191872
1250878334210375682
1250831268914266113
1250831268037697539
1250831266741719041
1250488575164104707
1250488574304292864
1250459647368192001
1250135379455418378
1250105950167543810
1250060251094749194
1250060247349301248
1249784430983557121
1249754388186497027
1249746826263224323
1249732806655254531
1249696510645800962
1249301539925241856
1249014446149775360
1248723267491450884
1248723266245734401
1248646580971986944
1248577660579655680
1248288846401417216
1248288845273223170
1248199749896933376
1248025852698341381
1247853051987271680
1247647757839589377
1247647756925231111
1247597993148198913
1247534223939887108
1247527131627700237
1247527130155503616
1247266195272695808
1247253500574212102
1247198562154434560
1247198560749342722
1246853943986176000
1246853942182633473
1246459093012840448
1246148490448769027
1246148489219903488
1245783925999513605
1245757816691929088
1245722138964889600
1245462919829225490
1245416498690170882
1245347441806905345
1245123139052474377
1245066930391744513
1245027723581566981
1244995530457001990
1244741762192756739
1244700977179111428
1244650648194502657
1244650647271747584
1244612585363816448
1244301846296092673
1244301844828098560
1244301843859222536
1244301842621792258
1244251638996623364
1243948565560467456
1243932695287250946
1243899418904088576
1243899417557716993
1243712342908637185
1243639586204585984
1243618705973673984
1243542731819044867
1243279022504710163
1243279020978057221
1243212389732007943
1243021531069939714
1242971625726844928
1242938168057434113
1242886149498114054
1242886147996606464
1242868009024315394
1242816764402110464
1242779732686635008
1242779730631327745
1242517417726742528
1242150983964209153
1242150822282133517
1242108573456445440
1241894492141223939
1241807288421298178
1241807286525452290
1241765836655857665
1241731838705623045
1241731837661253634
1241500054692810758
1241461010390814723
1241425579204902912
1241392764295753729
1241392761493954560
1241024322640150531
1240790940484349952
1240764751732445184
1240737623938867201
1240737622231863298
1240737620763836419
1240706974272151553
1240667916313427969
1240638085995597826
1240419943977488384
1240392127084998659
1240266397843939328
1240049486640095233
1240020625785270273
1239958947290906625
1239910249135570944
1239910248145661953
1239910247160000512
1239672135204909059
1239655270659379200
1239655269673598978
1239602073857122307
1239161921489829888
1238571716537978880
1238517800626511878
1238517798613237761
1238135222371311618
1237864203500670978
1237825935291961352
1237791839241019393
1237777170862428161
1237777168870055937
1237508116960415750
1237483096641019904
1237013642685616129
1236642678751801344
1236642677300568064
1236396432782958592
1235999350184124416
1235688128666628096
1235650293993533440
1235632754500476932
1235632753489719296
1235343483654811652
1235334978591956994
1235309715489423360
1235273432889257984
1235273431899348994
1235252667879915526
1235252664948187138
1235228627014430720
1235218840495239168
1235026893109202947
1234991695684464641
1234565108703145987
1234565107243462659
1234138075581878275
1234138074097094663
1233946130712612868
1233946123582279686
1233876688947339269
1233834621256847361
1233417823759863810
1233417741157249027
1233074789557964802
1232760929080815620
1232746408333205509
1232095808906055682
1232095807886721034
1231979016216817664
1231979012748201984
1231696966138109953
1229789293406715905
1229789292400193536
1229789291422810113
1228841351267135489
1228032046368509952
1228032045382881280
1227392973589094400
1227392961538928640
1227392951497756677
1227312961288593411
1227312949678821378
1227244984786673664
1227014743451459585
1225913640798298112
1225913622028783617
1225815522589192198
1224814454841495552
