1286056958676606982
1286054914159005699
1285957833452851201
1285734806156906498
1285707447894671361
1285707445973716992
1285707443641745413
1285376276929433601
1285350189172170761
1285350188262010880
1285350187347697666
1285350186395619328
1285231185891909632
1285231184511983616
1284538540697821187
1284538539884060673
1284538538697121792
1281729023878602752
1281612993650974723
1281596830703386625
1280584975453216770
1280242844091940865
1279390793241972744
1279100088292306945
1278843317103575041
1278738956176240640
1278737987245944832
1278713030927355904
1278332577540161543
1278332575090688002
1278043162225844231
1277969975781675008
1277969974330458119
1277969972891807751
1277969970220068866
1277969968278077440
1277969966721982465
1277969963903406082
1277969962603147265
1277969961084792834
1277969959612674048
1277969957456711681
1277969955019911168
1277965795910225928
1277965767028305922
1277943086342115329
1277941014343364610
1277674186471866371
1277645044250562560
1276490895697645568
1276294602241093632
1276142017291137024
1275915385670434820
1275913708963840010
1275875420345380865
1275875174919868417
1275833359936225282
1275833358493376513
1275833357088231429
1275833355532218378
1275833353896448001
1275833352268980225
1275833350712942594
1275833348179603457
1275833346212474880
1275833343330967552
1275833341376450561
1275826517969235968
1275540113590816772
1275470044365979648
1275470040440221696
1275469870545735681
1275448778913243136
1275432557904084992
1275432555584651265
1275432553663664130
1275432550945751041
1275432548546621441
1275432545618989056
1275432543505059840
1275432540959105029
1275432538996170753
1275432536550801409
1275432533677805569
1275432531278680065
1275432528715882503
1275432526501347329
1275429190813220866
1275428136596000768
1275427516241588225
1275414704773570562
1275411817188204545
1275402815976996866
1275127714073186305
1275115436456230914
1275094164863168513
1274385335703789568
1273978335438266369
1273978334591008770
1273978333605367809
1273978332288253955
1273978331239759878
1273978330187026433
1273978329062952960
1273978327892733952
1273762439163764738
1273711651880140801
1273698550682181635
1273665098897391620
1273665097760673799
1273645384095711234
1273619070710054912
1273598894967046144
1273354730681643013
1273342478880571397
1273333338984591360
1273333188669190145
1273332744286806017
1273311767171600386
1273311766076952576
1273311764990566402
1273311763832987651
1273311762490765313
1273304994683465728
1273304993601392647
1273304992489910275
1273304990673711104
1273290229894479874
1273268663617941504
1273259603913060352
1273257095161425920
1273257093814984706
1273257092489641984
1273257091164254209
1273257089780023296
1273257088307912704
1273257087007698947
1273257085669650432
1273257084281409536
1273257082934964224
1273257081513050112
1273257079634092033
1273254744488841223
1273251823592366080
1273250632296804353
1273250630870728704
1273244756009615360
1273237151250092033
1273041468974907392
1273041416189599746
1272971820438892554
1272663406512873472
1272641618282262529
1272639056359407618
1272639046112739328
1272247434471542785
1271829681902247941
1271551367438430210
1271551366239051779
1271551363495997440
1271463078295633922
1271463028547035136
1271460109584158720
1271453571670773764
1271453558202937345
1271453524723990529
1271118869218942978
1270848237918916614
1270826887590359040
1270801692964126731
1270795460576522243
1270770032835006464
1270768966651252736
1270756010706247682
1270748467296636930
1270720022038499339
1270720020625031168
1270720019375087617
1270720018204856326
1270720016913035267
1270720015679930369
1270720014505529345
1270720013410816002
1270720012110585863
1270720010898386949
1270720009291968514
1270720007094190080
1270718098996228099
1270702740902236161
1270502939501592578
1270488091611017217
1270464243691905024
1270349540743397377
1270070270540353536
1270026110848372738
1269763819150036992
1268965137551065088
1268547927070380032
1268547924688080901
1268547922750308354
1268547920380526593
1268547918266597387
1268547915913592832
1268547913933783047
1268547911522156556
1268547909584334856
1268547908091228166
1268547906178625539
1268547903775260673
1268547901367746571
1268547898993782785
1268547896577855489
1268547894161915915
1268547892169539588
1268544290290008068
1268542361421873156
1268526970364669952
1268202268823822337
1268202266374348806
1268202263534809094
1268173645630836736
1268172795504218114
1268165815704203267
1267835920046272512
1267510873905643523
1267169647532613636
1267169646257504260
1267169645074747396
1266088436429197318
1265982701858967552
1264914313778728961
1264914312897925121
1264212029533032449
1263895636300173313
1263876440241647618
1263616984870240266
1263461091209773057
1263461090266091520
1263461089028780032
1263259597579735040
1263134877429436416
1263094699658747904
1262895402745049089
1262811911504236547
1262793671369506819
1262791121454981121
1262376472901308417
1262098085204951045
1261674048901255173
1261429065476567041
1261329949258104833
1260969884667838466
1260962685170089987
1260957179210653697
1260615407087599616
1260588866047815681
1260364887412203520
1260333032340414466
1260333031459639296
1260333030595538945
1260333029769252866
1260305780940705792
1260271339488886788
1260213782338568192
1260212830353207297
1260212829300436992
1260212828310589440
1260212827110981633
1260212826033074178
1260212824829317120
1260212823768137734
1260212822748921856
1260212821654147073
1260212820542660609
1260212819213123584
1260212818193846272
1260212817027895297
1260212815723454465
1260212814603485184
1260212813181718535
1260212811738775552
1260209706049638400
1260208135630880772
1260189995912040448
1259920424181346305
1259905608003784708
1259886056268345346
1259855278960500739
1259846168865132554
1259506637380993027
1259499599074648071
1259475839697195008
1259474080199311360
1259467019302420480
1259191708350382088
1258883892305682435
1258859235787657216
1258800004321476608
1258540090319462403
1258523788074876928
1258402225115840512
1258402224138522626
1258402222699921416
1258402221357744129
1258402220233678849
1258402219071868929
1258402218119704577
1258402217167654912
1258402215997382658
1258402214160273409
1258402213204045826
1258402212327436288
1258402211354329088
1258402210012110849
1258402208539906048
1258402207621419009
1258397982652862465
1258393383539748866
1258365271854776321
1258072835039297543
1258072833680441346
1258072832199798785
1258072830597611520
1258072829460910080
1258072828102029318
1257759247187746819
1257759246231502848
1257759245069692929
1257753567798202374
1257436114526355456
1257385403360870400
1257382756763545607
1257297984238256128
1256982651334000647
1256966518551838721
1256294341330579458
1256286076949405696
1256018812027187201
1256018809850400773
1256018808449441793
1255880264934359042
1255872513835438080
1255661703712423936
1255644542239420416
1255167313390841857
1255160453476556800
1255158458229428227
1255124115385651203
1254823658192805888
1254781679522078722
1254769809138397186
1253763551812038660
1253752031808028672
1253738378685710336
1253731727224250369
1253731317193244672
1253411160994406403
1253411159895506945
1253383122793742339
1253383121996787724
1253383120369397760
1253342312882733062
1253108136447299584
1253072782105157632
1252970022374379521
1252748263238832131
1252742205359390723
1252719049416597509
1252719048296738817
1252711625502556161
1252711624106020865
1252646296374124544
1252586115464400897
1252411418957058048
1252403924323069952
1252303466355195904
1252222639839600640
1251956259378642946
1251601599291633673
1251601546065952770
1251492375299592192
1251492372711686146
1251257188364038144
1251175460047859712
1251175458990968836
1251164889319686145
1251164888094978048
1250864818149564419
1250816976299139073
1250813273219481600
1250813272007245824
1250525717118550016
1250525716141260803
1250525714635464704
1250455215133937665
1250439176220053508
1250439079390359555
1250436093712859136
1250422863435149314
1250422862206255106
1250135480475189251
1250087767952023552
1250067849298808836
1250067848162140167
1249812885980790792
1249706297269903360
1249309917632253952
1249309916822724610
1249309915920896000
1249309912414457857
1249021735250395136
1248683964526624768
1248671695956783105
1248623711927713794
1248623710409375748
1248403682296623105
1248382379976036352
1248355412551897088
1248350007843053576
1248339336434790412
1248326388505104386
1248326387599056899
1248324930011369479
1248302944375750656
1248274941566496769
1248273750673567748
1248062663340539909
1248062662325518338
1248062661285249028
1248045813554647041
1247975881903149057
1247962137139560448
1247915869906391047
1247896172812857344
1247880896004460546
1247564961674641408
1247266903791472650
1247266589545828352
1247266301791346689
1247227844893253633
1247202880865677312
1247202850096234496
1246571130275672069
1246458779878686720
1246199220551454720
1246176144203939841
1246138144078155785
1246106486872432640
1245815731532554240
1245815717150240768
1245798821927555072
1245798820698640385
1245794575030996992
1245721506346414081
1245491810291646464
1245413959282409472
1245408732755963907
1245408393327710208
1245408105195884547
1245372712597454848
1245372711473463297
1245372710257123329
1245372709053308929
1245372707304361986
1245349263615328256
1245131433234087943
1245117080158027784
1245056893833416704
1245037340571164674
1245030993980948484
1244756225138581505
1244728809347301376
1244719241384919040
1244622281801949186
1244280812733939713
1244031483012145153
1243937319020900353
1243937035142008832
1243906484657950720
1243678939605807104
1243643496642351104
1243643495044255744
1243643493341376512
1243643491638534149
1243643490506080256
1243643489369444352
1243643488253722626
1243643487091929088
1243643485791625218
1243642832591749124
1243278039892492288
1243187617161773056
1243182244371595264
1243028106463653891
1243025298712641536
1242958048789962753
1242901723150237697
1242901722097475586
1242901720914632711
1242901719668883456
1242901718205181952
1242848052664315904
1242505949102866445
1242496679015833601
1242425470261571587
1242236685896695809
1242178862223699972
1242118044186533891
1242117659094908930
1242080202609614851
1241812792258318341
1241762530181222400
1241410617442959372
1241396659361402882
1241047928602574848
1241036928633503744
1240757244645511168
1240756065295314945
1240756063655387136
1240756061742796800
1240756060081860609
1240625103358119940
1240425266817662976
1240392948770131976
1240325369275744259
1240062285583876100
1240062258052464640
1240028025397350400
1239973416494481408
1239927505433309187
1239900650449797122
1239650444902903815
1239605849858899969
1239601325001842689
1239583767230058499
1239567129986453505
1239555049396764672
1238877635964481537
1238531638415556611
1238531635844395009
1238531632937738241
1238525153744691200
1238525150397706241
1238465175457587200
1238209142701113347
1238165002906935305
1238162729044717570
1237895506191237120
1237808787098124289
1237806634312835073
1237796255180390400
1237779426743586816
1237779349035790338
1237768024939257859
1237767014883696641
1237766890572910592
1237537079044632577
1237417931065241600
1237365947859709953
1237171812057763841
1237026325937958916
1236110391782096903
1235742014060314625
1235685228506738688
1235607698298867713
1235591351032569857
1235556716701511681
1235334091362443268
1235334087054954497
1235314169144127490
1235303327757459458
1235287379293941760
1235287063324487683
1235271608094294016
1235270272321802240
1235247188009156608
1235226025417723905
1235209978320953345
1235191649262874625
1235191648172347397
1235008306483204099
1234989620531580929
1234949852540346368
1234944637502132225
1234941800504320003
1234927085971484677
1234927085199728640
1234927083572383750
1234909264365465600
1234877603863048192
1234877602906673158
1234877602155941891
1234877601027706882
1234877600243339266
1234877599278673922
1234877597873561601
1234877592546795522
1234877584481144833
1234857061550317568
1234854871989354499
1234850473389314050
1234849735871209472
1234834685223673857
1234506332570558464
1233936432932302848
1233521842276700161
1233450263261917187
1232666738464043008
1232659059125506048
1232477970226388992
1232435150606094340
1232435147217092608
1232389423440027650
1232389421040885761
1232389418650042370
1232389414346727424
1232389410911670273
1232389408353083392
1232038422094716930
1232011448840224776
1230555347800088576
1230555343505088514
1229859413508448261
1228097376474292231
1228029996939214848
1228029908447875072
1227784575444754434
1227784574471737346
1227718664243249152
1227700189567311872
1226938370133241859
1226938366794588160
1226855350911086592
1225858121073033216
1225799272530141185
1225799269581500417
1225799267664699393
1225411476887752704
1225113601213595648
1225081134352162816
1225065305199779840
1224908447306715136
1224819795440422912
1224464543574888451
1224108322095353856
1223709487435014144
1223576319121874944
1223435218754985984
