1286049718284550144
1286049717399556101
1285983232656375810
1285658119301992448
1285657972400627713
1285645710491357185
1285645709660880898
1285617483697860609
1285576549580902403
1285345902186639360
1285306207075475456
1285306206261858304
1281644220881629185
1281579415739281408
1280907102165168129
1280889626664882176
1279388488626921472
1278027894875455489
1278027894011371522
1278019368878817280
1276215691331481602
1276215690492592128
1275912377226219521
1275912259101917185
1275507858390614030
1275507857648222213
1274026382956343303
1273314886492344322
1272940247891021831
1272650228659822594
1271146772958711816
1271091450416107525
1270735150012342273
1270464670462283776
1270438552275386370
1270437852699144193
1270428144290402304
1270428143581528065
1270113005393584132
1270111265126526976
1270111264346439683
1270009427618398209
1269256728010297345
1268296847925350411
1268296674742501376
1268241748637159426
1267584293066465282
1266711363939897345
1266458511610982401
1266458510759546880
1266164662292353024
1266164661407318016
1266011830620688389
1264918643256832000
1263917341487902721
1263527446470680582
1263175338420469761
1263175337669771266
1262489956846575617
1261380288841744384
1261380287742660608
1261014090962669568
1260982124158636033
1260309618334498821
1260285265085632515
1260285263772889088
1260285096302608384
1260198806467096576
1260198805632356352
1258884488127492096
1258461584248242177
1258461429163794432
1258130484296630273
1257681475660582912
1257681474670809090
1257325098207457280
1255221892367167499
1255179459205922817
1254078213149491201
1253784894402068483
1253719248213606401
1253398225102528512
1253398224125276160
1252723023452557316
1251517590154821632
1250847139334369291
1250847138482991107
1250470305736294408
1248269975384711168
1248269974520696832
1247937965541728257
1247895324724617223
1247554349598990336
1247529342986375170
1247192165614313479
1246108019773116416
1245467243376451584
1245446149307355137
1245446148522991616
1245416793117777923
1245416792274735104
1245374487090118656
1245361224801562624
1244666135162871811
1244024255907495939
1244024254997430273
1243616681613762560
1243193818557681665
1243024509986365447
1243024508723908608
1242904920661114880
1242834263529140229
1242574425863708677
1242574232720216072
1242460827065757696
1242460825627037696
1242220215687172096
1242220214416220166
1242220212809842688
1241102627984809986
1241102486984888321
1241058805758267393
1241058804906766339
1241058803916976128
1241058802872582144
1240663877517533185
1239980540276674562
1239980538808672261
1239980537537859585
1239924386808954880
1239924385244483585
1239621783197749248
1239566804030304256
1238136999992872961
1238129947467829250
1238111085217091584
1238103954455756800
1237806349595168768
1236310134395150337
1236038561037725696
1235977619432144896
1235977617045667840
1235977614805872640
1235977612880723970
1235977610481610757
1235977608334106624
1235977606396284928
1235977604458590208
1235658984507531264
1235658981915463680
1235302269270265859
1235282205984903169
1235246538651291654
1235246537091010560
1234985708726603776
1234612790142345220
1234137012409708544
1234136562167713793
1233487774919143426
1233397646297006080
1233397644715839493
1233397642786463744
1233160174388510721
1233160172945772544
1233145070779609095
1233117490730938368
1233117489313320962
1232783660945956865
1232737136660578304
1232418498032340994
1232414116171702275
1232401101401534464
1232400152079589376
1232384890890526721
1232060171901374465
1232052366033203201
1232032173240324098
1232010803387256834
1230887064817799169
1230167896137052161
1230167894664916992
1229843089147256833
1229413188887662593
1228058164400152576
1227715307948716033
1227706299753881603
1227698341401825286
1227010104156803072
1226937107928821760
1226880790996365312
1225901185493803009
1225840403133485058
1225511291537829889
1225503687881232385
1225173664246771715
1224904701491150849
1224785229547700226
1224365092139126784
