1286062466309468160
1286062465336385543
1286040118399246336
1286031845642194944
1286031843519856646
1286013337973723137
1286013336392478720
1285965273569337350
1285932913637433345
1285676171242471424
1285676170214809601
1285649303227305985
1285628399277531140
1285345237678923776
1285301407977963521
1284518330808893440
1284348895372484608
1284161181754810369
1284161180186087425
1284140159353618433
1284140158154092544
1283823729500446721
1283823727894056962
1283823726488883201
1283823725314551812
1283822090462863360
1283770858775994369
1283770857249177604
1283483099666546689
1283483098550865920
1283390416193290245
1283390387969826816
1283026659348815872
1282779190761336838
1282779189125558279
1282757160561266690
1281689909263302658
1281689908197969920
1281330326627848199
1281289641769996288
1281260851098464258
1281258186885025792
1280960726224551938
1280872960547532801
1280868953745752064
1280597874716409857
1280573666665934850
1280573665646698498
1280548573134884864
1280548539916070922
1280534799749349382
1280242775288578055
1279405195848548354
1279405192295964677
1279098336365219842
1278763463033131009
1278738575933218817
1278441611765186565
1278441610297163776
1278441609282105344
1278381217780465665
1278361817279074305
1278355803842494466
1278294631415980032
1278101008816586753
1278070389302796289
1278070387822206979
1278066006234148870
1278066004782956546
1278065888101650438
1278059240268206086
1278058521490268162
1278058520517185537
1278058519518941186
1278058518050942978
1278056768258674689
1278044491853815808
1278044490876497926
1278044489429299200
1278013750830866433
1278008843285520389
1278008726377705473
1277989395572895745
1277745867731152898
1277745866347077637
1277727729522282497
1277727728658255873
1277702423818141696
1277691817899757568
1276576688466472960
1276181730685222913
1276181729632555009
1276166916994891783
1276144187868680195
1275918436175155202
1275918227323920391
1275915711643336706
1275882510128427013
1275874105322016773
1275873994051289094
1275873993053155329
1275873991585140738
1275873990607810560
1275855782681157633
1275855645007384578
1275845212645048323
1275825568248971264
1275803955537330177
1275802667076419584
1275785157564342274
1275552965353504768
1275518897261854720
1275518896385097728
1275506165405954050
1275500100018745346
1275500050312036353
1275463418661593090
1275460965610422274
1275459269316362246
1275449722061254658
1275443972144418818
1275443911008202753
1275157081159602179
1275086734896828419
1274710278228324361
1274539362286473216
1274512747301081088
1274476662130978822
1274476659035574278
1274332820467519491
1274098314439426050
1274080133792567297
1274011502077513738
1273991100609552384
1273991099758129155
1273957824272510976
1273947422117564418
1273708471138103297
1273662685801046016
1273660149819981824
1273636721633222661
1273631040536444928
1273618413903056897
1273604753575088129
1273388704619540484
1273384852553895936
1273371088408530952
1273365278408216577
1273333554236264448
1273301690272354318
1273296595438665730
1273291351002681347
1273284849349115904
1273284848363413506
1273284847382003713
1273284845930758149
1273275506645966849
1273251133184761856
1273232174716792832
1273216048121229326
1273059028529225730
1272994768658796544
1272980120492478465
1272971475989954568
1272957695243542531
1272925308723830785
1272921274784907264
1272908119706828801
1272887102280261632
1272887060945342466
1272887015684608003
1272647428672491520
1272630069148684289
1272626283667763203
1272600786841882626
1272582465601835010
1272532836193533954
1272145846092681216
1272145375349145602
1271877313534230533
1271877285394747395
1271546087418015745
1271505536224296960
1271486302710628354
1271141947235799040
1271049844531093510
1270671848968249344
1270442913177231361
1270442088459653121
1270442016858673153
1270436410105962496
1270436407652298753
1270421208958410753
1270375005059272710
1270353586703261696
1270345462772568064
1270345088489730051
1270187474841632774
1270119171792285703
1269996626686414848
1269992297195855873
1268955057359380482
1268921509445283848
1268676673093976064
1268651082198274049
1268607156280057856
1268607155441205248
1268607154623258624
1268607152140189698
1268599209189662728
1268540874667044866
1268377180490342402
1268269248478162946
1268269134627909633
1268269072669605895
1268235870445977601
1268235735632617472
1268232519876513792
1268188214206050304
1268185479297499139
1268181228546646016
1268180882856259585
1268022117733449728
1267903172250648576
1267873690626162688
1267819430358081538
1267587700842008576
1267502819575304192
1267438166895665154
1267250586640146433
1267250480796897282
1267216608092721152
1267203207618605056
1267139108041875456
1266802126166073344
1266467498506977282
1266467497215221768
1266467495461912578
1266467494350462976
1266467493004161026
1266467491145973761
1266467489845739522
1266402164366348289
1266131716575551501
1266131715715727368
1266131714851602439
1266079509343764486
1266079508026851328
1266074280753868806
1266021955762819073
1266021953997062146
1266021018965020672
1265710104894222339
1265694840601423872
1265691882820186124
1265691881264025600
1265660028847116288
1265633000194179073
1265632999321845761
1265402466583052290
1265379550139158529
1265366325175767040
1265323569376002051
1265323544717778947
1264964446805299209
1264907802025299968
1263851851046420481
1263851849595174913
1263628695778050048
1263628693722849282
1263563693792559106
1263563649051963393
1263563599596879872
1263563534971154433
1263563534027423744
1263545905887744002
1263530585106059272
1263494862160134152
1263230028126597121
1263204749500956673
1263179876032487425
1263179874933620736
1263179873763430400
1263179872266006533
1263164897501773825
1263133172763701249
1263131695408168961
1263131103033950211
1263131055336361987
1263131054287790082
1262926547981402113
1262926547129905158
1262926546249166850
1262926544735010817
1262827538130362370
1262822321330556928
1262822320466518017
1262791331534995456
1262751482861912075
1262751481796546563
1262751480655708165
1262751479355465731
1262751478059421696
1262751476964704261
1262419876079075329
1262378506832556037
1262378505985294336
1261783716348690432
1261781659776581632
1261363026596257792
1261341936658477057
1261300839995629568
1261300822681493509
1261042959023292416
1261042958004076552
1261042955881766919
1261003786354638852
1260999795088523264
1260999767397666822
1260989794148061190
1260989793246347265
1260989792315195392
1260929961986191360
1260929960249749504
1260662176399884289
1260662175393292289
1260662173757571081
1260605051413856256
1260573756793204736
1260300364370378752
1260299112508993537
1260276802230063104
1260276510839185410
1260247608230117376
1260212775021940742
1259965161676386305
1259965160103575552
1259946761990307841
1259926991907762178
1259922959524864001
1259897958298013696
1259854793885077514
1259853305414660096
1259586171073703936
1259128277492514822
1258838410476883968
1258838378444881926
1258838366717698051
1258820739349843969
1258820590770798598
1258499022492319744
1258486384312168451
1258483870107828230
1258469533096034305
1258469423549161473
1258469338677415937
1258466455374438405
1258465424615890948
1258459026716790786
1258458921641132032
1258458543478448131
1258457286252658688
1258456902507388933
1258449841304338437
1258449256387674114
1258448640613498885
1258448372790419457
1258447941993406465
1258447082865688583
1258446893148823552
1258446702996008960
1258446543067250688
1258446529683238913
1258442841417801733
1258408526243921920
1258408503548542977
1258382850308689927
1258381524174594048
1258097389010894848
1258061219656863745
1258058313163563008
1258053439009042435
1258040602618482688
1258040593508380672
1258037406609145857
1258037094129246208
1258029742395019266
1258029632831578113
1257737989385596929
1257729430102978563
1257729428962054147
1257729428035117062
1257729427078885376
1257729425229123586
1257686489560805376
1257671393585627137
1257663033553358848
1257662268822753281
1257652945786753026
1257652910969798658
1257444896664768512
1257441478470766592
1257389746864754688
1257389698009481219
1257388502804770818
1257369399306190855
1257359607674142720
1257352281391071246
1257352242568597506
1257331776638324737
1257318613985357824
1257317595583098883
1256969264482811910
1256606875212288000
1256307258130157573
1256244486964801543
1256216905570045961
1256214913044942848
1255882104250007552
1255878045929480200
1255874873458659328
1255864297718263809
1255602185725005830
1255602150601826309
1255579854310948865
1255579852557729794
1255579851693731840
1255579850468995072
1255530107122470912
1255530105876680709
1255519713314041856
1255505061515583488
1255494038570098691
1255300769022119937
1255221488505978884
1255196817719005184
1255196660113780736
1255196606057664516
1255176940333473792
1255176938961895425
1255176938022416384
1255176937095471104
1255155017146789890
1255143104388034565
1254821362612527105
1254800982023778304
1254777561101393925
1254777558651990019
1254772945932546048
1254062611873714176
1253802877866442753
1253741424337707008
1253741422093664259
1253729758380163072
1253685125847498752
1253503929595256832
1253487796465139723
1253485473714053121
1253481012191014912
1253478762903040000
1253474435694309376
1253466180532047872
1253448382548447243
1253443530988482560
1253415613034196993
1253413332523999238
1253401887350677506
1253375110238568455
1253349228996440070
1253337728344657920
1253337654667567118
1253115673431158785
1253028546429308929
1253028294561128451
1252998046683668486
1252995763543646209
1252712198524280833
1252712197383434240
1252681844073598978
1252680710319726593
1252665834931175425
1252665467686223872
1252637480442114051
1252630407784419335
1252629113388576768
1252626977569345536
1252619506687582209
1252601244033716225
1252393082990911489
1252340563426205698
1251938097853607937
1251713430580531206
1251325689372049408
1251241724980219907
1251237012205637641
1251237011383615492
1251237010569859075
1251237008674099200
1251202014706630660
1251174410238734336
1250896201819570179
1250896200682876928
1250896199005147141
1250854342749573121
1250853259620868096
1250820790787997696
1250820790066561026
1250820788552433664
1250757949322035201
1250545590351642626
1250545589424660482
1250518248891744259
1250467136084074497
1250446361448906753
1250446360303882241
1250446358298984452
1250417978912489475
1250222305806110721
1250222303851483140
1250189928786546690
1250176490303602688
1250156437784989696
1249810763960791040
1249810640136548352
1249739451460452353
1249433576363483137
1249079777832701955
1249057128163053568
1249034481765429249
1248974082311426051
1248830635398979585
1248711094715199488
1248696027768651776
1248690655880261634
1248671323519430656
1248671285460316160
1248671263654019073
1248637237090189314
1248619748520148992
1248288968388591622
1248274386135781377
1248263115520827393
1248259256882774018
1247954865424199683
1247930846662799362
1247909817961897984
1247909567767261184
1247896094140329985
1247885400179240961
1247885195040022529
1247880704547061760
1247880702709940227
1247708022669008896
1247584396670128134
1247582174007767040
1247549483346464771
1247549452467998726
1247310271925948423
1247264112264073218
1247186892992413699
1247175124303908866
1247175076656668672
1247146225440358400
1246501573687214081
1246501556608020480
1246501542640975872
1246501528166424577
1246501519123513345
1246450841902551040
1246169672275329029
1246132197129629697
1246127347402768385
1246091588817899521
1246090994698911747
1245725711027093506
1245702745346183171
1245701540427546625
1245451862293327873
1245395608330031106
1245376499504611331
1245136500859326464
1245107069272961030
1245069158112546818
1245065362904879105
1245064409912877056
1244617481106460677
1244292288832057346
1244292151283941377
1243914781012242433
1243914653899591680
1243913889848406016
1243672074754887686
1243532838764503041
1243531437862682625
1243307678878793729
1243307566991650818
1243252752756637696
1243247948089131009
1243237264521596930
1243237262898405384
1243205254612647936
1243021987078975491
1243021986181365764
1243021985392795648
1243005001682821127
1242944810568290311
1242865076647976962
1242864980103479296
1242842705178263554
1242842703680999427
1242828397576966144
1242813891219988482
1242813793362731008
1242813766187782144
1242786142686269441
1242784790774009856
1242640754301952000
1242567540674572288
1242544957442985984
1242544951705178112
1242544283351166977
1242539612612026368
1242539098243502081
1242505508638121986
1242453804496367616
1242451439194120195
1242451099849637890
1242174127223574528
1242155924279701506
1242125128336576513
1242090424925290497
1241863428135882753
1241858623791337474
1241836497126535183
1241834406337183744
1241798555041443840
1241485838879514624
1241375144217542656
1241367375204814848
1241367306325954560
1241145895976079362
1241145837952139269
1241058897215053825
1241058741098876928
1241058739584729089
1241047762466148358
1241041875097829376
1241014049028046850
1241014014504771591
1241009882549104640
1241006320960131072
1240992222784425985
1240992082896060417
1240749957730258944
1240740853225795585
1240725647863021568
1240720277333512193
1240713273558745093
1240701512239607809
1240699398150967301
1240682678485123074
1240662986768998400
1240657327507804160
1240613895598989313
1240429289499242497
1240413985083621378
1240401119290982400
1240399966113337345
1240399964993400834
1240362989720649728
1240362988709781506
1240362987224993795
1240362986260357121
1240362985262112768
1240362983852834817
1240362982342905856
1240362981357236225
1240362979734020101
1240355850755194880
1240349867542749184
1240333944547168258
1240333354886746116
1240303672682258439
1240297017630490630
1240289996751462402
1240289938987515905
1240289859203477508
1240270484312412162
1240032946955960320
1240002189340352513
1239963091875463170
1239961928174391297
1239943504173948929
1239663069296496647
1239647691308662787
1239647578209300480
1239626265239437315
1239600674649837573
1239595253621035010
1239595045063450624
1239586566839861249
1239563023146254339
1239552208108216326
1239539579717406725
1239211312963608576
1239211310463758336
1238952350439690242
1238939823420911616
1238575190629629953
1238509100968873985
1238464924369772545
1238461388806332416
1238461387820740610
1238461386369400832
1238212591379456001
1238212589441691648
1238212588007239680
1238212586526695426
1237922759553974272
1237858741267001351
1237856581015896070
1237856578155343879
1237849730509504512
1237796226009104384
1237501064678694918
1237500980851281921
1237468666679230464
1237468664737210369
1237446019610292225
1237425682478751747
1237387596390686720
1237045079807864832
1236599575496069120
1236347049634865152
1236347048582053890
1236347047575523330
1236091106779189249
1236091105487306753
1235943664347754497
1235692985335058432
1235692983887986688
1235597489874423808
1235589151011061761
1235343173867769860
1235341265266450432
1235339808785956866
1235317615855271936
1235317614861266946
1235295241059659777
1235275876977258497
1235189849700864001
1235020227567652865
1234965379027435521
1234952478879342593
1234943299171102723
1234943297715613697
1234943294385377282
1234881274159955968
1234881272864006146
1234881271869968390
1234638170634977281
1234638168227536897
1234578800631074821
1233488590564470786
1233476000589209601
1233474750426603521
1233431300612251653
1233426064480854018
1233421837540962311
1233408473817403393
1233408197660151808
1233062836357812230
1232809795981279233
1232799855170457600
1232673276775759873
1232466568715456512
1232466567138402309
1232466565628489728
1232465772322185216
1232434313058111488
1232396738595631104
1232350962196590593
1232350571459436548
1232330467388645379
1232027078540832770
1232027077085450247
1232027075638329344
1231376380815904768
1230999161841049600
1230904467584843777
1230904465231896577
1230870928084566019
1230543444327763968
1230543317932310532
1230250645531365377
1230209422577848323
1230209413383905285
1230209412440231940
1230152367020138498
1230152001654272000
1230134949791006720
1229807062332268545
1229481351759507460
1228423968027226112
1228423966563426316
1228344964763017216
1228344963299266560
1228343649764827136
1228343648233848832
1228113622485864449
1228034089996996608
1227709296340803585
1227709294415687692
1227367324929404928
1227367322450567175
1227289526114103297
1227005413092184065
1225841870426820608
1225560175391707136
1225560173416263680
1225467427242356739
1225467425724010503
1225467424289546242
1225467422343344128
1225467285080543232
1225124059048030209
1225076695121776640
1224919953079447558
1224870303454703616
1224776736442810368
1224776734899425280
1224721649129254914
1224713105248309249
1224467579626049537
1224374132051206144
1224370423460192256
