1256336308374364162
1253473047497097216
1252634808620064770
1252634806866894849
1252634805210144768
1252634803003887619
1252392241944879111
1252313866731687941
1252313865049833477
1249367510878769155
1248644399032160256
1248039815829913601
1247992664508817408
1247527608427753475
1247259117179285515
1247224940014833667
1247168494984032257
1247168492740231168
1247168487098851328
1243951785787752451
1243951784026136576
1243025932551704578
1243025930567798785
1243025928239923200
1241030845030424577
1241008837479542786
1240766957420515329
1240766954945875973
1240766952550928385
1240766950155923458
1240766948042059776
1240766946406252546
1240766944908902403
1240766943449276424
1240670110953680897
1240398070162100224
1240002350242291712
1239673740016988161
1239599440668876801
1239276529563193347
1239276528132927488
1237801874763513856
1237467391740821504
1235645617558269952
1235645615968792576
1234988801925079041
1234975102602604544
1233545025478418433
1233450345503895552
1232431061038182401
1228034403613446147
1226988844333064192
1226874407307661312
1225879401147064321
1225525516050018314
1225428997783392256
1225428996780896258
1225428995799470081
1225428994344017923
1225428992892731392
1225174921577422849
1224898541400870919
1224898538993307648
1224898536581599232
