1286049127198068736
1286041046166704129
1286006321930788870
1285973265492709376
1285957803170041856
1285957801609703424
1285613707943383044
1285595954339618818
1285360026111160320
1285336229253447684
1285289119766257664
1285271318938738689
1285243556626599936
1285213383109861377
1284873866645561351
1284186301219119107
1284135422046670849
1283403631920844801
1283108302029836288
1283052702407196672
1283046678967332864
1282752410528747522
1281608283845988352
1281306616139259908
1281260236255436802
1280902317756350464
1280578235399581697
1280558576512229386
1279394726031101952
1278826586565992459
1278467817092689922
1278034918770163712
1278017178336460802
1277984182254415872
1277962693857640448
1277726558489382913
1277637604796760069
1277611457807597571
1277610572683542528
1277591745736384513
1276876316244152320
1276234810785181706
1276188460945203200
1275888001000919042
1275866838090559490
1275834740445188096
1275568673449705472
1275511919009583115
1273968949143703552
1273712051677016071
1273335220767535109
1272970235214266369
1272964826290171907
1272545959453614083
1272182962910646273
1271544981531041794
1271520748734218240
1270787343927193608
1269250057636896770
1268974226188447748
1268928773044437003
1268701861659521026
1268699151619043328
1268685241775992834
1268660401585209344
1268660400716988416
1268612900156960780
1268542575704752130
1268342540257951746
1268184586862972931
1267927421229072384
1267822272305229840
1267548261029724161
1266828987835322373
1266433965856038912
1266107455555211271
1266034315521069065
1265718471654092801
1265718470781648898
1265370068466241538
1264907467944800256
1264305788606128128
1263862415898349568
1263832316058701824
1263566724420587520
1263507168986349572
1263475448182452225
1263181101234884609
1262780518577459203
1262427973061402628
1261799211760222210
1260970174645178369
1260938900245286914
1260690079321915394
1260671858678038531
1260623121637412865
1260615358945406977
1260276982505406466
1260263110788755458
1260206888647561223
1260203775194730496
1258832937497301001
1258477185431744512
1258471135013830656
1258441761984335874
1258401584431747074
1258148460823486469
1258137002748370944
1258086130198679552
1257715137001259011
1257704598611075073
1257436367593889792
1257402346751102980
1257389794889543681
1257381487856553989
1256304357743759362
1256273891061837828
1255954318525706240
1255943046602149888
1255933303078752262
1255922001690181633
1255886869734330368
1255513374080864258
1255276967601090562
1255274370961981442
1255272421919199235
1255203613854576641
1255189393402462214
1255168704674963457
1254875736290320386
1254815512367947784
1254780014186266624
1253775291127865349
1253744660192866312
1253727358357561345
1253448911848722433
1253432474186641421
1253432472836075527
1253424772160950272
1253383634054262791
1253073817750114305
1253051099529064448
1253051098715303943
1253051097318653952
1252736952962633728
1252668834038845440
1252648026407088129
1252393806906810369
1252287981383286784
1252264445319020544
1251238049561882624
1250917925034360832
1250788194150428672
1250780477423865857
1250515818582093833
1250464267318460417
1250419495421779968
1250414131800428544
1250161148185456641
1250151823631056897
1250111425227509770
1250070887455481865
1250070886444662791
1249793638202322946
1249732615277510662
1248980536556650504
1248676218200821761
1248657734284820481
1248378366421389317
1247987073790943235
1247561528792023040
1247286485981843457
1246148223980523521
1246118098731765761
1246100223115628546
1246082436116762624
1245840607999709187
1245826412587757568
1245816961092771840
1245745607249182722
1245024810436112385
1244682896453120000
1244282878801989637
1243617057477996544
1243218244741279745
1243022326502952960
1242912944255533056
1242798649647812614
1242798648683003906
1242490701973241857
1242467492741525504
1242261632694341633
1242221877197778949
1242197638621134855
1242144697872723969
1242117301048094724
1242100143299727361
1242100063360385027
1241835674405347329
1241452713403170824
1241420092224741376
1241399054938013703
1241384023869607937
1241143189236580352
1241108707968245760
1240986506669494275
1240803167916433409
1240696734042316801
1240685268832784387
1240685267486298112
1240685266005667840
1240674902484623360
1240666676192034818
1240654622706057218
1240599568485691392
1240401468420694016
1240384417379553282
1240384297061810176
1240370473256587270
1240326823751438339
1240315638352052224
1240310537956864003
1240304482573049856
1240302816742211585
1240288419152105474
1240281827081891842
1240280641696120832
1240277063145336833
1240272154576420867
1240073886286467072
1240037086872457221
1240024989216247815
1239972626249863173
1239966683751567360
1239592420129603590
1239592418678276096
1239592416954527744
1239592415293472769
1239592413850750977
1239592411719962624
1238871101020803075
1238503080955650052
1238164582012792832
1238156370525945856
1238087012873371648
1238087011187253249
1238087009736036357
1238087007794081792
1237796433606172674
1237796432138113027
1237464974861230080
1237143962286202885
1235995243645984769
1235676785615892480
1235651010233843713
1235618480096866304
1235584230966640640
1235343273671168005
1235319596439261184
1235248671576535040
1235228543841255425
1234975706750148608
1234948044711514113
1234927180980858884
1234914243885117441
1234909882354192384
1234550362918526977
1233559005068505089
1233509644049448961
1233461304779792384
1233446123047616513
1233405722794373121
1233097346537398273
1233096060450504704
1233080031284514816
1232747620306739207
1232404831115128832
1231608825188319232
1230949505811517443
1230929157925855234
1230169738229243904
1229790629795913728
1228358801360859136
1228349988444557315
1228314467521441794
1228066448666505221
1227698033904799744
1227690171958800389
1227680911283687425
1227663199807459329
1226905477990227969
1225130810996678657
1225082600806547456
1224901384551718917
1224842644431548416
