1286056334027304960
1286030588672004096
1285975457461149696
1285636697573728257
1285626990414962694
1285318969746952198
1285264829473857537
1284528738525425665
1284476774185918465
1284344881117364225
1283814330518179842
1283467996611121154
1283113419407851528
1282801377757089793
1281312354567929856
1280963033829969922
1280653498410024960
1280175171521912832
1279399564366295041
1278740163234017280
1278715706457145344
1278439892717129729
1278397133905956866
1278336917877202945
1278071664945831938
1278043289174913024
1277732942836576257
1277688154053644295
1276945861499633665
1276604940451024899
1275836125882523648
1275836085596295168
1275835204876279808
1275826832408031233
1275521553787215872
1275470638552100864
1275154926289723395
1274731458352099328
1274050870485962752
1273682430797414401
1273626830600355848
1273336356715073537
1273283197753843712
1273283161984839681
1273243990566076419
1273080578682892291
1273061651630166016
1272904643207626759
1272621310812860418
1271121269539430405
1270760821560393734
1270740679149391872
1270402976218255368
1270402937475551232
1270402851492200449
1270137943089446914
1270104369099390982
1268996487750586368
1268996486878187522
1268996485930246144
1268641704493690880
1268641648357134348
1268557969102438401
1268557967651192838
1268557966199980036
1267901690621186053
1267872759079632899
1267846302341234693
1267632004067139584
1267613542775128067
1267593806477697031
1267582495547109377
1267572400666939392
1266412409947934721
1266035007312875520
1265669804536598529
1265453385999962117
1265292459178733568
1264889500746108930
1263938348772724736
1263904763302813696
1263877412657532932
1263604320848748546
1263531446347730945
1263491637122142208
1263221193655623681
1263181545143250944
1263145874206724100
1262865723795308552
1262845302681280512
1262478323604733953
1262472413561917447
1261404120952365057
1261385930180489217
1261371804133646337
1261361186148319232
1261344517808099328
1261317327766917120
1261291104336560129
1261054358571159553
1260949852302839810
1260949850889355264
1260949849727516673
1260560488439648258
1260289048817606656
1260289047274143744
1259951368510541830
1259897376438980615
1259454453809393664
1258872550194585602
1258872548718149633
1258547351746158595
1258506186472607744
1258473727844659208
1258454574333075460
1258443524871278593
1258402404858335232
1258141271496982528
1258082641615769600
1258072736540307456
1258072733637902336
1258072732794851332
1258035512717316097
1257745933934235650
1257413501330632709
1257394415351541760
1256324376812613633
1256324369866846208
1255624621518458883
1255518614058422273
1255234613024362500
1255166067892195328
1254855764721557504
1254830745639686144
1254830739939643397
1254139921209659393
1253723498796679172
1253723498087940099
1253723497274187777
1253351930744705026
1253113490606370818
1253038164400394240
1252999001131102209
1252738721062977540
1252704848497315840
1252676152864526337
1252301158632357888
1251584555183726592
1251583670818832384
1251550591643508738
1251246681783402498
1251169088208097280
1250901684349546496
1250886374577881088
1250868615013904385
1250802661890367497
1250784903802880000
1250591765662498826
1250591742212145152
1250466103488393217
1250166157014859777
1250111824575500288
1249763486156173313
1249294094163197953
1249111736122146818
1249058586761846786
1248960721825775621
1248660227018424321
1248383474941095936
1248267476032466947
1248267381182550017
1248042215676563462
1248042214984466433
1248042214263054342
1248042213533265931
1248042212753104896
1247987000105451521
1247934101941878784
1247582811768393729
1247551023922675712
1247550719781109760
1247244542170054657
1247208728861999104
1246530849304174595
1246190527453806595
1246162846880354306
1246159275141013507
1246081323489525760
1246081061601370114
1245827910331752453
1245778381419024385
1245404302090350592
1245375813551357954
1245347398513295360
1245070004439187456
1245043052416303110
1244697184186126336
1244648837274382338
1243954556389769216
1243674210712641541
1243637711703019527
1243628065713946624
1243588315389087753
1243583388931502080
1243559620880273409
1243226339769024517
1243032581576286208
1242886553988468738
1242690673800855552
1242546639736365057
1242179066024857601
1242158911748268034
1241929925923397634
1241890195676573696
1241753730921291777
1241538134699057157
1241495687012978695
1241460610078052354
1241447662328709120
1241439165117579265
1241411416818700292
1241169962183655425
1241154878753341440
1241138905044393985
1241123597416108032
1241117877173968897
1241101073160581124
1241085934034190336
1241075595188088832
1241061388178644992
1241038185200783361
1240817876879245312
1240754803044757505
1240754742428565507
1240746871309688834
1240743971082682376
1240739071120506882
1240723320879841281
1240694309789130754
1240684597622562817
1240384001954787332
1240309847616356353
1240306183103229953
1240300867213017090
1240295110828589056
1240020462022918147
1239995412230082563
1239974248547889156
1239963712066211842
1239942135056683008
1239932188969369603
1239684389522542594
1239663307356811265
1239661376425144320
1239377620346822657
1238691217711513600
1238231958129442818
1238152886980395009
1238113288975761411
1238113287063117824
1238113285586763777
1237872870920835073
1237854398505578503
1237804450418491396
1237756436354150404
1237485225791406081
1237444334506643460
1237398868486225920
1237391198328745984
1237142095023964160
1237130170101891072
1237112823009992704
1236061134429597696
1236033246271594497
1235993596756664320
1235960032312913932
1235769901677260800
1235700184698548226
1235658873543028736
1235626781333434368
1235602221775101954
1235273573679456260
1235250853533143041
1235233746607013888
1234962709462102016
1234867406310453248
1234850117670391811
1234849795161886720
1234848739635974145
1234847668788236289
1234847323441811458
1234631774338199552
1234615939548766208
1234587244524179458
1234587243068698625
1233523455028580354
1233424237999902720
1233061501231038470
1232776451516194816
1232690393155850241
1232445557257326592
1232360726087553030
1231973895701434371
1230928411469713409
1230593711295418368
1230211043651203073
1229779080268009473
1229450544168787977
1228430198229622784
1228396391300501504
1228361025805848577
1228077549898608647
1228056358739726336
1228017203464867842
1227987563086041095
1227740420966404097
1227647476238299136
1227623272604471296
1227356687834718208
1227293486501724160
1227269600498397192
1226989542244311042
1226881708148056064
1225237473439166464
1225191557491560448
1225162561760497665
1224898906766675968
1224801115407110151
1224766629520855042
1224758362170064902
1224730691193266176
1224693801287147528
