1286047445068152832
1285956639636492295
1285950977951051782
1285687978380189696
1285647123313295361
1285325439741972481
1285214172662452224
1285209726440083457
1283462201576239104
1283045521708523520
1282740740263759872
1281625474846863360
1281224666342883330
1280908842134646790
1280885561377652738
1280860344492138496
1280657373183516673
1280571335350063104
1280495727001710592
1280494634905583616
1280490982379859969
1280490724199403525
1280145328482717696
1280145263252983809
1280129247756124163
1279490513427628032
1278750434379927554
1278716335258820608
1278716309568700417
1278683860105134080
1278681706518720514
1278345807712915456
1278345403134431232
1278344326851018752
1278071477984788480
1278054240141877248
1278003567748624384
1278003533959188480
1277974955938869248
1277974882089750528
1277755562038562817
1276614708288782336
1276613216622317568
1276336584158298113
1276334650819043328
1276325234703040512
1276259044479635462
1276196355501895680
1276166898594598919
1276166850565603328
1276148722196459522
1276135597980221440
1275889352174944256
1275885676555272193
1275884203134115842
1275866351807143949
1275814820860878848
1275796555010899968
1275767623142248451
1275762145075101698
1275751339209916418
1275576870839476225
1275554941944369154
1275541883813576705
1275511088130424833
1275508412671864832
1275477875899215872
1275438898139676674
1275407057513066498
1275398877231923200
1275383776688967680
1274845796815507465
1273693021566128128
1273324067542745088
1273281769534619650
1273278917227548673
1273014061169610756
1273004870539321350
1272984209142026254
1272943455585648642
1272943454583209991
1272943453601751054
1272943452498595846
1272568976841871362
1272568940959543298
1272280938555363328
1271540179652816902
1271072845989318657
1270884855174307840
1270811142177337345
1270792899761000448
1270786876450971653
1270555154983649280
1270554956848906244
1270554345126363136
1270354803428909061
1268946626955153409
1268943150120345607
1268909570556133377
1268626880409636864
1268624114199085056
1268619624435773440
1268541382681153543
1268535218480218113
1268532485593411591
1268279534077476865
1268191812386258944
1268169044710100993
1268168627364265984
1267902778925604867
1266484256995500032
1266132997855682563
1265997884224307201
1265657424893091840
1265427502639517699
1265368264969990147
1265351619119656961
1265349794949668864
1265333394675765251
1265324786919649281
1264881397875052547
1264672765325475849
1264215140725030918
1263920984542842884
1263917403425189889
1263563965784829952
1263468426263252992
1263171537399623680
1263171495167213570
1263110450952232961
1263108537292554240
1262900793683980291
1262878087949234176
1262877614718451718
1262877563355041797
1262871924268556290
1262862676377710592
1262862078416748545
1262763100182327296
1262759067996401666
1262732985297666048
1262726697008455680
1262375132691128321
1261845854610010112
1261844554933653504
1261843945090236416
1261838828320546816
1261457903648555011
1261319731463757825
1260979046193774593
1260960531558645760
1260925308859027456
1260748994793398273
1260647733385236480
1260647120937250816
1260630958287523841
1260614074204913665
1260541149607006211
1260536844019806209
1260535219251228672
1260535144001257472
1260352892906717191
1260297564190113792
1260282879529148417
1260282833681240067
1260279671100506117
1260206201163390981
1260206169836183553
1260205687952596993
1259857213730041857
1259825683662016513
1258849648246218756
1258841084765093890
1258841053945303045
1258832430200479744
1258794739014553600
1258794661398937602
1258790976065282055
1258058253973495808
1258057831187693568
1258022363989520384
1257786539561627648
1257708470071111682
1257700612483022850
1257431076064067587
1257428000217407497
1257408759120437248
1257331842933567494
1257316306161774592
1257314734858137600
1257312756857860096
1257295205562277888
1256672377439752192
1256598643840299009
1256590990124728322
1256351727290388481
1256351686853001216
1256336390687608832
1256335387871469568
1255997969456861186
1255997863479345154
1255997841346121728
1255997422880411651
1255997176494395392
1255995871973572610
1255995798275395585
1255980470619291648
1255961664488341513
1255961334862184455
1255961081085902849
1255958535587889161
1255956574104846347
1255954480400609280
1255918946982789120
1255912162293428231
1255909149394731010
1255882764219551744
1255867829229928449
1255849916833959936
1255848122317758466
1255607396472426498
1255601020891250688
1255268661029416961
1254773336518737927
1253888834905034753
1253791466851307528
1253759720806060033
1253758496753008649
1253753839297101832
1253753826118696960
1253751767055155200
1253727901343678464
1253385674381721600
1253360917666029568
1253329563142090752
1253322791497039873
1252992847965552642
1252636695134175234
1252573151046836225
1252572061106614272
1252571233557925888
1251339042312146944
1251338993083527171
1250945513626775553
1250927286913847301
1250866048938708992
1250855284639227904
1250852903939641348
1250852885124001794
1250816965339471873
1250809433577459714
1250806835080241152
1250806376538025984
1250793902443028481
1250550011298971654
1250529724432089092
1250485780268621825
1250442607441973248
1250436034694799373
1250429249560797186
1250396808553082880
1249843045320835077
1249778428263489536
1249681933791105025
1249389469964402689
1248616085957382147
1248413188091031555
1248291921434419201
1248291733399617536
1248270648364990467
1248054519918968834
1248054486561677319
1248005075974246400
1247954363227811840
1247870623331778560
1247870013886869505
1247630423276040193
1247595184252170245
1247595182024986631
1247569447969337345
1247552493996904451
1247333631334461441
1247157641312419840
1245727716831367169
1245373330921791488
1245009305952309248
1244992050916929539
1244986785547116545
1244675411830857728
1244675355555889152
1244657463615504385
1244646307387658240
1244607840507121664
1243617884506644480
1243593203586039808
1243541944489447430
1242897501155360781
1242857200445468674
1242857199677968384
1242857198935584772
1242857198151237634
1242850687026892805
1242555552305221634
1242545918534189058
1242529711370240001
1242496393627021313
1242464086153027586
1242459678900092928
1242459384497737728
1242457743283421184
1242414121238355968
1242285695156260866
1242274231813054464
1242205591185100801
1242202429430607872
1242166877415235590
1242164884667871236
1242153095305539586
1242148548331868165
1242096350185037824
1242092943374196736
1242089045100056583
1242088612029743105
1242087979461509120
1242086012857257984
1242084733460283393
1242080798590861313
1242075650627862536
1241883537168576514
1241883480801398787
1241883235942109185
1241878711449858053
1241746512968847361
1241366831975337984
1241359861868355585
1241348982577729536
1241031745249648640
1241028353039228929
1240995343468318721
1240989931541008384
1240646527892283392
1240643938819739654
1240345464370868228
1240345462433107969
1240345459555733504
1240001970938798080
1240001941947760640
1239966741746204672
1239754520843952128
1239752681859792896
1239734628681945089
1238561198876102663
1238496214867419137
1238496062463250434
1238173288578375680
1238173287089389573
1238104698793705474
1237852892402335746
1237730276249387014
1237517763196776448
1237517564424515584
1237470198099312640
1237464579309023233
1237075848332804102
1236115084755300352
1236056048789852160
1236023927769640961
1236023887349141504
1235995017707163648
1235668983082348560
1235656485927038976
1235640273042014208
1235639221991464961
1235637501760606208
1235637451181432834
1235637420319821827
1235608044249190407
1235608042781237248
1235608041686552576
1235605676631691264
1235587669587001351
1235580788172673030
1235574202587140097
1235573913389805568
1235573780187136000
1235361855889117184
1235286552747573248
1235285907185561601
1235198154099879936
1235197700435566593
1234975743546773504
1234848796779196417
1234843049781596162
1234546472449925128
1234535120188694535
1234534476451139585
1234531824304566272
1233493289887768577
1233398717950177281
1233397854523330561
1233392884373688320
1233093504248766465
1233066502246555648
1233065148249772032
1233052620115279872
1233049161198641158
1232803897464573953
1232747067040321541
1232732952548777985
1232705397519265792
1232665756481007618
1232432070443454465
1232428262434930690
1232425672410378242
1232391259282706432
1232347512910045185
1232346204194955264
1232305060048183302
1231983177662595073
1230692701034684416
1230614797969952768
1230503086692671489
1230502411674038273
1230243755757842440
1230131082928017409
1230120722086973440
1229997895358832640
1229997703591088128
1229784618699804674
1228819208651366400
1227368751642939393
1227366425117044737
1227290850905993216
1226302322445340673
1226301617487650818
1225475654721921024
1225463992321265668
1225422461656870913
1225217929819643911
1225208125617250305
1225190010921590792
1225179648709054469
1225168257512022017
1225115929857732614
1225088952933265410
1225074965067812865
1225059511557332992
1224912299238006785
1224890864922714113
1224880832403398657
1224852977850208258
1224840819250810880
1224776510227263488
1224703865511186436
1224694000910839809
1224693106639101952
1224367097863659521
1224345680640122881
1224340369665593345
1223638565206228994
1223483479154884610
1223482498610536449
1223438876569669632
