1286062377952325632
1286062287351173123
1286062284981379072
1286046889394286599
1285939078740029440
1285688501275701248
1285652046302019584
1285630451340713985
1285312815037808647
1285261558562660354
1285012295169581058
1284834078991224833
1284514703000174592
1284514491795939329
1284460933075673089
1284460932287148033
1284460931511189504
1284224750781444096
1284206331793203200
1283855586438848518
1283495072789671937
1283437890786201602
1283437763195527170
1283437365508399105
1283106235940851713
1283101330521849862
1282794820013096964
1282758298119405568
1282676239430492165
1282676228059734016
1282676076624347136
1281684651464167424
1281680396091101186
1281589348870361089
1281332074893512704
1281324266605215744
1281273736684068865
1281253256358965250
1281034113240178690
1280921387314679808
1280920964818223104
1280884484913709058
1280555006014427137
1280508261414965249
1280508115750879233
1280506113952268291
1280245134219554816
1280172724976041984
1280148936209174530
1280131396619702273
1279784598616961028
1279377667318591495
1279127267390697473
1279073398975594497
1279002948245221376
1278799104991207428
1278773231856607234
1278366650572525569
1278102995549523973
1278068356000747521
1278015684170207234
1277964589271900162
1277731068951457792
1277702036432261121
1277701851736088589
1277655829534199811
1277629187365502978
1277595105269080065
1277580073936224257
1277353076672757760
1277271581245521921
1277246599283032066
1276650254700384256
1276603271298248705
1276601674895892482
1276595811657318401
1276595250556014594
1276572267942723585
1276572163999440896
1276555222010277888
1276515264058798080
1276246916158885888
1276241933246050306
1276233007138066432
1276218855967395842
1276218789638615043
1276208987357229056
1276164340664713216
1276154582842904579
1276151310589603841
1276148458756472832
1276127321657937920
1276094700404031489
1276094539132997632
1275942895523110912
1275942750370791424
1275912878160216067
1275902320413474816
1275902194005553153
1275902144802164737
1275899793466953728
1275897705966043136
1275885726996013059
1275884089363611651
1275883774040059904
1275883667114557440
1275883602031583232
1275878965681545218
1275872487138615302
1275872326169608193
1275872289859526656
1275872108627853313
1275867484558671874
1275865572090273797
1275864208505221121
1275864124006817794
1275864101370179584
1275859876372189186
1275859082113617921
1275855105317900290
1275855044550721537
1275854994483425285
1275853656907186180
1275853545955373057
1275853529601708033
1275849794100105217
1275849621248638981
1275849491434934272
1275849469951709184
1275846452108038145
1275844819500388352
1275844793789222915
1275844767755251715
1275844709953474560
1275844646363684864
1275844614658953223
1275844327286210561
1275844234332065793
1275844187238391809
1275844170108764160
1275839868850094084
1275838877127901186
1275836973735981061
1275836578892591104
1275835839344492546
1275825939948150784
1275821000014389250
1275814982920347648
1275784469086117890
1275548246870499334
1275547889239023617
1275543869107642371
1275507672985612291
1275506000590704641
1275505094423953409
1275491563477643265
1275429065995026432
1275200953961111555
1275113471819071495
1275098894540603393
1275094737696051200
1274831615567462403
1274746066517266432
1274405176640708615
1274348649821028357
1274042946430668800
1273964115380391938
1273732365932802048
1273732308017831944
1273718692724060162
1273673216205246467
1273658109500821506
1273622223253843970
1273601806518628352
1273384612627132418
1273380374941511686
1273378872487284737
1273355567529185281
1273342531347062792
1273329781145206784
1273329575569784834
1273322053177872386
1273315971780968449
1273314267740155904
1273310741932670976
1273310677701099520
1273310513255133184
1273310471379136517
1273310431604596736
1273310417088139266
1273306301452496897
1273306296234672128
1273306078340698118
1273305626131738627
1273305437379665920
1273305428903034886
1273305421181267969
1273305389128433664
1273283190044721155
1273261930975842305
1273253695204003841
1273249832266870784
1273244418791833607
1273243648390504450
1273241892155785221
1273213740129890306
1273092178827493377
1273073325779156993
1273066649885782017
1273060429359656967
1272982899747368964
1272965312313544707
1272871414056587265
1272668541578338305
1272295752904118272
1272194586174201858
1272192069478612993
1272188512322949123
1272146156395601923
1272106509380358144
1271925315019784192
1271890240953868288
1271848583340441601
1271821510114713600
1271604822115041280
1271560033281728519
1271533387874996224
1271515255726903297
1271197462481469442
1271079085284999168
1270721293025808393
1270721290018541570
1270425059803516930
1270424734187077634
1270424410965643269
1270423565704269825
1270422545318191109
1270120923430035456
1270071003889184770
1269694950977024002
1269202369738240001
1269036897042665472
1269022538987966466
1269017288189059073
1269012995042131978
1269006621872656384
1269006621092581377
1268648457184649218
1268636389861658625
1268349349324640256
1268349292189814786
1268319225166233600
1268255185450778624
1268255181998825472
1268255175669579778
1268004193761140737
1267614072792657921
1267613984464736256
1267601476945403906
1267586366180921345
1267537216982716416
1267534115068395520
1267534045774327809
1267238660996554759
1267174076830945280
1267072414967574528
1266928518727958528
1266869629923852288
1266851545905274880
1266743704456515592
1266165355988254731
1266069244556517380
1266068809359769600
1266014807683215360
1266014680465707011
1266009720969715713
1265814381167861761
1265745766120898561
1265733811641503746
1265727648388521985
1265717579546583043
1265717578741223426
1265705166281543680
1265703245932085248
1265408129572970497
1265389030469967873
1265360403632132098
1265285757096333312
1264924726708879361
1264702292281962496
1264198023963381760
1263966427788324870
1263860023375155201
1263833286503211008
1263525401231581185
1263521715029762055
1263521713968549892
1263510440275034112
1263467088208900097
1263249499528585221
1263217329833422850
1263117175142973440
1262892054473998342
1262872104409731072
1262818172018843651
1262815256344170496
1262783564900335619
1262755310764044289
1262744275722240003
1262453617975611393
1262382537906827273
1261384025781895168
1261372400345776128
1261345685300887552
1261297756020359170
1261035400325484550
1260932309454217216
1260912165101473799
1260715302213615616
1260684178846355465
1260664456532635649
1260638680273870848
1260329324789600262
1260322729640812544
1260320503509680130
1260310776176422915
1260281193175621634
1260247540253044736
1260241464237469696
1260234186675322881
1260233924938268672
1260219724497129474
1259962180386140169
1259961375926992897
1259948102888366080
1259911846703902720
1259911699852820480
1259906738112864256
1259872971168120832
1259837633624190977
1259589635052916737
1259589581214830592
1259492700224737282
1259492697951387648
1259492688841396226
1259288868920209408
1259286444599885825
1259181017170141184
1259181013986672640
1259138812053200896
1258861613408452609
1258856730055847936
1258812853869559809
1258779569814986753
1258494651700523011
1258457570064437248
1258454155829657600
1258454155070509060
1258454154298753032
1258442308925652992
1258411998360088579
1258350334956785670
1258192429477507072
1258136547456700416
1258131821310738432
1258131565902774273
1258131028650135554
1258127848344338438
1258127468592009218
1258127466599714817
1258123697782689792
1258106345275998208
1258090686521454592
1258085355384967168
1258079353885405186
1258074741568679937
1257760501553147908
1257752810013241344
1257751915548508161
1257751914122534912
1257741963379564550
1257698038426017793
1257652253709737985
1257416819926872065
1257416483287818240
1257401776208326666
1257346605310713862
1257346604396417025
1257345101686341633
1256320073893019649
1256319735404191744
1256258404227694593
1256243884235067392
1256045852503814147
1255955398542098437
1255954094143016960
1255951272840237057
1255888017681760259
1255598941971853312
1255588014652305410
1255547437244129282
1255535796033028097
1255524504740167680
1254875608905121794
1254875548859486209
1254830339249274883
1254829220817240064
1254829151124623360
1254796171287179266
1254569848732073989
1254569713969041413
1254516125515288576
1254515795423608838
1254436513737252866
1254419851533262849
1254195466381688833
1254181861171093504
1253784034733445120
1253777549492211717
1253769124880306177
1253747126800191490
1253692154435842052
1253451780412801027
1253439217931345921
1253438090309492736
1253436467172405251
1253431895318126593
1253427685621030912
1253423063288279042
1253400204314849284
1253361180413964288
1253333634569785344
1253331787628941316
1253070919288881153
1253070749562257410
1253068235467034628
1253068234733076481
1253068233835515907
1253061172917608452
1252989263991488514
1252758185494155266
1252714517869494272
1252714516565176321
1252706841164943360
1252706787163344897
1252706474234712066
1252652992265928712
1252652958229180416
1252652885957054466
1252652684093636613
1252633887609622529
1252304965743206400
1252302771589648386
1252272374889799686
1252008107569528836
1251848565175042048
1251645846728433665
1251568546079035405
1251568437211602946
1251222941297266689
1251175750742540291
1251175646954434562
1251175260667461638
1251175197392191488
1251165544801320967
1250875324826562560
1250873302643548160
1250854169201827842
1250854167796686855
1250854166219689984
1250828916174073856
1250779625627713537
1250472981555445760
1250455777967575041
1250446166514335744
1250240496703885312
1250155602912972802
1250133218650656769
1250127184783724544
1250081002799738880
1250061635181518848
1249844742873104385
1249798932076605444
1249791542425985024
1249783208331403265
1249760932177358849
1249757089234329601
1249753099847245834
1249737495736131585
1249725986616287232
1249722316097048581
1249720633036062725
1249708622470397955
1249703474197139456
1249702912575635456
1249700227700985856
1249672264133554176
1249672202531876866
1249667457654165504
1249667365924724739
1249666780529909760
1249384089821548544
1249326055829262336
1249091399078854656
1249091345144336384
1249008350530019330
1248980681021153280
1248716489630404608
1248716243043000320
1248675157012611072
1248674179852972033
1248670987605946373
1248655285616619522
1248654563030315010
1248654244930084865
1248429751972200450
1248399066909691904
1248350916211769347
1248349342928437248
1248348389189791744
1248339577741479938
1248287942503739393
1248287886966960131
1248287687695634432
1248273381704728578
1248257971374653440
1248238311598182402
1248043508096786432
1248036939976052737
1248008497666486273
1247990994630516737
1247957158404263942
1247919472125652993
1247897813104521218
1247897531004022791
1247881174590132224
1247874695745220609
1247710668465278978
1247675518524116993
1247635920972656651
1247630673650868237
1247628025795051523
1247605221079072770
1247557068430741504
1247550462695477253
1247266451335118853
1247234852132401160
1247232538529144836
1247228785805660160
1247217820099846149
1247198402942832641
1247198339873026048
1247165734188269574
1247159377129324544
1246910951762399232
1246910904547135495
1246910864348848131
1246600530450960384
1246600154028879873
1246241778707173376
1246203834483068933
1246192974519775235
1246192443072053252
1246180712371367937
1246179312753152001
1246179111984381953
1246178990731059205
1246178692453326850
1246176980170612737
1246168587750039552
1246159672966512642
1246159113484206080
1246157174419664896
1246153110214582272
1246152698631786496
1246142354144231424
1246126463620976641
1246112967369854978
1246086573592064001
1246086454536802307
1246085851739815939
1245835204297711617
1245834286395199494
1245827585134612481
1245820515958259715
1245808259740717058
1245806514025218053
1245797739243470851
1245796962055720962
1245796935660974080
1245712077588742146
1245712076837920774
1245707806323458049
1245512359671668737
1245476511270002688
1245462108046835713
1245457443670364161
1245457442684747776
1245450165999284224
1245442984377753600
1245430705804410883
1245430109001129984
1245426157438279681
1245361805045760000
1245340569725009920
1245185537595650053
1245123299740393473
1245105297250750473
1245094226116796416
1245086687149142017
1245086596141121538
1245086449361399811
1245066801379147780
1245066799403720706
1245066797918937088
1245066780797734913
1245058462771339264
1245045408902057984
1245043606316027905
1245026892413050881
1245025273818615810
1245023027185713162
1245017173455704064
1245017152333189120
1244799039692029952
1244795487695392768
1244703552552960000
1244694922999091202
1244687398711234561
1244661723073785856
1244653719335174148
1244441469341089798
1244441353569918976
1244305588596719618
1243993925938970626
1243936316745801729
1243651599140077583
1243649334308229120
1243637767927709698
1243637477128261636
1243636732513390593
1243636708656242688
1243636596471103491
1243624837815373826
1243595240730132486
1243579257164570626
1243566386896658432
1243548934242553860
1243289431441842183
1243286824677707782
1243286502349713413
1243282587625369604
1243272082403856385
1243271311931179009
1243271275516215303
1243020001268858880
1242985618445086728
1242978199845384201
1242961562954076162
1242840551692685313
1242622118132678660
1242622030584872963
1242529640889102336
1242529244833611777
1242519843498348549
1242501591971790849
1242501038780841989
1242496829155147779
1242471380328894464
1242468803558203396
1242457799768117256
1242453650036981761
1242451973938569217
1242451601828319233
1242451509314572290
1242451493065760770
1242451346466451456
1242451141121761281
1242199473482235904
1242198133997789185
1242196292341817349
1242196140835115010
1242127939703115778
1242121584330059777
1241866425230376962
1241821175610847235
1241821174037872642
1241821172511244289
1241821171072618497
1241821169193451523
1241142517044850698
1241123561496104962
1241122950864162816
1241122319218737152
1241094071986380803
1241081112765648897
1241041295516356618
1241028583855923201
1241007211226284032
1240765486985629698
1240739739407454210
1240738446114721792
1240735781024600064
1240728808229134338
1240728777564577792
1240728612174733313
1240725209981861895
1240429717737652225
1240384337457094659
1240042379748524033
1239951720773533698
1239653122328461312
1239648372631445509
1239644723201146882
1239644722018357249
1239644721028399104
1239611466010984449
1239293057591324677
1238862477955338241
1238547548312395779
1238492154093342720
1238492152533041156
1238492151069192193
1238492149592842240
1238449488185999362
1238156010902224900
1238135037180227585
1237764544224772103
1237763232393240587
1237507688960942081
1237457833735655430
1237384113864179713
1237381140668874753
1237125101818175489
1237114121734311937
1237090912251121666
1236730574980644866
1236056244647010308
1235676029844213760
1235649488661942277
1235583773024149510
1235412585542909955
1235332881024770052
1235220308140920832
1234964725043286019
1234945715538931712
1234892682268422144
1234884788147847169
1234858717679702017
1234852164482338818
1234644146498961410
1234126149678174210
1233879219245125638
1233868431352647685
1233775725746020354
1233454853478854663
1233144957625675786
1233144947177598977
1233144942823976971
1233122992240177154
1233058777206837250
1233029582544134146
1232737633136205824
1232637170902601734
1232419974284791808
1232403840160407553
1232336083129597953
1232068985685975045
1232037860020293632
1231926374409084928
1231752867058458626
1230892589513105409
1230609437653688340
1230162341674782720
1229873390829342721
1229871841835192321
1228412785798918145
1228019055342342145
1227641875680628737
1227622758563143682
1227350393220468736
1227330391104802819
1227325033627951108
1227313826615513089
1227260663770361856
1227260660855296000
1226960170531663873
1226959953157672966
1226927835253788672
1226880252405788677
1226879117330698242
1226868627103768577
1226682357001990144
1226635142690693120
1226526635643604992
1226513482868305920
1226267030388715520
1226222080087265281
1226213396984586243
1225970377349910528
1225838948917923840
1225790353019674625
1225467989815853059
1225467844567207938
1225467746957299713
1225467381000081408
1225454081910693888
1225454027267346433
1225453737654792193
1225453617429274626
1225427185672097793
1225392770900254720
1225173256673681415
1225152126810312705
1225105581788319744
1225087065211199488
1225057151955148801
1224898481317404673
1224889161053868032
1224887210811457537
1224886143050752002
1224883120425635841
1224883119351914499
1224883117112090624
1224881886801092608
1224881735361531905
1224848754395754498
1224783744118247424
1224783743115767809
1224699914078302208
1224699907459702788
1224699905953976320
1224699904523755520
1224699903047360518
