1286035143375892481
1286018566467334144
1285986225195831296
1285929193692372994
1285681771586224128
1285677532646445058
1285611850533687297
1285586579604402176
1285562824039825409
1285299437389017088
1285264264031346688
1284504286811099136
1284217794209423365
1284195327659200513
1284163324628930568
1283835724433956864
1283785964599627777
1283501087626940417
1283490769496612864
1283478673597792256
1283467531630579716
1283466775120748546
1283431047779287040
1283401099500826624
1283135629098975232
1283115644246986755
1283059330846203904
1283058479935225857
1282772587425214464
1282759087042830336
1282740459362754562
1282707376093765633
1281630121678569472
1281622368574676992
1281345751910621184
1281344814341132288
1281310454044917760
1281227075341504513
1280981988623577088
1280977621636038665
1280976892078755845
1280952292930453505
1280918801723375617
1280884398691418117
1280537771204128769
1280250808425238531
1280223284337000453
1279414430560849922
1278780537151381511
1278710120709525507
1278709006392066048
1278451019035414528
1278450759554785286
1278384716614426629
1278089898214535168
1278089897203695616
1278089896218046464
1278081506406289411
1278057119762337793
1278040355451985921
1277989690466066433
1277649206229024769
1276652705474318336
1276570896120111104
1276252783184928770
1276240929976958976
1276201969204543488
1275883876527812608
1275883597644382216
1275852183167217664
1275850846845251585
1275850350944231425
1275849293648343045
1275847374716440578
1275847352180527107
1275847343104036866
1275847233087385608
1275847023573569537
1275826807137357824
1275826803505074181
1275794147312533504
1275790503452311552
1275768074839437312
1275541216155832320
1275447772502790144
1275194778137788416
1275191103361363973
1275190680256688133
1275190626796163073
1275145782409064448
1275132633538854916
1274811299646636034
1274047137710592000
1274042764318117889
1273742023728730113
1273741384684625920
1273738752649834497
1273734734653214721
1273672051308535813
1273376381372715010
1273352034016731138
1273352032452304897
1273349285162168321
1273318570995470336
1273318569988800512
1273318568998965249
1273302775405981699
1273002905801457665
1272956353854746624
1272947039962378240
1272932009917263879
1272931276991926274
1272931275997884418
1272911015093719046
1272665495225933824
1272665407934119938
1272659913488072704
1272652928172556289
1272623821175115777
1272553407153307648
1272553282024747011
1272541106568339459
1272248355679330304
1271844169301078023
1271493006978408448
1271493004575100930
1271493003119640576
1271489563639328769
1271122994925047808
1271122993964560390
1271122992953786368
1271122991959638017
1270835009742659585
1270835008270467073
1270777421843910656
1270777378676117505
1270453556903055360
1270447289925017602
1270436272184741889
1270099587282452486
1270080537118588931
1270080182959747073
1270007297272688640
1269752089225367552
1269751429465550848
1269744255238635523
1269739481546076162
1269287257715900416
1269287257032331270
1269267886427824134
1268933857409187840
1268917615264751619
1268650646913396737
1268615493042102279
1268285075730333708
1268272943777353728
1268272942905004032
1267926613213286400
1267890008066854913
1267890007055962113
1267890006078742531
1267890005084602370
1267890003738124289
1266815931734544386
1266815870791286785
1266805222166466561
1266800626916302848
1266800580485357568
1266489791799070720
1266368710203240452
1266093856220684289
1266069538485010432
1266033909667684353
1266015366221910016
1265748570881380352
1265405518715260932
1265308687670878210
1265305901734510592
1264966985588318213
1263937064585826304
1263926749630468096
1263923771280429057
1263599227663536128
1263572812712853517
1263572468935114765
1263568499127042050
1263216862776766466
1263211759185408016
1263146183352090625
1263103068415148032
1262941748055150592
1262863958693871619
1262834307305017347
1262832560624803841
1262824605045207046
1262803968050298880
1262749962271506432
1262448054390722560
1262448053358911488
1262448052327141377
1262447756360245248
1262412802632941568
1262403945764446213
1261691085325242370
1261665960571932672
1261394151129710593
1261393765127741440
1261374789760909312
1261034301895987200
1261034301044543499
1261034300193062913
1261019016585494529
1261019015595655169
1261019014794481666
1260982462089498632
1260684863113494531
1260604518548549632
1260590667740430342
1260571114167840772
1260345306903953408
1260329922272296961
1260306855022276608
1260306803491045379
1259876791826763777
1259869910307680259
1259862301223653377
1259860740187488259
1259490237421682688
1259206756032409600
1258871646116622342
1258833280469737472
1258540538929639425
1258530290827317248
1258525369801469952
1258516789249445890
1258487756927401995
1258487731669348352
1258487706063175680
1258487685569708032
1258411833574273026
1258411267045445632
1258411143833452546
1258411027638738946
1258198984746770433
1258157819137871878
1258136753950658563
1258101835270946816
1257772799269105664
1257737127804141571
1257711905956913153
1257711682882809857
1257711514754088962
1257711303512244227
1257704344272732161
1257665767061020673
1257665749252005888
1257665738917240832
1257372000579981326
1257370746877284353
1256346356073009154
1256346355355828227
1256340006999920642
1256332188120801280
1256288583272542209
1256223419990970376
1255972546316578822
1255972545544716295
1255954412146655234
1255954403162554368
1255954313626693632
1255645152586223619
1255580945857511428
1255559889251979264
1255557963659579392
1255552430932180998
1255183165334921218
1255182553788661760
1254862348642168835
1254837967828418561
1254836199677624320
1254791151456006144
1254791119029727245
1254791055679111168
1254562864393793536
1254082606225862661
1253798835916353536
1253769371387924480
1253746039862984705
1253465378275168256
1253448580553158664
1253433487891161094
1253405658201886720
1253395783598182401
1253042483057119235
1253041774437818369
1252976453601226754
1252961102461165570
1252729145353699329
1252721756839776256
1252711508418744321
1252656508497727490
1252653057848029185
1252637784961101824
1252635550969929730
1252361539945807873
1252359372820246535
1252297507981402112
1252275497016459275
1251913107871588352
1251588084053016577
1251301060859363330
1251243300683644931
1251235984538079233
1251190617096495104
1251167410566172672
1250838592454381568
1250838591502237698
1250803870583984128
1250555626578722816
1250522369141215232
1250511843514290179
1250495580704473095
1250472156376510465
1250472061211938816
1250471963136602113
1250208446126919681
1250177452942426120
1250127294221385730
1250124583686062080
1250057720834621440
1249821908889227265
1249821073320939522
1249792380187881472
1249776902455414785
1249703134366236674
1249699304614363136
1249695271337984001
1249395915447771136
1249393907991040002
1249393650708201478
1249355082493239298
1248664739124785154
1248651706079969280
1248367835790876672
1248367606677098501
1248286801854214145
1248282475668873216
1248282438524116992
1248282368009539584
1248281459183570945
1248075660364591104
1248052759519207425
1248007461057019904
1248002428017864706
1247919953241612288
1247903494490578948
1247896460286291969
1247647154358964226
1247646902717472770
1247646450806337538
1247646426823262208
1247646385136173063
1247646354144481285
1247570851681140737
1247278407005556739
1247253643637776384
1247252787588730881
1247247704649957376
1247245208510763010
1247231260352798724
1247221390182428672
1247212106723799040
1247134242368376833
1246200092828327942
1246194831539519489
1246192806005280769
1246189230214098944
1246177209003499526
1246156528899538945
1246139805592944644
1246135823168348161
1246125424121237504
1245809230701047816
1245807412759670786
1245795448998240256
1245760058421645315
1245475495879327746
1245467098010333193
1245441386863906827
1245434972028223494
1245432036032221184
1245430539386945537
1245430362001608704
1245089700077088773
1245029620275085317
1245017488238280705
1245017419246112768
1245016720214908929
1245016693891571713
1244991337272877056
1244765152517533699
1244752513544396806
1244751551568252928
1244732878107312129
1244730367350722560
1244724083226533891
1244723886614347776
1244704194973577217
1244654009262190599
1244621399337111553
1243639354532212736
1243637949092241410
1243570783101878273
1243568049992728578
1243303705966972930
1243290846079979523
1243286608180322309
1243262569009348616
1243262422623965185
1243256465365835777
1243256208393408513
1243255973285855232
1243255830771892224
1243239904173318145
1243239775781498881
1243235652386381824
1243204206133198848
1243199819327340546
1243167612005122050
1243167611082485760
1243167610071646209
1242923636010483719
1242923547317714948
1242572430205427719
1242572429215621120
1242572217029967875
1242528281922015233
1242528273827074048
1242515127146086406
1242513961259544577
1242486849911824385
1242448776192761856
1242448692457680897
1242211294620590088
1242199519019905025
1242199246381735937
1242149779901001728
1242123894489743365
1242123807000797185
1242123705263800335
1242123499411582979
1242121947011481600
1242118955466096640
1241903745195282434
1241403845219139593
1241104594693951488
1241099994503020544
1241099699265863683
1241099039929782276
1241098804415225856
1241098605915758603
1241097966280159240
1241097695323881473
1241095674160197632
1241050717793800195
1241010169301041152
1240772176128720898
1240754121306787840
1240727734529163268
1240672712248496128
1240403851875934211
1240380098936791042
1240380002572607490
1240379206858661893
1240375617746620417
1240311544296230912
1239994319387398144
1239991139672961026
1239989477000597507
1239942729733414912
1239925810661920770
1239925747831185413
1239925735005052928
1239925718403944450
1239925707477745667
1239925685835235328
1239925579597692928
1239914887549255682
1239914885905072131
1239914012877434883
1239672026836713472
1239671033432625157
1239669618559639556
1239669548174974976
1239669443204087811
1239669367819898880
1239669206058184707
1239669090660253696
1239668879728795655
1239668796522205192
1239668637872644101
1239668439939153922
1239597432788398080
1239220559508115461
1238584817056448513
1238577592841777154
1238577051625500672
1238576988509650946
1238539660382679040
1238497097135128576
1238219816516947968
1238136480461135875
1238107748019187712
1238107579466895361
1237827425007960064
1237777575491112960
1237735275008319490
1237509285820518400
1237448133002608640
1237426381543391233
1237419219735773195
1237419188131676160
1237416374965862400
1237416214328197122
1237416009956499456
1237414169277857792
1237412897174757376
1237411774116302849
1237396830272589825
1237368105648533507
1237081215166853120
1237045294027718656
1236048275482034176
1236043579115606022
1235970421155139586
1235929690889768962
1235709229853376513
1235677873169723394
1235673930586877960
1235665107134410753
1235616739574124545
1235616460204060672
1235616239537487873
1235615743217152002
1235593299110420480
1235592919505154049
1235575391458398209
1235338868863520768
1235327207129722880
1235326876219998210
1235326800852590593
1235326669155643394
1235301473627648001
1235270819040940032
1235258964880904194
1235258139043409923
1235257714319790081
1235257326791208964
1235240295723393024
1235015209338777602
1235014400236556288
1234915015930601472
1234914586253545473
1234914241091645443
1234876376127279104
1234862932607033346
1234628051574677504
1234591056945176577
1234585523139772417
1234543993989615616
1233883832757243904
1233883818509111299
1233841538314186753
1233525255462846470
1233525151146356736
1233524379142610944
1233157830838038538
1233156707481726976
1233141189697789952
1233140913339322368
1233108729299701761
1232774241478680581
1232772531700019201
1232451206842204160
1232449139868176384
1232439927540862976
1232429070241222658
1232055992420044801
1232016419002474497
1231978531250483202
1231974785699209217
1230973796355641345
1230538362429329409
1230538308771598337
1230236800523870217
1230236799072641027
1230191109277700102
1229881268323700738
1229876769420914690
1229876087888449536
1229469642009325569
1228817803840565252
1228811786939510784
1228809020238114816
1228808795025002496
1228731513417740290
1228719061493846018
1228707280897675264
1228707125448388613
1228365596909277190
1228359679476195331
1228043980031565830
1227719907648954373
1227707358161362946
1227691969188696065
1227689373346467841
1227686281032892416
1227327193388158976
1227323448638263296
1227319480554008581
1227312824533291014
1226985584599670787
1226943956954615808
1226939972055453697
1226939490461196290
1226937925339926528
1225792871355371520
1225534570478604294
1225514433876832256
1225455305275912193
1225453982891626496
1225443165349515264
1225440052114870272
1225174441556160512
1225072145329463296
1225070332798697473
1225069482143514624
1225069441886642176
1224901712290381824
1224809825906937858
1224777785849282562
1224770300501299200
1224766809565466624
1224766730238599169
1224741516448497664
1224732235074543619
1224479907843117059
1224479558327513092
1224479060119773184
1224478497076281344
1224478009786281984
1224477823072718848
1224342046489620481
1224102025769766914
1223399517871116290
