1286071535694946304
1286064232644186112
1285929016118173696
1285640686142881792
1285596822485049347
1285581232571592704
1285563569950646273
1285324195552014337
1285303733988073474
1285270969116958721
1285266478267338752
1285247104806531074
1285217672834306048
1284870336744427521
1284832208499417089
1284520944367788033
1284503869364604936
1284480541794934784
1284226031470227458
1284165856008851457
1284165852770775041
1284140473477672963
1284129390033620993
1283860028349390856
1283842622818340864
1283791506596405249
1283762525637611522
1283486484427833346
1283464989844606977
1283448870832398336
1283427655266820104
1283413977372950528
1283388902548570113
1283163111051137029
1283144824904986625
1283121674217492482
1283072374531858433
1283022880167600128
1282795063530131456
1282780369494958081
1282744560964243462
1282706098005446656
1282681259953725440
1282671310108327937
1282671308707434496
1282309145237041152
1281989125990735872
1281943827310358528
1281714448902828032
1281714448093392900
1281707261455474689
1281690128302342146
1281689999172395008
1281640783339229186
1281623039868796928
1281599674911264768
1281583238167826433
1281556306785116163
1281332807332057088
1281319626752831489
1281283632972390402
1281248286301736963
1281222505043243008
1280955942142689280
1280929295637131264
1280888041842843648
1280872399597158406
1280591347146162186
1280543984964775937
1280502413242372096
1280267159290228736
1280244816421494784
1280211917534003200
1280186163073089543
1280177719318392832
1280154363001032709
1280140231614889984
1279868547301281792
1279868505131823110
1279868149169623045
1279773274793222144
1279439748730404864
1279392011716644866
1279220136076029956
1279082478968414208
1279044723794116608
1278763445899403271
1278750415295823873
1278733271384408066
1278710679617372160
1278697774343753735
1278683911040765954
1278441457809063936
1278421412466876417
1278401061703823360
1278382954700574732
1278365473621630976
1278346470488506368
1278327803784691714
1278076540832579584
1278071381742272512
1278051144938459139
1278043183205756929
1278030645068005377
1278018223213031425
1278018221359030273
1278013291902767106
1278013290308829185
1277999093256773632
1277982745369751552
1277980367211786243
1277971147988951048
1277950258216161280
1277714052941254656
1277652780371578882
1277633476443938817
1277616729162764292
1277602110834647041
1276923247322415115
1276866621353664513
1276636354617782279
1276539471492677633
1276529282681131009
1276529279946326018
1276500461818974208
1276227400263774213
1276198500506701827
1276168694205493250
1276154845490225153
1276139235335077889
1275958261963993091
1275942629553946624
1275942625598636032
1275926682340225024
1275910713136087041
1275894429350576130
1275889275071074310
1275863721177427976
1275858918120607746
1275854530379493376
1275804594501804037
1275802701985656834
1275789300731445248
1275517148467732481
1275499072414154753
1275484409161023488
1275465022345527297
1275458311593373697
1275437422763888641
1275425955650179073
1275425954647740418
1275151555038240768
1275127552923906048
1275108630958915585
1275094995838566403
1275087823511699457
1275071693069811714
1274673688953196545
1274327842847969281
1274032369603948552
1273998694451380224
1273973341087576065
1273967541367574528
1273741236764057601
1273696055620747264
1273665291638263821
1273631390756634625
1273601561139298312
1273386079383629824
1273345937679822848
1273327622009819136
1273313483988369409
1273305308992069632
1273292449612468224
1273267246408794117
1273256785948835842
1273256744341458944
1273256075060543490
1273246381843582977
1273244028021215232
1273219593163735041
1272928894128136192
1272906795271553024
1272890122552446980
1272608164681322503
1272584274076733441
1272584272956833792
1272584271677591557
1272579938231693315
1272561920143429637
1272550850817404929
1272534982674780160
1272200877575671810
1272179589738102786
1272144506402586626
1271789417892585472
1271555375355932673
1271490748261769217
1271465317244551168
1271445000329539586
1271174854222454785
1271148123184914433
1271128438661951488
1271112737796567040
1271097406512345088
1271082144442482689
1270786324195352577
1270767288954884096
1270741080527560704
1270725469248184325
1270485007971352585
1270440704607731712
1270432965156392962
1270415793738702848
1270401066685870080
1270392818280927239
1270365789267341313
1270355475972993024
1270138858609479681
1270138857489645573
1270128437068472328
1270106884922540034
1270094434626125828
1270063599487238147
1270046720701992962
1270022312264433665
1269996223299231748
1269615091588235264
1269239957735997441
1269062104000204806
1269034218769743874
1269022434033795073
1269010798325743616
1268944163598368769
1268916604194209799
1268897790568148992
1268661998105092099
1268633624095723521
1268618200826036224
1268603096470630402
1268578282598998018
1268564627274772482
1268550698125398019
1268318492585058309
1268302581165678598
1268273562395312128
1268237047887810561
1268200544851689478
1268180598604083207
1268167211627282432
1267879033615929344
1267840417007128579
1267829014489530373
1267809665934639104
1267572001591394311
1267552359128936448
1267526145668456454
1267526144653434882
1267526143688749058
1267526141994323975
1267504206761648135
1267483158951407617
1267191206804627458
1267190815614476289
1267085924615303168
1266733817710161920
1266527084333207553
1266526802366935047
1266477320216489984
1266467239127060481
1266445527211806722
1266445525974503425
1266416050305892364
1266407970394509313
1266407969270517762
1266407967869538304
1266130936233590788
1266110461008908300
1266098610111905794
1266068140372484106
1266042609501437963
1266024438631403521
1265815267227193344
1265751104819732480
1265737892510470146
1265709310782382080
1265706849199951874
1265677004000702466
1265657472121032707
1265647528533544962
1265390734661877767
1265350143332794369
1265319300514152449
1265296637624270849
1264949345918636038
1264893936952381441
1264548960682889218
1264179275596312576
1263974945715085313
1263953068749664261
1263945230098870282
1263931496664096770
1263918034370117632
1263903445171548160
1263882943409410048
1263868637464707072
1263841904158019587
1263573802732191744
1263557458867499008
1263543827031302144
1263524864390037507
1263524863186214912
1263499876651892736
1263483583869616136
1263245983095422978
1263228985967890432
1263206646693724164
1263194146304659456
1263168358834491392
1263163966076989441
1263160367175405569
1263148702979559425
1263104194908573702
1262867719092920320
1262835524672335873
1262804579139358720
1262779722938953728
1262769074876100610
1262756801155493890
1262747688941977601
1262505188004372480
1262494522153598979
1262465047340748801
1262452936040427523
1262431481730867200
1262381579319549955
1262005802333806592
1261761515872452608
1261705901645365249
1261635007027662850
1261470677959356416
1261408514649362432
1261362250817908736
1261362248607395841
1261344221589471237
1261309262149672960
1261305505554841600
1261290432190971904
1261044530696146954
1261032065727901696
1261018008048279554
1261004177091723266
1260991722600968194
1260940836428283905
1260940834876338177
1260940833102221312
1260931663128739840
1260916683235110914
1260695361741611009
1260670041730748422
1260648677632167937
1260648676361302016
1260635559317442563
1260627155421147136
1260625002585632768
1260606099264339968
1260594893224804354
1260573923244232705
1260568345746817024
1260321670537121799
1260274415843016717
1260256788982702080
1260224726481412097
1260193089639120897
1259958035805601792
1259954254216925187
1259918266413330433
1259894328660496384
1259883363713921024
1259866057168367617
1259452247953547264
1259108106044428289
1258871800043274241
1258861255089160192
1258839032710168610
1258814464134086658
1258770035490816000
1258758503012929538
1258530612186697728
1258488744681836544
1258488343081385985
1258488339453423616
1258475857494114304
1258463083384668161
1258420537241583621
1258420536289497090
1258408603012288512
1258399624911622145
1258120221954584576
1258106377974751234
1258091846733115398
1258078359222976518
1258062334695800832
1258027269039296512
1257751787756572672
1257688856368906241
1257688855203000321
1257688853491654656
1257673630101786626
1257673628059131904
1257413207708352519
1257403647408947200
1257388538993270784
1257370697149579271
1256621415329140738
1256588122390966273
1256372834991067137
1256346243560865795
1256331400053047296
1256290776381829120
1256290774595051523
1256277116364218369
1256267429476474884
1255964044739174400
1255927099677958147
1255908723689771009
1255906381036691457
1255888185361600517
1255862633963585536
1255625431723769857
1255625430184402945
1255625428812943361
1255608233621958657
1255590426419122177
1255569071229337600
1255552012093186050
1255514841520971777
1255486623401328646
1255299830164979713
1255195893785075714
1255176535276912645
1255152983995813889
1255137959088582656
1254917600053788672
1254905297166045184
1254892089613189122
1254878687650086920
1254878607006195713
1254869808593674240
1254869806559514628
1254843790579372032
1254821586257018882
1254811801235206144
1254782818661445638
1254770865645879296
1254423883568107520
1254093196973539330
1254032412008280070
1253851219023605760
1253838742139424769
1253809672450162689
1253809671389011970
1253763884969857032
1253746077993439232
1253709993670516737
1253695213543084035
1253452121741168641
1253424872648085510
1253372671594762240
1253372667861897216
1253353368623472642
1253323125757865987
1253075739966144512
1253061968082145283
1253053669265879040
1253039869384896516
1253039868432842757
1253039866927071233
1253034068045893634
1252998459952697345
1252981369791221760
1252708794016161795
1252708791587672064
1252708788613926917
1252662030991065089
1252662029975986177
1252651620191670272
1252624410575605762
1252606739477823490
1252585488751431680
1252573522918023169
1252296413372985344
1252284608676331523
1252269189764730885
1252229578854150144
1252038499311783936
1251977949651374080
1251542388440530944
1251501479623561216
1251309475455283201
1251291853485273089
1251277758816280576
1251270567946305539
1251239240777809927
1251183705583955969
1251169180130435076
1251155290344415240
1250958079446917120
1250910976360275978
1250910974963572744
1250910973688496128
1250900184462229504
1250863387971551236
1250847444071583746
1250835249514323970
1250821661085126662
1250802681804972034
1250797179201105920
1250770921138216960
1250572988598059011
1250551324040663042
1250528161563127816
1250513830234349569
1250500328799318016
1250485025537228802
1250462378812112902
1250462377713246215
1250432873171058689
1250180161024266241
1250144770342760448
1250144133697744897
1250144085643583492
1250137210076172290
1250089136033234944
1250045875843457024
1249843493637443592
1249825424399630336
1249803044386222081
1249792169562583040
1249766218439032834
1249742078638252032
1249725881263763457
1249292132495560705
1249292103018057729
1249292096449777664
1249004281065361408
1248958981000871937
1248728713585250304
1248715725780459521
1248702537038991364
1248702535831093248
1248702534438584320
1248679529524191241
1248679527984893958
1248679527024336899
1248625402228002827
1248606424088838144
1248382918210150400
1248372625656573952
1248364275749486592
1248357301091799046
1248340428186886145
1248337133531783168
1248297514454966274
1248263559525654530
1248260333363478528
1248260332109336578
1248251816275349507
1248241907639160833
1248043323148963844
1248017011294142464
1247993653169094656
1247974777970622471
1247944576645632003
1247933767475478528
1247914342512758785
1247865789497163781
1247689712623669248
1247630644202659841
1247592854593187842
1247592852009431047
1247592850168205321
1247592848964202497
1247581790291873799
1247571227402797056
1247553469600296960
1247537876364976130
1247533021529395201
1247524972152508424
1247520754066956289
1247511946175250433
1247260215453659136
1247225772928106504
1247211815639097344
1247190069867433987
1247174105964646400
1246888064502333443
1246813197069357057
1246769554245562369
1246560970958344198
1246459244674781184
1246235054986199040
1246184110835597312
1246178462890708992
1246141375625736193
1246107414757244928
1246107412781764610
1246107410693054464
1246107406934966273
1246107403118133248
1246096210391334913
1246067948546150400
1246059890621263873
1245868027830124545
1245855029723947008
1245855028004261890
1245842633622159361
1245819682008989698
1245817763425378305
1245790776245858308
1245773844188708864
1245757098891399169
1245724025839648769
1245700716125212677
1245525378799669248
1245492615291777024
1245474031639449607
1245466782988713984
1245463471115972609
1245427991670333441
1245412918109372418
1245412916716810244
1245405411764731907
1245396214255927297
1245377884039991296
1245371176395956225
1245361212658978818
1245341068440350722
1245326107580272640
1245153909800185856
1245136483973058561
1245133481644118021
1245114393924337664
1245085133146898434
1245065028602126337
1245050867495178245
1245038071680315394
1245003765205401601
1244987282576281600
1244975187445112836
1244765275741982725
1244752612861317123
1244728526378590217
1244715750918627338
1244693710639714304
1244679668747419648
1244679667375919104
1244651899032346629
1244640218415849474
1244623880339234816
1244407262795436033
1244267507210387456
1244247939050020867
1244069818602586115
1243987736090087425
1243945948608212997
1243921639596752897
1243670383007498242
1243665828811362306
1243657361371336711
1243643810476888064
1243640126351294464
1243602067891068928
1243588142604734467
1243545219754340360
1243506383036784642
1243325863732686848
1243302334484135936
1243283626348941324
1243261566339997697
1243249599801933824
1243239878390960129
1243230210633404418
1243210767761104896
1243198030901317633
1243183174190071811
1243175481618378752
1243166964547293184
1243021031964622848
1243021030953803776
1242964735013859329
1242955710515871745
1242947289976619008
1242900160415498240
1242876413952380928
1242862425612988416
1242861268031221760
1242853077323001857
1242821665161187329
1242809311597912070
1242804393235398657
1242795879825842176
1242634949783695361
1242631524597497856
1242621112032337921
1242580087276535808
1242572273753694210
1242570394189643777
1242564161906843648
1242540632234754048
1242537010277027844
1242532649064976391
1242522355097841670
1242494144737677312
1242480922370420738
1242465526204354560
1242448332519362563
1242246515172794370
1242234493190144000
1242234491306942473
1242234489352355846
1242234487863476224
1242234486093484034
1242234484323475457
1242190492802199558
1242144254174138374
1242138119991894017
1242138119174004737
1242138118301593601
1242138117471158272
1242138116628119553
1242138115604692995
1242138114916855812
1242125508491403265
1242118487092465665
1242110974175444997
1242079298917478404
1241891279992238087
1241879179005657088
1241879178053668864
1241879176417853440
1241879174916308992
1241879174039638018
1241879172663951360
1241879171401502723
1241879170306781185
1241788930678235136
1241780514391982087
1241773309219549184
1241739842129735680
1241520861196288001
1241452415783706625
1241394238413320194
1241367779372158977
1241358796380934144
1241348836632788993
1241164265538625536
1241154008519147523
1241154006577184768
1241125592793300992
1241115444058210304
1241089400211210240
1241056518314897415
1241049775052636161
1241038385332064257
1241031273919000576
1241020928957521922
1241013356884041728
1241005734642495493
1240995067629838336
1240988964535795712
1240986603197267969
1240977639810183169
1240817392462200835
1240811880416980993
1240769688008884225
1240762227423997953
1240728204790374402
1240701203924697088
1240678709192986624
1240666170488913924
1240654264206147584
1240654072413331457
1240653014152642560
1240624062554144770
1240622025284222977
1240442546419052544
1240399708956303360
1240387466424717312
1240375500574515203
1240360539144019968
1240349656506404865
1240345036925124615
1240325910303256578
1240314420741447684
1240294370806464514
1240281313497751552
1240270865050275841
1240269130982400005
1240263929038848001
1240075675966603264
1240057611715850241
1240049874382606336
1240049872759394310
1240049871261962240
1240049869181550593
1240049867952660483
1240049866497196032
1240031659451396099
1239992749195177985
1239982471472648195
1239966778249195521
1239952118590603265
1239936691424702464
1239924757501542400
1239894817162891271
1239686005348843521
1239686003360661513
1239685998071754752
1239678691388645378
1239658952524288003
1239646707694153728
1239634308433920002
1239620465724928001
1239620463728431110
1239607828949671939
1239593639917076482
1239581828748414977
1239568858517778434
1239195895733915655
1238854903830888448
1238825271182098434
1238586635333312512
1238569365051772931
1238569361004249088
1238508130482470912
1238495520571654144
1238464047080714242
1238453115604684800
1238229729154654209
1238228116201406467
1238208270378004480
1238146570450644998
1238116149545615372
1238110562950746115
1238101422526410752
1238087290485948418
1237860271567200256
1237843824732332037
1237831368954036230
1237817800951058432
1237799077116600320
1237776812505206785
1237757257640824834
1237742640868855811
1237727796824334337
1237503339765444610
1237503338280824832
1237503336821272577
1237503335554584576
1237503334359195649
1237503332081491969
1237481609932267520
1237447352639782912
1237423054495629312
1237401498960756736
1237370747653324801
1237076719145824258
1237070958718005250
1237045367302238209
1237026620281704451
1237013057701842945
1236999732540706818
1236697689603092480
1236637794749030403
1236379358803169282
1236343353186201601
1236301829962489857
1236056742489923584
1236048225754378241
1236030772609454081
1236020817219055617
1236001528386932736
1235986512724078592
1235974688058245127
1235935777013534721
1235656492507897859
1235644387964489728
1235607818834792448
1235563282402029570
1235367297348440064
1235367295800750080
1235367293493919745
1235334509865979908
1235315369306460160
1235306709192716294
1235285905587548172
1235276080375836675
1235251644448768001
1235221858305413120
1234977922621923328
1234977339521536000
1234961565658603523
1234942449619021838
1234917186730364928
1234906582435205122
1234890773964959747
1234886461599645697
1234878862615613441
1234870031596556292
1234870030141206529
1234870028664737794
1234855143964848133
1234836221282615297
1234592051745972226
1234572521879560192
1234547292339888136
1234529544079581184
1234493050002530304
1234252073174212610
1234116178588495872
1233883762636808192
1233806638810689537
1233753793466003456
1233517007636701186
1233500800791535617
1233484068320354309
1233461417119973376
1233444075682123777
1233443999911948288
1233443918303375361
1233424343918620673
1233407790833643526
1233407789000732674
1233407788027695104
1233374648089370624
1233139608386445312
1233131841395286018
1233116239805001729
1233116226462855171
1233116224533467136
1233098648214540294
1233068224150941697
1232800563701714945
1232785836380446726
1232750611659153408
1232742762799300608
1232722059643490305
1232699886031667201
1232685552182480897
1232668100887220225
1232467806160965633
1232444676046671873
1232444673110630401
1232432503526322177
1232421139932237824
1232421138472542210
1232384817787961344
1232377120640393217
1232359778342653952
1232318628940435456
1232302790069964800
1232086245628665856
1232010596981395459
1231994550228586498
1231994525184385029
1231961583779184640
1231291514199969794
1231231513288724480
1231035735467266048
1230986734760071168
1230986732549627904
1230911488329687040
1230899344976629760
1230882956023156737
1230838928619581441
1230650843751313408
1230539551464136706
1230516453939515393
1230315311179628546
1230212916483366912
1230200126775480321
1230172508852191233
1230165776570748929
1230165753585963008
1230113714772348929
1229910468959051783
1229880068035481607
1229848086454972418
1229848075537145862
1229848064355074054
1229560914468376576
1229480458519482368
1229420631890038785
1229035198345601025
1228405396773187584
1228385965863047180
1228346684842921985
1228328297601421312
1228099801780248577
1228076545056690176
1228059825390706704
1228046491144609793
1227722262918332417
1227668919919484929
1227592893323513857
1227358467226243075
1227358465745719296
1227330249651892226
1227319884662628352
1227285136099741696
1227241296630341632
1227011766862917632
1227011764933578753
1226967956875333632
1226946865217888257
1226881505756143616
1226875189037760512
1226867837156851712
1226655319096512512
1226506032618192901
1226196494463782912
1225884169357733889
1225857735868256257
1225796207173394432
1225791516666408960
1225780919228915713
1225539950495617029
1225510309739233280
1225479082332299270
1225454875682713601
1225418415009038338
1225191970718539777
1225182591638233090
1225174021546946561
1225125252558131201
1225112372328771585
1225083428154019840
1225070831002423297
1225062034435387395
1225062032900272128
1224905729162825729
1224875534783602688
1224836646761377794
1224811124748701698
1224779579879043072
1224766138732728320
1224743892823748608
1224715192593977344
1224696462551982080
1224473555284512772
1224456279097131009
1224380902584864768
1223623164141457408
1223406312836472832
1223398909193662464
