1286056007781752834
1285968204687450120
1285968202820915201
1285934880463953920
1285669965820039169
1285669963999707138
1285647767667380224
1285633652303499266
1285609356831215616
1285349013156487168
1285331468831666176
1285331466977783808
1285286792875450370
1285269810838896645
1285216048413913088
1285216047419789315
1285216046392184834
1285213614664712192
1284613579484860417
1284486674777542656
1284239503931117579
1284207240728186881
1283892088468373509
1283803079213711361
1283758336870146048
1283564591553937408
1283508190144069634
1283166379944873987
1283098415212253184
1282802435623473152
1282776464417488903
1282682203281993728
1282376234312306689
1281735461673869318
1281711902398316544
1281684376963751937
1281668951110488065
1281627263210074114
1281353169935769601
1281319365305085952
1281283648109625344
1281254920235159552
1280955065424060429
1280928626054225920
1280885273270857734
1280612493405106176
1280612479106777088
1280577233451659264
1280554063797551105
1280233978226782209
1280208313540632579
1280158065023647744
1279416798740459521
1278783633684340737
1278783632681951249
1278783631700434945
1278783630727315456
1278741031194898437
1278688742207819776
1278453722822119424
1278453721819680773
1278444550332260353
1278422106292785153
1278402907583414279
1278402906694221824
1278083392626663424
1278083391301312517
1278068809073647616
1278068807861514247
1278023784784695296
1278023783509569541
1278002506589667328
1277723543367749633
1277707248312205317
1277668318875455491
1277647772678791170
1277647771206594560
1277647770229366785
1277647769235324929
1277383900801560576
1277343291550437376
1277343290434752514
1277343289272868865
1276980084260442118
1276581606384373762
1276545188966563841
1276545187624497159
1276545185967734784
1276281655267901441
1276244044717469699
1276224907383357441
1276179056925511680
1276179056095100928
1276179054614515717
1275895814066487296
1275877349217775617
1275859326817665025
1275813006660829185
1275516910692696066
1275516909635735558
1275495932226875394
1275458367973142528
1275181277239554051
1275157289343897600
1275130866574995456
1275106469071982592
1275072950945722371
1274782607197208577
1274741811488186369
1274437377432453122
1274368757348139012
1274091930440339457
1274091925667303426
1274059997635280898
1274007880660914177
1273752175995469825
1273733925421101056
1273706546267119616
1273634635214397440
1273634633910038528
1273295597739675649
1273281208592539654
1273242142316597248
1272978986331668482
1272954157926883328
1272928318199742464
1272922798424567808
1272896756062314499
1272646031273009152
1272611853823328256
1272543707758288896
1272178472098705408
1271485147867680774
1271475134205919232
1271160129946374144
1271079396674351104
1270831780858400774
1270805808411029504
1270776401617211392
1270483100410228740
1270461761863417858
1270420170272538631
1270384120322043905
1270144107315429376
1270103340945485825
1270051849970819072
1269390397584945152
1269277815444135939
1269018982922752000
1268986540656676871
1268920808992387079
1268739313564561413
1268736438536998914
1268715845821366274
1268681336593747970
1268663327053484033
1268663325606494208
1268350390573182981
1268326174419189760
1268210743960391680
1267932873614639109
1266823512104280064
1266494372058664968
1266494371261710339
1266112311456141320
1266112310592102402
1266057664942964736
1266018720306147330
1265827134259552258
1265827132829315072
1265827131080282112
1265759480664469506
1265680302418075649
1265646483447087104
1265408259080572930
1265277794256187393
1264918916918370307
1264196160174030848
1263959070358343680
1263920630422003715
1263878502002106368
1263865347586867200
1263839730531291136
1263606058041384962
1263606056749543425
1263606055344525312
1263581808584650754
1263581807053811713
1263581806038671366
1263581804239306760
1263513126135377926
1263241286024409088
1263214254255222787
1263138705914683392
1263138705189081090
1263138703926575109
1263138702718636032
1263138701762330624
1263138700403322880
1263138699606458370
1263138698708889606
1263111126495232002
1262912645734313987
1262912644283015169
1262912640839553024
1262862446571724801
1262862445800030208
1262818325979152384
1262818324033011712
1262525291408302083
1262500660219650048
1262454190812659716
1262405910162558977
1261667984017428487
1261434032924975104
1261377428544356353
1261352501707603968
1261351951628816385
1261351949808463873
1261324776456556544
1261112458745466880
1261090241550651395
1261051521124511746
1261050398024007681
1261050397105545223
1261050395868254209
1261026742829035521
1261006383262191622
1261006382452617216
1260992860566040578
1260981788157100032
1260981787129516032
1260708241996218369
1260708240641462272
1260708239307669506
1260689122185920514
1260677862866202633
1260663753282117632
1260663752174776322
1260332509138759680
1260332503644213248
1260289334286172165
1260289332562313216
1260289328678346759
1260289327952793607
1260289327147474944
1260289326295941120
1260213995350482945
1260007514449620998
1260007513530830848
1260007512280928258
1259946639818702854
1259900879140007937
1259855902405951491
1259526188684521473
1259258774285672449
1259217621611929601
1258864875696259072
1258844711906881536
1258844710828945408
1258844710095015950
1258844708417220610
1258844707658043393
1258844706823340032
1258821140484698113
1258782540887924743
1258758368191283206
1258409309416968192
1258203061371224064
1258146883534557185
1258076257515966464
1258041588196016128
1257777089190731779
1257777088020578305
1257761219680899073
1257709058531962880
1257668465114124290
1257398404185051136
1257349916063653893
1257315689695547393
1256701735701225473
1256701734006775811
1256335139618951168
1256212672502272001
1255917283576352770
1255895569064697858
1255871739671851010
1255600004472938498
1255547089192472576
1255518314908061696
1255281676068012037
1255183825128357889
1255129215969701888
1254891112164216839
1254874122380881922
1254840053966176256
1254840051839700994
1254821604728733697
1254766899361198081
1254454627808010240
1254129826857922564
1254129825377288193
1254080282317258752
1253854991628095491
1253789040618463232
1253775580711051271
1253748954883403776
1253479106496389122
1253457488395014151
1253435686578819076
1253418229810094082
1253397501308272641
1253372097457520640
1253346302752063490
1253159697391247360
1253129834559086594
1253113093149900801
1253113091996385284
1253102926861647878
1252995352619343872
1252995351482699777
1252995350564085760
1252729750470213636
1252729749740425221
1252729748121366538
1252701753642008577
1252694536008204292
1252689355023532035
1252667447179653120
1252656247209373698
1252401960046653446
1252303251149664257
1252286987194769410
1252004044845060098
1251921671461707776
1251575097351168000
1251565711027318786
1251557636283211779
1251557633674395655
1251303560987455488
1251235643629408256
1251214192193024002
1251190763465183238
1251171643080224770
1250933407565127685
1250863239870779393
1250863224091824128
1250847467135959041
1250825848271314947
1250802264043917313
1250529220314398721
1250497950423429127
1250497949152526336
1250484137049427970
1250470282990682115
1250453427026563086
1250430058419736577
1250410651765350400
1250186958581780481
1250160259261480966
1250086450307227648
1249836124597628934
1249836123595169794
1249813026682912769
1249759723378872320
1249733365718224897
1249689473547489283
1249351586226352128
1248996785630167041
1248746831070277632
1248738141395132420
1248729515574124545
1248720302160347141
1248702810776010759
1248684953535209472
1248410759538675718
1248410757668073472
1248380133565595648
1248367843512659976
1248354721057968128
1248341091973238786
1248326787031056386
1248260915935535104
1248024163551502338
1247966873389600768
1247948753715236865
1247948752771526656
1247937349994123264
1247884214286024704
1247720350437294080
1247708045574049797
1247616226655973379
1247616225619972097
1247593505309982721
1247556536618160130
1247532139203059719
1247281806124163072
1247265887993954304
1247240917989429248
1247154776766365697
1246921531059580933
1246564963482771456
1246547727846199297
1246458057867038720
1246274270063480832
1246159481043668993
1246138798976708608
1246138798033055744
1246128805401505794
1246103394906976256
1245789859215745024
1245777868363358208
1245755863626919937
1245725967278096385
1245704361566703616
1245505931653283841
1245505929564602369
1245426096201519106
1245426094934802432
1245426093340884996
1245345624251404289
1245130655555600389
1244984646993133570
1244730471654793216
1244720383992967175
1244711827105361920
1244663756006793222
1244642640613736454
1244642639191912448
1244365857565835267
1244365854881562629
1244365846958542848
1244365844416794624
1244315862666039296
1244282019917500419
1244105360258064386
1244105358995587075
1244105357661802498
1244096672654909448
1243982672944418816
1243956053294878723
1243928451419189248
1243677289805733888
1243600061428314112
1243549978364174336
1243318436962369536
1243251635960324101
1243225800612200450
1243026605854859267
1242919454692048896
1242919452678782979
1242811648156590080
1242811646944391168
1242783922259472384
1242573698319687680
1242556835485401093
1242510712070713344
1242491249757749249
1242491248893665280
1242491247983570946
1242491246892982272
1242491245764792320
1242491243822747651
1242452155174473729
1242448544998608896
1242265488098459649
1242186679248715784
1242186678212624388
1242166611215343617
1242142155541528576
1242142154702675973
1242142153435906048
1242142152076988421
1242142150906785793
1242120109256314888
1241919154074062849
1241919152778088449
1241919151402254337
1241919149108006912
1241919147396792321
1241834795304394754
1241834794465574912
1241834792909488130
1241834790980145154
1241808861528498176
1241787915635654656
1241731194548629504
1241535263676993540
1241432630618456065
1241348655401009153
1241139615798644736
1241107430622277636
1241091106336657408
1241085078643630086
1241062482078306304
1241061811329384451
1241050659069276162
1241035243043373056
1240787727060254724
1240769741079355399
1240726946574721026
1240726945584893953
1240716347585302529
1240701572885049344
1240696633978843137
1240683502682734592
1240657642453905416
1240638685466501122
1240399725729329154
1240392062387867651
1240376646793924608
1240365733193887752
1240313828283305985
1240306686050566149
1240303682777907200
1240059855412637697
1240033345637175296
1240003851819851776
1239985038617464832
1239985032921591808
1239985026567213061
1239937767704059905
1239937764809940993
1239937762431840258
1239937760963813376
1239937759042777091
1239658027948613634
1239244805491884038
1238580336331755521
1238573549444628497
1238565628182769665
1238131848192110593
1238131846845624320
1237861256377151488
1237794400723521536
1237784412244381698
1237732759331840001
1237532183675322368
1237468629681221634
1237433300534407168
1237162810498564100
1237042113818304514
1236728794419007488
1236332020575469568
1236034725803933697
1235726180348723200
1235726178394288134
1235680201289302017
1235643272112070664
1235594403026292736
1235569097250922497
1235385332293459968
1235341967430750213
1235307250719301633
1235290403353620480
1235290027917275136
1234976818957963265
1234957562413494275
1234908389916004352
1234894350699712516
1234680719361708041
1234680717814054913
1234628977714704384
1234556257505366018
1234504095471489027
1234240513676627969
1234176746133557249
1233919508261326849
1233919506608730112
1233802693770129408
1233527398970339340
1233507596470046720
1233494404633108482
1233212728518508544
1233187745096400897
1233181514571100170
1233113059373338624
1232792218227937281
1232792216755752964
1232772801586761728
1232747098459836416
1232734718166216709
1232479727438331904
1232464864771096577
1232458914811146243
1232421500696834048
1232421499207847936
1232421496808787975
1232418956717285377
1232418953877696515
1232418952736919552
1232417622270058497
1232417619690557441
1232417617752797185
1232388530166468608
1232071747702345728
1232071746242609154
1232036868130320385
1231759694231937024
1231743789141839874
1231315826067877888
1231304339349819394
1230989550371135492
1230956594818621441
1230563869321383936
1230509661243265025
1230337087922110467
1230337086470983682
1230269238281003008
1230261123284336641
1230261121996722180
1229807119664328705
1229439450205302784
1229109361773031424
1229109359386517507
1228732709176037376
1228354580863426562
1228063329022828545
1228009003428478976
1228009002300211200
1227986330120081408
1227975185871130624
1227975184428290048
1227749173203787779
1227721952292429824
1227721951084498944
1227711195559403528
1227636463426207744
1227371275280175106
1227354355902418945
1227326986206502912
1227326984771993600
1227233072887861248
1227233071889514497
1227233070920687616
1227019828952813571
1226963646342926343
1226910627584716800
1225939776597118976
1225907765631160321
1225902077009944581
1225870213046034434
1225585616160722946
1225563939871842304
1225563937938321408
1225550645396197376
1225521386619318285
1225515867515105283
1225225809348132864
1225183391399714817
1225090454514958339
1224790158425362436
1224765717331030017
1224765714936016899
1224744854581850112
1224478201956786176
1223653966027919360
