1286085817883136003
1286080914729172992
1286075401144590342
1286075362645090308
1286020866858455041
1285967523423358976
1285957694831108096
1285955148771196935
1285941399402274819
1285897609681473536
1285895366618034181
1285659258105868288
1285602121941950464
1285589639995240451
1285575690566467585
1285574213357764610
1285567542652735488
1285542956787732486
1285343926413664257
1285334645048041478
1285326614432231424
1285231914924867584
1285231891696754689
1285223308124983296
1285213130981875718
1285210979660439554
1284185700519337986
1284154933307113473
1284136934328197127
1284125978344685568
1283830433353011202
1283817007071322113
1283797350121639937
1283797174342623232
1283796644945891335
1283561297016225795
1283556378687283200
1283532448119349248
1283494708292071431
1283487848222593025
1283461012092575744
1283446956925292546
1283399946478194689
1283078979184930816
1283044069216837632
1282991836286586881
1282777341387837445
1282724395501457409
1282717266845601793
1282687734646284289
1282670614701117442
1282654109125009409
1281948305124196352
1281714531132153858
1281677412636467205
1281630343045447680
1281623193644670981
1281612287263084551
1281603041318313984
1281287983178682368
1281247588696588289
1280877113118261249
1280550055368425472
1280513657168891911
1280513551615119360
1280245597661003778
1280220261925687298
1280157511904043011
1279415262983446528
1278739623041216514
1278724268164079618
1278402023705260043
1278384074726539267
1278383056794136584
1278334618828263426
1278025783748018177
1277971182386438150
1277689786401206272
1277632934342799363
1276589076544708615
1276553738258460672
1276512405842001920
1276507353270099968
1276263654095310848
1276224708984352769
1276211904193736704
1276171476954120205
1276164954173865986
1275972742915993601
1275812914646171650
1275812696148115457
1275791883390902274
1275787818216886274
1275771112866099201
1275771024525733888
1275529692926210048
1275529560579362817
1275529431721955329
1275495097635868675
1275495058599526407
1275488276137291778
1275467267845885954
1275181424941899777
1275141713405849601
1275071206887055362
1274040332922093571
1274003554634792960
1273782569146945540
1273676660395716608
1273656505074626561
1273656349788901376
1273640607811014661
1273614501594763264
1273579658848735234
1273330382994378754
1273274455557574660
1273256031854964736
1273246243750363137
1273230745012748296
1273226113658114049
1273058287626444801
1273057519938797579
1273057327009144832
1273056242395754497
1273055089285042176
1273018972636688385
1272959866626285568
1272930910078468096
1272902502032252929
1272693435686928384
1272610523683721218
1272599791902625792
1272558495230038019
1271537777784557573
1271537307150102529
1271486462324871170
1271455182321266691
1271437791285710849
1271402547270635522
1271185778174054400
1271184251128553485
1271109741025116160
1271091764527579139
1270842201816338432
1270827295163453443
1270736353261760513
1270708848630906880
1270702446436929537
1270701553314344960
1270476001794015241
1270460651396304896
1270403974055813124
1270400493119057920
1270391171802677250
1270115717338316801
1270032083306627074
1269277687245406208
1269011928921321473
1269003866823184385
1268958942157246464
1268927103682183168
1268635269424721920
1268608796898836480
1268560104321888256
1268558880587554816
1268316718054719494
1268268851323600899
1268242518740779009
1268204075449044994
1268174710086434817
1267835329303756800
1267808034778238976
1267553922031517698
1266476043390668800
1266437410730192896
1266362688118145025
1266054423605907458
1266051099624116227
1266028446494359552
1266018212501651462
1265754276468527104
1265753140416167939
1265673514935345152
1265667257172197379
1265653425141932035
1265639991184699393
1265597885749624832
1265393059044433920
1265346635669929985
1265326151087644677
1265322342995165187
1265310409084547073
1265276652478590976
1263904570587176960
1263892724685602816
1263805679351083009
1263805405035204610
1263560034929250308
1263526476990873600
1263475264010551296
1263457851122614273
1263280628889518082
1263242646279127040
1263231082557734918
1263225225170358279
1263189249677053953
1263157782842347525
1263145643868073984
1263142193386131456
1263131534493732866
1263110343678722050
1263086360157716480
1262929892146130948
1262894700379373568
1262835590149668869
1262818498956472321
1262804641189900288
1262770755890286593
1262752920400887817
1262539343484334081
1262500276658937859
1262457228558286850
1262433892864331779
1262399973305520128
1261391574753177600
1261360059487043585
1261325614168133634
1261311503921184770
1261273069676564480
1261046669547888647
1261041958463705091
1260997071554908163
1260981947507060736
1260979135679287297
1260979134773239811
1260979133934428161
1260979132395028484
1260956819545079809
1260945454000476162
1260941264750555137
1260939326126514177
1260928656962211841
1260922418111090688
1260613937269280769
1260570418525753345
1260558113469579266
1260518535031328770
1260236692423876616
1259988360094986241
1259952415908007937
1259929159310151683
1259906133898207232
1259878579099353089
1259849451209981952
1259571891746091008
1259554964432699392
1258836233259749382
1258802232813813761
1258775332682960896
1258760923709390848
1258756156538982406
1258756154903212035
1258514230174613504
1258512311708352512
1258506476429037570
1258503291647987714
1258440488279052290
1258425686311698436
1258415533252362240
1258394934392037376
1258197721145643008
1258191159693901825
1258156311734345730
1258112323748757509
1258103435498487816
1258067402866266120
1258067330917154819
1258034565874159616
1258034564934615040
1257793660516737024
1257791187362230273
1257745450867789826
1257743752862617602
1257696713080475649
1257687440485224454
1257675904953847808
1257666157806596099
1257664193983066112
1257401750962798594
1257374253940342785
1257316982459752448
1257297999367213057
1257262994725036038
1256690142863151104
1256375428345888768
1256343727045517313
1256296376935288835
1256246905912397824
1256224241978150913
1255975777528619009
1255950803526877186
1255913475282518018
1255871931754086401
1255856620439048193
1255855204395880454
1255855203145965570
1255843941418754049
1255575377596080136
1255525377985974277
1255518762033348609
1255518069251768328
1255500038551359492
1255486890792321024
1255486188892422149
1255295067989987331
1255234785691209728
1255234783849910273
1255199013336502282
1255153518228488192
1255138524820455434
1255136990971887616
1255125722466836480
1255116699495542785
1254905116236361732
1254894706137477121
1254871703064391681
1254821495387365383
1254775819727060996
1253770623903563776
1253724297136345089
1253699331435253761
1253683490094186497
1253678727806038017
1253655473599008768
1253639277185052673
1253423811128463362
1253366613509902337
1253362570834194435
1253335705159258113
1253335312492752900
1253085399125286916
1253018503394856963
1253018501700374534
1252996437023043586
1252700983660105729
1252685587187974146
1252675468366614531
1252664084639735810
1252658372790423553
1252651592316264449
1252635522121465858
1252611879635214336
1252605534152331266
1252334854211014657
1252329497103400962
1252315694865276928
1252295943808057344
1252280080824520704
1252270290081591296
1252250045778362369
1251239252475744258
1251212792302112775
1251172716146823170
1250892670005923855
1250884492358713344
1250878484521639937
1250839580431069184
1250831644942110721
1250797425998147586
1250793680442740736
1250610464024903680
1250525697304596480
1250467625223835648
1250426878847938564
1250403292829581312
1250160890936209409
1250138140897148928
1250123351504424961
1250094574728622080
1250047064702156800
1249792044136046592
1249777653990789122
1249769314208690178
1249737678381297665
1249713064380968960
1249401301257064450
1248702878803525632
1248681158063390723
1248658731858120704
1248639905561001984
1248634014589739009
1248627506212737024
1248611665995657216
1248600492202176517
1248323942626009090
1248301414423703552
1248239483344093186
1248048883973984259
1248031780885663745
1247972151866658825
1247928858625572865
1247898225673027591
1247634778158968835
1247597855495335937
1247575889711443969
1247547650418847744
1247327334237175813
1247230556074639360
1247224417492574210
1247209426223869952
1247174411339419648
1246528113619734528
1246458212401975297
1246223354555781125
1246215547529945089
1246153780036599809
1246136666479304704
1246088174075547650
1246088067745792001
1245815555187146752
1245767375665987584
1245759078745419776
1245759046726156288
1245738789982679040
1245718381917081600
1245696905646166016
1245502574188470278
1245449982959894536
1245439938260275202
1245416574787432448
1245375590615724033
1245099371064156162
1245063394715209729
1245038681590599682
1245030230449848322
1244987514471034880
1244726432829517824
1244668711497236480
1243645357831094272
1243578897960251392
1243533927341600768
1243273942795681793
1243248776241983490
1243023266408783872
1243023242891272192
1242856442534780934
1242834780410044416
1242824986211110913
1242792254982496259
1242621868240244741
1242575618463670277
1242549305099128833
1242498591534481411
1242471421386936320
1242464619639291909
1242463408924102657
1242459116263616514
1242209280515887106
1242192042375159808
1242159683126923264
1242145953030770689
1242126354323247107
1242073196209324040
1241844929887965190
1241472954812239872
1241460681251094534
1241448388543086592
1241421596927164424
1241093918349037568
1241090728022999040
1241090479762137091
1241076478143496202
1241063230019076102
1241037132241780737
1241030967596388352
1240796151324061697
1240782830050951173
1240731030946041858
1240712721487679488
1240706130285858816
1240687372896886784
1240686785371361280
1240665173607821314
1240651327895670785
1240639867475898368
1240589039499165696
1240334378707927041
1240306906448699395
1240285002241380352
1240270371217182723
1240033988707844097
1240019392903163904
1240002944969461760
1239995410002907136
1239981546100199425
1239970403545538561
1239958407819546627
1239908630293549057
1239903205343006721
1239893651205042179
1239882934091501568
1239869827566764033
1239672868662923264
1239642999069511681
1239642809130455042
1239575107397435393
1239214610655391745
1238551809775542281
1238521206875262976
1238166506564915201
1238136604427980801
1238116058462130177
1238115878752960517
1238095305645719557
1237901055305764864
1237851206707318788
1237819009631993856
1237818930770726918
1237776978608078853
1237747327261163521
1237449158103052291
1237430448881569792
1237399415192723460
1237371640608174080
1237367878762070018
1237366954622681090
1237110486577094656
1237078713768034305
1237049608439808002
1236045390035718144
1236039834759815172
1236025526713823232
1236019972645613568
1236005033419911168
1235992508112474112
1235986713119543300
1235689479387701254
1235675782317518850
1235672244011048961
1235666392621314048
1235658941750808582
1235655950452903937
1235651951662071818
1235615772954841088
1235603544700588032
1235595453095383045
1235592971136860165
1235347304565137410
1235330896275873797
1235326927851974656
1235279252502827014
1235259654684495872
1235248628350017536
1235239245025095680
1234961319113166848
1234898824717590530
1234863720473538561
1234610917859643392
1234589761295310851
1234578830611959809
1234509678136176641
1234494587722444800
1234490088446451713
1234489937195610114
1233415205390082049
1233399726407593986
1233387774750969857
1233112654488702980
1233065590866219009
1233064211212906496
1233048635337773057
1233041320677199873
1233009086616260608
1233005076010209281
1232717657734107144
1232699443385860098
1232414100917039104
1232402718456778753
1232388266470539271
1232370207496327169
1232345331490283525
1232325816073302018
1232076063968198657
1231995210542047234
1231954927024529408
1230901928093212672
1230875178529361922
1230578329243324417
1230529411323252736
1230241857738878979
1230229673646415873
1230186864524570624
1230165555161772032
1229884028406390786
1229854674129477633
1229827695900594177
1229827693967007745
1229791273126703110
1228389028883550208
1228336468269109250
1228324055578746880
1228322436065759233
1228320491703848960
1228046381182603268
1228013654504886273
1227650318235766784
1227614714701778944
1227612941895249921
1227358798345625602
1227350628726378496
1227300917462085633
1227242066276765696
1226987661442850816
1226944766656552960
1226899598142320640
1226892700470927360
1226890877760655360
1226866415195631616
1226858775782580224
1226853308003909633
1225902917120593920
1225818584158556160
1225497798377975808
1225437204169863170
1225171570328555523
1225120983713026054
1225081998965911552
1225079352922181632
1224772124260360193
1224772113455878149
1224771217791553536
1224356890861281280
1224347934004740096
