1286049360481062912
1286049358992101376
1285686823747035137
1285686822664835075
1285343438913888262
1285291371000143874
1284551035831431168
1284210453418303491
1283874624971956227
1283855155675496449
1283855154819796992
1283816856059613185
1283512562089435136
1283496762603450372
1283443959809941509
1283384855833849856
1282380903780679680
1282380897971511296
1281284998788677638
1280944726674456576
1280913953732866052
1280177812541001728
1279429942741270529
1278762070989774851
1278762069534429186
1278732169482063872
1278379928354992135
1277663067044753408
1276868648435683333
1276648730331152385
1276540900987019264
1276522942902538240
1276196200576946176
1275922307500978178
1275922054970249216
1275840984480460801
1275803164395044864
1275526647798775809
1275135926671421442
1275135926017146880
1274695265224720385
1273990576287952896
1273990575415529473
1273962760129384450
1273346407643131909
1273346406061936642
1273295581813837825
1272939534746034179
1272180073802629124
1270443008387923969
1270441550452056065
1270117748488765440
1269252513078947840
1269249342189326336
1268949693104603139
1268653694481989633
1268644833624764417
1268634245632835584
1268324376845471744
1267514302686248960
1267493585135579137
1266484480199593985
1266146142745747461
1266090267125432325
1266072906473275399
1265303288368553987
1264903207031013377
1263982975479435266
1263948803859795968
1263925785234112513
1263867759152291840
1263527743456718851
1263499961762807808
1262899266097471488
1262873566309212168
1262873565461962754
1262775442391662594
1262775396879261696
1261704974268018688
1261703012810215424
1261385147666096130
1261353463939829762
1261316279304142849
1261085527530508291
1261085395456065537
1261015409425289219
1261008302768640001
1260758345893523456
1260734024785502211
1260728602615783427
1260719918191910913
1260719734686986240
1260708763759247361
1260656794562490369
1260655434794500103
1260611423257997314
1260284678386470920
1260278014220402689
1259953328810852353
1259522798684459010
1258799233328652289
1258410082917900292
1258148776167997441
1258127378682916864
1258111746310639624
1258099217710616583
1257818769608540164
1257785298810998786
1257770284041605126
1257763223186612229
1257679050308550658
1257679048840548360
1257358285260365827
1255955495753482240
1255943243528888322
1255942952091824131
1255637048045813761
1255328006370922496
1255328005666279427
1254946818158407683
1254808350103154688
1253796999415152640
1253752901761187848
1253742987772923905
1253742881174585347
1253697751361216512
1253343864489947136
1253340382235987973
1253327077916332033
1252994152201101312
1252747473887649793
1252733079149522946
1252732910614044672
1252720307812610049
1252720305749069824
1252645039928496129
1252644457524203526
1252633977963384834
1252042747390935048
1251336725961551873
1251313596728041472
1251242619092570114
1251194417903538176
1250908515402743809
1250874622834343936
1250874622045827075
1250828679506268160
1250824313709756416
1250552080407953415
1250189916560068608
1250174034198892544
1250073361755013121
1249755928259432450
1249493881885949952
1249324674540060672
1249061771022909441
1248722321453563905
1248664160080146432
1248663906836459521
1248662524645511170
1248650767881420801
1248583143243857921
1248366861714182146
1248303084486438913
1248020246851543040
1247964926020378627
1247676081424994304
1247675882375954432
1247657977051516928
1247597386718945282
1247597385955622917
1247212446902861826
1246175460888887297
1246175460138070016
1246098613169795074
1245840273445289984
1245780982629883905
1245780779122253829
1245444660622917633
1245426232801595392
1245425259265785857
1245379294832013313
1245379293867388928
1245353753898897409
1244794639925817351
1244729617702965249
1244720159589380103
1244719129313107972
1244674557581156354
1244358004402765824
1244352139046125568
1243951973877112833
1243886618886443008
1243886618089590785
1243651474292424711
1243603433548132353
1243599171137032195
1243236430337490945
1243026465064656896
1243025931091968001
1243023504808783872
1242860979962200071
1242569194975170560
1242537836986974210
1242537835774779393
1242484754202669056
1242482704521797632
1242202873938796552
1242202860147953669
1242200557055610881
1242199071374401539
1242192510111354880
1242192509113118723
1242192139565613059
1241021860206313475
1240773209743556610
1240690517760856065
1240690516217348097
1240387566244900868
1240387564944732161
1240387563334008840
1240380890171219970
1240380888736768001
1239993268013801476
1239570198493085697
1238887483171012610
1238598537354633217
1238175441472696328
1238116423484035073
1238116311374467076
1238098410714148869
1238086649306849280
1237871574633463808
1237871573165420544
1237849602704814080
1237511652364304384
1237469230188187650
1237092266310762497
1237090936468930561
1235996316741906434
1235945573989208068
1235945573011927041
1235945571833217026
1235698666448576513
1235670424983400449
1235649815335366657
1235586659250401280
1235586476215283712
1235285507376107521
1234954866218426373
1234924503068745733
1234924377831022594
1234900638158532609
1234890966848430080
1234561726387040256
1234477904131694595
1234269985020809216
1233845584567701506
1233813747090821120
1233584897471795201
1233584881546022912
1233470815993200641
1233438412079869954
1233419798085881856
1233100294017384448
1232803851729854466
1232797616100061188
1232728850595033089
1232441854374793222
1232433779303534592
1232433777822928897
1232423062777335808
1230953470183792640
1230589954390188035
1230548168124882944
1230435832919724032
1230300180525830145
1230293064444452864
1230231045624209408
1230224539851857922
1230224444603424769
1230224443630329856
1230198809927524352
1229797879717474304
1229797877834223617
1229495874797084678
1229443970767507458
1229106417308581888
1228707866015666177
1228707646527676419
1228382435454472192
1228318270035546112
1228117688351891456
1228117686682554368
1228099348350865408
1227668105670922241
1227626426737856515
1227000317239332864
1226948261493297154
1226948133940277248
1226155114999750657
1226138933349752838
1225799513815818240
1225207608874819585
1225122546451992576
1224905560337850368
1224871105892093952
1224820423268995072
1224443600391376903
1224437561621303297
1224425930451492865
1223399426846265345
1223399425864798209
