1286050695095947265
1286047816129839106
1286034701946421256
1286019783377461253
1286014514165579778
1286013887146594309
1285943954077360128
1285711061878964226
1285687381828435972
1285666842955132930
1285651101946187789
1285640913310691329
1285629057934262272
1285625028910997505
1284514106607837187
1283445538101374976
1283082841895645186
1283058496439816200
1279562806858100736
1279439668749221889
1279233356740333568
1279041735562330112
1278746343964639233
1278344944579739648
1278344855178088455
1278344832348499968
1278344808508129286
1278344785879863296
1278344619034644481
1278338213774528512
1278079080420855808
1278053354342690819
1278042649581236224
1278016289039056897
1276584010488123394
1276291178124763136
1276257719100506114
1275928370740682753
1275880874874200066
1275865247505580039
1275836694152065025
1275503703114625025
1275481538671661056
1275144082428395522
1274762493278269442
1274028052444569600
1273727090823778312
1273727057734914048
1273727023521955841
1273710099719237650
1273691120422305793
1273690809460838400
1273670536011362304
1273670248705806336
1273665409632395264
1273393296404910080
1273391695124717570
1273390431305334785
1273387054500544517
1273327439935164416
1273317502047698945
1273317474134523904
1273317456753438720
1273317439183478785
1273317326893592578
1273317245079478272
1273316960789499909
1273307816275689474
1273299908938928133
1273298981368578048
1273297276564275202
1272930569601589248
1272625740262051840
1272625550562152448
1272625500607954944
1272618306759991299
1270823417432989696
1270802573725970432
1270791775062568960
1270780179426803718
1270485915186745347
1270456538956812291
1270441480415518720
1270437616773627905
1270437466500186113
1270420388707794946
1270068236890050560
1269357979125587974
1269051437511839746
1269035866053361670
1269026456107192320
1269019294341443584
1268917915794931720
1267915852965449739
1266444687184990211
1265732591962984449
1265673516382289920
1265655489041510401
1264915855357419520
1263586956065136646
1263572506985861122
1263562865040142338
1263540955606585344
1263532775065432070
1263255660457844737
1262886474598486018
1262871748955037704
1262841016018763777
1262522738759139333
1262495787445084160
1261420792778231809
1261402341141512193
1261382511336189952
1261377133223395328
1261367437724749825
1261124972912795648
1261061586669764608
1261054502939119621
1261046650635722752
1261028616084828168
1261022026023780354
1261007757861412866
1261007065071394818
1261002658174971916
1260975650007064576
1260723307051188225
1260629315038916610
1260605693264093186
1260356631679959040
1260314631924592642
1260306226765848578
1260273445755146241
1260255566821314560
1259957674126594049
1259948213056016384
1259525020142968838
1258807854972186624
1258783242704105472
1258518538307858432
1258458170437009410
1258443660569513991
1258129242472222721
1258128693995634692
1258084249443459072
1258070860772098050
1257777307294420993
1257758437536149504
1257745794519707651
1257728702353473538
1257381479971270658
1257381449327677444
1257381423729848329
1257381398584967168
1256679841300168704
1256604467400753153
1256393015683354626
1256361850553413632
1256317722729865217
1256315488671543300
1256216797126307844
1255996604970082305
1255941610204004357
1255901578327973896
1255598437246132227
1255311235979100161
1255283339784839171
1255264938874023937
1255188724352196608
1255175083133411328
1255174980318433286
1255174947674025995
1255174930662133761
1255174916321824770
1255152675462799360
1254938309165449225
1254904849885470723
1254891886818529285
1254840298452246528
1254780306248220677
1254536952935784449
1253769579991650305
1253749833334169600
1253733570398609408
1253456604239986688
1253372374625460224
1253358079808282625
1253069147422015488
1253053439246061569
1253027300439973888
1253004437045628930
1252717205831200769
1252692407650529283
1252406359787630593
1252392607004545027
1252368433066344455
1251866009432059905
1251531583795970049
1251208379604877314
1251195206256508929
1251185660867883008
1250884426864746503
1250872282630610944
1250865937923915777
1250851128637603840
1250850975218315265
1250850894582878208
1250850843739525120
1250833626658418690
1250827085943357446
1250806000396972036
1250568420145475584
1250501585056272385
1250478836644483072
1250465342952026115
1250158564620087301
1250157897503444994
1250157585992429570
1250143768982028296
1250122143897210880
1249772010227539970
1249771958046162944
1249743151000150017
1249398864018374663
1248638371829874695
1248030853302751232
1248020060557508609
1248013174474973192
1247979579605766145
1247931000354738191
1247897437538156550
1247657384505376768
1247616045675941894
1247603322758070274
1247578153528197121
1247573721872809986
1247573699542290432
1247573675584471041
1247573644395585543
1247573628427927552
1247544034312081410
1247290915938545668
1247260182314471424
1246153427371069445
1246131917126336513
1246126843788431363
1246121585494368256
1245875120322854912
1245770512304873473
1245754410841468928
1245720553861853184
1245529432120582144
1245458989955133441
1245417165559418883
1245408453742465025
1245404571570180096
1245139908404154368
1245139884060409856
1245139863436963840
1245139842612301824
1245139823096201216
1245139795858329602
1245070600768454659
1245049489225850880
1245049226637332481
1244754568363290635
1244743713278001152
1244732092937879557
1244724201409437702
1243931291222974464
1243931288052080640
1243887141421277184
1243723071099453442
1243722512892145665
1243722486904172544
1243722448039825408
1243722403508781057
1243644400502214658
1243631441990254594
1243032505902661632
1243029581587714048
1243024197393268736
1242897217352077316
1242883107583385605
1242883060108070916
1242883028759781384
1242883011810648064
1242656293191639042
1242607646471000065
1242567549952409600
1242518008242847745
1242505373455695872
1242501474606886912
1242208702033166336
1242208644541960196
1242208610895171586
1242208415117705216
1242173900764708866
1242152357309214725
1242152229794086915
1242149297229041669
1242143237378277376
1242117233616326656
1241900591091195905
1241896695400747009
1241864824721682434
1241851846530039808
1241829483096702977
1241523473916329987
1241482525949779969
1241174687629168640
1241134164289740800
1241031642480812032
1241025311636062209
1241011052114034688
1240796561875091457
1240780754629648385
1240759390992510977
1240754043041075200
1240731077892849670
1240705271036600322
1240701894130982918
1240691979132063745
1240671938462265344
1240668280924315656
1240660708859293696
1240417497045774337
1240372208301756419
1240335417876131840
1240328373940957185
1240060004511682560
1240027813710893056
1240010954517209088
1239979046274052097
1239972957478215682
1239960891438903299
1239954477895081984
1239619520869924865
1239608097418743809
1238471614284681216
1238181206732177408
1238141912785334272
1237839932837621761
1237839675915554825
1237839653161431048
1237795371289645057
1237780142484791298
1237758777367113728
1237519425517084672
1237509709944381441
1237508306140196866
1237508305045590017
1237508303992700928
1237507533633236993
1237469445678907393
1237462478545661952
1237420073989660672
1237397863887503361
1236734360830849025
1236122394592448512
1236065271036575744
1236061881263104003
1236055895496445954
1236049024496603136
1235977799216893953
1235960019402833921
1235694963373023233
1235681180168712196
1235670849153363975
1235659596015923200
1235647099972313089
1235637896125636608
1235347142115549184
1235286034331643904
1235050661235965952
1234995723688693761
1234982234492243969
1234979995342295041
1234969414019223554
1234949734219030531
1234941874458288131
1234932657655599106
1234913010575192064
1234912390459904000
1234898143252226051
1234596062633041921
1234591322855682055
1233543275660836865
1233502190465159169
1233492388418551808
1233479936532455426
1233474115442561030
1233453269571317760
1233453240072753152
1233453217087922176
1233453175329427457
1233453153569378304
1233453127703068673
1233453105502535680
1233433856822431745
1233406048423333890
1233167781908111360
1233158824481239040
1233148203157118978
1233143655575302163
1233131496380256256
1232793737136345088
1232456590931853312
1232444036457357313
1232426339388575744
1232417855536324611
1232398305075875843
1232387424304713728
1232331631291035654
1232084219783974912
1232072700417449984
1232071398119571456
1232069501518262273
1232065430447153158
1231363198504374273
1230988598415155200
1229511680985649153
1228391948630872064
1228046243357765632
1228044943089971200
1227369846658207746
1227362845236637696
1227355819706081288
1225857501117153282
1225819928567128065
1225808230447747072
1225537223422103554
1225521887679307776
1225505583027163138
1225497536263335936
1225492043851599872
1225192902860660736
1225174833627049986
1225125498214326272
1224901357561315329
1224899016607051777
1224846799774666752
1224828065475330051
1224748861756977153
