1285965118073909248
1285956300980051969
1285933863831605249
1285697063087415299
1285675560954400769
1285675277759270914
1285661101087166481
1285658254249463808
1285577627231760384
1285320739609092101
1285247352102629376
1285223787852636166
1285211119494352900
1285193721789784065
1285193701657059331
1284572854395207680
1284183952459280384
1284175098166022151
1284162509302374403
1283876887098531841
1283876833403043844
1283498452475944969
1283498364752060417
1283432554247397376
1283125997408333824
1283042075454443528
1282359622288977920
1282343352466313221
1281639568324911104
1281639486615621633
1281639402603773958
1281639331405402112
1281630065789407232
1281600242559979528
1281575278670684160
1280932622055755784
1279473212145963012
1279413956680060929
1279118038562942976
1278722606649225217
1278706775718531073
1278700335117283329
1278415135024054273
1278350835987161088
1278348662880571393
1277640625505132551
1277618721675239425
1277604034090807297
1275907844492144643
1275870061757108224
1275855756693209091
1275855541869391872
1275543466014060545
1275477330065055746
1275464082938880000
1275162676675719174
1275110048663064576
1275106495437430786
1275079087485145102
1275054649448566785
1274438982470959106
1274012111329472512
1274001327635529741
1273957276240486400
1273953323411034117
1273621601855168518
1273311196922499074
1273311111186722819
1273274015830982657
1272946555272794118
1272273087287963648
1272270140344852480
1271878914709823488
1271560857147891716
1271146285060546562
1271131203647811593
1270811481743990787
1270472694128050179
1270380920533590017
1270380549987864583
1269275384262033411
1269000591084314624
1268666166437982214
1268592051366567938
1268591975751733254
1268575060467515392
1268575033464623107
1268256788253679618
1267873268519837696
1267865739949748224
1267492522135375874
1267482962829942785
1267482946358988810
1266417657366155265
1266417563975778305
1266376068392382466
1265380625005019136
1265331940342759425
1265285176780873728
1265279741776576513
1265075558116966402
1264908362375970816
1263949523065475075
1263904179283791878
1263484856903876610
1263127894257254401
1263127876502728707
1263116259832594432
1262847493961920513
1262840616125444097
1262821242094194692
1262494269878816768
1262397323100983302
1261024409248202754
1260957291051913217
1260947640856035328
1260605106912985097
1260302337127723009
1260293709209522177
1260256517288271873
1260243923089469441
1259924977802936327
1259841510075441156
1258807594396811264
1258444289539006465
1258444272359084035
1258172306922373120
1258068835258830849
1258068041876811778
1258068030770294786
1257843928205836288
1257843604892114945
1257831278428200960
1257776209922011138
1257744161530351617
1257702242456608770
1257355292301570050
1256271243113832457
1255525326442106889
1254171586074218499
1253880994253373441
1253751322060488707
1253726614413873155
1253726278798192642
1253389406398033922
1253359411449511937
1253051054704467974
1253014652033826817
1252964783940349956
1252739301366009858
1252711451166486528
1252711285856391174
1252666106847920136
1252665964409294848
1252250735468859394
1252048670922596352
1252043914950909954
1251949202483163147
1251915831396765696
1251300695866777601
1251250167837347841
1250850633344864263
1250850558249926656
1250773076087881731
1250772931015258112
1250525732146724866
1250525652736004098
1250487291895742468
1250439402389532672
1250099010226053121
1250098752280571910
1249787975279374336
1249759482038665217
1248648821145587714
1248307741967486976
1248279881378562048
1248279717343563779
1248265171149217794
1248256377589501957
1247952937109925890
1247896773042946049
1247189356433072129
1247179069923430402
1246163095006953474
1246096350653157382
1246084383267840008
1246084249234653186
1245352476578103302
1245352244700217344
1245154734182477824
1245079985070669825
1245067797866086400
1245061246778474503
1245012949829328896
1245012586682253315
1244715065359708160
1244707960514924551
1244688512521248770
1244688411526561802
1244368140382998530
1244368071751610369
1244281751708598274
1243974634728546304
1243943981215612928
1243943820263383040
1243641135874150406
1243277896451489792
1243192085379002368
1243023743443783688
1243023363817312256
1242949702292852738
1242871879565787139
1242846446732402688
1242593814553952261
1242574389247381505
1242498322478370826
1242485099230375940
1242451225758531584
1242446570576056320
1242211198822735874
1242195778942181387
1242158539646304263
1242158467433017353
1242065247197900800
1241913798627336192
1241798142443622401
1241517882728742912
1241506920218976265
1241506809162207232
1241488228382920704
1241474976873689088
1241047383707979778
1240995185808609282
1240723043896430592
1240651635791220737
1240373744884953094
1240373622495207427
1240314869116743680
1240309214871945216
1240073822256201728
1239987586631905280
1239759248986423297
1239674964585918471
1239660955291836421
1239301561345589256
1238474745659654149
1238247909239468033
1238211298674040832
1238171605160861697
1238141796280082432
1237758289930313728
1237489223365689348
1237413472268320770
1237410470908383233
1236421637899255808
1236096013338894337
1236052755594256387
1236044864393023488
1236017353965608960
1235985163068243970
1235985025616744449
1235931701903339525
1235682649336930305
1235658380687151104
1235658257139724295
1235639366254542854
1235639236591673344
1235614245011800065
1235576405552840706
1235343887268491266
1235312101880627200
1235290122360434689
1234974427990781952
1234968812577009669
1234939701641043968
1234871638765842432
1234562255280394243
1234562095682899969
1234539021935792128
1234522556234903552
1234488587472850945
1233918544292843521
1233854491172245505
1233516728908419073
1233515337376763905
1233514935528906758
1233476230244163584
1233419520372563974
1233163708689453056
1233107030812037120
1233068722526576641
1233063413686980612
1232772623655931904
1232437109392171010
1232411678433857536
1232350931657854986
1230976767525052417
1230942124100767744
1230940872633716737
1230938526658809856
1230653475643645953
1230623501830193152
1230556836690046977
1230515450502664194
1230259573136777218
1230188867321507840
1230144644962488321
1229882645460520960
1229839292802924548
1229481729569808386
1229402077366976513
1228077739019767808
1227675006118830083
1227642109865406467
1227421911627567105
1227400269522251777
1227359297132285953
1227349055979884548
1226666669071912962
1225814410406637573
1225789132523343875
1225196549074018304
1225196318886416389
1225095086121390081
1225080201106939905
1225072249029505026
1224900788746584074
1224899658360795137
1224898995497119744
1224827668077719554
1224825055127003136
1224770190610661377
1224345607361519616
1223792463745355776
1223618785594265600
