1286026286830411776
1285995209420087302
1285687697697312768
1285640287264571397
1285370437149622273
1285297566146535431
1285297466028564481
1284960272826998784
1284954910992277506
1284954908681293825
1284508065535012865
1284485482039181312
1284333277629702145
1284223224612638721
1284218644730392576
1284181915520643072
1284160015868321792
1283803377038774274
1281232526267371521
1280627957241954304
1279599936410025985
1279598367111176192
1279598135392657409
1279597682508484608
1279409433341317121
1278747339491074048
1278745492999061505
1278735925514768384
1278709041766825984
1278453775678738432
1278393032614785024
1278354542288162816
1278043585460477953
1278042792426602496
1277626758766845952
1277601652791406594
1277584942352998410
1276594896829329409
1276587740507881472
1276300120380841990
1275939009164804098
1275854549719359489
1275524922564055043
1275524819350683648
1275435900370071553
1274859734806392832
1274047045758791681
1274040613600735235
1273978807263920133
1273726002007552009
1273686334805291008
1273674015492669441
1273406815481614336
1273267650097971200
1273000111157673985
1273000110146883586
1272968375384387585
1272627554982203392
1271199300542959618
1271187241193398274
1270513899893395456
1270450997299679240
1268954533285097473
1268756694252863488
1268756501516050432
1268613401275707394
1268613400407314433
1268613398775787521
1268613231225958400
1268536445876264962
1268302423988359169
1268286460832239616
1268218337428979712
1267898651222867970
1264915677212626950
1263962368352100358
1263868885465432066
1263691151518752768
1263653753191718912
1263649492152152065
1263648616389816323
1263647649825058816
1263646647415783426
1263640627167858688
1263626990227197952
1263533150015303680
1263529817401589760
1263523997729329153
1263109831000457216
1262791013980082176
1262790787345133568
1262373633852428292
1262373632820621314
1261693352002625538
1261693247803412481
1261006470851760129
1261006468658192393
1261006466435223552
1260723066121961475
1260719102655692800
1260599928717443072
1260315741749985285
1260310657569828865
1260310656542224386
1260229999178780672
1259911266728108037
1259527848269938689
1258772050463916032
1258536696280276999
1258489742095798277
1258476776633716736
1258476654546034689
1258476540700082178
1258410348056506368
1258393526611689483
1258111780380749826
1258059782394720257
1257739730613133312
1256215540034605058
1256215539137069057
1256215538298171399
1256215537358602241
1256215536398196751
1256215535626391554
1255944556425723905
1255902852838420481
1255212365831966721
1255163850434981898
1255129986748604416
1254892327216140289
1254778403191844865
1253313976349478914
1252718484372566022
1252647881871409152
1252319588563509252
1252300961084825600
1252256277637586946
1252237204920782849
1251299498447511554
1250857484077666305
1250818637734297601
1250815440235966465
1250490488681123841
1250454797389619200
1249128215739760642
1248300387360215041
1248275713230278658
1248259551473872897
1247571964132286464
1247515898203734016
1247244955120271361
1247206581772705795
1246933502039404544
1246123872174432265
1246084886668161033
1245758267931885569
1245424385541976064
1245229258168872961
1245084129689063424
1245003846214189056
1244841561776459787
1244719559963222023
1244676684969906178
1244461680467177472
1243943469594243072
1243941299411017731
1243696337134039040
1243622614355963904
1243613870821957637
1242605621678993410
1242604492765294592
1242583619039715328
1242208072824651777
1242187945567797248
1242185957383614464
1241829446727983104
1241749422926639111
1241749421890703362
1241749420758257664
1241749419344695298
1241749418019360769
1241749416983347200
1241749415594991626
1241749414508662785
1241749413015453696
1241749411883073536
1241749410788376582
1241749409727160320
1241749408682778625
1241749407499980802
1241749406350745601
1241509169276092417
1241508616152252416
1241508460841312256
1241507516980375555
1241485234723606530
1241479466829991936
1241414536583884800
1241392153835614208
1240742655405015040
1240375168901484545
1240332721290915846
1240332099674165248
1240328713348186115
1239672497877983233
1239237837473689601
1238674887612305408
1238659516931006464
1238603094998396930
1238177683055554561
1238135897444487169
1238118883564929026
1237961628253118464
1237961627426848768
1237961626508288001
1237961625749118977
1237961624901861376
1237961624117489665
1237961623261896704
1237958103892623361
1237944145794281473
1237914792142221312
1237788305439240192
1237776889797849088
1237759836668006400
1237742817058881536
1237558399891464192
1237525017753047040
1237520166847561728
1237477115089600512
1237468736749211650
1237429729650708480
1237181196162994176
1237181194049069056
1237093442834042891
1235974794820096001
1235649796175794176
1235336278327152643
1234940008546566145
1234937756335427584
1234850903867494401
1233444328103645186
1233163125622497281
1233137261979557888
1233137180228431880
1233135309141028878
1233135031176114177
1233134707510063106
1233130653459369985
1233123777497763841
1232829941978365952
1232755243047362560
1232752587369259010
1232734982738710529
1232435284681383937
1232431916629905408
1232431915149320193
1232431913702326272
1232056407857467392
1231954397292306437
1230965971684192256
1230170420604698624
1229863701252988933
1229535421945786368
1228414924411588608
1228375390248427521
1228345054982438914
1228325945221664769
1227629931741556742
1227304000598499329
1225887975852138496
1225492603594051590
1225207096255361024
1225162074675982337
1225162072608116736
1225162071131770881
1224427707427147778
1223651243069001729
1223643688770949121
1223643686828900354
1223403410734690305
