1286010931869298688
1285994025623879686
1285952228109488135
1285701047525277697
1285698582486691841
1285635180997353472
1285572935789547522
1285298308949463040
1284661958738944006
1283860485918601216
1283414514327748610
1282711524520407047
1281066536611045377
1280211198760357889
1279430615155249154
1278728388061118464
1278706270451765248
1278429823409537024
1278408059208024064
1278371301439176705
1278177241013387267
1278041961727963138
1278041187841126405
1277691842071494656
1277647006656278528
1277646945603989508
1277646746559143942
1277645689342832642
1277631935473467393
1276855022781947905
1276225395122200576
1276207277784080392
1276203374682259457
1275875628991025152
1275875628072538112
1275806954066251776
1275801300110901248
1275796612707749889
1275542026096988160
1275127215643070466
1274722271073046528
1274038002919133188
1274031531175096322
1273334729086033923
1273334728205180929
1273320505379115009
1273320504636645377
1273287476040347648
1272915470740590593
1272647498839076864
1272247448241680386
1272137115409809409
1271505114965118985
1271505113123893248
1271183178833833986
1271172415956148231
1271155682759323650
1269258851423051777
1269258849367851009
1268926608712380416
1268657555926134787
1266817092973707271
1266368614791168000
1265363730826694657
1265358634055282688
1265011748479938562
1264939867227729920
1263901877814661126
1263854855648665601
1263607209524674563
1263590857334112256
1263501874172432384
1263501873396449280
1263501872662548485
1263454542810812417
1263211390938079239
1263211389100965888
1263200476918579202
1263200475320639490
1262817734062215174
1262788206023585798
1262751671299407872
1262358698602704903
1262358697289932800
1262358694433603584
1261856395583987713
1261366772390739969
1260619732144869376
1260297038094307334
1259935240333733889
1259534776123482114
1259491333305180161
1258873338073677831
1258854349377359878
1258842106497503232
1258838732645564416
1258833836793790464
1258829245339615232
1258789673041833984
1258786977412939778
1258781094104772608
1258772611259080704
1258772470070489088
1258772364143341570
1258748620121214979
1258747577387925506
1258521561369202689
1258500531883999235
1258464652197072896
1258436966187704321
1258424538871861249
1258158144011866112
1258158142573215749
1258101294696484873
1258101293593309190
1258067793284681728
1258042511244869638
1257706697843507200
1257679671837233153
1257669770268356611
1257473615970406406
1257352510043455491
1256276661315735552
1256235779350769665
1255858537659535360
1255596371270344708
1255573239138529286
1255566524510810114
1255517853710782467
1255307083379023872
1255190447384858624
1255173627391197186
1255166074129129474
1254884992620134403
1254852594708742144
1254779895336407040
1254769967074906113
1254434948481781760
1254123510525571078
1253766382514249729
1253764362319409160
1253732803029749761
1253679444688089090
1253448981490925570
1253389974575157248
1253022940561580041
1252973696911884289
1252968810312843264
1252777375554822145
1252748912496193536
1252715302380601345
1252681757519945730
1252671794227695616
1251974608644911109
1251974607118249984
1251279466652991493
1251278066246172673
1251251623386591235
1250881417460015112
1250881415102828545
1250804280103141376
1250793791092654080
1250503924798423041
1250474462237077505
1250448432055177221
1250164860123590657
1250164729311571974
1250138168734744584
1250060061487005698
1249717833078059009
1249693867554856963
1249346281899724800
1249038903027302400
1248649015757099014
1248642924163858434
1248642923547242496
1248620762472140801
1248584895158538243
1248354599624478720
1248343149732335616
1248328027391627264
1248310162940661766
1248016954524176384
1247957372670263296
1247936376617734144
1247935440348471301
1247931344971235334
1247645890636120072
1247631266222088193
1247631265022566405
1247593806167511042
1246422268898684929
1246185376655585280
1246133608965976066
1246067976794710016
1245795268961894402
1245795267577856002
1245785887331532802
1245759085808623617
1245750241145565186
1245713835757047808
1245452389152407555
1245386631575752707
1245350208399122433
1245301915648438273
1245123983881756673
1245092942399881216
1245002796346327042
1244968509689430018
1244767899082010624
1244716966297944064
1244624761323491330
1244624745783582722
1244623842674454529
1244617827987922946
1244276650860326912
1244276649362931712
1244276647467134976
1243948420232024066
1243943051745275905
1243643954488397825
1243642535995682816
1243642535081390080
1243614006516031496
1243613796805083139
1243593271105990656
1243576557823766528
1243197045248319493
1243024323746684928
1242937639440965632
1242588038032764929
1242547686924001285
1242486730676219904
1242486729736695808
1242444536795856896
1242220966073241607
1242172112107905026
1242164379812069385
1242153683619647489
1241900473730453506
1241900126161055745
1241781404427522056
1241781401751519233
1241781399302082565
1241781397708328961
1241487612533243905
1241445964663193600
1241396953398771712
1241149973380677632
1241049409489690627
1241027630696148992
1240733541245255681
1240694654892302336
1240385265937592326
1240378210753417217
1240069335324020736
1239969192268271617
1239944341554171904
1239695804136292355
1239638265273233413
1239638263301799942
1239638261385105408
1238538266665721860
1238264636572684288
1238264316077518848
1238114087621582848
1238106001427107841
1238105993659236353
1238105988441477121
1238105980237381632
1238105972243079170
1238105965498638337
1238105958703923200
1238105953259618304
1238105946204889088
1238105939221282818
1238105931923238914
1238105923782131715
1238105917226455043
1238105908514873345
1238105902907035649
1238105896263340034
1238105889413922817
1238094915919282176
1237860102704529409
1237750832650694656
1237455308643016707
1237056881249697792
1236652894872465408
1236305606052626432
1236027860936265729
1235699633495605249
1235650468937961476
1235640725896916992
1235638383105445888
1235585139129880577
1235256520952238081
1234909569207459840
1234909568230182912
1234557759322050560
1233397802463584258
1233397801016610816
1233397799565373440
1233145805126721538
1233145796582834184
1233132796690018314
1233118314521600000
1233086021975379968
1232032062854619136
1232019868800704519
1231697599603847174
1228378336109453314
1228368658419929101
1228346594728304641
1228082357409918976
1228061309914275842
1228039218951266305
1227650215391395841
1226985565012316161
1225886562233262080
1225569864686931972
1225539508478840832
1225174416293711873
1225146462637645824
1224901655835160577
1224763728647933965
1224467671472918531
1224169916569456646
1224101219117027328
1223405189689901057
