1286090445118939136
1286071869519605760
1286071787944652803
1286055529316528129
1286028024761257984
1286008037149421570
1285999017323880448
1285983210988593152
1285966392295120896
1285947192801480704
1285928707706822658
1285908218863067146
1285738467779989505
1285728433432145925
1285703035826692096
1285687614075543559
1285676544237731847
1285652693520982016
1285641882383650817
1285611851401891842
1285592004223741952
1285570517483827200
1285546183507824640
1285345766966427658
1285323677039460354
1285316097818976259
1285285068718706700
1285285005946695693
1285251559132139520
1285217454340345858
1284947135927144453
1284946924865454081
1284866387689832450
1284634315524014080
1284634198637252610
1284564695442165762
1284564623606403073
1284518106900115459
1284491809423601665
1284287067523108869
1284233011853221888
1284208480501608448
1284163469273640960
1284123469966344192
1283909970623430657
1283876062590640143
1283847691177426944
1283824309644021761
1283794597479690243
1283794528621789186
1283773588970057729
1283749248278945793
1283512230080905220
1283480796041490439
1283464309721444352
1283442716442013698
1283421067256705030
1283404315974082562
1283386574844104704
1283195321036820482
1283155459755606022
1283115892537282561
1283086390247464961
1283064615153401857
1283048948463173634
1283038893231792137
1283012161640464385
1282810817994297346
1282783696655876096
1282762946448437254
1282747398872276992
1282722838118567936
1282699840481370112
1282699748261191680
1282680555348385802
1282657140080025600
1282657018923356162
1282396461012078592
1282346455664123906
1282310222732820481
1282002665308741632
1281963551398060032
1281781422445846528
1281713696738164736
1281702091136700417
1281667107587932160
1281639341618495493
1281626814205460480
1281626702477537280
1281609464932528128
1281574092148101120
1281372006760382464
1281334486886526976
1281310505533992962
1281263637651324928
1281229766012497920
1281054042651627522
1281001433819742208
1280971568433303552
1280951223634530316
1280936917396262913
1280896381914238976
1280875419109961733
1280858653080162305
1280621488945524736
1280589363949105157
1280576251648827392
1280554837306863617
1280538971878027264
1280504872358621185
1280301046204530688
1280300935885910017
1280256521419362304
1280216771652251649
1280192422668988416
1280156773412823040
1280155556477407232
1279900275050811393
1279878468814028800
1279820352621666304
1279820251916460034
1279779975764246528
1279515691855630336
1279410912697384960
1279140385592430594
1279119020743176194
1279105780118102016
1279042558342115332
1278830192463675392
1278830142266191873
1278830073664151552
1278782548936740871
1278762717222965249
1278739808991563779
1278739521601929219
1278701941753819138
1278672596150759424
1278647690570711040
1278490386839810048
1278463684852027398
1278436266867077123
1278419828378931200
1278417143256752128
1278394481058951170
1278385947659436033
1278370625061560320
1278337704418258944
1278337640790724609
1278301141172989954
1278123549824299008
1278123452759752704
1278075625841065984
1278047614559088640
1278031659846303746
1278010381508714496
1277997031521497093
1277985951147528192
1277966400183611406
1277957623602610181
1277757959343398912
1277732898892849152
1277720741363015686
1277675167003672577
1277660099784462337
1277631354767839239
1277600566085136386
1277285044348911617
1277246142556880898
1276953077237547010
1276886995244113921
1276651764322836480
1276598945830055936
1276538771316576257
1276513932572872713
1276470869846523910
1276297123462512640
1276278776427577345
1276278675848204288
1276252044190461953
1276232080201003012
1276212726596014083
1276178400403734528
1276144612378279938
1276144466525650944
1275911813390098438
1275900342132187137
1275865746510397441
1275838221541208064
1275834015011012610
1275804998086152197
1275783746583699457
1275583070821855239
1275552860814663682
1275528185984307201
1275507526537293825
1275488185632657409
1275455795732156418
1275426412355346436
1275220077894385664
1275196025867821063
1275175253048799236
1275146092951240704
1275100387679354880
1275072092287807490
1275028414211272704
1275013344496361474
1274867327109038084
1274705076729319427
1274417639683653632
1274370413242564609
1274135747193376769
1274135662250414081
1274048524821372930
1274021171336491009
1274021078160027651
1273986545247272961
1273970697753317376
1273742662089216001
1273720927625322496
1273696695440769028
1273684536224886785
1273659451552268289
1273634386748018690
1273619655060525056
1273598085156012032
1273411573948780544
1273396580331159554
1273396338349277184
1273379970346336256
1273359124223451141
1273353697347751937
1273330430922625024
1273313858489323523
1273313609024704512
1273288019739652096
1273271552696598529
1273270083280867328
1273056410985811969
1273048736986533888
1273018182119362562
1272995812608532480
1272977820919181313
1272959569250193409
1272931046162681857
1272906714690576384
1272895169021579265
1272878808203513859
1272705774419140608
1272705395895578625
1272652713151664131
1272631812855136256
1272591639194845184
1272569914419810304
1272569781477146629
1272519131414265856
1272301366166335489
1272231313844600832
1272197586963828737
1272176512075251712
1271978931508346880
1271954917683531782
1271903034600284161
1271902924885635072
1271855607549775872
1271806748802854918
1271580785510879233
1271580614362386432
1271566817845108736
1271523162153521154
1271497085737631748
1271473404986691585
1271450282564689920
1271425526817849345
1271261905114599424
1271244132846129155
1271216333825421314
1271200568124547079
1271188025297510403
1271181689864310784
1271159358337024003
1271141115681521668
1271119643747463168
1271097949209190413
1271047795752013824
1270854961753133060
1270824782083350528
1270808875919462400
1270795739652927499
1270756100363694081
1270733889397567489
1270708274732642304
1270496335565815808
1270473966138818560
1270450623436251136
1270446242699542528
1270443784032133122
1270424002595631108
1270405128814764032
1270363226358849537
1270329786095845379
1270102829341061121
1270102717235712000
1270072052729483266
1270059885686919177
1270055961324126216
1270025974919434241
1269996118949101569
1269782539239067651
1269667802027307009
1269644419776614400
1269614146552827905
1269416866688237568
1269366371361656837
1269305273245749248
1269265525269553153
1269077249619308544
1269028876858130434
1268986262947586048
1268972819880251393
1268943473123774464
1268919031052087296
1268901684870352897
1268681299411251203
1268645785228509184
1268617424204468225
1268601613599596546
1268579995779313671
1268504309437739008
1268367242489671680
1268346129009213440
1268332785938436097
1268316858211418119
1268293530130276353
1268242275265544193
1268242204679647240
1268226881008144399
1268189611362304001
1268176900859613187
1268146797769359360
1267978408811692032
1267953727027232775
1267948681476681728
1267894037459210241
1267893889098186757
1267853969864482818
1267840172734939141
1267787571930726402
1267769208689119241
1267610431830532096
1267602031528861697
1267586639595012097
1267518788339142656
1267498541112602625
1267469149934149634
1267456619337613315
1267220694506655745
1267101976061509632
1266916984811327488
1266820280283955205
1266812127601442819
1266772011365412865
1266721398069886978
1266503801571348481
1266476725841657857
1266445309900701703
1266436799477448706
1266421332369170440
1266400197384572928
1266389857137569795
1266368772186664975
1266322037225803777
1266184510036738048
1266168683501584385
1266142239807373319
1266104319088132104
1266104107309436934
1266065238677430279
1266027509180661764
1266019640964272136
1266006573425537025
1265837950073536512
1265799772507713539
1265770383975858185
1265728188036132867
1265703870778560513
1265691826272505856
1265675932402159618
1265651211283369989
1265614440743010305
1265443065571008513
1265405514051203074
1265404704239960065
1265404409762242566
1265404046220972034
1265381432987451393
1265381023048704001
1265337489071505415
1265310405540433920
1265297154274480129
1265284535568211969
1265091866028105729
1265043354171080704
1265029762675867650
1264959868974313474
1264930637007466502
1264742473580064768
1264713896239169539
1264698444230332424
1264657169816924160
1264625085098397696
1264598312050741252
1264565337623793676
1264542289600425990
1264322677768060930
1264248914837938178
1264214209937715201
1264197093507424256
1263971242912239626
1263963679709704195
1263952789430046720
1263923533064933376
1263904119724613634
1263904010488156160
1263870328318693377
1263844044058382337
1263811085859258368
1263792454475579392
1263652349102473216
1263643327494336515
1263624661872541696
1263611690798714881
1263599494064746496
1263587978330292227
1263587814005858305
1263573478457909248
1263563147434172422
1263548193230540801
1263532918032551939
1263501529761435655
1263460436340609027
1263442657872875521
1263293990251704320
1263288271909670912
1263270286671122433
1263256817280393219
1263212786223648768
1263198476730580993
1263175431576002560
1263152018128076800
1263133719147225091
1263133644811636736
1263104374164733956
1262926137098940416
1262908983104417799
1262895956430934020
1262792297357414401
1262768259407007745
1262759225282846721
1262736257983172609
1262586285799211016
1262558281429651456
1262540716879876096
1262529229419397124
1262490869011226624
1262469778360414208
1262448831708495873
1262432779381477382
1262398721746239489
1262376665168203777
1262162319326527488
1262056967557787649
1261796437064630274
1261796379703328769
1261715047757348870
1261680931972276225
1261651068410310656
1261447003210465280
1261428634025447424
1261411090493329415
1261402626169507840
1261392849867878400
1261376202385784834
1261356752487870466
1261343548420521992
1261323421935435777
1261306128878776320
1261283191480033280
1261096845067026434
1261074233565863938
1261039779115917314
1261012440550199296
1260996072433991692
1260982227187331073
1260966054416855042
1260941412713013254
1260938369774825474
1260920849034547202
1260744194898919425
1260727370228600832
1260701048919949314
1260700926689542145
1260682549099139080
1260659072069562369
1260649709166714882
1260626519791210499
1260598928845746178
1260596681143435264
1260580239308206080
1260563313521561603
1260396442943918080
1260371773113143301
1260325495419346944
1260303971471822849
1260289438967611392
1260270513919799297
1260248790415671297
1260209650751979523
1260051908884037636
1260030692110434304
1259994691656978438
1259943044700352513
1259893789138845696
1259869492278177792
1259831653528145921
1259664324060217344
1259558281502240774
1259484502386192384
1259214337765519364
1259175444252852224
1258925641875030021
1258925542386139139
1258910960699478016
1258829290541547520
1258808114184433667
1258794632281899010
1258768902340980736
1258747401730502657
1258575096513470465
1258564948827017216
1258550340422479872
1258534326108446720
1258515568497324032
1258503121870954501
1258483134485716994
1258454733485998081
1258437339875102720
1258430562370498562
1258399381390229504
1258228026950762496
1258217315952406528
1258204375060811781
1258164280874147841
1258132333506564097
1258107985412399104
1258069448285663233
1258037792417943552
1258022945689153543
1257810743874818048
1257761780794888192
1257745690555490306
1257716864991584256
1257698828129615877
1257687888273309697
1257498657814872065
1257488873309044736
1257421937174892553
1257384221447991297
1257366061390991362
1257351299089252359
1257328772233207813
1257303025955352576
1257159132764934144
1257150918677671943
1257134103641690113
1257112732970692608
1257102470087663617
1257050185273937920
1257032573869535234
1256963688176762881
1256725768689848321
1256644028168372225
1256606752574971904
1256593328293937152
1256593263366213632
1256581228691587079
1256384942029897729
1256362363147649024
1256349226331705344
1256309988106141701
1256281567552471050
1256262019155714048
1256240265217662978
1256220485651779585
1256042590434099200
1256007897462472704
1256000614439542784
1255984349557731330
1255964778222272512
1255951623962189825
1255930954943733761
1255913959070277633
1255903843298181120
1255903044769808385
1255884916216287237
1255847867643768832
1255648465994100738
1255609138547249152
1255570984188477442
1255570850436259844
1255564574054666241
1255553771758911494
1255550089621377025
1255542908847087617
1255535500674433024
1255535499760078848
1255535497822289927
1255527133092417536
1255487083336130560
1255299363477303297
1255280649163939842
1255268254609813505
1255268156723138562
1255252791465033729
1255234987869290498
1255197384973393925
1255161576048517126
1255142583862362124
1255134271737434115
1255104498663591936
1254939191173054466
1254913298534981633
1254889628974407680
1254863000239869952
1254842543214342144
1254802491440607232
1254774783184535553
1254549858574307330
1254511044975824899
1254466879973982208
1254444818559840264
1254194782731198464
1254148052916600836
1254099991288786945
1254069963217829888
1253832160479412224
1253816093925412866
1253764161336684544
1253729493912637443
1253698915305734144
1253683720348995587
1253487978191650818
1253456339247955969
1253450903027421184
1253424194970193920
1253423890484719617
1253397781626093568
1253373054622859276
1253362290654658561
1253347469846601729
1253325253599625218
1253301974117888001
1253124092057858049
1253113000736808966
1253100150450503680
1253086392101593089
1253055864119885827
1253039872572522497
1253016164629975040
1252994823696646150
1252976374861742081
1252960587409174528
1252765075959660547
1252748573629976578
1252736310499999744
1252717742618284032
1252685787449221120
1252659235068030979
1252633256413089792
1252633075965734920
1252606607176974336
1252594584049397763
1252398003274387463
1252381054083588097
1252366307258822657
1252323403593375754
1252280932574298115
1252274452542492672
1252274446011949058
1252274436956393474
1252274426571370498
1252274361433759746
1252265908489330688
1252254619419410438
1252245507931504640
1252237528209514496
1252033734766931969
1252010195879899136
1251978483657564160
1251944006541611009
1251920314004647942
1251669493849473025
1251633492171067396
1251619272410963974
1251589198076878858
1251588905348075520
1251561781211934722
1251513436627972097
1251307400663126016
1251258817721008134
1251223728995946497
1251203732769046529
1251203178823114752
1251202647610273792
1251202396740628481
1251185484681879555
1251184793892642819
1251166379992141824
1251148973332590594
1250968179893047296
1250950687980167168
1250932770681036803
1250922078242582528
1250888427257593856
1250866267088658432
1250849643304452098
1250846475615121418
1250823256346701826
1250785368624029698
1250600224072110080
1250574863422668805
1250529160545566726
1250514291473690632
1250495826885033984
1250479785643520002
1250463255157407746
1250425988862730240
1250236557199581191
1250224456733163520
1250191926650863616
1250163679905099781
1250153184506544129
1250139993240227843
1250116700864987136
1250101018236538890
1250081569517248513
1250074338260369420
1249853817086230528
1249833519964139520
1249810189219434503
1249790562846289920
1249772779563515904
1249752350547423237
1249737106039222272
1249718615588438017
1249700248081108993
1249474348970369025
1249446864199524354
1249410069210583041
1249385103631024137
1249333864478191616
1249087763376418819
1249062484721438720
1249035998203457536
1249011381715767296
1249011299700400128
1248984852218753024
1248775906145062912
1248756168438284289
1248709212290658311
1248700585370685440
1248678580348911618
1248660048810774529
1248635618214764545
1248629330793631744
1248615975986970624
1248404021355806723
1248393386093998081
1248378443097444353
1248365527627677698
1248343016470974466
1248325917367324672
1248308593847406593
1248274887464161285
1248258365563830272
1248239603946934272
1248219548739866626
1248046511084187649
1248037441983975424
1248015783554244609
1247998540795850755
1247987877721579521
1247982333770285056
1247955763483590657
1247948332011606017
1247932193407729667
1247911065628954629
1247893077517160449
1247888636550365189
1247680052118130688
1247675278060670977
1247648067266007040
1247635963112800256
1247629889676738560
1247610849696649217
1247596390366281728
1247591465326448640
1247581402989821955
1247564096742084608
1247553351258198016
1247545473247969288
1247527517637885953
1247327412406419456
1247307433971781632
1247293436396535811
1247264291398483970
1247263000358248448
1247243543841771526
1247232650701651968
1247217394461835265
1247202565709869058
1247182958068412418
1247182340218073089
1247156446485241861
1246976564627148801
1246891501210271746
1246847431075139584
1246830770783731714
1246814609278935040
1246575893771927552
1246562181958770688
1246541829815832576
1246513143817416705
1246481602324172800
1246445619465588736
1246431632334245888
1246240066156015617
1246239921830014979
1246225596717416449
1246225467142782976
1246213601624502274
1246188239737757702
1246161973491843072
1246136559520354305
1246117815691640833
1246102012019855362
1246089941567889412
1246078802511396867
1246073302113832960
1246055436790497283
1245894888358580230
1245872959073509377
1245848626858950657
1245817217230540800
1245795872555892736
1245773159237922816
1245753640410906624
1245747633345396736
1245723410933649408
1245717260632809472
1245693191417933825
1245514814316785670
1245514812458708994
1245514810852245506
1245514809195614210
1245514807920467969
1245514805802422273
1245500650148028418
1245480486585143297
1245470908489351168
1245453082470866946
1245444598253662208
1245410031610322944
1245403087382237187
1245388823082741761
1245379289282994177
1245363210640928768
1245347455870414849
1245164560530771970
1245150992783552512
1245144102427123718
1245137826670411779
1245119116450684929
1245105724620976128
1245097790121955329
1245082839856619520
1245082730544709632
1245082561753350146
1245082379687002116
1245073789148332033
1245070086278385665
1245059318749237250
1245055684347117570
1245044195586342913
1245030293305806850
1245011323060129794
1244985375535378432
1244973881800228866
1244965140082110466
1244958249981562881
1244777997804220416
1244765519141580801
1244735155341873157
1244712234640723973
1244699580681334784
1244679814684053504
1244657965912768512
1244645965442752514
1244636342098833410
1244627157227364353
1244396307864788998
1244371817525063681
1244355958907777025
1244323142635524096
1244291999878053891
1244277417381974017
1244265995809800192
1244065227290939399
1244039269758447619
1244016132480274432
1243998542261297153
1243998433591070720
1243964985476333568
1243951174526668803
1243942418698862593
1243913882567151617
1243896179827630080
1243710506231312384
1243699668812541952
1243696613396283392
1243673097573740545
1243657871809826817
1243646975448416258
1243643418104025091
1243618214573223939
1243593725890134017
1243565869625749505
1243565760347332609
1243540836719173634
1243275248214192128
1243255369356410880
1243250820730294272
1243239812494168064
1243223091297366016
1243218183663890432
1243198612504543234
1243198397395410947
1243181935532310529
1243181804837896194
1243172473459400709
1243161276219641862
1243022886685851648
1242998865860726787
1242990738104819712
1242980794345426945
1242964752143470592
1242949046253256709
1242932061259870215
1242929238648532992
1242900338946060294
1242896873649631234
1242877762488188928
1242873139295670276
1242868144483467275
1242852609125494793
1242839216041664518
1242825143078006790
1242804988474208256
1242614090989797376
1242596636406226951
1242580461827895296
1242569450362220544
1242547367246729223
1242528990730104835
1242521017190420481
1242509985789227011
1242493293113544706
1242472178878160896
1242458674750259202
1242446796959420416
1242408221253525504
1242265263577468928
1242251309723590656
1242238180084105217
1242237347388940289
1242236772605706244
1242235914543382529
1242233565091373061
1242220250797690880
1242194625307316226
1242181075054530562
1242177745402105857
1242158373753274368
1242158371396091910
1242153064536121347
1242122813445718019
1242112011330355205
1242106828936314881
1242087283664334848
1241865783128580099
1241840805758808065
1241830750963539970
1241821235677364226
1241812886542061570
1241770388440469505
1241750008002723840
1241740829141729280
1241708429472862208
1241681159702093825
1241532680493293570
1241523780368859138
1241454307867799557
1241432192280154112
1241410515672403970
1241410395258130432
1241394782305386497
1241369041803059202
1241349005214449665
1241182429282537473
1241162570909855744
1241138208525750272
1241133667151380481
1241112228520243203
1241106084191965189
1241089647054372864
1241078353622454272
1241078248769028105
1241052949821956098
1241040123736854528
1241023354024398848
1241023223464108041
1241011232343314435
1240998214855204864
1240984193863163906
1240820350688116738
1240805164300238849
1240792781922217986
1240781198575747081
1240772028824780801
1240769144242556928
1240758026522550272
1240747410378428416
1240742934460448768
1240742833054789634
1240736536762765312
1240726642231848960
1240717085249961984
1240697076666654721
1240693655704240128
1240692193624391682
1240681637249200131
1240674322827616256
1240663017030811653
1240657493568651264
1240649879799693312
1240648661140418560
1240647379340201989
1240646167807045636
1240625546792443906
1240612617032515585
1240590210255200258
1240453890505613312
1240440585938440193
1240424074754613252
1240419029841588227
1240407163710963712
1240392584071012352
1240384830778548224
1240370914447052800
1240354074391961601
1240345332413759489
1240343393491996673
1240335738425815044
1240328168478826500
1240323739549564930
1240302740796059649
1240290302742626304
1240272254858145792
1240254737179652096
1240236421249732608
1240104892787830784
1240064295066652674
1240045606011310081
1240028888807493633
1240016840325238791
1240005696231550980
1239995692883546112
1239984863593234435
1239958627689078786
1239953420984950784
1239942014034153474
1239918887128502272
1239903181901115392
1239894223975002113
1239870937329283072
1239712160839872518
1239691242692370437
1239683591199694848
1239662291332878338
1239641323365380096
1239628366980022273
1239615469214105602
1239599078079692801
1239567761988358144
1239561893926273031
1239546462515625985
1239522291916177409
1239377018854260742
1239362456415240193
1239349554648154119
1239325653243179008
1239302510873108480
1239300169084145664
1239292820122488835
1239285075688263680
1239275896353275904
1239275413244981249
1239275049833684994
1239273217778421767
1239237875134332928
1239216927857352705
1239189006459506688
1239027014822223875
1238986065144352770
1238959121703067648
1238908606847819778
1238882549537087490
1238861344390230018
1238850961927548928
1238850843719479299
1238829486747062273
1238635790730657793
1238623389557891073
1238616669989240832
1238606490006704134
1238589398146527240
1238587091677741058
1238573701278453763
1238559881688481797
1238558281163030528
1238539046730772483
1238524705176530946
1238506504136916995
1238502032610385921
1238476080547278848
1238475833297326080
1238448273674862593
1238227060675485697
1238172540293562368
1238164628489883654
1238155605921214464
1238153059085230080
1238120505045061632
1238120388338552839
1238120299763240960
1238120225104691200
1238120160583614464
1238120053100498947
1238119940143624192
1238119847608942598
1238119733611896834
1238119505517318146
1238107093665800192
1238101824110047234
1238098068534370304
1238095968026976257
1237916617402703873
1237916359469785088
1237883962795556864
1237836983554183170
1237821238690689024
1237801311573327872
1237755896312315913
1237723540805300224
1237530365633282056
1237530250117931011
1237507068635959296
1237479222416945154
1237451472255758337
1237451332740661248
1237439032537341955
1237429155383345152
1237389117123473408
1237373147835490307
1237155267877441541
1237142667311661061
1237117142308397056
1237113893962596358
1237077920704757760
1237036137425842176
1237014635137638401
1236829735285653504
1236823298723532805
1236779285567987712
1236763476036661249
1236745116020326400
1236739684950323200
1236730653116444678
1236717846324969472
1236709662373949444
1236704359498625024
1236651179934994433
1236599690306752514
1236467454492246016
1236444376563400710
1236444261073203201
1236427704267878400
1236413013403545600
1236389138389258241
1236380727161257988
1236352245140242437
1236346411379236864
1236322069622685696
1236305813175709697
1236110244821884931
1236073792864219141
1236037325391646727
1236026557610831874
1235998516847271937
1235978785369055234
1235963060000563200
1235933487493873664
1235726030033346560
1235678699158040577
1235676215480070144
1235658540418830338
1235641354321043457
1235620646224367616
1235612013042122752
1235596612832911360
1235576552668246017
1235557753193668609
1235368129859108864
1235357329098510338
1235349593216425986
1235315211848032257
1235307303253008394
1235278986588151809
1235258876901154822
1235238361096425472
1235215478164983809
1235210386745544708
1235204131352186881
1235184415116054529
1235018817169956864
1235004668608237568
1234963407725568000
1234951357884518400
1234943112377704448
1234924946389794816
1234896261159047173
1234874187250053127
1234859357042507780
1234654557847871490
1234588025683939330
1234587873636212746
1234561892376555520
1234556620136493056
1234522368908939264
1234522310742364163
1234490357246763008
1234315406426464256
1234275912100859904
1234250854074658817
1234182906446262272
1234133523918983168
1233928691245371392
1233928630608310273
1233921016671457280
1233840087223455744
1233812498903707652
1233812391806296064
1233784201670950913
1233559860018647040
1233545788049022979
1233489519393067008
1233458869877313537
1233443768533123073
1233441448596582401
1233441391134543872
1233441333248958464
1233441277057826816
1233441208950718464
1233440470568783879
1233440261264551936
1233439648749408256
1233439571360305157
1233439032283148290
1233438926750277638
1233438394954518530
1233438128389619724
1233437404754780163
1233430323226120194
1233414225227341824
1233399227033817090
1233378797132578822
1233192059588218880
1233163813857452032
1233139306073554944
1233105018481446912
1233082767715524616
1233053206625673219
1233032394774663171
1232818442551615488
1232798098843471873
1232775380660035585
1232754964856033281
1232728745661927424
1232705312479678464
1232646574674763776
1232493827870478336
1232448091569020930
1232443733125156865
1232443513763061761
1232433841337335808
1232420644547178496
1232400188607778816
1232387781965631490
1232359350984945665
1232317325073715201
1232074594078642176
1232055195389091840
1232044706462388224
1232036165538152451
1232006456544808960
1232003446838120449
1231985824448864257
1231985740302749696
1231948540722794503
1231768979519221760
1231767757345230849
1231641296797929472
1231611722798190592
1231343422948233222
1231274364919828481
1231234312185491456
1231024810748260353
1230919004371456005
1230912976653254656
1230899264437571585
1230872460389732355
1230637399417421827
1230581953977516036
1230581860113276928
1230570032322793472
1230536522002202625
1230510789846556673
1230504217737093120
1230282931005988865
1230261861108588550
1230226384108257283
1230203236482719744
1230183761452634112
1230139495376400384
1229953268442370048
1229918574002737153
1229876095677292544
1229845736998789121
1229825587541401605
1229825491168825344
1229810443260223488
1229768212126085121
1229541014806945792
1229508733610450944
1229465852904460288
1229465741210112001
1229411126540193792
1229179769641631747
1229179647109271552
1229110761726922752
1229075036163727361
1229053657989222400
1229053480771444736
1228863076574924801
1228789048266891267
1228772378383192065
1228718852500004864
1228697592810364931
1228468473044533248
1228446345117257736
1228436472845520896
1228385772283273216
1228365147560927232
1228349612827738112
1228335735343849472
1228335653177483270
1228091622447030272
1228073451363192833
1228068529884278784
1228061731311714304
1228039928950534146
1228031679111057408
1228013940854153217
1227979140554481664
1227961180511227906
1227772635955814400
1227772530057973760
1227715723134410754
1227670887438147586
1227658614346788870
1227634404052422656
1227612990322675715
1227612881644118016
1227594865950777350
1227399876364918784
1227395807411871744
1227381971191574531
1227354531505332226
1227354445224325124
1227333407346130944
1227323233109708801
1227313515934908426
1227261404681527299
1226995369927696386
1226959195821441024
1226920319086157829
1226912446767562759
1226896973149736960
1226638779622002691
1226575657104289792
1226525711130857473
1226267441598210051
1226237180353359873
1226211586798497792
1226172128082505728
1225936397627994112
1225936275443679232
1225920783161200640
1225920684263690241
1225902950247256065
1225868651787624449
1225832053154963456
1225811081957904386
1225790499937800192
1225578803629633537
1225553502937788419
1225523962018443271
1225507289488072704
1225488274074017792
1225487424282865664
1225468932884193282
1225454903444869124
1225454830589751296
1225435317949341696
1225201391167250433
1225172924484800512
1225159773315911680
1225151809653788674
1225132774287384576
1225126319064788992
1225109977347645443
1225109765958897666
1225089837415399425
1225086883014889479
1225086770175533056
1225062522673233926
1224905002109501447
1224900209408462849
1224894881979564033
1224894258907361280
1224890812099678208
1224889849049763840
1224884986328862725
1224884883484483584
1224879350450880514
1224874532487467020
1224874425084006404
1224870258491691014
1224866395118297091
1224856091852509184
1224840343511818241
1224840231578472448
1224830514701512706
1224804049368895488
1224798914550824961
1224781088075190274
1224781029174599684
1224765294574473218
1224748836641476609
1224727862542028801
1224718177239695362
1224497443078799361
1224460958954938369
1224448243964108804
1224432634178109440
1224400619311640577
1224371564931637254
1224092376731398145
1224092313733009408
1224036285863661571
1224013730964480000
1223785096303587328
1223756740929445894
1223734543569559553
1223714983705546752
1223710741334720512
1223710613878255616
1223687635157295106
1223643843687526401
1223618580530548739
1223420981089329153
