1286019851224522753
1286007228491866119
1285987558925762561
1285978883418980352
1285978882034798594
1285978880512274436
1285978879694450691
1285564372966940673
1285558579840323586
1285326535562604544
1285223011029782528
1285218488924155911
1284505882362023939
1284152432021377026
1283759998871302145
1283483099498721280
1283039590702620674
1282759415662366723
1281711493772390402
1281657137094111237
1281582410531049472
1281369982929113088
1281292975956525056
1280887643094556672
1280887641634979845
1280120228136001538
1279424793431982082
1278774686718078980
1278296648121298947
1278059273495470092
1277785565681930240
1277725050318270467
1277679013797003264
1277644952034574336
1277569018824658946
1277252548114726912
1276600205211828224
1276251737695956992
1276243279420502016
1276240858275348480
1276190461754032128
1275914714690838535
1275886009935433731
1275767261299695616
1275453512013320193
1275453509949730818
1275385473448521728
1275214192199585793
1275206617865367553
1275191185162866698
1275186360308162562
1275182493017219074
1275179632074141697
1275178375133433864
1274100227633487878
1273974819852374018
1273937709745217536
1273653707876548609
1273637820737949706
1273302204196302859
1273284699759222787
1273229159846862849
1273209716768935943
1273204166668816392
1272917437479092230
1272865921821036544
1272618745320689666
1272570206561406984
1272533931527634944
1271539659739484162
1271264530190958594
1271222578795950081
1271196701043408896
1271175563282178048
1271173669398740992
1271161853922742272
1271148817342218242
1271128872948584449
1271096609309368321
1271096608487362562
1270846387996033025
1270770763851804673
1270731367995899907
1270715384962985984
1270505708803493888
1270467366376398858
1270453005360476163
1270448486014693376
1270362328626855937
1269255985501220864
1268896517609439234
1268671303533371395
1268653498826178561
1268609893906485248
1268594261148213252
1268327268322914304
1268260381828485120
1267824036844732421
1267783421692194816
1267621433305333762
1267621432613273604
1267621431732469762
1267621430935670785
1267621430117773312
1267621429438267394
1267548948937441281
1267473779762094080
1267460802442903558
1267455323679440896
1266465666879631361
1266356428048130050
1266080305649197062
1266027699719593984
1265722762460610567
1265674503771824128
1265361678687928321
1264871267813003265
1264871266969944065
1264871265971601413
1264180150364708870
1263902668663279616
1263852961517711366
1263823381608136704
1263626134220148736
1263573394110455809
1263561829508419587
1263561685710798849
1263529140298362887
1263511832637198339
1263487827519647744
1263472411439177732
1263471263957254145
1263213296045432832
1263114116736135168
1262901431868284928
1262830799457529856
1262818083766439936
1262818082604691459
1262773586173005826
1262749289828081670
1262747171209633793
1262734846151057408
1262714418145775616
1262474658076557312
1262417271198306306
1262330248605110272
1261659953183547393
1261630031496982528
1261331045510795267
1261331044147527680
1261326372754075652
1261101582210478081
1261038305463975936
1260999105695932421
1260898816607256578
1260897225930129408
1260893011212406784
1260675619001700352
1260622142934319104
1260614959421173761
1260384759974367289
1260384759202623488
1260384758456037376
1260384757713682432
1260384756929368072
1260384756124057601
1260384755180240897
1260338834077868033
1260301986588737536
1260271201345245184
1260241713127469059
1260233886212251649
1260209136983248897
1260190752807751680
1260190750589009923
1260190749515276290
1260190748697296897
1260190747615285249
1260173215265153024
1260173214589890560
1260173213499359232
1259924092431618049
1259876406101770242
1259795513693650944
1259136137173635072
1259117742323642374
1259105467437060099
1258864233619619840
1258844459757965313
1258792226852941831
1258749852076433409
1258717691084496896
1258702100936130560
1258502597419417600
1258468250276507648
1258443191902240769
1258431139649380352
1258370791026065409
1258354297705836552
1258135653541388289
1258117920061865988
1258081689668136961
1258081688766177280
1258070960005156866
1258060825018994690
1257828505888448518
1257790643155468290
1257729544162861058
1257680824822116353
1257663367877197826
1257460976313647104
1257456184346509319
1257437610533949449
1257419058535960583
1257384579041824768
1256610394296238081
1256296371969306625
1256296371239428106
1256296370375471108
1256296369481973760
1256296368676786177
1256296367850500096
1256296367070248963
1255922174008995842
1255922172851355649
1255562768230617095
1255561849552207872
1255133524996153350
1255125942026076160
1254868224904224776
1254802117434454019
1254802116536872962
1254802115727368193
1254802114787803141
1254802113911304192
1254802113026240512
1254802112195805187
1254428850911576069
1254410593064321024
1253756379539673096
1253668465115791360
1253666893619245056
1253654772063907840
1253338190108258305
1253074310148886528
1253011239992807424
1252961763739475969
1252735706331590656
1252725904377352194
1252642797724803072
1252580511056384000
1252569566372417541
1252424718663118856
1252301110083190791
1252238676031086592
1251608501467709440
1251202214787457026
1251128394676408321
1250923346197458945
1250918874687692800
1250913849236168709
1250842138277003271
1250832269192945671
1250759080274284545
1250601403099349004
1250577105387237376
1250569296272637952
1250524410970288129
1250524410181804034
1250524409317797890
1250524408457965574
1250524407497441282
1250411248199622657
1250208715841699847
1249019607484112901
1248614377839706112
1248309040087695367
1248266687742386176
1248239420932833285
1248083020680216582
1248077567065718786
1247997725653770250
1247997723963543552
1247997722520682497
1247997721450930176
1247929767132835840
1247929765958430721
1247929765236965376
1247929764452741120
1247929763647442951
1247908609784242178
1247581912199200771
1247322699489214464
1247266481399832576
1247262561181020160
1247150441546297344
1246199109918302209
1246131515244896257
1245846068346191873
1245792430991040513
1245774674841210882
1245454491400445959
1245408645552246784
1245151593500217350
1244994638202707969
1244970692606603264
1244675242003496963
1244642600637923329
1244291019451105280
1244250808801202177
1244237427084079104
1244041952619909122
1243992318878920705
1243980605576134656
1243944837512146944
1243940179846389762
1243605111739424768
1243602018448691200
1243585116041027586
1243575470534377481
1243532731960692736
1243278309661773825
1243251500400480259
1243219981585825792
1243214852245590016
1243210367423197184
1243163870459551746
1242971073223802886
1242943540642136064
1242626984917770241
1242489140278702080
1242463556479705088
1242463554642550784
1242463553539448834
1242463552595689472
1242463550137745408
1242442130632687617
1242442129617625089
1242437589631729664
1242236802150412288
1242214571357634566
1242214570590195712
1242214568920788992
1242214567322755072
1242214565611528200
1242214564701364225
1242169760210735104
1242169751591411717
1242169750261772288
1242169745257967619
1242169734763819011
1242100862488633345
1241871558458716160
1241871557636562945
1241871556906749955
1241871556113879044
1241871555128438787
1241871554260226048
1241722674583351296
1241342424179408901
1241057244449562624
1241006538292109312
1240794331625271301
1240644456027693056
1240445821360930818
1240438601621659650
1240374557787160579
1240305337246322695
1239978968180285441
1239970870530953217
1239957852543836160
1239945084596035584
1239942929256415234
1239920816474804224
1239653940343590914
1239611255121416193
1239611253670248452
1239611252348989441
1239611251124207616
1239611249782075392
1239611248830021634
1239611247034871808
1239611245092835330
1239575319989882880
1239527274732556289
1239500849275158528
1239500848297848832
1239500846846672896
1239290640313331715
1239290639306706945
1239290638497206272
1239290637431824384
1239290636358033410
1238793898245402625
1238563772677140480
1238415744809013248
1238233970619359233
1238123648516526082
1238082861904941056
1237898388374339584
1237873752660013062
1237778219933319173
1237758387158487040
1237753501112991744
1237753499645022211
1237753498504216576
1237753497166249984
1237753495706533890
1237753494704132101
1237753493726863360
1237753491810144257
1237753490316943361
1237753488861540353
1237385873097986048
1237161151605223432
1236364617242288131
1236364615895957504
1236364609822523392
1235654909447614465
1235650830453399553
1235611865226661889
1235605481110081543
1235602524083826689
1235306036468252672
1235297818115481600
1235290123887136770
1235278772166942722
1235277906303160322
1235271618471047170
1235238830023872513
1234992156332265478
1234953407934476288
1234940635058143232
1234940633762222083
1234940632772337665
1234614419331702786
1234583253622906881
1234565379554451456
1233765768694816770
1233566417938722816
1233554106620489728
1233528801990184962
1233500919192522752
1233477924050919425
1233423487760502786
1233131396073492482
1232822882205675520
1232767043637780481
1232411846918967304
1232402720038014979
1232385996672716800
1232374183012818946
1232334366019399684
1232310888310493184
1232284865795645441
1231565999062818817
1231311580853305344
1230932228043104256
1230248262483021824
1230248260977274882
1230248259043680263
1230248257441452032
1230248255478517760
1230216036051570690
1230208951272267779
1230204438268252160
1230204435382636555
1230151312903475205
1230151311917813761
1229915371408371721
1229915369852129280
1229895976112074752
1229895974044229634
1229858862569807879
1229413743836176388
1229413742930206720
1229413741588033536
1229202142075944960
1229202140968521728
1229202139232292866
1229202138221420545
1229202137374232576
1229202136094953473
1229202134048133126
1229189541686280192
1229189540713287681
1229189539765391361
1229189538913902592
1229189538167304192
1229189537265594370
1229189535705305093
1229151761186934784
1229142097875406850
1228087933019750401
1227998282468687872
1227986865074114560
1227986004289753088
1227975968993751040
1227727550023192576
1227713159080878084
1227697381728247809
1227640602017378309
1227625980518424578
1227377037364678663
1227377035980550144
1227291649639882753
1227289384854196225
1227261024664989701
1227240456662212608
1227035245763059712
1226992109871341571
1226942346207645696
1226549891360546817
1226549890160963594
1226157156665303040
1225884544185880578
1225847928377528320
1225820053741940736
1225820052387176448
1225820051300868099
1225171382629257216
1225149400844029955
1225103739989774338
1225096947205361664
1225094902247305216
1224909526303899649
1224732124663730179
1224401169847660544
1224397720997240832
1224344514669752320
1224342813707526154
1224342812285599744
1224342809848754178
1223783192974569472
