1286043344184004608
1286032584359673863
1286024825727844354
1286024824947646464
1286013141537652737
1285986768752447497
1285986767930368005
1285986767099908096
1285986766357499905
1285953547146866690
1285711153134399489
1285690788782002176
1285620709851566084
1285331253282119680
1285307239234846720
1285277039814037504
1284865580898680832
1284520905318727681
1284488091214872578
1284250274618474496
1284231625983893505
1284201204231413766
1284186104141316096
1284180214940131328
1284150360752496641
1283856164778909696
1283856163998773249
1283823714090573832
1283793516586504193
1283763324270698499
1283502849809240064
1283487750239383552
1283472650426372098
1283446308922171392
1283163016071086082
1283152170838306821
1283126122335657985
1283126097673162752
1283083229277433856
1283082993494523904
1283045042744172549
1282812047827169280
1282793659830763527
1282750052243574790
1282328865302511617
1281951376155856898
1281676078680084487
1281588995588263939
1281294548329738241
1281230375998468096
1280969909678284807
1280864217042530304
1280622624545136642
1280611296002535424
1280565997468913664
1280551640018432001
1280528500697464833
1280267834153721857
1279792149324652549
1279460073731997696
1279399566693953536
1279115389671288834
1279052273218277378
1278833909082488838
1278810690854154240
1278800210806935554
1278732461783101441
1278472762621857794
1278433196464418816
1278410545536868353
1278395100339601408
1278114881628241920
1278114880843845633
1278114880143405056
1278114879455494144
1278114878784503809
1278114878084001793
1278090784483479557
1278063257375387649
1278038887651295233
1278038886871162882
1278038886179115009
1278038885474488326
1278038884815982594
1277969524898230276
1277720507190738944
1277708527381946368
1277708526748684297
1277630155842781184
1277255435788189699
1276923244902137857
1276901029875986433
1276862847197351937
1276601695825518593
1276566246402777088
1276508302596325377
1276262641695174668
1276251318546427904
1276240995017949185
1276229371976732672
1276202969365655556
1276168269884534786
1275919306824593408
1275919305138483200
1275906105416302594
1275876462374064129
1275846156283756544
1275816588277624834
1275555907808759810
1275483985817341952
1275420844697751555
1275186804845473792
1275171704378208256
1275158692355284997
1274718720909139969
1274688524734922752
1274386530396631040
1274326133874364416
1274084541729091584
1274075033728679938
1274032073465114624
1274019743729672194
1274019742274277376
1273722365348847617
1273707053593346048
1273695737763807234
1273691960159567872
1273676859172163592
1273661754673897477
1273624176306290688
1273389966693928962
1273385777301504001
1273382868916604930
1273371286576693255
1273360163731386368
1273328672875954176
1273328671886114819
1273328670434885632
1273328669403107329
1273328668417327110
1273020026136731648
1273014377835384832
1273006294081945606
1273006292722946051
1273006291175211009
1273006289711489024
1273006288264364032
1272948082674667527
1272915236463546370
1272651695852605442
1272642749049733129
1272597240582934530
1272189554045353985
1271804520788488192
1271480057396068357
1271454424016269312
1271215638954954752
1271208085969702912
1271196331625848835
1271126149662416902
1271125731108687872
1271124214670557188
1271124064900468736
1271123964627161088
1271123336186277893
1271122655295537152
1271120136787853312
1271079745812381696
1270823048988459013
1270762822822232064
1270717543494201346
1270502184501698560
1270490859801317376
1270479778039111680
1270463713456390149
1270099156523257857
1270058710602260482
1270058708949753857
1269698679902003202
1269645295379496962
1269328198996840451
1269267934850973696
1269267932946878464
1268980910801580033
1268965813488320514
1268905416790102016
1268648724940677120
1268622298069651461
1268613280785932288
1268584048504471552
1268554899295555584
1268286759370199041
1268271614715662338
1268240662346039296
1268235064019746819
1267924776305201155
1267634917128708097
1267569725464293377
1267537846388350977
1267494273945133059
1267494272955224065
1267494272028364800
1266776384166379520
1266715990974296064
1266459298458148864
1266451745070174208
1266445939671212033
1266419262756921345
1266368697804955649
1266147368828895233
1266142206089474052
1266119557275627526
1266118624038866944
1266104458225651712
1266088798653423617
1265721133543948288
1265691178126782465
1265691177053040641
1265691176025415680
1265691174897102855
1265691173483577345
1265691172346966017
1265691171139006466
1265681653751517184
1265404504276717568
1265391005571747840
1265379681244573698
1265369803684040710
1265324566244724745
1265284541759066112
1265266436051795969
1264904052355354630
1264675811073941504
1264617156483768320
1264607827949125637
1264607826946723841
1264607825768198152
1264607824174342145
1264607822999945217
1264607821976555524
1264607820982484992
1264607819434807296
1264541663017435137
1264272998082715657
1264247219969945603
1264186821996617728
1263960328431230977
1263945229050105856
1263925853584527361
1263605492791701504
1263590392286588928
1263575463705956352
1263558154232741888
1263536284578054145
1263501886524723201
1263449462325772288
1263235554075832320
1263222086933327880
1263205354919342083
1263171380058574849
1263160056956272640
1263148731370737675
1262880715181404160
1262873166373744640
1262865615900925953
1262859529278160901
1262833632202362881
1262833630314999809
1262833628620492807
1262801442391289861
1262793707155267588
1262522101845463040
1262507116100812807
1262035146590416898
1261710504243888134
1261650106106830848
1261400965023817729
1261389640055033864
1261383611825057793
1261365940933066753
1261365939783839746
1261315941083820033
1261283943594237952
1261068775220228096
1261053679840268288
1261039538228658176
1261025437523771393
1261008384553218048
1260993278545018882
1260974841827594242
1260701692607238145
1260638010829389826
1260343999660986373
1260332857186189312
1260329405064400899
1260311265181917187
1260311263978164224
1260272106425778177
1260237458865823744
1259991863592878091
1259977072266678272
1259897138278019073
1259536176660180992
1259468231670194176
1259173790493274112
1259113390774972417
1258856700519448577
1258835505241903107
1258826501883072513
1258796431491678210
1258766403659857922
1258511081980309507
1258486761707106305
1258456677101309954
1258433294443728897
1258154576118718464
1258139474698973184
1258097277874429957
1258070734540345345
1257818609222668290
1257811059462803457
1257795959972495360
1257792524699291651
1257792523520655362
1257781657668640768
1257740300048642050
1257678940912697344
1257446940549304322
1257422247385423873
1257418459232849929
1257380440035426310
1257342975119687685
1256961715746435073
1256637074792419328
1256576675682410496
1256343033232207874
1256335083784396800
1256309183496032260
1256244642531741702
1255984020862709762
1255976609208811521
1255953821420802049
1255938722417250304
1255923684038062094
1255912298108973056
1255587659033931776
1255565010690084865
1255255471981842432
1255240487390318592
1255232916591869954
1255225273768951808
1255217722905903104
1255211150356221956
1255185008551243780
1255185006437249026
1255178110695243779
1254889308038799362
1254881757993852928
1254874991809748994
1254868700152442884
1254802888653750273
1254797746994851840
1254777131604688896
1254559099523682306
1254515973467635715
1254479619429937152
1254460880982544385
1254424999621992448
1254092812997410816
1254032414755614722
1253794593923043332
1253775720955940870
1253760622640029696
1253743763891118084
1253704742154448898
1253688833096462336
1253458633733570561
1253450221679448066
1253414535932731397
1253406196691804162
1253392803197050880
1253379366438010880
1253364587090632706
1253338498976772096
1253081143634612225
1253073594071969793
1253067317690470405
1253058750707097601
1253051351245959170
1253014370319249409
1252998536314212352
1252741404196892672
1252736488850112512
1252726305763753985
1252717990052847616
1252717987473342465
1252717986311540737
1252711205661220868
1252696106544201728
1252665907547041792
1252652745754107911
1252635710009401346
1252620946940334082
1252605745658552321
1252363056975241218
1252339047801909248
1252325913800433666
1252325912642797568
1252325911443189768
1252262005664350212
1252239559175405568
1251933581875621888
1251903382782124037
1251873184112152584
1251583605308116995
1251571193423028224
1251525896697196544
1251495698152841217
1251314337354002432
1251291853846196225
1251284304572739585
1251276753323954176
1251269203518124032
1251265559443972101
1251261653636706304
1251254108146692096
1251250521534578693
1251246555383902210
1251243000363171842
1251227904379367428
1251216355333943297
1251208068660109319
1251208067422789633
1251157922987388935
1251151529362378754
1250884261978259456
1250865672055373829
1250855560267907072
1250835159160684545
1250816082295820289
1250816081041776643
1250559557727854593
1250552686824562691
1250533103224774656
1250525553683312643
1250518241987956736
1250510815465177088
1250502904105975808
1250495354505740295
1250489848189849601
1250489846059216900
1250476480884137985
1250467759584092160
1250467758443311105
1250445208812244994
1250199742556102660
1250181907213672457
1250162187731120130
1250134138868334593
1250125416968454150
1250120635776450560
1250091512362340354
1250083135494250497
1250077853204578304
1249842301829955584
1249834752774795264
1249826579494187009
1249801895587328001
1249699343000645635
1249306272991596545
1249049581024768000
1249019380362555393
1248989184486002689
1248987332335853569
1248958984393879552
1248724618128642060
1248719241341263872
1248702323548962816
1248697984373710848
1248687194623148033
1248682816558313475
1248674699154001921
1248609311539875843
1248422174223814659
1248381659142995968
1248355003573518337
1248337654103576576
1248319197538594816
1248302594977562624
1248293315793092610
1248293314195075073
1248293312735428609
1248255725828268032
1248026799457648643
1248015262336430081
1248007713881088000
1248000431571308550
1247992848869359616
1247975834733944833
1247974870509592576
1247960719489982465
1247630227959730176
1247622675851141120
1247607576629407744
1247603022978527233
1247591914309914632
1247569827683635200
1247559364824772609
1247286247044927492
1247262045847851009
1246860156652212224
1246799756749406208
1246482667392110595
1246463494553243652
1246422269632475136
1246195776063025152
1246188224369786883
1246180674291277830
1246167157655736320
1246142925530107912
1246133430598938624
1246127871409733640
1246095660161605633
1246089739679215617
1245818286081802241
1245803187698905090
1245780340641337345
1245722656231567360
1245705039701610497
1245701558190452737
1245478547260497921
1245470997613932546
1245455899940044803
1245437023873167360
1245429474516242432
1245343165051219973
1245158330722586624
1245127014362820613
1245127013532303364
1245127012840361985
1245127011032391680
1245093513689092096
1245078575021244423
1245056094407450624
1245048214497005568
1245039664836358144
1244991745093521409
1244746229512200194
1244724253938847745
1244719329981214720
1244707671359598592
1244678597488660487
1244633321977647104
1244278141524246528
1244004511145955328
1243957160545042434
1243946178938634241
1243946177713909762
1243893101002883074
1243659061431803905
1243647515553140742
1243643958799904769
1243621544296939533
1243621542849916931
1243614788321755136
1243606211641180162
1243595224372346880
1243583503666761733
1243541777795211265
1243348693933346819
1243296672106582029
1243285345862590464
1243278425999237120
1243266472140402688
1243259975801155585
1243026937012015104
1243026934499553281
1243026932985364480
1243026930854748161
1242979650227318784
1242916182807793671
1242888984075911172
1242882020658876417
1242840802814054400
1242811036329283584
1242598318926069760
1242582145685770245
1242549039079579648
1242544368332017665
1242526600450560000
1242511500855607303
1242494684339081217
1242485072772694017
1242466347545767937
1242254806414049280
1242250112287543298
1242225324777144322
1242206363968733184
1242142468461793282
1242128165738332162
1241857013639979015
1241848780795904002
1241486858661625858
1241135801540513794
1241089332112392198
1241050902754136064
1241031748357677058
1241012110227902464
1240778706693566464
1240773805074767872
1240717324807622656
1240664441580027906
1240661666142064640
1240428289321242624
1240413077939662852
1240380630770352130
1240373251555184641
1240366581957435394
1240366580535635974
1240341836344033282
1240319885592444934
1240310862579224580
1240293888159604737
1240040338678480897
1240029894970654723
1240020082333491206
1240004984206315520
1239989884892459009
1239966628361547778
1239938310232997890
1239925913241948160
1239695442117419008
1239683856350969857
1239654984553238533
1239654981957038081
1239654980111474694
1239586508048343045
1239586392906313734
1239205128332283907
1238880745415999488
1238812124098551809
1238578529836707847
1238573199916498944
1238573198851137536
1238487521669062656
1238194121392652290
1238132644652646401
1238118581277208576
1237861563224059905
1237840907178659840
1237823101997629440
1237759946525212673
1237506015354068992
1237491440852353028
1237472945800445953
1237415608779714564
1237148653149663232
1237124572446707713
1237068562436624384
1236743491998400521
1236705741861519366
1236652897166716928
1236373552909041664
1236350904229490689
1236064013231906816
1236034269434327041
1236026916546793472
1236026915066126336
1235978356673466375
1235959450890129409
1235694075824574464
1235683503901196288
1235683501124411392
1235675200609349633
1235671429754036224
1235644304309268480
1235317091038892039
1235294776137838593
1235282362122063874
1234961355372998657
1234955422278262784
1234629562002104320
1234616231170318337
1234146376780353538
1233825463824502785
1233821738603077635
1233761341271412738
1233527905264775174
1233506435901919233
1233490111691657217
1233455761495351297
1233421503749861377
1233365899186524162
1233356318775402499
1233172460205248512
1233161134879825921
1233147197740507138
1233133825045286912
1233095565174595584
1232828484629692417
1232772326569070592
1232745974935715840
1232447683949928453
1232432584287670272
1232417485888131075
1232402535811600386
1232085296180690945
1232071275088093184
1231609665131307008
1231277476803940355
1231217075340763136
1230990584363524096
1230974884186087427
1230609403533025300
1230600034204430341
1230574744690479110
1230506627616378886
1230258257467494402
1230235611585372160
1230217610530295809
1229892311263387648
1229850110525353984
1229427786693005312
1229072950491398151
1228695462934265856
1228445160209625088
1228439616803479552
1228414724804632576
1228382144864505856
1228377390910517248
1228368004058165248
1228359650279612416
1228359648425758720
1228359646412496897
1228312337112862720
1228297445525815298
1228291105034264578
1228288893499400198
1228065029666332682
1228060361070272513
1227730892195553280
1227719015264661506
1227674535647948801
1227660149516574720
1227389354143866880
1227374254779486209
1227360774659682304
1227322540403625991
1227301757417639936
1227292128688181249
1227026965128978433
1227012809558544384
1226985098454740992
1226963103188955140
1226963100454326272
1226963099330195458
1226963097891561474
1226581530807590913
1226223599431737345
1226211592787808256
1226151195892441088
1225886956011180033
1225877731365269507
1225835631135350790
1225803907185573888
1225489415839133697
1225211251049082880
1225196151676100610
1224897835524673536
1224862726629089280
1224857777983631361
1224856368227803144
1224818784264949762
1224775400670351361
1224751857786028039
1224730700580036609
1224730465120268290
1224465103644495875
1224029717851975680
1223969320834748417
